0 0.021875
100 0.359375
200 0.41562504
300 0.46875003
400 0.42500004
500 0.478125
600 0.49375
700 0.47812498
800 0.425
900 0.49687502
1000 0.484375
1100 0.44375002
1200 0.475
1300 0.47812504
1400 0.496875
1500 0.496875
1600 0.475
1700 0.4375
1800 0.49374998
1900 0.50937504
2000 0.50625
2100 0.528125
2200 0.50000006
2300 0.559375
2400 0.5375
2500 0.49375004
2600 0.50937504
2700 0.52187496
2800 0.53125
2900 0.50000006
3000 0.49375004
3100 0.484375
3200 0.50625
3300 0.5625
3400 0.48125005
3500 0.503125
3600 0.52812505
3700 0.50625
3800 0.47500002
3900 0.478125
4000 0.5125
4100 0.50625
4200 0.55
4300 0.5625
4400 0.578125
4500 0.52187496
4600 0.559375
4700 0.565625
4800 0.6125
4900 0.55625004
5000 0.634375
5100 0.50624996
5200 0.45937502
5300 0.5125
5400 0.553125
5500 0.59687495
5600 0.540625
5700 0.54375005
5800 0.490625
5900 0.521875
6000 0.4875
6100 0.503125
6200 0.521875
6300 0.5375
6400 0.48125002
6500 0.55312496
6600 0.55625004
6700 0.528125
6800 0.48125
6900 0.575
7000 0.5
7100 0.52812505
7200 0.546875
7300 0.5
7400 0.50000006
7500 0.51875
7600 0.471875
7700 0.55625
7800 0.571875
7900 0.565625
8000 0.56875
8100 0.546875
8200 0.55625
8300 0.559375
8400 0.575
8500 0.52812505
8600 0.5625
8700 0.565625
8800 0.5
8900 0.4875
9000 0.571875
9100 0.56250006
9200 0.528125
9300 0.54062504
9400 0.5
9500 0.54062504
9600 0.6
9700 0.5875
9800 0.546875
9900 0.50625
10000 0.52187496
10100 0.53749996
10200 0.578125
10300 0.55
10400 0.5
10500 0.52812505
10600 0.55
10700 0.5
10800 0.603125
10900 0.56875
11000 0.57187504
11100 0.55625004
11200 0.503125
11300 0.50625
11400 0.5375
11500 0.471875
11600 0.55625004
11700 0.46562502
11800 0.51875
11900 0.546875
12000 0.540625
12100 0.51874995
12200 0.534375
12300 0.559375
12400 0.5125
12500 0.45
12600 0.5375
12700 0.546875
12800 0.503125
12900 0.47812504
13000 0.490625
13100 0.528125
13200 0.58125
13300 0.5031251
13400 0.51562506
13500 0.5375
13600 0.55
13700 0.49062496
13800 0.484375
13900 0.490625
14000 0.54062504
14100 0.5125
14200 0.5
14300 0.553125
14400 0.54062504
14500 0.496875
14600 0.52812505
14700 0.51875
14800 0.540625
14900 0.55937505
15000 0.5125
15100 0.525
15200 0.596875
15300 0.546875
15400 0.50937504
15500 0.509375
15600 0.54375005
15700 0.565625
15800 0.471875
15900 0.51562506
16000 0.60312504
16100 0.55625004
16200 0.546875
16300 0.45937502
16400 0.559375
16500 0.59375
16600 0.55
16700 0.525
16800 0.540625
16900 0.51875
17000 0.559375
17100 0.596875
17200 0.553125
17300 0.55625004
17400 0.515625
17500 0.57187504
17600 0.621875
17700 0.56875
17800 0.540625
17900 0.5437499
18000 0.553125
18100 0.49687502
18200 0.5656251
18300 0.521875
18400 0.55
18500 0.621875
18600 0.515625
18700 0.565625
18800 0.5875
18900 0.60625005
19000 0.59062505
19100 0.559375
19200 0.590625
19300 0.55937505
19400 0.521875
19500 0.5125
19600 0.553125
19700 0.55
19800 0.61249995
19900 0.596875
20000 0.515625
20100 0.59375
20200 0.5
20300 0.578125
20400 0.58125
20500 0.55937505
20600 0.528125
20700 0.56562495
20800 0.584375
20900 0.53125
21000 0.60625
21100 0.56875
21200 0.54375005
21300 0.5375
21400 0.53125
21500 0.59375
21600 0.50937504
21700 0.603125
21800 0.56874996
21900 0.57187504
22000 0.57187504
22100 0.55937505
22200 0.559375
22300 0.57812506
22400 0.55625
22500 0.57187504
22600 0.59062505
22700 0.515625
22800 0.61249995
22900 0.5375
23000 0.484375
23100 0.58750004
23200 0.5625
23300 0.52500004
23400 0.59375
23500 0.609375
23600 0.540625
23700 0.5375
23800 0.5625
23900 0.5656251
24000 0.534375
24100 0.571875
24200 0.5875001
24300 0.60625
24400 0.51875
24500 0.63124996
24600 0.565625
24700 0.553125
24800 0.55
24900 0.525
25000 0.57187504
25100 0.546875
25200 0.59687495
25300 0.6125
25400 0.6125
25500 0.540625
25600 0.60312504
25700 0.503125
25800 0.571875
25900 0.546875
26000 0.521875
26100 0.58437496
26200 0.55937505
26300 0.575
26400 0.55
26500 0.546875
26600 0.54687506
26700 0.54375
26800 0.59999996
26900 0.55
27000 0.5625
27100 0.61875004
27200 0.57812494
27300 0.58750004
27400 0.546875
27500 0.59375
27600 0.51875
27700 0.58750004
27800 0.57500005
27900 0.58750004
28000 0.590625
28100 0.521875
28200 0.50937504
28300 0.59062505
28400 0.47500002
28500 0.55625004
28600 0.525
28700 0.57187504
28800 0.578125
28900 0.5
29000 0.5625
29100 0.559375
29200 0.58750004
29300 0.5500001
29400 0.58750004
29500 0.553125
29600 0.51875
29700 0.61875
29800 0.590625
29900 0.603125
30000 0.54375
30100 0.57812506
30200 0.54375
30300 0.58437496
30400 0.540625
30500 0.534375
30600 0.55625004
30700 0.53125
30800 0.49062502
30900 0.57812506
31000 0.540625
31100 0.571875
31200 0.54375
31300 0.534375
31400 0.553125
31500 0.578125
31600 0.546875
31700 0.590625
31800 0.546875
31900 0.553125
32000 0.53749996
32100 0.546875
32200 0.546875
32300 0.60312504
32400 0.584375
32500 0.60625005
32600 0.5656251
32700 0.5
32800 0.51875
32900 0.56874996
33000 0.584375
33100 0.540625
33200 0.60625
33300 0.54062504
33400 0.5625
33500 0.509375
33600 0.553125
33700 0.553125
33800 0.565625
33900 0.584375
34000 0.57187504
34100 0.58125
34200 0.58437496
34300 0.575
34400 0.571875
34500 0.571875
34600 0.559375
34700 0.559375
34800 0.57500005
34900 0.59375
35000 0.58750004
35100 0.60625
35200 0.596875
35300 0.5875
35400 0.59375
35500 0.62499994
35600 0.58125
35700 0.553125
35800 0.546875
35900 0.540625
36000 0.55
36100 0.596875
36200 0.553125
36300 0.56875
36400 0.55
36500 0.6125
36600 0.49062502
36700 0.61875004
36800 0.58124995
36900 0.59375
37000 0.59375
37100 0.590625
37200 0.615625
37300 0.534375
37400 0.5625
37500 0.590625
37600 0.609375
37700 0.53125
37800 0.578125
37900 0.59062505
38000 0.54062504
38100 0.51562506
38200 0.546875
38300 0.57187504
38400 0.546875
38500 0.509375
38600 0.51875
38700 0.5375
38800 0.51250005
38900 0.51250005
39000 0.540625
39100 0.59375
39200 0.53749996
39300 0.49062502
39400 0.53125
39500 0.565625
39600 0.55
39700 0.596875
39800 0.55312496
39900 0.55
40000 0.58437496
40100 0.53125
40200 0.553125
40300 0.56875
