0 4.83929
100 3.0968902
200 2.9046497
300 2.5209835
400 2.5605667
500 2.3317978
600 2.275749
700 2.4981298
800 2.5521138
900 2.5272775
1000 2.392418
1100 2.6028755
1200 2.51335
1300 2.6020813
1400 2.3723173
1500 2.3245542
1600 2.4119012
1700 2.5413141
1800 2.2729158
1900 2.2575488
2000 2.2625337
2100 2.405996
2200 2.44231
2300 2.0500114
2400 2.204976
2500 2.4712145
2600 2.2774918
2700 2.289409
2800 2.29441
2900 2.1401
3000 2.4204001
3100 2.3749778
3200 2.3048422
3300 1.9987355
3400 2.3226607
3500 2.352034
3600 2.342849
3700 2.2763946
3800 2.4216573
3900 2.4618578
4000 2.2337239
4100 2.3394608
4200 2.0928001
4300 1.9575843
4400 2.1563466
4500 2.2208517
4600 1.953526
4700 2.0508614
4800 1.8815781
4900 2.0790856
5000 1.834831
5100 2.2746718
5200 2.5062973
5300 2.4090936
5400 2.1756449
5500 1.8962129
5600 2.3002157
5700 2.0210078
5800 2.336606
5900 2.3009615
6000 2.4040375
6100 2.3180509
6200 2.2251515
6300 2.2903118
6400 2.3818972
6500 2.1878743
6600 1.9622811
6700 2.1803691
6800 2.3403702
6900 2.0368464
7000 2.3598592
7100 2.1071024
7200 2.1725721
7300 2.31535
7400 2.3859453
7500 2.2813575
7600 2.5470855
7700 2.0397823
7800 1.9664791
7900 2.1317298
8000 2.0421588
8100 2.075264
8200 2.1543808
8300 2.1286864
8400 1.9654657
8500 2.27777
8600 2.0817502
8700 2.1112432
8800 2.4532745
8900 2.254041
9000 2.1231947
9100 2.2135983
9200 2.2693982
9300 2.3083916
9400 2.454707
9500 2.1721134
9600 1.9717373
9700 2.018443
9800 2.181149
9900 2.2898376
10000 2.2245436
10100 2.1432893
10200 1.9464862
10300 1.9888709
10400 2.1855803
10500 2.4534543
10600 2.185636
10700 2.3622286
10800 1.9465607
10900 2.1541586
11000 2.0748894
11100 2.147504
11200 2.2442272
11300 2.4465582
11400 2.37954
11500 2.352455
11600 2.2427988
11700 2.3827922
11800 2.3435898
11900 2.225618
12000 2.1635616
12100 2.1917527
12200 2.1336036
12300 2.1194468
12400 2.2165465
12500 2.4639919
12600 2.1835878
12700 2.0812447
12800 2.3032222
12900 2.498442
13000 2.4598114
13100 2.3519669
13200 1.9378774
13300 2.5029566
13400 2.2504127
13500 2.143409
13600 2.218471
13700 2.298409
13800 2.3041942
13900 2.343288
14000 2.1454945
14100 2.2020166
14200 2.409383
14300 2.1075497
14400 2.2643175
14500 2.4864008
14600 2.2383308
14700 2.1185236
14800 2.0778441
14900 2.1989782
15000 2.2551563
15100 2.1466157
15200 1.8387159
15300 2.1388874
15400 2.2236617
15500 2.413825
15600 2.1348894
15700 2.1474242
15800 2.4878924
15900 2.2479827
16000 1.9263825
16100 2.1091993
16200 2.2501814
16300 2.6757257
16400 2.2039397
16500 2.0394177
16600 2.0461183
16700 2.2438786
16800 2.1235075
16900 2.230172
17000 2.107334
17100 2.0441406
17200 2.098811
17300 2.1933599
17400 2.147145
17500 1.9224302
17600 1.8714204
17700 2.0017233
17800 2.1267545
17900 2.2256234
18000 2.1587143
18100 2.3019733
18200 2.0649273
18300 2.2976823
18400 2.1688702
18500 1.8861084
18600 2.193492
18700 2.1666796
18800 1.9391415
18900 1.912568
19000 1.9555807
19100 2.015123
19200 2.0035257
19300 2.2248015
19400 2.155062
19500 2.2948368
19600 2.0431118
19700 2.0021653
19800 1.8400515
19900 1.8955656
20000 2.2147655
20100 2.0519922
20200 2.2153232
20300 1.9894121
20400 1.9499111
20500 2.0888903
20600 2.1652536
20700 1.944355
20800 1.9515622
20900 2.1791134
21000 1.9758592
21100 2.0701852
21200 2.1282907
21300 2.1692295
21400 2.0903397
21500 1.8559668
21600 2.287706
21700 1.8810135
21800 1.996765
21900 1.9781055
22000 2.2213717
22100 2.036658
22200 2.0416167
22300 1.9561492
22400 2.1525347
22500 1.8925005
22600 1.9536881
22700 2.2152288
22800 1.8460891
22900 2.218753
23000 2.4716477
23100 1.9476736
23200 2.0652845
23300 2.1096985
23400 1.8045233
23500 1.8201816
23600 2.169249
23700 2.0628965
23800 2.0953577
23900 1.936144
24000 2.263503
24100 2.1692154
24200 1.895955
24300 1.9969853
24400 2.285795
24500 1.7465245
24600 2.107642
24700 1.9576344
24800 2.0176198
24900 2.196141
25000 1.9968004
25100 2.097765
25200 1.936332
25300 1.858686
25400 1.9587858
25500 2.1407645
25600 1.9851217
25700 2.2547991
25800 2.0914268
25900 2.1179457
26000 2.1749644
26100 2.0660994
26200 2.0113022
26300 2.0186248
26400 2.1229029
26500 2.064157
26600 2.1894188
26700 2.1276097
26800 1.9126536
26900 2.150432
27000 2.0851524
27100 1.8723758
27200 2.071747
27300 1.9930142
27400 2.1162205
27500 1.965919
27600 2.2398431
27700 1.9843616
27800 2.0930603
27900 1.962867
28000 1.9254208
28100 2.0923579
28200 2.319125
28300 1.8420465
28400 2.5400162
28500 2.0263526
28600 2.1871226
28700 1.9268306
28800 2.274715
28900 2.4279423
29000 1.914224
29100 2.161892
29200 1.9553801
29300 2.1227558
29400 1.8482374
29500 2.1144886
29600 2.2558122
29700 1.7819338
29800 2.0731025
29900 1.906103
30000 2.1646407
30100 1.9308834
30200 2.1468177
30300 1.8730586
30400 2.2395864
30500 2.093398
30600 2.0256546
30700 2.2421026
30800 2.4772575
30900 1.9137335
31000 2.2912405
31100 2.0031166
31200 2.1884642
31300 2.2058003
31400 2.1094878
31500 2.0360458
31600 2.0962834
31700 1.9768249
31800 2.1120458
31900 2.0372403
32000 2.208591
32100 2.1797502
32200 2.1628265
32300 1.8678002
32400 2.0246682
32500 1.8336082
32600 1.8944181
32700 2.3130414
32800 2.1223042
32900 2.1007228
33000 1.8632253
33100 2.1771524
33200 1.8524424
33300 2.01187
33400 1.9903247
33500 2.250051
33600 2.0615342
33700 2.2041008
33800 1.921189
33900 2.0398138
34000 2.0628407
34100 1.9697918
34200 2.0175922
34300 2.0026672
34400 1.9327523
34500 1.9567976
34600 2.1038222
34700 2.0665505
34800 2.009739
34900 1.9393739
35000 2.0332015
35100 1.8481019
35200 1.9068444
35300 1.8619014
35400 2.0468707
35500 1.8299311
35600 1.8543861
35700 1.9488462
35800 1.9537029
35900 2.2385411
36000 2.0912166
36100 1.895176
36200 2.0856218
36300 1.9972705
36400 2.1226873
36500 1.890525
36600 2.3550549
36700 1.825225
36800 1.833957
36900 1.8432662
37000 1.872128
37100 1.9653472
37200 1.7200067
37300 2.0572774
37400 2.009308
37500 1.9789946
37600 1.8786248
37700 2.185455
37800 1.8342329
37900 1.8963886
38000 2.1286762
38100 2.3001118
38200 2.1663837
38300 2.0526042
38400 2.0480602
38500 2.2958775
38600 2.3138535
38700 2.1941001
38800 2.391371
38900 2.251482
39000 2.099775
39100 1.8294085
39200 2.2440178
39300 2.2626212
39400 2.1759348
39500 2.1659286
39600 2.0837805
39700 1.9198779
39800 2.116747
39900 2.1571088
40000 2.0644784
40100 2.306131
40200 2.1010756
40300 2.0888543
