0 3.3543403
100 2.1466007
200 2.0133498
300 1.7474126
400 1.7748495
500 1.6162791
600 1.577429
700 1.7315717
800 1.7689904
900 1.7517753
1000 1.6582977
1100 1.8041759
1200 1.7421215
1300 1.8036253
1400 1.6443651
1500 1.6112583
1600 1.6718025
1700 1.7615047
1800 1.5754652
1900 1.5648136
2000 1.5682688
2100 1.6677094
2200 1.6928804
2300 1.4209596
2400 1.5283729
2500 1.7129154
2600 1.578637
2700 1.5868974
2800 1.5903639
2900 1.4834043
3000 1.6776935
3100 1.6462092
3200 1.5975949
3300 1.3854179
3400 1.6099457
3500 1.6303059
3600 1.6239393
3700 1.5778764
3800 1.678565
3900 1.7064297
4000 1.5482994
4100 1.6215906
4200 1.4506185
4300 1.356894
4400 1.4946655
4500 1.5393771
4600 1.354081
4700 1.4215488
4800 1.3042105
4900 1.4411123
5000 1.2718079
5100 1.5766823
5200 1.7372329
5300 1.6698564
5400 1.5080421
5500 1.3143547
5600 1.594388
5700 1.4008558
5800 1.6196119
5900 1.594905
6000 1.6663518
6100 1.6067504
6200 1.5423574
6300 1.5875232
6400 1.6510054
6500 1.516519
6600 1.3601496
6700 1.5113168
6800 1.622221
6900 1.4118344
7000 1.6357298
7100 1.4605321
7200 1.5059122
7300 1.6048784
7400 1.6538112
7500 1.5813166
7600 1.7655051
7700 1.4138694
7800 1.3630594
7900 1.4776025
8000 1.4155166
8100 1.4384634
8200 1.493303
8300 1.475493
8400 1.362357
8500 1.5788299
8600 1.4429593
8700 1.4634023
8800 1.7004802
8900 1.5623821
9000 1.4716865
9100 1.5343493
9200 1.573027
9300 1.6000551
9400 1.7014732
9500 1.5055943
9600 1.3667041
9700 1.3990781
9800 1.5118573
9900 1.5871946
10000 1.541936
10100 1.4856149
10200 1.3492014
10300 1.3785802
10400 1.5149288
10500 1.7006049
10600 1.5149674
10700 1.6373721
10800 1.349253
10900 1.4931489
11000 1.4382038
11100 1.4885364
11200 1.5555797
11300 1.695825
11400 1.6493714
11500 1.6305975
11600 1.5545897
11700 1.6516258
11800 1.6244526
11900 1.5426807
12000 1.4996667
12100 1.5192071
12200 1.4789014
12300 1.4690886
12400 1.5363929
12500 1.707909
12600 1.5135477
12700 1.4426088
12800 1.5964719
12900 1.7317879
13000 1.7050114
13100 1.6302592
13200 1.3432343
13300 1.7349174
13400 1.5598671
13500 1.4856979
13600 1.537727
13700 1.5931357
13800 1.5971458
13900 1.6242435
14000 1.4871435
14100 1.5263216
14200 1.670057
14300 1.4608421
14400 1.5695053
14500 1.7234417
14600 1.5514927
14700 1.4684486
14800 1.4402518
14900 1.5242155
15000 1.5631552
15100 1.4879206
15200 1.2745007
15300 1.4825637
15400 1.5413249
15500 1.673136
15600 1.4797926
15700 1.488481
15800 1.7244756
15900 1.558183
16000 1.3352666
16100 1.4619855
16200 1.5597069
16300 1.8546717
16400 1.5276546
16500 1.4136167
16600 1.418261
16700 1.5553381
16800 1.4719032
16900 1.5458374
17000 1.4606925
17100 1.4168903
17200 1.4547849
17300 1.5203211
17400 1.4882874
17500 1.332527
17600 1.2971698
17700 1.3874888
17800 1.4741539
17900 1.5426846
18000 1.4963067
18100 1.5956063
18200 1.4312985
18300 1.592632
18400 1.5033463
18500 1.3073508
18600 1.5204127
18700 1.501828
18800 1.3441105
18900 1.3256911
19000 1.3555052
19100 1.3967767
19200 1.3887382
19300 1.542115
19400 1.4937751
19500 1.5906596
19600 1.4161772
19700 1.3877952
19800 1.2754265
19900 1.313906
20000 1.5351585
20100 1.4223326
20200 1.5355451
20300 1.3789554
20400 1.3515754
20500 1.4479084
20600 1.5008395
20700 1.3477242
20800 1.3527198
20900 1.5104463
21000 1.3695612
21100 1.434943
21200 1.4752187
21300 1.5035954
21400 1.448913
21500 1.2864581
21600 1.585717
21700 1.3038192
21800 1.384052
21900 1.3711183
22000 1.5397376
22100 1.4117038
22200 1.4151409
22300 1.3558993
22400 1.4920233
22500 1.3117814
22600 1.3541934
22700 1.5354795
22800 1.2796115
22900 1.5379224
23000 1.7132156
23100 1.3500245
23200 1.4315461
23300 1.4623315
23400 1.2508003
23500 1.2616538
23600 1.5036088
23700 1.4298909
23800 1.4523913
23900 1.3420328
24000 1.5689408
24100 1.5035856
24200 1.3141758
24300 1.3842047
24400 1.5843923
24500 1.2105985
24600 1.460906
24700 1.3569288
24800 1.3985075
24900 1.522249
25000 1.3840766
25100 1.4540598
25200 1.3421631
25300 1.288343
25400 1.3577268
25500 1.4838649
25600 1.3759816
25700 1.5629077
25800 1.4496666
25900 1.4680481
26000 1.5075704
26100 1.4321109
26200 1.3941284
26300 1.399204
26400 1.4714842
26500 1.4307646
26600 1.5175894
26700 1.4747467
26800 1.3257505
26900 1.4905659
27000 1.4453175
27100 1.297832
27200 1.4360256
27300 1.3814522
27400 1.4668523
27500 1.3626713
27600 1.552541
27700 1.3754547
27800 1.4507989
27900 1.3605558
28000 1.3346
28100 1.4503119
28200 1.607495
28300 1.2768093
28400 1.7606051
28500 1.4045606
28600 1.5159979
28700 1.3355772
28800 1.5767123
28900 1.6829214
29000 1.326839
29100 1.4985093
29200 1.3553662
29300 1.4713821
29400 1.2811005
29500 1.4656518
29600 1.5636098
29700 1.2351424
29800 1.4369651
29900 1.3212099
30000 1.5004146
30100 1.3383864
30200 1.4880606
30300 1.2983053
30400 1.5523629
30500 1.451033
30600 1.4040768
30700 1.5541071
30800 1.7171041
30900 1.326499
31000 1.5881668
31100 1.3884546
31200 1.5169278
31300 1.5289443
31400 1.4621855
31500 1.4112794
31600 1.453033
31700 1.3702306
31800 1.4639585
31900 1.4121073
32000 1.5308785
32100 1.5108877
32200 1.4991571
32300 1.2946604
32400 1.403393
32500 1.2709603
32600 1.3131106
32700 1.6032782
32800 1.4710691
32900 1.45611
33000 1.2914894
33100 1.509087
33200 1.2840152
33300 1.394522
33400 1.379588
33500 1.5596166
33600 1.4289466
33700 1.5277662
33800 1.3316667
33900 1.4138911
34000 1.4298522
34100 1.3653556
34200 1.3984884
34300 1.3881431
34400 1.3396817
34500 1.3563488
34600 1.4582584
34700 1.4324236
34800 1.393045
34900 1.3442715
35000 1.4093078
35100 1.2810066
35200 1.3217238
35300 1.2905717
35400 1.4187827
35500 1.2684116
35600 1.2853625
35700 1.3508372
35800 1.3542037
35900 1.5516385
36000 1.449521
36100 1.313636
36200 1.4456428
36300 1.3844024
36400 1.4713347
36500 1.310412
36600 1.6323997
36700 1.2651496
36800 1.2712021
36900 1.2776548
37000 1.2976602
37100 1.3622749
37200 1.1922178
37300 1.4259961
37400 1.3927462
37500 1.3717345
37600 1.3021635
37700 1.514842
37800 1.2713934
37900 1.3144765
38000 1.4754859
38100 1.594316
38200 1.5016228
38300 1.4227568
38400 1.4196072
38500 1.5913811
38600 1.6038411
38700 1.5208343
38800 1.6575722
38900 1.5606084
39000 1.4554532
39100 1.2680494
39200 1.5554347
39300 1.5683295
39400 1.5082431
39500 1.5013074
39600 1.4443666
39700 1.330758
39800 1.4672172
39900 1.495194
40000 1.4309874
40100 1.5984881
40200 1.4563546
40300 1.4478835
