0 26.280022
100 10.405365
200 8.609448
300 8.096718
400 7.636567
500 7.143696
600 7.06828
700 7.2409606
800 7.180872
900 7.4176636
1000 6.6274285
1100 7.3419065
1200 7.4866376
1300 6.872855
1400 7.178966
1500 6.572298
1600 6.886068
1700 7.289608
1800 6.81569
1900 6.531874
2000 6.656256
2100 6.8196383
2200 6.6439633
2300 6.406858
2400 6.5526996
2500 7.067053
2600 6.4617033
2700 6.6576953
2800 6.390701
2900 6.25989
3000 6.665881
3100 6.680055
3200 6.2604446
3300 6.1441927
3400 6.759141
3500 6.6686554
3600 6.2294703
3700 6.2914395
3800 6.9721794
3900 6.5622797
4000 6.635996
4100 6.635175
4200 6.3157234
4300 6.33722
4400 6.4627028
4500 6.241363
4600 5.672391
4700 6.027409
4800 6.0170937
4900 6.0874624
5000 6.006223
5100 6.6205072
5200 6.422689
5300 6.69279
5400 6.1470084
5500 6.077339
5600 6.232809
5700 6.5019712
5800 6.1667643
5900 5.972078
6000 6.841073
6100 6.3322783
6200 6.3902636
6300 6.0331717
6400 6.4620314
6500 6.0264177
6600 5.9883327
6700 6.6737294
6800 6.533452
6900 6.535735
7000 6.5092754
7100 6.2556257
7200 6.44497
7300 6.253092
7400 6.1967444
7500 6.1038465
7600 6.903113
7700 6.3357024
7800 6.123995
7900 6.22366
8000 6.0643063
8100 6.198862
8200 6.2650833
8300 6.355047
8400 5.973912
8500 6.3668127
8600 6.2262897
8700 6.4930744
8800 6.5559244
8900 6.140192
9000 6.51293
9100 6.0498624
9200 6.3066893
9300 6.610281
9400 6.5349503
9500 6.4259176
9600 5.87201
9700 6.210495
9800 5.989284
9900 6.584484
10000 6.3537807
10100 6.1577215
10200 6.1054273
10300 5.734939
10400 6.5361247
10500 6.617184
10600 6.7075367
10700 6.622274
10800 5.727692
10900 6.791889
11000 6.169532
11100 6.3280387
11200 6.2809653
11300 6.6040893
11400 6.242877
11500 6.4748425
11600 6.057002
11700 6.58255
11800 6.395195
11900 6.088179
12000 6.373987
12100 6.363607
12200 5.8635225
12300 6.1863847
12400 6.0943255
12500 6.6463566
12600 5.9835773
12700 5.666972
12800 6.328778
12900 6.2267346
13000 6.9349976
13100 6.534904
13200 6.0460296
13300 6.6769776
13400 6.38411
13500 6.4943495
13600 6.1563673
13700 6.24664
13800 6.2069554
13900 5.98127
14000 6.1638517
14100 6.3042607
14200 6.6951656
14300 6.3648233
14400 5.7538376
14500 6.60716
14600 6.3890066
14700 6.1061983
14800 6.2112784
14900 6.517738
15000 6.2452693
15100 5.4798794
15200 6.02582
15300 5.9539857
15400 6.831003
15500 6.670086
15600 6.148464
15700 6.177763
15800 6.815092
15900 6.713583
16000 5.9445195
16100 6.2832594
16200 6.283377
16300 7.321858
16400 6.0693398
16500 6.430385
16600 5.945081
16700 6.334974
16800 6.6706896
16900 6.906455
17000 6.0741205
17100 6.266301
17200 5.997086
17300 6.649908
17400 6.6088123
17500 5.9025855
17600 5.88009
17700 6.2040505
17800 6.5319796
17900 6.041399
18000 6.063339
18100 6.4872484
18200 6.156272
18300 6.429646
18400 6.099735
18500 5.8828444
18600 6.150854
18700 6.087164
18800 6.0857205
18900 5.7142024
19000 6.1044207
19100 6.1791162
19200 6.352526
19300 6.354171
19400 6.4747295
19500 6.4922123
19600 5.6520534
19700 6.5339737
19800 5.712941
19900 6.444113
20000 6.619742
20100 6.4319134
20200 6.3248467
20300 5.999039
20400 5.984126
20500 5.970464
20600 6.26555
20700 6.193789
20800 6.075861
20900 6.424466
21000 6.220887
21100 5.980566
21200 6.3798637
21300 6.314966
21400 6.1769314
21500 5.9966245
21600 6.5703897
21700 5.928755
21800 6.233466
21900 5.9900703
22000 6.441833
22100 6.287615
22200 6.3483014
22300 6.207137
22400 6.451495
22500 6.0133133
22600 6.20345
22700 6.2560415
22800 6.035389
22900 6.198915
23000 6.200637
23100 6.0722976
23200 6.657104
23300 6.0690646
23400 5.6239624
23500 5.9460154
23600 6.3563604
23700 6.045432
23800 5.885718
23900 5.9898133
24000 6.287328
24100 6.2126536
24200 6.256257
24300 6.4659767
24400 5.929709
24500 5.984399
24600 6.1540365
24700 6.1588106
24800 6.321149
24900 6.3057227
25000 5.8453364
25100 6.3867064
25200 5.619708
25300 5.847227
25400 5.812292
25500 6.353852
25600 6.0363455
25700 6.1194277
25800 6.2283487
25900 6.491585
26000 6.3211637
26100 6.211282
26200 5.709464
26300 6.0835996
26400 6.3587756
26500 6.0326595
26600 6.218311
26700 6.425049
26800 6.3434124
26900 5.8899755
27000 6.100527
27100 5.9095716
27200 6.1699624
27300 6.325593
27400 6.5258565
27500 6.1850657
27600 6.5742555
27700 5.9721274
27800 5.942584
27900 6.0674424
28000 6.233242
28100 6.6063905
28200 6.7846894
28300 5.9962845
28400 7.1117454
28500 6.1642404
28600 6.395396
28700 6.0034666
28800 6.7481856
28900 6.774473
29000 6.1507783
29100 6.3361025
29200 6.3764615
29300 6.2846017
29400 5.955221
29500 6.19688
29600 5.9436693
29700 6.084246
29800 6.232791
29900 6.1858172
30000 6.593422
30100 5.93009
30200 6.0297866
30300 6.0167594
30400 6.404025
30500 6.121927
30600 6.3564944
30700 6.6287475
30800 6.613165
30900 6.0265217
31000 6.1977625
31100 6.0553956
31200 6.4407616
31300 6.685123
31400 6.2068467
31500 6.13764
31600 6.0792303
31700 5.8205614
31800 6.024903
31900 6.7392817
32000 6.4135284
32100 6.1271615
32200 6.2518497
32300 5.688652
32400 6.191697
32500 5.6929545
32600 6.1297607
32700 6.586583
32800 6.3150826
32900 6.0022316
33000 5.939999
33100 6.4618397
33200 5.8362494
33300 5.8614345
33400 6.2678175
33500 6.169577
33600 6.350373
33700 6.627453
33800 5.8919926
33900 5.8208237
34000 6.062202
34100 6.132639
34200 5.9329987
34300 5.9640126
34400 5.6332593
34500 5.924831
34600 6.307149
34700 6.0245714
34800 6.2112274
34900 6.2767463
35000 5.986187
35100 5.847515
35200 6.034986
35300 5.939837
35400 6.3180404
35500 5.6992674
35600 5.9520054
35700 5.652475
35800 6.212593
35900 5.758827
36000 5.9498825
36100 6.0765944
36200 6.1653047
36300 6.004954
36400 6.5750127
36500 6.1175485
36600 6.6272035
36700 5.707785
36800 5.7242374
36900 6.0511146
37000 6.096755
37100 6.076802
37200 5.5715237
37300 6.2937346
37400 5.8965497
37500 6.314391
37600 6.11284
37700 5.955984
37800 5.6633697
37900 5.887771
38000 6.11596
38100 6.1983323
38200 6.0984735
38300 6.0045924
38400 6.068963
38500 6.580221
38600 6.1978383
38700 6.2386703
38800 6.278582
38900 6.420053
39000 6.013562
39100 5.5263014
39200 6.32293
39300 6.188733
39400 6.1130247
39500 5.897255
39600 6.2267704
39700 5.8989487
39800 6.0240803
39900 6.307969
40000 5.9193797
40100 5.933592
40200 5.9855795
40300 6.4249682
