0 0.125
100 0.21875
200 0.28125
300 0.3125
400 0.34375
500 0.21875
600 0.375
700 0.4375
800 0.28125
900 0.25
1000 0.28125
1100 0.21875
1200 0.3125
1300 0.3125
1400 0.3125
1500 0.3125
1600 0.34375
1700 0.34375
1800 0.3125
1900 0.4375
2000 0.5625
2100 0.25
2200 0.4375
2300 0.5625
2400 0.21875
2500 0.46875
2600 0.34375
2700 0.375
2800 0.5625
2900 0.40625
3000 0.5
3100 0.4375
3200 0.46875
3300 0.46875
3400 0.5625
3500 0.53125
3600 0.53125
3700 0.4375
3800 0.53125
3900 0.34375
4000 0.4375
4100 0.75
4200 0.53125
4300 0.5625
4400 0.5625
4500 0.53125
4600 0.59375
4700 0.53125
4800 0.65625
4900 0.53125
5000 0.28125
5100 0.5
5200 0.59375
5300 0.65625
5400 0.375
5500 0.5
5600 0.46875
5700 0.53125
5800 0.5
5900 0.5625
6000 0.59375
6100 0.4375
6200 0.59375
6300 0.59375
6400 0.625
6500 0.4375
6600 0.46875
6700 0.4375
6800 0.46875
6900 0.40625
7000 0.65625
7100 0.59375
7200 0.53125
7300 0.5625
7400 0.59375
7500 0.46875
7600 0.5625
7700 0.40625
7800 0.75
7900 0.75
8000 0.625
8100 0.625
8200 0.59375
8300 0.65625
8400 0.5
8500 0.5
8600 0.6875
8700 0.5
8800 0.65625
8900 0.5
9000 0.59375
9100 0.625
9200 0.625
9300 0.53125
9400 0.75
9500 0.65625
9600 0.5
9700 0.5
9800 0.5625
9900 0.71875
10000 0.75
10100 0.59375
10200 0.5625
10300 0.59375
10400 0.5
10500 0.78125
10600 0.65625
10700 0.71875
10800 0.625
10900 0.6875
11000 0.6875
11100 0.6875
11200 0.6875
11300 0.625
11400 0.625
11500 0.53125
11600 0.75
11700 0.71875
11800 0.5625
11900 0.53125
12000 0.65625
12100 0.6875
12200 0.75
12300 0.625
12400 0.71875
12500 0.71875
12600 0.71875
12700 0.75
12800 0.75
12900 0.5625
13000 0.5625
13100 0.59375
13200 0.71875
13300 0.78125
13400 0.59375
13500 0.71875
13600 0.75
13700 0.65625
13800 0.6875
13900 0.84375
14000 0.6875
14100 0.71875
14200 0.75
14300 0.75
14400 0.8125
14500 0.8125
14600 0.6875
14700 0.65625
14800 0.6875
14900 0.6875
15000 0.75
15100 0.71875
15200 0.78125
15300 0.6875
15400 0.84375
15500 0.6875
15600 0.8125
15700 0.78125
15800 0.6875
15900 0.6875
16000 0.75
16100 0.84375
16200 0.78125
16300 0.8125
16400 0.875
16500 0.8125
16600 0.75
16700 0.78125
16800 0.8125
16900 0.75
17000 0.9375
17100 0.78125
17200 0.8125
