0 3.350169
100 3.770992
200 3.0069666
300 3.421051
400 3.3886135
500 3.5506706
600 3.7138193
700 2.3708768
800 3.3027782
900 3.6842785
1000 4.0783043
1100 4.4603043
1200 3.1413705
1300 2.74409
1400 3.6368766
1500 3.5234842
1600 3.2707343
1700 2.9894557
1800 3.9691758
1900 2.6391888
2000 2.2231717
2100 4.911811
2200 3.0937724
2300 1.9906102
2400 4.355208
2500 3.1572669
2600 2.8202615
2700 2.7088864
2800 1.9455585
2900 2.5467632
3000 2.35153
3100 2.1520214
3200 2.19414
3300 2.1254303
3400 2.0898414
3500 1.4967005
3600 1.4405162
3700 2.0674458
3800 2.3525953
3900 3.1015482
4000 2.1197958
4100 1.5211341
4200 1.8436748
4300 1.9709033
4400 2.378134
4500 1.8522277
4600 1.9663699
4700 1.8213754
4800 1.8060082
4900 2.1575391
5000 2.4393423
5100 2.0564144
5200 1.8658524
5300 1.6872592
5400 2.734179
5500 1.8835528
5600 2.926005
5700 2.4832578
5800 2.31223
5900 2.06495
6000 1.911273
6100 1.8892573
6200 1.9280683
6300 2.139049
6400 1.5200888
6500 2.586946
6600 2.6175153
6700 2.08171
6800 2.0942514
6900 2.314395
7000 1.7519866
7100 1.7790374
7200 2.0728915
7300 1.6690782
7400 1.6355294
7500 2.5038888
7600 1.9368992
7700 2.510651
7800 1.3614626
7900 1.4323733
8000 1.5034308
8100 1.5193745
8200 1.5494722
8300 1.4776629
8400 2.1113186
8500 2.0114684
8600 1.2927616
8700 2.0442853
8800 1.8311578
8900 2.064634
9000 2.358389
9100 1.9702977
9200 1.6251998
9300 1.767454
9400 1.3870264
9500 1.4446099
9600 1.7315365
9700 2.9422903
9800 1.8136921
9900 1.284665
10000 1.262748
10100 1.6830976
10200 1.3488052
10300 1.599081
10400 1.7234648
10500 1.0589234
10600 1.5219707
10700 1.9773887
10800 1.4125007
10900 1.478212
11000 1.3806242
11100 1.2304246
11200 1.4136845
11300 1.5586462
11400 1.3733766
11500 1.6139205
11600 1.1518632
11700 1.3845868
11800 1.9478358
11900 1.5448345
12000 1.5949943
12100 1.3041594
12200 1.1146903
12300 1.6274171
12400 1.2145224
12500 1.0145214
12600 1.5674322
12700 1.2697166
12800 1.0108838
12900 2.3116782
13000 1.6687903
13100 1.6484712
13200 1.0805438
13300 1.1610943
13400 1.6029977
13500 1.5651914
13600 1.0812442
13700 1.6000054
13800 1.3690739
13900 0.7507182
14000 1.3145461
14100 1.0180515
14200 0.73251384
14300 1.0363824
14400 0.8935226
14500 0.7920224
14600 1.5376108
14700 1.5587888
14800 1.0957726
14900 1.3618459
15000 1.1593956
15100 1.1435552
15200 1.1098378
15300 1.2661188
15400 0.9166824
15500 1.1761647
15600 1.0580187
15700 0.9425621
15800 1.2756886
15900 1.1170121
16000 0.9866266
16100 0.8224375
16200 1.2806398
16300 1.1116364
16400 0.80985993
16500 0.7635797
16600 1.0495704
16700 0.7679768
16800 0.99847984
16900 0.9983218
17000 0.7830461
17100 0.8445793
17200 0.7934359
