0 2.3221602
100 2.6138525
200 2.0842705
300 2.3712919
400 2.3488078
500 2.4611373
600 2.5742233
700 1.6433666
800 2.2893114
900 2.5537472
1000 2.8268652
1100 3.0916474
1200 2.177432
1300 1.9020584
1400 2.5208907
1500 2.4422932
1600 2.2671003
1700 2.0721328
1800 2.751223
1900 1.8293463
2000 1.5409852
2100 3.4046078
2200 2.1444397
2300 1.3797859
2400 3.0188
2500 2.1884506
2600 1.9548563
2700 1.8776569
2800 1.3485584
2900 1.7652817
3000 1.6299564
3100 1.4916675
3200 1.520862
3300 1.4732361
3400 1.4485676
3500 1.0374337
3600 0.99848974
3700 1.4330442
3800 1.6306949
3900 2.1498294
4000 1.4693305
4100 1.0543698
4200 1.277938
4300 1.3661261
4400 1.6483968
4500 1.2838664
4600 1.3629837
4700 1.2624812
4800 1.2518295
4900 1.4954921
5000 1.6908232
5100 1.4253978
5200 1.2933103
5300 1.169519
5400 1.8951885
5500 1.3055793
5600 2.028152
5700 1.7212632
5800 1.6027158
5900 1.4313142
6000 1.3247935
6100 1.3095334
6200 1.3364351
6300 1.4826758
6400 1.0536453
6500 1.7931343
6600 1.8143234
6700 1.4429314
6800 1.4516244
6900 1.6042163
7000 1.2143846
7100 1.2331347
7200 1.4368188
7300 1.1569169
7400 1.1336626
7500 1.7355635
7600 1.3425562
7700 1.7402508
7800 0.943694
7900 0.99284554
8000 1.0420989
8100 1.0531502
8200 1.0740123
8300 1.0242379
8400 1.4634545
8500 1.3942437
8600 0.896074
8700 1.4169905
8800 1.2692618
8900 1.4310954
9000 1.6347106
9100 1.3657063
9200 1.1265026
9300 1.2251058
9400 0.9614135
9500 1.0013273
9600 1.2002096
9700 2.0394402
9800 1.2571555
9900 0.8904619
10000 0.8752702
10100 1.1666343
10200 0.9349205
10300 1.1083986
10400 1.1946148
10500 0.7339897
10600 1.0549498
10700 1.3706214
10800 0.9790709
10900 1.0246185
11000 0.95697576
11100 0.85286534
11200 0.9798914
11300 1.0803713
11400 0.9519521
11500 1.1186844
11600 0.7984108
11700 0.95972246
11800 1.3501369
11900 1.0707977
12000 1.1055658
12100 0.9039744
12200 0.77264446
12300 1.1280396
12400 0.8418428
12500 0.7032126
12600 1.0864612
12700 0.8801005
12800 0.7006912
12900 1.6023332
13000 1.1567173
13100 1.1426332
13200 0.7489759
13300 0.8048093
13400 1.1111133
13500 1.084908
13600 0.7494614
13700 1.1090392
13800 0.9489697
13900 0.5203582
14000 0.91117394
14100 0.7056595
14200 0.5077399
14300 0.71836555
14400 0.6193427
14500 0.5489881
14600 1.0657905
14700 1.0804701
14800 0.7595317
14900 0.9439596
15000 0.8036318
15100 0.792652
15200 0.7692809
15300 0.87760663
15400 0.6353958
15500 0.8152553
15600 0.7333627
15700 0.65333426
15800 0.88424003
15900 0.77425385
16000 0.68387747
16100 0.57007027
16200 0.8876718
16300 0.7705276
16400 0.56135213
16500 0.52927315
16600 0.72750676
16700 0.532321
16800 0.6920935
16900 0.69198394
17000 0.5427662
17100 0.58541775
17200 0.5499678
