0 9.629831
100 3.7393434
200 4.8500023
300 3.7955074
400 4.9544854
500 3.6702893
600 3.9996643
700 3.9975717
800 3.6179385
900 3.9966998
1000 4.289277
1100 3.3284125
1200 3.7293894
1300 3.6704834
1400 3.286417
1500 3.2135794
1600 3.4422164
1700 3.0363407
1800 3.2002501
1900 3.2258015
2000 2.8074262
2100 3.0241675
2200 2.949375
2300 2.8068895
2400 3.0219219
2500 3.0260465
2600 3.3705964
2700 3.861667
2800 3.372631
2900 3.5714512
3000 3.494737
3100 3.5960064
3200 3.2769883
3300 3.2803576
3400 3.806014
3500 3.5168285
3600 3.5847187
3700 3.7953558
3800 3.2556782
3900 3.6874406
4000 3.7053518
4100 3.3995833
4200 2.8995566
4300 3.0943942
4400 3.7068775
4500 3.245525
4600 2.9733796
4700 4.033365
4800 3.0561678
4900 3.8397055
5000 3.0403867
5100 3.201169
5200 3.3598166
5300 2.9041274
5400 3.277343
5500 3.1309953
5600 2.9002428
5700 3.366656
5800 3.1929111
5900 3.1596107
6000 3.7479408
6100 3.644878
6200 3.0611434
6300 2.947124
6400 3.0787559
6500 3.2761238
6600 3.6553068
6700 3.8696733
6800 3.115118
6900 3.9988909
7000 2.906824
7100 3.8925774
7200 3.850545
7300 3.4272273
7400 3.3760207
7500 3.6460037
7600 3.4813383
7700 3.8097267
7800 3.0430384
7900 3.4743752
8000 3.5246172
8100 4.037909
8200 3.0305772
8300 3.3444118
8400 2.631218
8500 3.1146753
8600 3.0700102
8700 2.9985747
8800 3.4569907
8900 2.723097
9000 3.3293784
9100 3.467656
9200 3.570088
9300 3.3650436
9400 3.0907013
9500 3.306613
9600 3.5290446
9700 2.9428244
9800 3.648642
9900 3.1033995
10000 2.897325
10100 3.335539
10200 3.4211204
10300 2.8021472
10400 3.2785296
10500 3.1256769
10600 3.274897
10700 3.2480264
10800 2.9983845
10900 3.2510538
11000 2.8941581
11100 2.4740667
11200 3.496891
11300 3.163643
11400 3.6385849
11500 3.3443046
11600 2.944951
11700 2.6158428
11800 2.6233401
11900 3.3320034
12000 2.8546944
12100 3.6110435
12200 2.8988485
12300 3.424202
12400 3.1592026
12500 2.7890916
12600 3.0351253
12700 3.0852528
12800 2.6101785
12900 2.982232
13000 2.9917397
13100 3.4425375
13200 2.6067834
13300 2.3426328
13400 2.5928855
13500 2.8820643
13600 2.4508061
13700 2.9638972
13800 3.311523
13900 2.8153844
14000 2.875065
14100 2.9180436
14200 2.5443535
14300 2.8209598
14400 2.8729837
14500 2.5290413
14600 2.931168
14700 2.7482486
14800 2.510213
14900 2.9136453
15000 2.5858629
15100 2.6058524
15200 2.6058667
15300 3.2304983
15400 2.8870502
15500 2.8425758
15600 2.8576133
15700 3.0047333
15800 2.7173448
15900 2.8562016
16000 2.9225543
16100 2.6846685
16200 2.8106272
16300 2.9178967
16400 2.753046
16500 2.6046338
16600 3.021666
16700 2.7287498
16800 3.206401
16900 3.1775239
17000 2.648659
17100 2.6717777
17200 2.699203
