0 0.09375
100 0.28125
200 0.34375
300 0.40625
400 0.3125
500 0.34375
600 0.4375
700 0.4375
800 0.3125
900 0.53125
1000 0.375
1100 0.375
1200 0.375
1300 0.21875
1400 0.3125
1500 0.40625
1600 0.40625
1700 0.4375
1800 0.3125
1900 0.46875
2000 0.4375
2100 0.40625
2200 0.46875
2300 0.5625
2400 0.53125
2500 0.4375
2600 0.53125
2700 0.46875
2800 0.53125
2900 0.4375
3000 0.40625
3100 0.5
3200 0.53125
3300 0.5
3400 0.40625
3500 0.34375
3600 0.5
3700 0.40625
3800 0.34375
3900 0.5625
4000 0.59375
4100 0.5
4200 0.40625
4300 0.59375
4400 0.34375
4500 0.40625
4600 0.46875
4700 0.40625
4800 0.40625
4900 0.34375
5000 0.46875
5100 0.59375
5200 0.5625
5300 0.65625
5400 0.65625
5500 0.53125
5600 0.4375
5700 0.53125
5800 0.4375
5900 0.5625
6000 0.59375
6100 0.53125
6200 0.4375
6300 0.5625
6400 0.625
6500 0.53125
6600 0.5625
6700 0.6875
6800 0.59375
6900 0.5625
7000 0.5625
7100 0.625
7200 0.59375
7300 0.59375
7400 0.5625
7500 0.59375
7600 0.53125
7700 0.625
7800 0.78125
7900 0.5625
8000 0.84375
8100 0.625
8200 0.5625
8300 0.59375
8400 0.78125
8500 0.59375
8600 0.8125
8700 0.59375
8800 0.6875
8900 0.6875
9000 0.75
9100 0.65625
9200 0.71875
9300 0.5
9400 0.65625
9500 0.5625
9600 0.625
9700 0.71875
9800 0.71875
9900 0.5625
10000 0.625
10100 0.71875
10200 0.65625
10300 0.65625
10400 0.6875
10500 0.6875
10600 0.59375
10700 0.625
10800 0.78125
10900 0.78125
11000 0.625
11100 0.6875
11200 0.75
11300 0.65625
11400 0.5625
11500 0.78125
11600 0.625
11700 0.78125
11800 0.78125
11900 0.71875
12000 0.625
12100 0.59375
12200 0.6875
12300 0.78125
12400 0.65625
12500 0.59375
12600 0.78125
12700 0.84375
12800 0.59375
12900 0.8125
13000 0.625
13100 0.5625
13200 0.8125
13300 0.71875
13400 0.78125
13500 0.8125
13600 0.75
13700 0.75
13800 0.78125
13900 0.78125
14000 0.75
14100 0.75
14200 0.78125
14300 0.75
14400 0.8125
14500 0.8125
14600 0.78125
14700 0.6875
14800 0.8125
14900 0.8125
15000 0.75
15100 0.71875
15200 0.90625
15300 0.75
15400 0.875
15500 0.78125
15600 0.78125
15700 0.78125
15800 0.84375
15900 0.75
16000 0.6875
16100 0.75
16200 0.875
16300 0.78125
16400 0.84375
16500 0.8125
16600 0.6875
16700 0.71875
16800 0.8125
