0 3.3005948
100 3.2872455
200 3.0117815
300 2.7044766
400 3.1174345
500 3.4136653
600 3.528439
700 2.9265215
800 3.5183237
900 2.7335744
1000 2.9100194
1100 3.343412
1200 3.4150684
1300 3.679167
1400 3.1607876
1500 3.2377508
1600 2.829574
1700 2.9942207
1800 4.8749385
1900 2.373236
2000 3.3153784
2100 3.2138507
2200 2.5593114
2300 2.7108998
2400 3.1068077
2500 3.0177617
2600 1.7733971
2700 1.8299199
2800 1.754029
2900 2.3183274
3000 2.4933453
3100 1.874971
3200 1.8645719
3300 1.8087995
3400 1.9299284
3500 2.8756626
3600 1.8144178
3700 2.3074198
3800 3.0245254
3900 1.5474538
4000 1.9698645
4100 1.9351925
4200 1.8833542
4300 1.8563961
4400 2.340217
4500 2.5733464
4600 2.5305192
4700 2.311551
4800 2.3375823
4900 2.0839498
5000 2.1405537
5100 1.8532526
5200 1.9470671
5300 1.8364635
5400 1.5269177
5500 1.9750694
5600 2.0726316
5700 2.066731
5800 2.115774
5900 1.4729909
6000 1.6151464
6100 1.962128
6200 2.0721846
6300 1.7592213
6400 1.5462672
6500 1.7686895
6600 1.9664054
6700 1.2097471
6800 1.7681285
6900 1.8248178
7000 1.7420646
7100 1.5933079
7200 1.7213169
7300 1.6690533
7400 1.9691788
7500 1.6726663
7600 2.0178027
7700 1.197126
7800 1.3757943
7900 1.9126691
8000 1.2045525
8100 1.6329814
8200 1.934506
8300 1.4231058
8400 1.3492316
8500 1.4612749
8600 1.1112955
8700 1.5080663
8800 1.2127546
8900 1.0989931
9000 1.168514
9100 1.5674196
9200 1.1693747
9300 1.6514407
9400 1.8400432
9500 1.6683923
9600 1.2634877
9700 1.2040716
9800 1.62607
9900 1.948619
10000 1.452119
10100 1.2983853
10200 1.5535375
10300 1.47219
10400 1.340969
10500 1.2184334
10600 1.6257664
10700 1.5077344
10800 1.1300445
10900 1.0653298
11000 1.4894699
11100 1.4921405
11200 1.2161278
11300 1.4570876
11400 1.6080835
11500 0.9735656
11600 1.9642651
11700 1.0155431
11800 1.1677933
11900 1.6879367
12000 1.4199855
12100 1.586582
12200 1.1881678
12300 1.0601679
12400 1.5995902
12500 2.1854124
12600 0.8312981
12700 0.784132
12800 1.5934144
12900 0.8913954
13000 1.4721484
13100 1.5682002
13200 0.83376473
13300 1.548399
13400 1.3332123
13500 0.82205933
13600 0.89093786
13700 1.36455
13800 0.9868548
13900 0.87230855
14000 1.3047401
14100 1.1533957
14200 0.9199091
14300 0.86682165
14400 0.7778235
14500 0.8035884
14600 0.78628266
14700 1.3333384
14800 0.91220653
14900 0.8997614
15000 0.9031511
15100 1.3940187
15200 0.5279389
15300 1.1410762
15400 0.7219613
15500 1.0596925
15600 0.90546113
15700 1.0977671
15800 0.90745956
15900 1.0994189
16000 1.2085236
16100 0.82146764
16200 0.66004384
16300 1.0637084
16400 0.80286676
16500 1.0296328
16600 1.1110313
16700 1.1625971
16800 0.8754846
