0 2.287798
100 2.278545
200 2.0876079
300 1.8746004
400 2.160841
500 2.3661726
600 2.4457276
700 2.02851
800 2.4387162
900 1.8947694
1000 2.0170717
1100 2.3174765
1200 2.367145
1300 2.5502043
1400 2.190891
1500 2.244238
1600 1.9613113
1700 2.0754356
1800 3.3790498
1900 1.6450019
2000 2.2980452
2100 2.2276716
2200 1.7739794
2300 1.8790526
2400 2.153475
2500 2.091753
2600 1.2292252
2700 1.2684039
2800 1.2158003
2900 1.606942
3000 1.7282553
3100 1.2996309
3200 1.2924228
3300 1.2537643
3400 1.3377244
3500 1.9932574
3600 1.2576586
3700 1.5993814
3800 2.0964413
3900 1.0726132
4000 1.365406
4100 1.3413732
4200 1.3054416
4300 1.2867557
4400 1.6221149
4500 1.7837077
4600 1.7540224
4700 1.6022451
4800 1.6202886
4900 1.4444839
5000 1.4837188
5100 1.2845769
5200 1.3496041
5300 1.2729394
5400 1.0583787
5500 1.3690138
5600 1.4366388
5700 1.4325488
5800 1.4665427
5900 1.0209994
6000 1.1195341
6100 1.3600435
6200 1.4363289
6300 1.2193993
6400 1.0717907
6500 1.2259622
6600 1.3630084
6700 0.83853275
6800 1.2255733
6900 1.2648673
7000 1.2075071
7100 1.1043968
7200 1.193126
7300 1.1568996
7400 1.3649307
7500 1.1594039
7600 1.3986343
7700 0.8297845
7800 0.95362794
7900 1.3257612
8000 0.8349322
8100 1.1318965
8200 1.3408974
8300 0.98642176
8400 0.93521607
8500 1.0128785
8600 0.7702913
8700 1.0453119
8800 0.8406174
8900 0.76176393
9000 0.8099522
9100 1.0864525
9200 0.8105488
9300 1.1446915
9400 1.2754208
9500 1.1564415
9600 0.87578297
9700 0.8345989
9800 1.1271058
9900 1.3506798
10000 1.0065322
10100 0.8999721
10200 1.0768301
10300 1.0204444
10400 0.9294889
10500 0.84455365
10600 1.1268954
10700 1.0450819
10800 0.78328717
10900 0.7384304
11000 1.0324218
11100 1.034273
11200 0.8429555
11300 1.0099761
11400 1.1146386
11500 0.67482424
11600 1.3615248
11700 0.70392084
11800 0.80945265
11900 1.1699885
12000 0.984259
12100 1.0997348
12200 0.82357514
12300 0.73485243
12400 1.1087514
12500 1.5148125
12600 0.5762119
12700 0.5435189
12800 1.1044707
12900 0.6178682
13000 1.0204155
13100 1.0869936
13200 0.5779217
13300 1.0732684
13400 0.9241123
13500 0.5698081
13600 0.6175511
13700 0.945834
13800 0.6840356
13900 0.6046382
14000 0.90437686
14100 0.7994729
14200 0.6376324
14300 0.60083497
14400 0.5391462
14500 0.55700505
14600 0.5450096
14700 0.92419976
14800 0.6322934
14900 0.62366706
15000 0.6260166
15100 0.9662601
15200 0.36593938
15300 0.7909337
15400 0.50042546
15500 0.7345229
15600 0.62761784
15700 0.7609142
15800 0.62900305
15900 0.7620591
16000 0.83768475
16100 0.569398
16200 0.45750752
16300 0.73730654
16400 0.55650485
16500 0.71368706
16600 0.7701082
16700 0.80585086
16800 0.60683966
