0 9.630972
100 3.8037705
200 3.7434204
300 4.9212646
400 3.683449
500 4.2367005
600 3.77388
700 3.8789406
800 3.982493
900 3.2859125
1000 3.5013835
1100 3.264297
1200 3.619163
1300 3.9451761
1400 3.1500611
1500 3.1670408
1600 3.1414714
1700 3.3797624
1800 3.3908987
1900 2.910143
2000 2.9575233
2100 3.1928775
2200 2.6411548
2300 3.0286698
2400 2.4072552
2500 3.2638345
2600 3.7218208
2700 4.2085333
2800 3.9697306
2900 3.7419128
3000 4.3346386
3100 3.849537
3200 3.4806962
3300 3.6626618
3400 3.262919
3500 4.310846
3600 3.7385397
3700 3.9700274
3800 3.9548612
3900 3.125996
4000 3.2748165
4100 3.8820584
4200 3.9078426
4300 2.8844407
4400 3.9886274
4500 3.6443036
4600 3.4382005
4700 3.4763021
4800 3.1850994
4900 3.9252315
5000 3.710716
5100 3.781816
5200 3.6567936
5300 2.9741764
5400 3.47909
5500 3.0477972
5600 3.2451587
5700 3.7041748
5800 4.124947
5900 3.1290197
6000 3.2994728
6100 3.6813378
6200 3.9382405
6300 3.4092376
6400 3.738182
6500 3.4360375
6600 3.9088583
6700 3.1093473
6800 2.9831972
6900 3.0530019
7000 3.5203366
7100 3.3262424
7200 3.3370147
7300 3.0888963
7400 3.1148176
7500 2.9187565
7600 3.3052304
7700 2.9703302
7800 3.164192
7900 3.6381073
8000 2.6191504
8100 3.5463238
8200 3.5492582
8300 3.3573
8400 2.9519095
8500 3.4276595
8600 2.4247084
8700 3.3369527
8800 2.879621
8900 2.833569
9000 2.4765463
9100 3.558941
9200 3.0316606
9300 3.7750304
9400 3.5614939
9500 3.626198
9600 2.9579093
9700 3.1023128
9800 3.082946
9900 3.7977567
10000 3.229489
10100 3.4045918
10200 3.4511254
10300 2.9703515
10400 3.3805373
10500 3.1512315
10600 3.614236
10700 3.2329211
10800 3.0375285
10900 2.8626451
11000 3.1210296
11100 3.1367674
11200 2.6251483
11300 3.1962976
11400 3.4058757
11500 3.1011896
11600 3.1392038
11700 2.8868039
11800 2.721602
11900 2.972451
12000 3.0528364
12100 3.142935
12200 3.2704122
12300 2.8131435
12400 2.9158065
12500 2.5347981
12600 2.8411584
12700 2.7005844
12800 3.2015045
12900 3.0953462
13000 2.7302907
13100 3.2516932
13200 2.8525443
13300 3.2303288
13400 2.9419003
13500 2.537475
13600 3.051301
13700 2.901818
13800 2.6370487
13900 2.7328095
14000 2.7933946
14100 2.8151772
14200 2.665851
14300 3.054595
14400 2.8188667
14500 2.5358827
14600 2.6725101
14700 2.5983648
14800 2.6976383
14900 2.577313
15000 2.7149296
15100 2.8567326
15200 2.4375272
15300 2.8445487
15400 2.5275588
15500 2.9296055
15600 2.8823962
15700 3.0285633
15800 2.6615982
15900 3.1746235
16000 3.1400292
16100 2.8491347
16200 2.238533
16300 3.0030916
16400 2.8854232
16500 2.9113595
16600 2.9803162
16700 2.6462965
16800 2.7938654
