0 0.059375
100 0.346875
200 0.40000004
300 0.43437502
400 0.43125004
500 0.51562494
600 0.528125
700 0.46875
800 0.453125
900 0.48750004
1000 0.478125
1100 0.44687498
1200 0.44375
1300 0.4625
1400 0.5
1500 0.521875
1600 0.47812498
1700 0.42812502
1800 0.49687502
1900 0.54062504
2000 0.521875
2100 0.50625
2200 0.47500002
2300 0.53749996
2400 0.534375
2500 0.47500002
2600 0.521875
2700 0.50937504
2800 0.50625
2900 0.571875
3000 0.49375
3100 0.48750007
3200 0.525
3300 0.56875
3400 0.509375
3500 0.503125
3600 0.53437495
3700 0.51874995
3800 0.48125002
3900 0.45625007
4000 0.525
4100 0.55
4200 0.53125
4300 0.584375
4400 0.54687506
4500 0.528125
4600 0.59375
4700 0.5749999
4800 0.625
4900 0.596875
5000 0.6375
5100 0.50625
5200 0.4875
5300 0.50937504
5400 0.54375
5500 0.6125
5600 0.55
5700 0.559375
5800 0.50000006
5900 0.50625
6000 0.478125
6100 0.5
6200 0.534375
6300 0.525
6400 0.53124994
6500 0.559375
6600 0.57500005
6700 0.51875
6800 0.49687502
6900 0.56875
7000 0.50624996
7100 0.55
7200 0.571875
7300 0.55625004
7400 0.5187501
7500 0.546875
7600 0.45625
7700 0.58125
7800 0.55625004
7900 0.51875
8000 0.55937505
8100 0.57500005
8200 0.57187504
8300 0.58124995
8400 0.5343751
8500 0.51875
8600 0.578125
8700 0.565625
8800 0.51250005
8900 0.5
9000 0.5906249
9100 0.53749996
9200 0.559375
9300 0.534375
9400 0.515625
9500 0.55
9600 0.59375006
9700 0.60312504
9800 0.56875
9900 0.546875
10000 0.515625
10100 0.54687494
10200 0.596875
10300 0.58125
10400 0.509375
10500 0.55
10600 0.51874995
10700 0.515625
10800 0.62187505
10900 0.596875
11000 0.58124995
11100 0.55625004
11200 0.51875
11300 0.521875
11400 0.53125
11500 0.528125
11600 0.553125
11700 0.50312495
11800 0.5125
11900 0.553125
12000 0.5500001
12100 0.49374998
12200 0.553125
12300 0.578125
12400 0.525
12500 0.5
12600 0.5625
12700 0.553125
12800 0.55625
12900 0.50625
13000 0.49375004
13100 0.55312496
13200 0.590625
13300 0.503125
13400 0.5375
13500 0.559375
13600 0.55
13700 0.540625
13800 0.515625
13900 0.515625
14000 0.55937505
14100 0.52812505
14200 0.49687502
14300 0.584375
14400 0.56875
14500 0.490625
14600 0.525
14700 0.559375
14800 0.546875
14900 0.5625
15000 0.53125
15100 0.55625004
15200 0.58437496
15300 0.553125
15400 0.50937504
15500 0.509375
15600 0.571875
15700 0.553125
15800 0.4875
15900 0.515625
16000 0.596875
16100 0.5625
16200 0.553125
16300 0.48125002
16400 0.54062504
16500 0.5625
16600 0.57812506
16700 0.5343751
16800 0.55625004
16900 0.525
17000 0.5625
17100 0.58125
17200 0.53125
17300 0.55312496
17400 0.5
17500 0.55625004
17600 0.609375
17700 0.57500005
17800 0.53437495
17900 0.5
18000 0.590625
18100 0.52500004
18200 0.55625004
18300 0.5
18400 0.53125
18500 0.61875004
18600 0.53125
18700 0.53749996
18800 0.571875
18900 0.60625
19000 0.575
19100 0.53125
19200 0.58750004
19300 0.55
19400 0.53124994
19500 0.5500001
19600 0.578125
19700 0.575
19800 0.609375
19900 0.60312504
20000 0.54375
20100 0.5625
20200 0.534375
20300 0.578125
20400 0.55625
20500 0.5375
20600 0.51250005
20700 0.584375
20800 0.55
20900 0.50937504
21000 0.60625
21100 0.58125
21200 0.51875
21300 0.56250006
21400 0.54687506
21500 0.58750004
21600 0.534375
21700 0.625
21800 0.559375
21900 0.596875
22000 0.534375
22100 0.534375
22200 0.55937505
22300 0.55
22400 0.521875
22500 0.565625
22600 0.58437496
22700 0.503125
22800 0.584375
22900 0.540625
23000 0.46250004
23100 0.58124995
23200 0.5437499
23300 0.54375005
23400 0.603125
23500 0.57500005
23600 0.515625
23700 0.553125
23800 0.559375
23900 0.58750004
24000 0.528125
24100 0.5875
24200 0.59999996
24300 0.5875
24400 0.4875
24500 0.615625
24600 0.54375005
24700 0.54062504
24800 0.521875
24900 0.5125
25000 0.5656251
25100 0.534375
25200 0.590625
25300 0.584375
25400 0.578125
25500 0.5625
25600 0.565625
25700 0.534375
25800 0.55625
25900 0.54687494
26000 0.540625
26100 0.578125
26200 0.56875
26300 0.55625
26400 0.53437495
26500 0.54375005
26600 0.546875
26700 0.53749996
26800 0.590625
26900 0.53125
27000 0.534375
27100 0.6218749
27200 0.5625
27300 0.60625005
27400 0.54375
27500 0.56875
27600 0.56562495
27700 0.57187504
27800 0.58125
27900 0.59375006
28000 0.590625
28100 0.534375
28200 0.46875
28300 0.58124995
28400 0.503125
28500 0.534375
28600 0.521875
28700 0.56875
28800 0.55625
28900 0.46874994
29000 0.553125
29100 0.53125
29200 0.584375
29300 0.54375005
29400 0.58125
29500 0.54375
29600 0.49062502
29700 0.621875
29800 0.59062505
29900 0.59999996
30000 0.52812505
30100 0.565625
30200 0.54375
30300 0.55
30400 0.521875
30500 0.515625
30600 0.553125
30700 0.534375
30800 0.5125
30900 0.534375
31000 0.51875
31100 0.575
31200 0.565625
