0 4.721766
100 3.225845
200 2.919423
300 2.5886965
400 2.5992231
500 2.393183
600 2.3321066
700 2.5722368
800 2.596853
900 2.562744
1000 2.440506
1100 2.6317778
1200 2.5672326
1300 2.5292034
1400 2.350134
1500 2.3199217
1600 2.3664427
1700 2.6494823
1800 2.3285682
1900 2.2990246
2000 2.3185298
2100 2.394164
2200 2.5060568
2300 2.1008449
2400 2.1492739
2500 2.580967
2600 2.3051686
2700 2.2486308
2800 2.374072
2900 2.0786605
3000 2.357661
3100 2.4029012
3200 2.3305376
3300 1.9621236
3400 2.2366226
3500 2.301907
3600 2.38695
3700 2.2916834
3800 2.4012072
3900 2.5270817
4000 2.2939088
4100 2.204376
4200 2.054832
4300 1.8637493
4400 2.0685182
4500 2.270519
4600 1.8675238
4700 2.0401275
4800 1.81814
4900 2.0139117
5000 1.8252509
5100 2.2749023
5200 2.3968322
5300 2.3345225
5400 2.0989597
5500 1.8455455
5600 2.226175
5700 2.007931
5800 2.2873793
5900 2.1893768
6000 2.32599
6100 2.3434138
6200 2.181399
6300 2.2672935
6400 2.2753768
6500 2.1263752
6600 1.8302832
6700 2.1757586
6800 2.2809672
6900 2.0460327
7000 2.3092577
7100 2.0882363
7200 2.0767066
7300 2.2143018
7400 2.3256974
7500 2.1642892
7600 2.540052
7700 1.9592353
7800 1.9331113
7900 2.2493591
8000 2.0943213
8100 2.014439
8200 2.183773
8300 2.0481105
8400 1.9731824
8500 2.3371768
8600 2.0538237
8700 2.116285
8800 2.424824
8900 2.2700825
9000 2.0967193
9100 2.139799
9200 2.1876602
9300 2.1369667
9400 2.500938
9500 2.1237845
9600 2.0396054
9700 1.8836887
9800 2.0112803
9900 2.2193775
10000 2.2346058
10100 2.1184096
10200 1.9120642
10300 1.892613
10400 2.1640153
10500 2.3699017
10600 2.2130811
10700 2.2812078
10800 1.8620946
10900 2.0562227
11000 1.977221
11100 2.1104217
11200 2.1639402
11300 2.2722585
11400 2.356394
11500 2.3240016
11600 2.171418
11700 2.3631654
11800 2.3239431
11900 2.094195
12000 2.02095
12100 2.2248502
12200 2.0299928
12300 2.0034573
12400 2.2338607
12500 2.371205
12600 2.1372416
12700 2.0183432
12800 2.218282
12900 2.4191678
13000 2.4896038
13100 2.328426
13200 1.9336642
13300 2.3531446
13400 2.2579844
13500 2.1029007
13600 2.1748745
13700 2.304287
13800 2.1812005
13900 2.2247987
14000 2.0449903
14100 2.1453261
14200 2.3880305
14300 2.015487
14400 2.1724594
14500 2.3732615
14600 2.2528913
14700 2.0196416
14800 2.0039682
14900 2.167671
15000 2.1508944
15100 2.0619879
15200 1.8303591
15300 2.0398855
15400 2.2094216
15500 2.4463713
15600 2.1189172
15700 2.135898
15800 2.5155728
15900 2.278423
16000 1.8980423
16100 2.105892
16200 2.2220252
16300 2.6668649
16400 2.2511358
16500 2.0737891
16600 2.024293
16700 2.3631146
16800 2.0979412
16900 2.3145382
17000 2.050544
17100 2.0229871
17200 2.161097
17300 2.122319
17400 2.1311176
17500 1.9122455
17600 1.8393931
17700 2.0331264
17800 2.2208822
17900 2.2173061
18000 2.1682918
18100 2.307706
18200 2.0705216
18300 2.3569822
18400 2.2165437
18500 1.8972929
18600 2.1780484
18700 2.2382889
18800 1.9720578
18900 1.9109455
19000 1.958314
19100 2.1040611
19200 2.0579429
19300 2.132818
19400 2.1776268
19500 2.2589538
19600 2.1051126
19700 2.052251
19800 1.8286957
19900 1.9085168
20000 2.2664456
20100 2.0630982
20200 2.1499212
20300 1.9394413
20400 2.0193539
20500 2.0652945
20600 2.2120554
20700 1.9107487
20800 2.050956
20900 2.2592797
21000 1.9952989
21100 2.1713805
21200 2.1812031
21300 2.1684217
21400 2.0849414
21500 1.8728787
21600 2.184882
21700 1.8179632
21800 2.0209577
21900 1.934017
22000 2.3040116
22100 2.0740278
22200 2.0898228
22300 2.0464315
22400 2.2044442
22500 1.9762869
22600 1.9542091
22700 2.1430137
22800 1.9296057
22900 2.2293077
23000 2.61675
23100 1.928264
23200 2.1576488
23300 2.1553996
23400 1.9074119
23500 1.9053769
23600 2.2372775
23700 2.0225139
23800 2.0976589
23900 1.9776688
24000 2.2234101
24100 2.0661075
24200 1.9400897
24300 2.054827
24400 2.4162095
24500 1.8081508
24600 2.0757391
24700 2.0772383
24800 2.0660555
24900 2.227549
25000 2.0326738
25100 2.1409354
25200 1.9311763
25300 1.8813198
25400 1.9969469
25500 2.134003
25600 2.0208771
25700 2.2274804
25800 2.0908427
25900 2.1384237
26000 2.2430494
26100 2.0655656
26200 1.9368201
26300 2.0917668
26400 2.1821225
26500 1.9779593
26600 2.1888552
26700 2.1372192
26800 1.9210758
26900 2.2613158
27000 2.1386786
27100 1.9769388
27200 2.1260834
27300 1.9677883
27400 2.1847692
27500 2.017546
27600 2.2057931
27700 1.9988295
27800 2.0620215
27900 1.983588
28000 1.97493
28100 2.1251266
28200 2.355303
28300 1.9141064
28400 2.518016
28500 2.0456727
28600 2.2595732
28700 1.977372
28800 2.2579553
28900 2.4819367
29000 1.9546176
29100 2.1408927
29200 1.9926462
29300 2.093068
29400 1.867211
29500 2.1515338
29600 2.2915413
29700 1.7852478
29800 2.016141
29900 2.0046332
30000 2.2045898
30100 1.9755881
30200 2.1492867
30300 1.9162028
30400 2.2828505
30500 2.1838381
30600 2.0522044
30700 2.2692688
30800 2.4819496
30900 2.033404
31000 2.3494353
31100 1.9368222
31200 2.2286599
