0 3.2728786
100 2.2359855
200 2.0235898
300 1.7943476
400 1.8016442
500 1.658828
600 1.6164931
700 1.7829387
800 1.8000014
900 1.7763587
1000 1.6916298
1100 1.8242093
1200 1.7794701
1300 1.7531103
1400 1.6289887
1500 1.6080472
1600 1.6402931
1700 1.8364812
1800 1.6140405
1900 1.5935625
2000 1.6070825
2100 1.6595081
2200 1.7370661
2300 1.4561948
2400 1.4897631
2500 1.7889899
2600 1.5978211
2700 1.5586321
2800 1.6455814
2900 1.4408176
3000 1.634206
3100 1.6655642
3200 1.6154056
3300 1.3600404
3400 1.5503086
3500 1.5955603
3600 1.6545076
3700 1.5884739
3800 1.6643901
3900 1.7516396
4000 1.5900164
4100 1.5279571
4200 1.424301
4300 1.2918526
4400 1.4337876
4500 1.5738038
4600 1.2944689
4700 1.4141086
4800 1.2602386
4900 1.3959372
5000 1.2651675
5100 1.5768422
5200 1.6613575
5300 1.6181676
5400 1.454888
5500 1.2792346
5600 1.543067
5700 1.3917917
5800 1.5854905
5900 1.5175604
6000 1.6122533
6100 1.6243308
6200 1.5120307
6300 1.571568
6400 1.5771711
6500 1.473891
6600 1.2686557
6700 1.508121
6800 1.581046
6900 1.4182018
7000 1.6006556
7100 1.447455
7200 1.4394634
7300 1.534837
7400 1.6120507
7500 1.5001711
7600 1.7606299
7700 1.3580384
7800 1.3399307
7900 1.5591369
8000 1.4516728
8100 1.3963028
8200 1.5136762
8300 1.4196421
8400 1.3677058
8500 1.6200075
8600 1.4236021
8700 1.466897
8800 1.6807599
8900 1.5735012
9000 1.453335
9100 1.4831957
9200 1.5163705
9300 1.4812324
9400 1.7335181
9500 1.4720953
9600 1.4137467
9700 1.3056735
9800 1.3941133
9900 1.5383552
10000 1.5489107
10100 1.4683697
10200 1.3253419
10300 1.3118594
10400 1.499981
10500 1.6426907
10600 1.533991
10700 1.5812128
10800 1.2907057
10900 1.425265
11000 1.3705052
11100 1.4628328
11200 1.4999291
11300 1.5750096
11400 1.633328
11500 1.6108751
11600 1.5051123
11700 1.6380213
11800 1.6108347
11900 1.4515853
12000 1.4008158
12100 1.5421486
12200 1.4070837
12300 1.3886907
12400 1.5483943
12500 1.6435941
12600 1.481423
12700 1.399009
12800 1.537596
12900 1.6768394
13000 1.7256618
13100 1.6139419
13200 1.3403139
13300 1.6310755
13400 1.5651155
13500 1.4576198
13600 1.5075082
13700 1.5972099
13800 1.5118929
13900 1.542113
14000 1.4174793
14100 1.4870267
14200 1.6552566
14300 1.3970292
14400 1.5058341
14500 1.6450195
14600 1.5615852
14700 1.3999089
14800 1.389045
14900 1.502515
15000 1.4908864
15100 1.4292611
15200 1.2687082
15300 1.4139409
15400 1.5314544
15500 1.6956954
15600 1.4687215
15700 1.4804918
15800 1.7436621
15900 1.5792825
16000 1.3156227
16100 1.4596931
16200 1.5401905
16300 1.8485299
16400 1.5603684
16500 1.4374411
16600 1.4031329
16700 1.6379863
16800 1.454182
16900 1.6043156
17000 1.4213288
17100 1.4022278
17200 1.4979583
17300 1.4710793
17400 1.4771781
17500 1.3254676
17600 1.2749702
17700 1.4092557
17800 1.5393982
17900 1.5369195
18000 1.5029453
18100 1.5995799
18200 1.4351763
18300 1.6337355
18400 1.536391
18500 1.3151032
18600 1.5097082
18700 1.5514636
18800 1.3669263
18900 1.3245665
19000 1.3573998
19100 1.458424
19200 1.4264573
19300 1.4783567
19400 1.509416
19500 1.5657874
19600 1.4591528
19700 1.422512
19800 1.2675552
19900 1.322883
20000 1.5709804
20100 1.4300307
20200 1.4902117
20300 1.3443183
20400 1.3997095
20500 1.4315531
20600 1.53328
20700 1.3244301
20800 1.4216144
20900 1.5660133
21000 1.3830358
21100 1.5050863
21200 1.5118948
21300 1.5030354
21400 1.4451712
21500 1.2981806
21600 1.5144448
21700 1.2601161
21800 1.4008212
21900 1.3405584
22000 1.5970192
22100 1.4376066
22200 1.4485548
22300 1.4184783
22400 1.5280043
22500 1.3698577
22600 1.3545545
22700 1.4854239
22800 1.3375008
22900 1.5452383
23000 1.813793
23100 1.3365707
23200 1.4955682
23300 1.4940091
23400 1.3221172
23500 1.3207066
23600 1.5507625
23700 1.4018998
23800 1.4539863
23900 1.3708155
24000 1.5411505
24100 1.4321166
24200 1.3447677
24300 1.4242975
24400 1.6747887
24500 1.2533146
24600 1.4387927
24700 1.4398319
24800 1.4320805
24900 1.5440193
25000 1.4089422
25100 1.4839834
25200 1.3385894
25300 1.3040315
25400 1.3841782
25500 1.4791782
25600 1.4007653
25700 1.5439718
25800 1.4492618
25900 1.4822423
26000 1.5547633
26100 1.431741
26200 1.3425014
26300 1.4499023
26400 1.5125321
26500 1.3710169
26600 1.5171988
26700 1.4814074
26800 1.3315883
26900 1.5674247
27000 1.482419
27100 1.3703096
27200 1.4736887
27300 1.363967
27400 1.5143666
27500 1.3984562
27600 1.5289392
27700 1.385483
27800 1.4292843
27900 1.3749185
28000 1.3689172
28100 1.4730256
28200 1.6325717
28300 1.3267574
28400 1.7453557
28500 1.4179523
28600 1.5662168
28700 1.3706099
28800 1.5650954
28900 1.7203474
29000 1.3548377
29100 1.4839537
29200 1.3811971
29300 1.4508041
29400 1.294252
29500 1.4913296
29600 1.5883754
29700 1.2374395
29800 1.3974824
29900 1.3895059
30000 1.5281053
30100 1.3693733
30200 1.4897721
30300 1.3282106
30400 1.5823513
30500 1.5137212
30600 1.4224796
30700 1.5729373
30800 1.7203563
30900 1.4094484
31000 1.6285045
31100 1.3425028
31200 1.5447893
