0 26.361067
100 10.57599
200 9.044536
300 8.636852
400 8.414447
500 7.5869427
600 7.196351
700 7.582791
800 7.7785597
900 7.5524764
1000 6.664771
1100 7.8127346
1200 7.4587784
1300 6.9887247
1400 7.2201695
1500 7.1491184
1600 7.0755334
1700 7.156436
1800 6.916655
1900 6.6539745
2000 6.7233877
2100 6.9299316
2200 6.754392
2300 6.163439
2400 6.337757
2500 7.391812
2600 6.225047
2700 6.503384
2800 6.5465283
2900 6.171762
3000 6.534698
3100 6.5757556
3200 6.5232706
3300 5.824099
3400 6.5966043
3500 6.6800604
3600 5.982777
3700 6.294084
3800 6.886664
3900 6.2328763
4000 6.6476164
4100 6.5846057
4200 6.3770733
4300 6.204708
4400 6.4498653
4500 6.422762
4600 5.74108
4700 6.41736
4800 5.923161
4900 6.014539
5000 6.1707067
5100 6.7146897
5200 6.5175724
5300 6.470286
5400 6.2027326
5500 5.9646435
5600 6.144817
5700 6.4168797
5800 6.178438
5900 6.043014
6000 6.877539
6100 6.4478183
6200 6.5352707
6300 5.946911
6400 6.496045
6500 6.0669394
6600 6.1459146
6700 6.666082
6800 6.4431915
6900 6.6186852
7000 6.598114
7100 6.19421
7200 6.439135
7300 6.0891113
7400 6.3155518
7500 6.2664657
7600 6.643765
7700 6.1179447
7800 6.063243
7900 5.910786
8000 6.009893
8100 6.1615543
8200 6.075321
8300 5.9781065
8400 5.951951
8500 6.3944554
8600 6.306049
8700 6.2062507
8800 6.3881454
8900 6.26072
9000 6.235613
9100 5.976004
9200 6.306619
9300 6.6379104
9400 6.322614
9500 6.2489243
9600 6.093139
9700 6.026439
9800 5.790375
9900 6.5078397
10000 6.4109235
10100 6.3815246
10200 6.191799
10300 5.8015437
10400 6.372151
10500 6.5770044
10600 6.6058073
10700 6.6118584
10800 5.6835675
10900 6.4993997
11000 6.1373076
11100 6.5354843
11200 6.331836
11300 6.462635
11400 6.3461537
11500 6.476117
11600 5.958551
11700 6.4877944
11800 6.330925
11900 6.0387926
12000 6.1898756
12100 6.261345
12200 5.625518
12300 6.207006
12400 6.320053
12500 6.663764
12600 5.771915
12700 5.604551
12800 6.0219474
12900 6.3801336
13000 6.805542
13100 6.2926416
13200 5.995139
13300 6.5278344
13400 6.2903028
13500 6.438674
13600 6.238676
13700 6.354828
13800 6.3320837
13900 6.120575
14000 6.0155497
14100 6.1624713
14200 6.794627
14300 6.3922825
14400 5.4867353
14500 6.551798
14600 6.545449
14700 5.759661
14800 6.2281904
14900 6.4129653
15000 6.4154015
15100 5.4690585
15200 5.9739594
15300 5.991626
15400 6.6760855
15500 6.721714
15600 6.255389
15700 6.3575344
15800 6.665085
15900 6.829264
16000 6.013417
16100 5.988098
16200 6.29895
16300 7.30389
16400 6.198234
16500 6.6669097
16600 5.9482036
16700 6.349333
16800 6.604389
16900 7.0750213
17000 6.131097
17100 6.3002987
17200 6.041485
17300 6.586628
17400 6.614184
17500 5.9275594
17600 5.760017
17700 6.3187523
17800 6.464796
17900 6.1969423
18000 6.173606
18100 6.792989
18200 6.0753927
18300 6.6286364
18400 6.188454
18500 6.034345
18600 6.3566413
18700 6.347986
18800 6.024866
18900 5.840581
19000 6.24175
19100 6.4777803
19200 6.4812465
19300 6.3587914
19400 6.7565813
19500 6.6052995
19600 5.80036
19700 6.366894
19800 5.8708115
19900 6.5359535
20000 6.8144045
20100 6.548227
20200 6.445683
20300 5.9750195
20400 6.1522765
20500 6.4240847
20600 6.518075
20700 6.22749
20800 6.181923
20900 6.5675807
21000 6.3256817
21100 6.054508
21200 6.3972473
21300 6.4048862
21400 6.415851
21500 6.2268887
21600 6.763769
21700 5.657612
21800 6.2645445
21900 6.0162425
22000 6.552692
22100 6.3137617
22200 6.330721
22300 6.2100306
22400 6.563011
22500 6.1687346
22600 6.102888
22700 6.387142
22800 6.101349
22900 6.4594994
23000 6.43941
23100 6.2141714
23200 6.764671
23300 6.112715
23400 5.694003
23500 6.109645
23600 6.4383287
23700 6.272485
23800 6.0398846
23900 6.246986
24000 6.4447384
24100 6.3196063
24200 6.3041763
24300 6.5250726
24400 6.2518234
24500 6.1470356
24600 6.1745925
24700 6.2142167
24800 6.408432
24900 6.3454123
25000 5.8519125
25100 6.439091
25200 5.679047
25300 5.77276
25400 5.8943095
25500 6.2467127
25600 6.1907463
25700 6.104391
25800 6.327398
25900 6.518449
26000 6.262059
26100 6.2536325
26200 5.862768
26300 6.0514717
26400 6.2243237
26500 6.1071844
26600 6.306243
26700 6.277479
26800 6.2860804
26900 6.101141
27000 6.2594266
27100 6.0768104
27200 6.1662593
27300 6.3204074
27400 6.406422
27500 6.3054695
27600 6.436045
27700 6.1426864
27800 5.875838
27900 6.082034
28000 6.3865523
28100 6.543162
28200 6.629432
28300 6.1279073
28400 7.0975704
28500 6.2943573
28600 6.388782
28700 6.1587048
28800 6.7733026
28900 6.8283634
29000 6.0831075
29100 6.3236103
29200 6.469542
29300 6.3166213
29400 6.0798206
29500 6.2813606
29600 5.942211
29700 6.0443673
29800 6.1771445
29900 6.391613
30000 6.5735855
30100 6.05182
30200 6.1602736
30300 6.0351954
30400 6.40421
30500 6.3471084
30600 6.5650063
30700 6.6402855
30800 6.6259785
30900 6.0359535
31000 6.248995
31100 6.1798487
31200 6.3853197
