0 0.053125005
100 0.365625
200 0.41875005
300 0.4375
400 0.475
500 0.51875
600 0.509375
700 0.48125005
800 0.48437503
900 0.48437503
1000 0.47812504
1100 0.415625
1200 0.46562502
1300 0.4875
1400 0.49374998
1500 0.53125
1600 0.4625
1700 0.43124998
1800 0.52187496
1900 0.4875
2000 0.534375
2100 0.503125
2200 0.484375
2300 0.54375
2400 0.53125
2500 0.46875
2600 0.52812505
2700 0.515625
2800 0.521875
2900 0.546875
3000 0.48125002
3100 0.49374998
3200 0.49687502
3300 0.59687495
3400 0.515625
3500 0.5
3600 0.52187496
3700 0.54375
3800 0.49687502
3900 0.45625
4000 0.534375
4100 0.54062504
4200 0.5375
4300 0.565625
4400 0.55
4500 0.534375
4600 0.559375
4700 0.578125
4800 0.5968751
4900 0.5625
5000 0.646875
5100 0.50625
5200 0.4625
5300 0.50625
5400 0.54375
5500 0.61875004
5600 0.54375
5700 0.51875
5800 0.50625
5900 0.49062502
6000 0.48125
6100 0.49687505
6200 0.52812505
6300 0.515625
6400 0.51875
6500 0.58125
6600 0.553125
6700 0.51875
6800 0.5
6900 0.58125
7000 0.48125002
7100 0.53125
7200 0.53749996
7300 0.565625
7400 0.5125
7500 0.53437495
7600 0.49062502
7700 0.553125
7800 0.575
7900 0.53125
8000 0.565625
8100 0.55937505
8200 0.55
8300 0.56249994
8400 0.55
8500 0.49687505
8600 0.57500005
8700 0.52812505
8800 0.5
8900 0.528125
9000 0.575
9100 0.546875
9200 0.534375
9300 0.50937504
9400 0.49062502
9500 0.54375
9600 0.6125001
9700 0.58125
9800 0.571875
9900 0.50625
10000 0.51250005
10100 0.53125
10200 0.590625
10300 0.58125
10400 0.5
10500 0.53125
10600 0.53125
10700 0.49062502
10800 0.596875
10900 0.578125
11000 0.559375
11100 0.52500004
11200 0.5
11300 0.51874995
11400 0.515625
11500 0.49687505
11600 0.553125
11700 0.51562494
11800 0.509375
11900 0.5375
12000 0.540625
12100 0.49062502
12200 0.51875
12300 0.553125
12400 0.49687502
12500 0.46875006
12600 0.56875
12700 0.534375
12800 0.546875
12900 0.50937504
13000 0.5125
13100 0.534375
13200 0.5875
13300 0.48749998
13400 0.51250005
13500 0.51875
13600 0.525
13700 0.53125
13800 0.5125
13900 0.50624996
14000 0.553125
14100 0.53125
14200 0.49062502
14300 0.59062505
14400 0.540625
14500 0.5125
14600 0.528125
14700 0.546875
14800 0.55937505
14900 0.49999997
15000 0.54375
15100 0.55937505
15200 0.6
15300 0.559375
15400 0.51250005
15500 0.51875
15600 0.56249994
15700 0.546875
15800 0.4875
15900 0.503125
16000 0.58437496
16100 0.590625
16200 0.565625
16300 0.47812504
16400 0.565625
16500 0.55625004
16600 0.5875
16700 0.52500004
16800 0.52812505
16900 0.49062502
17000 0.55625004
17100 0.575
17200 0.54375005
17300 0.55625004
17400 0.50625
17500 0.565625
17600 0.61875004
17700 0.56875
17800 0.55
17900 0.521875
18000 0.590625
18100 0.5125
18200 0.553125
18300 0.521875
18400 0.546875
18500 0.62187505
18600 0.52500004
18700 0.5625
18800 0.565625
18900 0.615625
19000 0.590625
19100 0.553125
19200 0.578125
19300 0.54375
19400 0.515625
19500 0.5375
19600 0.57187504
19700 0.5656251
19800 0.634375
19900 0.6
20000 0.5187501
20100 0.596875
20200 0.534375
20300 0.59375
20400 0.56875
20500 0.546875
20600 0.521875
20700 0.58437496
20800 0.540625
20900 0.53125
21000 0.603125
21100 0.5625
21200 0.540625
21300 0.528125
21400 0.57187504
21500 0.58750004
21600 0.546875
21700 0.59999996
21800 0.55625
21900 0.58437496
22000 0.553125
22100 0.54375
22200 0.546875
22300 0.5625
22400 0.525
22500 0.57500005
22600 0.603125
22700 0.5375
22800 0.58437496
22900 0.52500004
23000 0.47500002
23100 0.58125
23200 0.5343751
23300 0.54375005
23400 0.6125
23500 0.62187505
23600 0.515625
23700 0.528125
23800 0.55625004
23900 0.553125
24000 0.51875
24100 0.58437496
24200 0.55625
24300 0.56874996
24400 0.5125
24500 0.615625
24600 0.55625004
24700 0.5625
24800 0.55625004
24900 0.528125
25000 0.58750004
25100 0.54062504
25200 0.56875
25300 0.60312504
25400 0.5875
25500 0.56874996
25600 0.55937505
25700 0.5125
25800 0.54687506
25900 0.55625004
26000 0.5125
26100 0.58124995
26200 0.54375005
26300 0.575
26400 0.55625
26500 0.5625
26600 0.553125
26700 0.54375
26800 0.56875
26900 0.5625
27000 0.540625
27100 0.61875
27200 0.56250006
27300 0.628125
27400 0.55312496
27500 0.5812501
27600 0.53125
27700 0.565625
27800 0.571875
27900 0.575
28000 0.578125
28100 0.53125
28200 0.49375
