0 4.7428236
100 3.1960087
200 2.8723152
300 2.5607004
400 2.5483913
500 2.3313396
600 2.3637578
700 2.5213861
800 2.4876163
900 2.5522459
1000 2.4376218
1100 2.6663475
1200 2.5134401
1300 2.5215507
1400 2.3949397
1500 2.2513456
1600 2.354367
1700 2.6206605
1800 2.2190974
1900 2.3055842
2000 2.2493267
2100 2.3912368
2200 2.4496002
2300 2.111033
2400 2.176461
2500 2.5533714
2600 2.309194
2700 2.2475636
2800 2.2732944
2900 2.1633117
3000 2.4571688
3100 2.4074316
3200 2.3266027
3300 1.8693781
3400 2.240445
3500 2.4190948
3600 2.3807776
3700 2.2483616
3800 2.365486
3900 2.4678624
4000 2.215783
4100 2.259992
4200 2.0909085
4300 1.94651
4400 2.2042105
4500 2.2836764
4600 1.9124756
4700 2.0475535
4800 1.7923248
4900 2.1421363
5000 1.8505719
5100 2.2596831
5200 2.5070372
5300 2.3432012
5400 2.1366441
5500 1.9177504
5600 2.167727
5700 2.082584
5800 2.3259718
5900 2.31009
6000 2.4113996
6100 2.3571355
6200 2.251355
6300 2.343354
6400 2.2803693
6500 2.0742178
6600 1.9193037
6700 2.2130547
6800 2.3071883
6900 2.0830748
7000 2.302313
7100 2.1598978
7200 2.204399
7300 2.2981365
7400 2.3275712
7500 2.3391757
7600 2.4801316
7700 2.0089324
7800 1.9472877
7900 2.1797252
8000 2.0215175
8100 2.1159728
8200 2.181312
8300 2.1681023
8400 2.0724385
8500 2.401477
8600 2.0783598
8700 2.2337508
8800 2.409924
8900 2.2908142
9000 2.1779528
9100 2.2101164
9200 2.2065725
9300 2.2694418
9400 2.5558805
9500 2.170399
9600 2.0381281
9700 1.9895844
9800 2.1160579
9900 2.3297472
10000 2.2690623
10100 2.1837265
10200 1.8885635
10300 1.8976578
10400 2.2385733
10500 2.4032657
10600 2.2211156
10700 2.3718126
10800 1.8436769
10900 2.0710614
11000 2.066539
11100 2.2703948
11200 2.2539203
11300 2.429332
11400 2.3679917
11500 2.359288
11600 2.2404068
11700 2.332735
11800 2.3466473
11900 2.206332
12000 2.1152873
12100 2.2922084
12200 2.1364832
12300 2.1474965
12400 2.2593513
12500 2.3307877
12600 2.168614
12700 2.0049546
12800 2.1631374
12900 2.3831975
13000 2.3028069
13100 2.23441
13200 1.864969
13300 2.3787332
13400 2.2275705
13500 2.244332
13600 2.1610193
13700 2.308658
13800 2.202482
13900 2.25415
14000 2.02071
14100 2.183608
14200 2.4025428
14300 1.975902
14400 2.2653105
14500 2.4031723
14600 2.1960983
14700 2.035495
14800 2.045427
14900 2.2285874
15000 2.120574
15100 2.1311004
15200 1.7992649
15300 2.0686235
15400 2.1688783
15500 2.3671682
15600 2.093575
15700 2.1158628
15800 2.5300572
15900 2.3186586
16000 1.9720088
16100 2.0474255
16200 2.2040465
16300 2.666215
16400 2.2117188
16500 2.1493804
16600 2.0387847
16700 2.3498642
16800 2.1096764
16900 2.3013663
17000 2.037062
17100 2.0692735
17200 2.1334872
17300 2.164147
17400 2.1359825
17500 1.8884994
17600 1.7920444
17700 2.0163255
17800 2.1629457
17900 2.247184
18000 2.0681129
18100 2.2995455
18200 2.1911612
18300 2.334713
18400 2.175598
18500 1.8743426
18600 2.1738
18700 2.2146347
18800 1.9660941
18900 1.8271258
19000 1.8985311
19100 2.1048186
19200 2.0403185
19300 2.1946454
19400 2.1709955
19500 2.265778
19600 2.0932033
19700 2.0838544
19800 1.8006486
19900 1.9233652
20000 2.3059933
20100 2.0497513
20200 2.0865965
20300 1.9429991
20400 1.941204
20500 2.0974977
20600 2.2219887
20700 1.8762468
20800 2.0873685
20900 2.1637988
21000 1.9698702
21100 2.1810205
21200 2.179175
21300 2.1669188
21400 2.0078013
21500 1.9329485
21600 2.215675
21700 1.8556488
21800 2.0021882
21900 1.950922
22000 2.2595317
22100 2.0682812
22200 2.0822964
22300 2.018923
22400 2.1822324
22500 1.9427044
22600 1.947076
22700 2.1463363
22800 1.903915
22900 2.2244573
23000 2.5109673
23100 1.9408548
23200 2.164324
23300 2.1527615
23400 1.8183744
23500 1.8618035
23600 2.2462928
23700 2.0782137
23800 2.1565838
23900 1.9475217
24000 2.2218387
24100 2.1070552
24200 1.9855115
24300 1.9581234
24400 2.3386517
24500 1.8219444
24600 2.0807145
24700 1.992186
24800 1.9999938
24900 2.1389139
25000 2.035492
25100 2.1821349
25200 1.942656
25300 1.8584127
25400 1.9481673
25500 2.198345
25600 2.0512497
25700 2.2327454
25800 2.1517792
25900 2.1182363
26000 2.2225437
26100 2.0675857
26200 2.0141108
26300 2.0450563
26400 2.0508018
26500 2.0247614
26600 2.183014
26700 2.1286428
26800 1.9673108
26900 2.0742476
27000 2.1216993
27100 1.9731961
27200 2.0972521
27300 1.9088485
27400 2.1344516
27500 1.9755589
27600 2.3080113
27700 1.9665806
27800 2.1917756
27900 2.0461113
28000 1.9920868
28100 2.1194506
28200 2.3150284
