0 3.2874749
100 2.2153044
200 1.9909371
300 1.7749423
400 1.7664104
500 1.6159616
600 1.6384321
700 1.7476916
800 1.7242843
900 1.769082
1000 1.6896307
1100 1.8481712
1200 1.7421839
1300 1.7478057
1400 1.6600457
1500 1.5605139
1600 1.6319228
1700 1.8165035
1800 1.5381612
1900 1.5981092
2000 1.5591145
2100 1.657479
2200 1.6979334
2300 1.4632566
2400 1.5086079
2500 1.7698623
2600 1.6006114
2700 1.5578924
2800 1.5757276
2900 1.4994934
3000 1.7031796
3100 1.6687044
3200 1.612678
3300 1.2957542
3400 1.552958
3500 1.6767888
3600 1.6502292
3700 1.5584455
3800 1.63963
3900 1.7105918
4000 1.5358638
4100 1.566507
4200 1.4493073
4300 1.3492179
4400 1.5278423
4500 1.5829239
4600 1.3256271
4700 1.419256
4800 1.2423449
4900 1.4848158
5000 1.2827187
5100 1.566293
5200 1.7377458
5300 1.6241833
5400 1.4810089
5500 1.3292832
5600 1.5025539
5700 1.4435372
5800 1.6122408
5900 1.6012324
6000 1.6714549
6100 1.6338419
6200 1.5605203
6300 1.6242893
6400 1.5806315
6500 1.4377382
6600 1.3303599
6700 1.5339726
6800 1.5992211
6900 1.4438775
7000 1.5958418
7100 1.497127
7200 1.527973
7300 1.5929468
7400 1.6133494
7500 1.621393
7600 1.7190963
7700 1.3924857
7800 1.349757
7900 1.5108703
8000 1.4012091
8100 1.4666805
8200 1.5119703
8300 1.502814
8400 1.4365048
8500 1.6645771
8600 1.4406092
8700 1.5483181
8800 1.6704321
8900 1.5878713
9000 1.5096419
9100 1.5319359
9200 1.5294795
9300 1.5730573
9400 1.7716014
9500 1.504406
9600 1.4127227
9700 1.3790748
9800 1.4667395
9900 1.6148577
10000 1.5727942
10100 1.513644
10200 1.3090525
10300 1.3153561
10400 1.5516608
10500 1.6658168
10600 1.53956
10700 1.6440152
10800 1.2779394
10900 1.4355503
11000 1.4324157
11100 1.5737178
11200 1.5622985
11300 1.6838846
11400 1.6413667
11500 1.6353339
11600 1.5529315
11700 1.6169288
11800 1.6265719
11900 1.5293128
12000 1.4662055
12100 1.5888379
12200 1.4808973
12300 1.4885311
12400 1.5660629
12500 1.6155789
12600 1.5031686
12700 1.3897285
12800 1.4993726
12900 1.6519067
13000 1.596184
13100 1.5487751
13200 1.292698
13300 1.6488122
13400 1.5440342
13500 1.5556525
13600 1.4979044
13700 1.6002398
13800 1.5266442
13900 1.5624577
14000 1.4006494
14100 1.5135618
14200 1.6653159
14300 1.3695909
14400 1.5701935
14500 1.665752
14600 1.5222193
14700 1.4108977
14800 1.417782
14900 1.5447391
15000 1.46987
15100 1.4771663
15200 1.2471554
15300 1.4338605
15400 1.5033519
15500 1.640796
15600 1.4511557
15700 1.4666044
15800 1.753702
15900 1.6071717
16000 1.3668923
16100 1.4191672
16200 1.5277287
16300 1.8480793
16400 1.5330466
16500 1.489837
16600 1.4131778
16700 1.6288017
16800 1.4623163
16900 1.5951855
17000 1.4119837
17100 1.434311
17200 1.4788207
17300 1.5000724
17400 1.4805503
17500 1.309008
17600 1.2421505
17700 1.3976103
17800 1.4992397
17900 1.5576293
18000 1.4335066
18100 1.5939236
18200 1.5187972
18300 1.6182997
18400 1.5080096
18500 1.2991953
18600 1.5067633
18700 1.5350678
18800 1.3627926
18900 1.2664671
19000 1.3159615
19100 1.4589491
19200 1.4142411
19300 1.5212123
19400 1.5048194
19500 1.5705177
19600 1.450898
19700 1.4444178
19800 1.2481145
19900 1.3331752
20000 1.5983928
20100 1.4207793
20200 1.4463185
20300 1.3467844
20400 1.34554
20500 1.4538746
20600 1.5401652
20700 1.3005152
20800 1.4468535
20900 1.4998311
21000 1.36541
21100 1.5117682
21200 1.510489
21300 1.5019937
21400 1.3917018
21500 1.3398178
21600 1.535789
21700 1.2862377
21800 1.3878111
21900 1.3522761
22000 1.566188
22100 1.4336233
22200 1.4433379
22300 1.3994108
22400 1.5126082
22500 1.3465801
22600 1.3496102
22700 1.4877269
22800 1.3196933
22900 1.5418763
23000 1.7404699
23100 1.345298
23200 1.5001951
23300 1.4921806
23400 1.2604011
23500 1.2905039
23600 1.5570115
23700 1.4405079
23800 1.4948299
23900 1.3499192
24000 1.5400612
24100 1.4604994
24200 1.3762517
24300 1.3572677
24400 1.6210299
24500 1.2628756
24600 1.4422414
24700 1.3808781
24800 1.3862901
24900 1.4825821
25000 1.4108956
25100 1.5125406
25200 1.3465465
25300 1.2881535
25400 1.3503667
25500 1.5237765
25600 1.4218179
25700 1.5476211
25800 1.4914997
25900 1.4682496
26000 1.54055
26100 1.4331412
26200 1.3960752
26300 1.417525
26400 1.4215075
26500 1.4034578
26600 1.51315
26700 1.4754628
26800 1.3636359
26900 1.4377588
27000 1.4706498
27100 1.3677154
27200 1.4537045
27300 1.323113
27400 1.4794891
27500 1.369353
27600 1.5997915
27700 1.3631299
27800 1.519223
27900 1.4182563
28000 1.3808093
28100 1.4690912
28200 1.6046555
