0 26.361887
100 10.749666
200 8.911062
300 8.36085
400 8.139942
500 7.2378464
600 7.1556187
700 7.3757997
800 7.5509977
900 7.407721
1000 6.9406257
1100 7.552657
1200 7.490336
1300 6.9424877
1400 7.2351737
1500 6.9484806
1600 7.1919403
1700 7.4098897
1800 6.811753
1900 6.528597
2000 6.8239675
2100 6.8760743
2200 6.769325
2300 6.081731
2400 6.4663496
2500 7.1697917
2600 6.509859
2700 6.750727
2800 6.5568304
2900 6.4271173
3000 6.4557877
3100 6.7186584
3200 6.416956
3300 5.9628468
3400 6.6936293
3500 6.623427
3600 6.0123487
3700 6.2585006
3800 6.9679317
3900 6.3170033
4000 6.612014
4100 6.6232176
4200 6.34022
4300 6.2173395
4400 6.391919
4500 6.343648
4600 5.5726824
4700 6.1450677
4800 5.8782363
4900 6.019563
5000 6.1063538
5100 6.5815907
5200 6.573112
5300 6.477481
5400 6.0966444
5500 5.9541125
5600 6.0943885
5700 6.569404
5800 6.2124877
5900 5.8959765
6000 6.7955265
6100 6.5223355
6200 6.5029397
6300 6.1761484
6400 6.396645
6500 6.263527
6600 5.842476
6700 6.7901993
6800 6.5690346
6900 6.55888
7000 6.1931777
7100 6.339002
7200 6.627441
7300 6.2508097
7400 6.5323944
7500 6.265789
7600 6.830518
7700 6.328675
7800 6.0349298
7900 6.107744
8000 5.8655715
8100 6.2677975
8200 6.149794
8300 6.268364
8400 5.829791
8500 6.3385563
8600 6.1083302
8700 6.271555
8800 6.4945893
8900 6.294583
9000 6.286423
9100 5.9823394
9200 6.137591
9300 6.7299843
9400 6.4652243
9500 6.303126
9600 5.9692454
9700 6.064029
9800 5.8132463
9900 6.581665
10000 6.4863234
10100 6.153475
10200 6.18848
10300 5.67251
10400 6.327934
10500 6.656386
10600 6.5368032
10700 6.6043377
10800 5.623296
10900 6.4062796
11000 6.224272
11100 6.441374
11200 6.4412565
11300 6.4872594
11400 6.4111147
11500 6.4634233
11600 6.0955744
11700 6.543597
11800 6.4960318
11900 5.887074
12000 6.164005
12100 6.2866774
12200 5.8222523
12300 6.1499386
12400 6.178371
12500 6.736381
12600 5.9733095
12700 5.732252
12800 6.051019
12900 6.331289
13000 6.784467
13100 6.253112
13200 5.891914
13300 6.472806
13400 6.345476
13500 6.441369
13600 6.2253904
13700 6.150299
13800 6.334833
13900 6.126822
14000 5.8834634
14100 6.1162634
14200 6.638154
14300 6.287073
14400 5.7136006
14500 6.546441
14600 6.4315424
14700 5.876316
14800 6.2268934
14900 6.3924074
15000 6.339038
15100 5.4930453
15200 5.9914117
15300 5.860064
15400 6.703421
15500 6.5853677
15600 6.0961432
15700 6.1940174
15800 6.8212795
15900 6.6399994
16000 5.9725466
16100 6.0784235
16200 6.2030826
16300 7.288854
16400 6.1764307
16500 6.39983
16600 6.0402613
16700 6.2743216
16800 6.353285
16900 6.9478602
17000 5.957952
17100 6.233248
17200 6.033533
17300 6.62052
17400 6.5548763
17500 6.019603
17600 5.778571
17700 6.1236463
17800 6.531713
17900 6.000996
18000 5.9681253
18100 6.450198
18200 6.023755
18300 6.4282656
18400 6.079202
18500 6.079289
18600 6.216718
18700 6.0373454
18800 6.0272255
18900 5.791613
19000 6.169165
19100 6.4681997
19200 6.3738794
19300 6.381999
19400 6.6053085
19500 6.5072474
19600 5.7896204
19700 6.255906
19800 5.809698
19900 6.504659
20000 6.8288836
20100 6.394052
20200 6.2550263
20300 5.98884
20400 6.0813932
20500 6.358217
20600 6.4376297
20700 6.13215
20800 6.167877
20900 6.575121
21000 6.246655
21100 6.0933633
21200 6.3827705
21300 6.2951922
21400 6.299984
21500 6.0726957
21600 6.5883393
21700 5.69688
21800 6.19552
21900 5.880139
22000 6.546564
22100 6.2115383
22200 6.23186
22300 6.062083
22400 6.3701982
22500 5.9796853
22600 5.962302
22700 6.3299236
22800 6.050471
22900 6.3012733
23000 6.300068
23100 6.2613516
23200 6.640464
23300 6.040289
23400 5.6025844
23500 5.916407
23600 6.338018
23700 6.204154
23800 6.007346
23900 6.0992007
24000 6.3891397
24100 6.3171744
24200 6.316435
24300 6.469434
24400 6.0604124
24500 6.1443057
24600 6.235982
24700 6.013137
24800 6.3525743
24900 6.422442
25000 5.8816357
25100 6.418435
25200 5.879728
25300 5.7670665
25400 5.877431
25500 6.3753147
25600 6.105211
25700 6.155663
25800 6.3239803
25900 6.4666233
26000 6.2572346
26100 6.2295523
26200 5.962212
26300 5.9713736
26400 6.2246532
26500 6.0046306
26600 6.1606035
26700 6.1878986
26800 6.24606
26900 6.0793953
27000 6.3896008
27100 5.9755626
27200 6.0825987
27300 6.264981
27400 6.4155474
27500 6.230676
27600 6.5861683
27700 6.1284003
27800 5.978987
27900 6.13223
28000 6.3898473
28100 6.5460463
28200 6.6131454
