0 0.053125
100 0.36874998
200 0.40625
300 0.45937502
400 0.45625004
500 0.496875
600 0.528125
700 0.46562502
800 0.45625
900 0.4875
1000 0.5
1100 0.44062495
1200 0.515625
1300 0.4875
1400 0.50625
1500 0.515625
1600 0.484375
1700 0.45000005
1800 0.53125006
1900 0.5
2000 0.496875
2100 0.50625
2200 0.50937504
2300 0.571875
2400 0.546875
2500 0.45625004
2600 0.525
2700 0.546875
2800 0.528125
2900 0.578125
3000 0.53437495
3100 0.490625
3200 0.49062502
3300 0.6
3400 0.528125
3500 0.5
3600 0.5375
3700 0.546875
3800 0.496875
3900 0.4875
4000 0.553125
4100 0.51875
4200 0.56562495
4300 0.590625
4400 0.5875
4500 0.525
4600 0.57187504
4700 0.57187504
4800 0.62500006
4900 0.5625
5000 0.646875
5100 0.571875
5200 0.46875
5300 0.503125
5400 0.546875
5500 0.603125
5600 0.5343751
5700 0.54687494
5800 0.49375
5900 0.509375
6000 0.503125
6100 0.503125
6200 0.5375
6300 0.546875
6400 0.515625
6500 0.5625
6600 0.596875
6700 0.49375004
6800 0.49687505
6900 0.59374994
7000 0.515625
7100 0.51250005
7200 0.590625
7300 0.578125
7400 0.528125
7500 0.5500001
7600 0.503125
7700 0.55625
7800 0.58437496
7900 0.5625
8000 0.57187504
8100 0.59062505
8200 0.559375
8300 0.59062505
8400 0.55
8500 0.515625
8600 0.5625
8700 0.55625
8800 0.50625
8900 0.5125
9000 0.575
9100 0.5625
9200 0.5500001
9300 0.54062504
9400 0.48750004
9500 0.571875
9600 0.60312504
9700 0.58437496
9800 0.5812501
9900 0.53125
10000 0.553125
10100 0.5375
10200 0.59375
10300 0.59375
10400 0.52500004
10500 0.528125
10600 0.509375
10700 0.515625
10800 0.646875
10900 0.5875
11000 0.55312496
11100 0.56875
11200 0.50625
11300 0.4875
11400 0.52500004
11500 0.534375
11600 0.5625
11700 0.528125
11800 0.50624996
11900 0.56250006
12000 0.553125
12100 0.540625
12200 0.53749996
12300 0.575
12400 0.5125
12500 0.45625
12600 0.55625
12700 0.565625
12800 0.51875
12900 0.54375005
13000 0.5
13100 0.546875
13200 0.57187504
13300 0.50625
13400 0.525
13500 0.546875
13600 0.55312496
13700 0.525
13800 0.51875
13900 0.51875
14000 0.57500005
14100 0.54375
14200 0.521875
14300 0.6
14400 0.559375
14500 0.50937504
14600 0.55
14700 0.565625
14800 0.571875
14900 0.54375005
15000 0.55625
15100 0.55937505
15200 0.60625
15300 0.596875
15400 0.521875
15500 0.54375005
15600 0.578125
15700 0.584375
15800 0.47500002
15900 0.51250005
16000 0.5968751
16100 0.565625
16200 0.590625
16300 0.475
16400 0.57500005
16500 0.58125
16600 0.59375
16700 0.53749996
16800 0.553125
16900 0.49374998
17000 0.575
17100 0.59062505
17200 0.540625
17300 0.53125
17400 0.525
17500 0.56875
17600 0.60625
17700 0.58125
17800 0.52500004
17900 0.515625
18000 0.54999995
18100 0.503125
18200 0.59375
18300 0.515625
18400 0.509375
18500 0.596875
18600 0.528125
18700 0.54375
18800 0.575
18900 0.60625
19000 0.59687495
19100 0.53749996
19200 0.590625
19300 0.565625
19400 0.515625
19500 0.559375
19600 0.578125
19700 0.57187504
19800 0.62812495
19900 0.6
20000 0.521875
20100 0.56875
20200 0.521875
20300 0.57812494
20400 0.55
20500 0.5875
20600 0.52500004
20700 0.575
20800 0.55625
20900 0.52812505
21000 0.596875
21100 0.56875
21200 0.53125
21300 0.5406251
21400 0.56250006
21500 0.60937506
21600 0.50625
21700 0.603125
21800 0.57187504
21900 0.584375
22000 0.553125
22100 0.540625
22200 0.559375
22300 0.57500005
22400 0.515625
22500 0.56874996
22600 0.62187505
22700 0.51875
22800 0.6
22900 0.53749996
23000 0.45937502
23100 0.584375
23200 0.553125
23300 0.553125
23400 0.58125
23500 0.6
23600 0.534375
23700 0.56874996
23800 0.54999995
23900 0.584375
24000 0.515625
24100 0.540625
24200 0.55625004
24300 0.5625
24400 0.5
24500 0.61875
24600 0.55625
24700 0.559375
24800 0.52187496
24900 0.509375
25000 0.571875
25100 0.571875
25200 0.58125
25300 0.59375
25400 0.590625
25500 0.55
25600 0.578125
25700 0.515625
25800 0.57187504
25900 0.55
26000 0.51250005
26100 0.5625
26200 0.55
26300 0.575
26400 0.53125
26500 0.546875
26600 0.57187504
26700 0.50937504
26800 0.6
26900 0.575
27000 0.5500001
27100 0.61875004
27200 0.553125
27300 0.6125
27400 0.546875
27500 0.55625004
27600 0.5375
27700 0.60312504
27800 0.56875
27900 0.58125
28000 0.59062505
28100 0.55625004
28200 0.5
28300 0.5625
28400 0.46875
28500 0.55625004
28600 0.515625
28700 0.58750004
28800 0.553125
28900 0.48125002
29000 0.53749996
29100 0.55625004
29200 0.584375
29300 0.571875
29400 0.58124995
29500 0.57500005
29600 0.525
29700 0.640625
29800 0.62187505
29900 0.58125
30000 0.534375
30100 0.575
30200 0.54375005
30300 0.559375
30400 0.49375
30500 0.54375
30600 0.525
30700 0.534375
30800 0.5125
30900 0.54062504
31000 0.515625
31100 0.5625
31200 0.54062504
31300 0.5375
31400 0.559375
31500 0.571875
31600 0.55
31700 0.571875
31800 0.53125
31900 0.56562495
32000 0.546875
32100 0.51562494
32200 0.515625
32300 0.6
32400 0.578125
32500 0.615625
32600 0.578125
32700 0.515625
32800 0.5375
32900 0.56875
33000 0.571875
33100 0.55625
33200 0.584375
33300 0.55
33400 0.5625
33500 0.52500004
33600 0.56562495
33700 0.5625
33800 0.5625
33900 0.5875
34000 0.546875
34100 0.56249994
34200 0.56562495
34300 0.575
34400 0.584375
34500 0.578125
34600 0.52500004
34700 0.553125
34800 0.5625
34900 0.6062499
35000 0.578125
35100 0.58750004
35200 0.575
35300 0.5625
35400 0.57500005
35500 0.60625
35600 0.578125
35700 0.58125
35800 0.553125
35900 0.52500004
36000 0.54687506
36100 0.615625
36200 0.55625004
36300 0.56875
36400 0.521875
36500 0.59375
36600 0.54062504
36700 0.603125
36800 0.59999996
36900 0.621875
37000 0.609375
37100 0.56562495
37200 0.665625
37300 0.55937505
37400 0.57500005
37500 0.609375
37600 0.59375
37700 0.521875
37800 0.56875
37900 0.56250006
38000 0.559375
38100 0.48125
38200 0.54375
38300 0.56875
38400 0.571875
38500 0.546875
38600 0.521875
38700 0.54375005
38800 0.509375
38900 0.47812498
39000 0.56562495
39100 0.60625
39200 0.528125
39300 0.50937504
39400 0.559375
39500 0.565625
39600 0.55
39700 0.60625005
39800 0.540625
39900 0.55625004
40000 0.55
40100 0.525
40200 0.55937505
40300 0.559375
40400 0.55625
40500 0.59062505
40600 0.584375
40700 0.565625
40800 0.50937504
40900 0.57187504
41000 0.521875
41100 0.578125
41200 0.58124995
41300 0.540625
41400 0.609375
41500 0.5343751
41600 0.54062504
41700 0.525
41800 0.540625
41900 0.55625
42000 0.54062504
42100 0.57187504
42200 0.6
42300 0.53125
42400 0.59687495
42500 0.54375005
42600 0.5875
42700 0.56875
42800 0.56875
42900 0.590625
43000 0.60312504
43100 0.584375
43200 0.515625
43300 0.54375
43400 0.609375
43500 0.559375
43600 0.54375005
43700 0.546875
43800 0.63125
43900 0.65312505
44000 0.584375
44100 0.55312496
44200 0.559375
44300 0.525
44400 0.58125
44500 0.64375
44600 0.596875
44700 0.584375
44800 0.55625004
44900 0.58125
45000 0.540625
45100 0.5375
