0 4.760993
100 3.204506
200 2.869082
300 2.5096507
400 2.5597308
500 2.3672764
600 2.2610376
700 2.4517694
800 2.4674041
900 2.544343
1000 2.3612182
1100 2.5900564
1200 2.3964577
1300 2.4799132
1400 2.3716834
1500 2.2160301
1600 2.3192773
1700 2.5319262
1800 2.1900737
1900 2.2255836
2000 2.2274835
2100 2.321726
2200 2.3419437
2300 1.991325
2400 2.1725943
2500 2.5619776
2600 2.228313
2700 2.1757066
2800 2.3278067
2900 2.1214807
3000 2.2380536
3100 2.3656988
3200 2.2749202
3300 1.8624108
3400 2.2018633
3500 2.2940154
3600 2.3511267
3700 2.1897838
3800 2.3635557
3900 2.4115176
4000 2.2216656
4100 2.2764645
4200 2.051112
4300 1.8917764
4400 2.0851226
4500 2.2189147
4600 1.8598304
4700 2.034122
4800 1.8693177
4900 2.0313375
5000 1.8067832
5100 2.111368
5200 2.4614625
5300 2.3627548
5400 2.1145062
5500 1.904675
5600 2.211209
5700 2.03358
5800 2.2856228
5900 2.2140737
6000 2.259331
6100 2.2831888
6200 2.1941097
6300 2.238849
6400 2.2917147
6500 2.1515217
6600 1.7949286
6700 2.1354837
6800 2.2724063
6900 2.0303955
7000 2.2221317
7100 2.1695287
7200 2.0886526
7300 2.2320275
7400 2.3475478
7500 2.1877682
7600 2.4995036
7700 1.9627004
7800 1.9520398
7900 2.1308916
8000 2.019071
8100 1.9561111
8200 2.1775286
8300 2.0444152
8400 2.0209215
8500 2.2918873
8600 2.1338327
8700 2.0766811
8800 2.323596
8900 2.2335706
9000 2.0793335
9100 2.111771
9200 2.2469738
9300 2.2527668
9400 2.4121983
9500 2.031107
9600 1.9813439
9700 1.9622221
9800 1.9790844
9900 2.2479281
10000 2.1441174
10100 2.1386776
10200 1.8741771
10300 1.8361427
10400 2.2184515
10500 2.4183583
10600 2.2448647
10700 2.234839
10800 1.8003789
10900 2.0519502
11000 2.0248196
11100 2.1749952
11200 2.1647646
11300 2.2728686
11400 2.3004863
11500 2.2676244
11600 2.1170185
11700 2.238418
11800 2.2715805
11900 2.189203
12000 2.026679
12100 2.143575
12200 2.0591257
12300 2.1102014
12400 2.2115726
12500 2.3288913
12600 2.1682265
12700 2.0111794
12800 2.220523
12900 2.29723
13000 2.4854457
13100 2.1982539
13200 1.8883806
13300 2.2968175
13400 2.2377653
13500 2.2088094
13600 2.0925598
13700 2.2882645
13800 2.1122735
13900 2.2343946
14000 2.0310478
14100 2.1122024
14200 2.3002062
14300 1.9517391
14400 2.23571
14500 2.4048321
14600 2.1607735
14700 2.0656123
14800 2.0148766
14900 2.126064
15000 2.0487282
15100 2.065202
15200 1.7737473
15300 1.9972191
15400 2.1783948
15500 2.35503
15600 2.1488125
15700 2.051122
15800 2.5425546
15900 2.2716796
16000 1.9401523
16100 2.0763276
16200 2.249477
16300 2.6052208
16400 2.142766
16500 2.0701704
16600 1.9687958
16700 2.3334
16800 2.0842855
16900 2.296436
17000 2.034739
17100 2.023142
17200 2.1170828
17300 2.1663818
17400 2.11112
17500 1.8629338
17600 1.8335537
17700 1.9887233
17800 2.1191812
17900 2.181896
18000 2.1522565
18100 2.3088777
18200 1.9928645
18300 2.346939
18400 2.2085578
18500 1.911331
18600 2.1313207
18700 2.1963518
18800 1.9280853
18900 1.8485111
19000 1.9356676
19100 2.0654137
19200 2.0218163
19300 2.1822867
19400 2.1427407
19500 2.1888392
19600 2.0662694
19700 2.0643094
19800 1.7601081
19900 1.8920983
20000 2.3244097
20100 2.080253
20200 2.096434
20300 1.9598814
20400 1.974743
20500 2.0179186
20600 2.1986818
20700 1.9186455
20800 2.0118728
20900 2.1990538
21000 2.035706
21100 2.082618
21200 2.1644979
21300 2.1340268
21400 2.0152776
21500 1.8487339
21600 2.2332714
21700 1.8129443
21800 2.057328
21900 1.9718143
22000 2.2527099
22100 2.034648
22200 2.0960107
22300 2.0134969
22400 2.248265
22500 1.9719464
22600 1.9229734
22700 2.179597
22800 1.915405
22900 2.2101247
23000 2.5442069
23100 1.9231411
23200 2.1098683
23300 2.0866065
23400 1.886899
23500 1.8602298
23600 2.2103326
23700 2.031101
23800 2.0795074
23900 1.9550813
24000 2.2286794
24100 2.139499
24200 1.9360899
24300 2.018883
24400 2.4105937
24500 1.7872806
24600 2.0536203
24700 1.9982922
24800 2.0564053
24900 2.1944697
25000 2.0694628
25100 2.0854225
25200 1.9660895
25300 1.8794006
25400 1.9835821
25500 2.162585
25600 2.0439167
25700 2.2673135
25800 2.099199
25900 2.063025
26000 2.1789994
26100 2.0647407
26200 2.011679
26300 2.0376976
26400 2.1162689
26500 2.0665045
26600 2.1610525
26700 2.1318114
26800 1.9010295
26900 2.1784854
27000 2.0855086
27100 1.9008973
27200 2.1214387
27300 1.9174277
27400 2.1878643
27500 2.0226388
27600 2.2380645
27700 1.8602539
27800 2.131295
27900 2.008476
28000 1.9616867
28100 2.089857
28200 2.2975552
28300 1.9278678
28400 2.4952788
28500 2.0641084
28600 2.1642907
28700 1.9556367
28800 2.301263
28900 2.4347086
29000 1.9996849
29100 2.1089506
29200 1.9845023
29300 2.0449333
29400 1.8728502
29500 2.1237576
29600 2.2678273
29700 1.8248183
29800 1.9648157
29900 1.9388862
30000 2.247381
30100 1.8518649
30200 2.0745778
30300 1.9265679
30400 2.2765694
30500 2.1766896
30600 2.0446386
30700 2.1821952
30800 2.4613597
30900 1.9563181
31000 2.3635793
31100 1.965744
31200 2.2017472
31300 2.2401612
31400 2.0517058
31500 2.0533164
31600 2.180217
31700 1.9571402
31800 2.1638536
31900 2.020351
32000 2.2051122
32100 2.2709367
32200 2.2065098
32300 1.8963643
32400 1.9961822
32500 1.8734753
32600 1.890796
32700 2.2984834
32800 2.142646
32900 2.0732193
33000 1.868998
33100 2.085946
33200 1.9533621
33300 2.0599346
33400 1.9956679
33500 2.2036567
33600 2.0886579
33700 2.1645193
33800 1.934789
33900 1.9829974
34000 2.0996614
34100 1.9606731
34200 1.9641155
34300 1.9318783
34400 1.9020076
34500 1.9409359
34600 2.1863153
34700 2.1056404
34800 2.0978978
34900 1.9886739
35000 1.9794612
35100 1.8984236
35200 1.9597905
35300 1.9326208
35400 2.0816388
35500 1.89156
35600 1.8856622
35700 1.8922267
35800 2.0158277
35900 2.3209727
36000 2.1170506
36100 1.845193
36200 2.0130723
36300 1.989909
36400 2.176681
36500 1.8288628
36600 2.2739305
36700 1.9006778
36800 1.8383325
36900 1.8253485
37000 1.8262314
37100 2.0397139
37200 1.7182227
37300 2.0200362
37400 1.9536334
37500 1.9121006
37600 1.9057574
37700 2.1946745
37800 1.8284171
37900 1.9228599
38000 2.073985
38100 2.4088826
38200 2.1596901
38300 1.9764948
38400 2.051253
38500 2.2577634
38600 2.369796
38700 2.155135
38800 2.3489187
38900 2.333247
39000 2.09364
39100 1.8233842
39200 2.2085273
39300 2.226889
39400 2.1515336
39500 2.1641307
39600 2.1087315
39700 1.8753464
39800 2.0694606
39900 2.1019537
40000 2.1091714
40100 2.3420687
40200 2.1255982
40300 2.1064463
40400 2.1284
40500 1.9169657
40600 2.1262424
40700 1.9501846
40800 2.2992604
40900 2.0521119
41000 2.1057906
41100 2.0228379
41200 1.9498296
41300 2.2247102
41400 1.8806181
41500 2.1663077
41600 2.2431815
41700 2.27282
41800 2.141397
41900 2.1151397
42000 2.1098192
42100 1.9944531
42200 1.9825207
42300 2.1550212
42400 1.9294991
42500 2.27982
42600 1.8023793
42700 2.0833573
42800 2.0449564
42900 2.060836
43000 1.8728832
43100 2.0998409
43200 2.2849514
43300 2.0975137
43400 1.8908169
43500 2.1514664
43600 2.0281882
43700 2.077403
43800 1.7857983
43900 1.6287098
44000 1.8885365
44100 2.2054653
44200 2.070396
44300 2.182853
44400 1.8389806
44500 1.7586268
44600 1.8223318
44700 2.1064088
44800 2.0610843
44900 1.9667022
45000 2.0445318
45100 2.0714622
