0 3.3000689
100 2.2211943
200 1.9886961
300 1.7395574
400 1.7742702
500 1.6408709
600 1.5672319
700 1.699437
800 1.7102742
900 1.7636042
1000 1.6366718
1100 1.7952902
1200 1.6610979
1300 1.7189449
1400 1.6439257
1500 1.5360351
1600 1.6076006
1700 1.7549975
1800 1.5180434
1900 1.542657
2000 1.5439739
2100 1.6092979
2200 1.6233116
2300 1.3802813
2400 1.5059277
2500 1.7758276
2600 1.5445489
2700 1.5080849
2800 1.6135126
2900 1.4704984
3000 1.5513005
3100 1.6397775
3200 1.5768545
3300 1.2909248
3400 1.5262153
3500 1.5900903
3600 1.6296768
3700 1.5178424
3800 1.638292
3900 1.6715366
4000 1.5399413
4100 1.577925
4200 1.4217224
4300 1.3112795
4400 1.4452968
4500 1.5380344
4600 1.2891362
4700 1.409946
4800 1.2957122
4900 1.4080158
5000 1.2523667
5100 1.4634888
5200 1.7061558
5300 1.6377368
5400 1.465664
5500 1.3202201
5600 1.5326934
5700 1.4095702
5800 1.584273
5900 1.5346789
6000 1.5660489
6100 1.5825859
6200 1.520841
6300 1.5518517
6400 1.5884955
6500 1.4913212
6600 1.2441497
6700 1.4802045
6800 1.5751121
6900 1.4073629
7000 1.5402644
7100 1.5038027
7200 1.4477437
7300 1.5471237
7400 1.6271962
7500 1.5164454
7600 1.7325239
7700 1.3604403
7800 1.353051
7900 1.4770215
8000 1.3995135
8100 1.3558729
8200 1.5093478
8300 1.4170806
8400 1.400796
8500 1.5886152
8600 1.47906
8700 1.4394457
8800 1.610594
8900 1.5481932
9000 1.4412842
9100 1.4637681
9200 1.5574836
9300 1.561499
9400 1.6720085
9500 1.4078561
9600 1.3733629
9700 1.3601087
9800 1.3717967
9900 1.558145
10000 1.4861889
10100 1.4824183
10200 1.2990806
10300 1.2727171
10400 1.5377134
10500 1.6762782
10600 1.5560216
10700 1.5490723
10800 1.2479275
10900 1.4223034
11000 1.4034979
11100 1.5075918
11200 1.5005006
11300 1.5754324
11400 1.5945756
11500 1.5717975
11600 1.4674053
11700 1.5515532
11800 1.5745397
11900 1.5174398
12000 1.4047868
12100 1.4858129
12200 1.4272771
12300 1.4626801
12400 1.5329454
12500 1.6142644
12600 1.5029
12700 1.3940434
12800 1.5391493
12900 1.5923185
13000 1.7227798
13100 1.5237135
13200 1.3089257
13300 1.5920327
13400 1.5511007
13500 1.53103
13600 1.450452
13700 1.586104
13800 1.4641163
13900 1.5487642
14000 1.4078151
14100 1.4640671
14200 1.5943815
14300 1.3528425
14400 1.5496761
14500 1.6669025
14600 1.4977341
14700 1.4317733
14800 1.396606
14900 1.4736753
15000 1.4200702
15100 1.4314889
15200 1.229468
15300 1.3843668
15400 1.5099483
15500 1.6323825
15600 1.4894434
15700 1.4217293
15800 1.7623646
15900 1.5746083
16000 1.3448111
16100 1.4392006
16200 1.5592186
16300 1.8058015
16400 1.4852521
16500 1.4349327
16600 1.3646653
16700 1.6173897
16800 1.4447167
16900 1.5917681
17000 1.4103737
17100 1.4023353
17200 1.46745
17300 1.5016215
17400 1.4633168
17500 1.2912873
17600 1.2709225
17700 1.3784779
17800 1.4689045
17900 1.512375
18000 1.4918305
18100 1.6003921
18200 1.3813484
18300 1.6267742
18400 1.5308557
18500 1.3248338
18600 1.477319
18700 1.522395
18800 1.3364469
18900 1.2812903
19000 1.3417026
19100 1.4316356
19200 1.4014162
19300 1.5126458
19400 1.4852346
19500 1.5171877
19600 1.4322288
19700 1.4308703
19800 1.220014
19900 1.3115026
20000 1.6111581
20100 1.4419215
20200 1.4531374
20300 1.3584863
20400 1.3687875
20500 1.3987145
20600 1.5240101
20700 1.3299037
20800 1.3945239
20900 1.5242679
21000 1.4110439
21100 1.4435607
21200 1.5003155
21300 1.4791946
21400 1.3968841
21500 1.2814447
21600 1.5479858
21700 1.2566372
21800 1.4260311
21900 1.3667575
22000 1.5614595
22100 1.4103105
22200 1.4528439
22300 1.3956497
22400 1.5583786
22500 1.3668491
22600 1.3329036
22700 1.5107814
22800 1.3276576
22900 1.5319417
23000 1.7635098
23100 1.3330199
23200 1.4624492
23300 1.4463254
23400 1.3078988
23500 1.2894131
23600 1.5320859
23700 1.4078519
23800 1.4414046
23900 1.3551592
24000 1.5448028
24100 1.4829876
24200 1.3419952
24300 1.3993831
24400 1.6708963
24500 1.2388484
24600 1.4234611
24700 1.3851106
24800 1.4253916
24900 1.5210905
25000 1.4344423
25100 1.4455048
25200 1.3627894
25300 1.3027012
25400 1.3749144
25500 1.4989897
25600 1.4167352
25700 1.571582
25800 1.4550539
25900 1.42998
26000 1.5103674
26100 1.4311692
26200 1.3943895
26300 1.4124243
26400 1.4668858
26500 1.4323918
26600 1.4979274
26700 1.4776591
26800 1.3176932
26900 1.5100111
27000 1.4455644
27100 1.3176016
27200 1.4704694
27300 1.3290596
27400 1.5165119
27500 1.4019864
27600 1.5513082
27700 1.2894298
27800 1.4773011
27900 1.3921695
28000 1.3597376
28100 1.4485786
28200 1.5925438
28300 1.3362961
28400 1.7295955
28500 1.4307308
28600 1.5001719
28700 1.3555441
28800 1.595114
28900 1.6876113
29000 1.386076
29100 1.4618132
29200 1.3755522
29300 1.4174398
29400 1.2981608
29500 1.4720765
29600 1.5719382
29700 1.2648677
29800 1.3619065
29900 1.3439335
30000 1.5577657
30100 1.283615
30200 1.4379877
30300 1.3353951
30400 1.5779976
30500 1.5087663
30600 1.4172355
30700 1.5125824
30800 1.7060845
30900 1.3560164
31000 1.6383083
31100 1.3625499
31200 1.5261348
31300 1.5527614
31400 1.4221342
31500 1.4232504
31600 1.5112113
31700 1.3565862
31800 1.499869
31900 1.4004005
32000 1.5284673
32100 1.5740935
32200 1.5294361
32300 1.3144596
32400 1.383648
32500 1.2985941
32600 1.3105999
32700 1.5931873
32800 1.485169
32900 1.437046
33000 1.2954907
33100 1.4458677
33200 1.3539674
33300 1.4278378
33400 1.3832916
33500 1.5274584
33600 1.4477472
33700 1.5003304
33800 1.3410935
33900 1.3745091
34000 1.4553744
34100 1.359035
34200 1.3614211
34300 1.339076
34400 1.3183712
34500 1.3453542
34600 1.5154383
34700 1.4595187
34800 1.4541519
34900 1.3784437
35000 1.3720579
35100 1.315887
35200 1.3584232
35300 1.3395907
35400 1.4428821
35500 1.3111295
35600 1.3070414
35700 1.3115916
35800 1.3972652
35900 1.6087756
36000 1.4674276
36100 1.2789904
36200 1.3953553
36300 1.3792999
36400 1.5087603
36500 1.2676711
36600 1.5761685
36700 1.3174495
36800 1.274235
36900 1.2652352
37000 1.2658471
37100 1.4138219
37200 1.1909813
37300 1.4001824
37400 1.3541555
37500 1.3253671
37600 1.3209704
37700 1.5212325
37800 1.2673621
37900 1.332825
38000 1.437577
38100 1.6697102
38200 1.4969832
38300 1.3700018
38400 1.4218203
38500 1.5649623
38600 1.6426175
38700 1.4938257
38800 1.6281464
38900 1.6172836
39000 1.4512007
39100 1.2638736
39200 1.5308346
39300 1.5435617
39400 1.4913294
39500 1.5000612
39600 1.4616613
39700 1.2998911
39800 1.4344409
39900 1.4569633
40000 1.4619662
40100 1.6233983
40200 1.4733524
40300 1.4600773
40400 1.4752945
40500 1.3287394
40600 1.473799
40700 1.3517649
40800 1.5937259
40900 1.4224155
41000 1.4596229
41100 1.4021244
41200 1.3515189
41300 1.5420517
41400 1.3035451
41500 1.5015701
41600 1.554855
41700 1.5753988
41800 1.4843034
41900 1.4661032
42000 1.4624152
42100 1.3824495
42200 1.3741786
42300 1.4937469
42400 1.3374269
42500 1.5802507
42600 1.2493141
42700 1.4440733
42800 1.4174558
42900 1.4284627
43000 1.2981837
43100 1.4554988
43200 1.5838076
43300 1.4538857
43400 1.3106145
43500 1.4912828
43600 1.4058329
43700 1.439946
43800 1.2378211
43900 1.1289356
44000 1.3090338
44100 1.528712
44200 1.4350891
44300 1.5130384
44400 1.2746842
44500 1.2189872
44600 1.2631441
44700 1.4600513
44800 1.4286348
44900 1.3632141
45000 1.4171615
45100 1.4358281
