0 26.984581
100 11.206523
200 9.263802
300 8.181103
400 7.93431
500 7.365892
600 7.381698
700 7.8216896
800 7.644581
900 7.930449
1000 6.916081
1100 7.578633
1200 7.7340937
1300 7.1296053
1400 7.3088546
1500 6.924191
1600 6.971875
1700 7.3990183
1800 6.774822
1900 6.73222
2000 6.792189
2100 7.0387454
2200 6.9931216
2300 6.2991056
2400 6.588206
2500 7.1126466
2600 6.509131
2700 6.540825
2800 6.583061
2900 6.274024
3000 6.786155
3100 6.739785
3200 6.426357
3300 6.067219
3400 6.5578966
3500 6.571426
3600 6.290103
3700 6.2929354
3800 6.949497
3900 6.344735
4000 6.643353
4100 6.6124344
4200 6.250395
4300 6.2231402
4400 6.248826
4500 6.3998857
4600 5.5746136
4700 6.1044054
4800 5.920461
4900 6.0940437
5000 6.115956
5100 6.4974985
5200 6.543917
5300 6.5058966
5400 6.1215105
5500 5.9926033
5600 6.314843
5700 6.462908
5800 6.090882
5900 5.9939203
6000 6.9060183
6100 6.4891357
6200 6.418988
6300 6.0617757
6400 6.449081
6500 6.065244
6600 5.8374643
6700 6.686223
6800 6.358433
6900 6.441661
7000 6.5488343
7100 6.282156
7200 6.472556
7300 6.1970663
7400 6.164663
7500 6.198082
7600 6.846687
7700 6.2970467
7800 6.0988827
7900 6.200767
8000 5.8560104
8100 5.9263864
8200 6.166132
8300 6.2822757
8400 5.7857285
8500 6.232227
8600 6.130243
8700 6.35794
8800 6.367488
8900 6.2613006
9000 6.3114643
9100 5.9489555
9200 6.1155496
9300 6.648158
9400 6.459695
9500 6.0874066
9600 5.8252325
9700 6.1269035
9800 5.787244
9900 6.5821705
10000 6.463686
10100 6.0601788
10200 6.1323147
10300 5.6091776
10400 6.3538904
10500 6.7107625
10600 6.6501117
10700 6.594411
10800 5.807962
10900 6.448795
11000 6.025605
11100 6.335461
11200 6.340633
11300 6.4324303
11400 6.3452873
11500 6.382715
11600 5.980718
11700 6.452816
11800 6.19421
11900 5.889069
12000 6.1039786
12100 6.287648
12200 5.639269
12300 6.1158276
12400 6.159888
12500 6.6665444
12600 6.0112762
12700 5.6738415
12800 6.2938538
12900 6.2315006
13000 6.800679
13100 6.138435
13200 5.883666
13300 6.5771794
13400 6.2101912
13500 6.481337
13600 6.1867895
13700 6.296729
13800 6.2924128
13900 6.129428
14000 6.0353446
14100 6.1911077
14200 6.5950546
14300 6.3140683
14400 5.6128316
14500 6.4213653
14600 6.227886
14700 5.9050355
14800 6.1202397
14900 6.3618674
15000 6.2974176
15100 5.509516
15200 5.875476
15300 5.7971725
15400 6.689588
15500 6.5520024
15600 6.094103
15700 6.1092706
15800 6.7919297
15900 6.553049
16000 5.8490834
16100 5.9884567
16200 6.0877595
16300 7.2480016
16400 6.0388794
16500 6.5520577
16600 5.9377117
16700 6.160723
16800 6.598955
16900 7.0004816
17000 6.033958
17100 6.285136
17200 5.911442
17300 6.737178
17400 6.518562
17500 5.9082966
17600 5.6447797
17700 6.224724
17800 6.319358
17900 6.0586376
18000 6.1126566
18100 6.6101522
18200 6.0147986
18300 6.505026
18400 6.191209
18500 6.0790076
18600 6.346833
18700 6.2057905
18800 6.0568733
18900 5.747066
19000 6.041097
19100 6.3673587
19200 6.3664074
19300 6.157468
19400 6.5538454
19500 6.605337
19600 5.645439
19700 6.261979
19800 5.7583013
19900 6.499512
20000 6.7733054
20100 6.3674946
20200 6.234461
20300 5.8448772
20400 5.946482
20500 6.312972
20600 6.4316673
20700 6.2185
20800 5.9907928
20900 6.532049
21000 6.240923
21100 6.060211
21200 6.2600417
21300 6.3056273
21400 6.0785627
21500 6.050653
21600 6.6402416
21700 5.717979
21800 6.1670647
21900 5.8535376
22000 6.370338
22100 6.265406
22200 6.355068
22300 6.1082387
22400 6.504571
22500 6.0640874
22600 6.043916
22700 6.2996664
22800 6.0100894
22900 6.4014454
23000 6.3047
23100 6.15258
23200 6.6161437
23300 6.0821657
23400 5.6683083
23500 5.9731627
23600 6.4460344
23700 6.2050886
23800 5.925728
23900 6.165002
24000 6.219963
24100 6.448577
24200 6.3282833
24300 6.4994836
24400 6.073839
24500 5.9576535
24600 6.090748
24700 6.065198
24800 6.2278934
24900 6.423051
25000 5.7461543
25100 6.561458
25200 5.7269635
25300 5.7185626
25400 5.8670096
25500 6.3632503
25600 6.1343837
25700 6.136858
25800 6.24883
25900 6.4433403
26000 6.3957734
26100 6.2346478
26200 5.8919196
26300 6.0473275
26400 6.2522817
26500 6.025572
26600 6.171042
26700 6.2731667
26800 6.303003
26900 6.066514
27000 6.2064056
27100 5.9590397
27200 6.1315637
27300 6.2604256
27400 6.4909353
27500 6.270925
27600 6.563346
27700 5.974155
27800 5.841554
27900 6.1257563
28000 6.342811
28100 6.573309
28200 6.5758824
28300 6.120461
28400 7.0842204
28500 6.1856856
28600 6.393387
28700 6.079923
28800 6.7201314
28900 6.78463
29000 6.0437546
29100 6.2455235
29200 6.4267287
29300 6.1794877
29400 5.9598565
29500 6.107292
29600 5.869266
29700 6.0839214
29800 6.17344
29900 6.4528856
30000 6.623881
30100 5.9246902
30200 6.079482
30300 5.8818855
30400 6.439827
30500 6.2847614
30600 6.396509
30700 6.6404204
30800 6.5053654
30900 6.0021906
31000 6.250392
31100 5.9920626
31200 6.4047976
31300 6.7427735
31400 6.2300816
31500 6.142596
31600 5.925034
31700 5.6850486
31800 6.0356126
31900 6.638208
32000 6.32901
32100 6.073996
32200 6.2940893
32300 5.752141
32400 6.222867
32500 5.6323524
32600 6.0350013
32700 6.5634727
32800 6.122908
32900 6.0318227
33000 5.941914
33100 6.417136
33200 5.7662106
33300 5.8320875
33400 6.3175783
33500 6.30262
33600 6.229585
33700 6.6989226
33800 5.8701115
33900 5.7388744
34000 6.0683637
34100 6.0623446
34200 5.8846483
34300 6.082546
34400 5.700184
34500 5.8827496
34600 6.390845
34700 6.0914116
34800 6.262028
34900 6.2746353
35000 5.983818
35100 5.8396444
35200 6.0537596
35300 6.0407023
35400 6.2276063
35500 5.664193
35600 6.0750923
35700 5.735903
35800 6.180217
35900 5.690679
36000 5.971985
36100 6.132821
36200 6.090122
36300 5.9486465
36400 6.6209583
36500 6.113057
36600 6.782619
36700 5.816382
36800 5.5611024
36900 6.083571
37000 6.007228
37100 6.128949
37200 5.6497254
37300 6.2874823
37400 5.881321
37500 6.274996
37600 6.138712
37700 5.988983
37800 5.6812177
37900 5.960984
38000 5.8866634
38100 6.15544
38200 6.0371914
38300 6.066784
38400 6.163883
38500 6.456236
38600 6.246591
38700 6.28909
38800 6.383389
38900 6.459792
39000 5.8110356
39100 5.5961943
39200 6.3582234
39300 6.217721
39400 6.025904
39500 5.850831
39600 6.2748256
39700 5.8713703
39800 6.071863
39900 6.2994995
40000 5.906657
40100 6.0076
40200 6.03059
40300 6.3825564
40400 6.495797
40500 6.1133556
40600 6.4217997
40700 6.1355286
40800 6.186409
40900 5.9097986
41000 6.3615546
41100 5.8219357
41200 6.0266824
41300 5.9862413
41400 6.081665
41500 6.720507
41600 6.5152993
41700 6.4898396
41800 6.3571286
41900 6.2601676
42000 6.2971168
42100 5.721565
42200 5.8622932
42300 5.971285
42400 6.136531
42500 6.6911306
42600 5.760763
42700 6.0949287
42800 6.0992804
42900 5.8621345
43000 5.762262
43100 5.978779
43200 6.0881033
43300 6.253686
43400 6.0737877
43500 6.097443
43600 6.2883725
43700 6.019557
43800 5.3306813
43900 5.5024304
44000 6.145492
44100 6.2313385
44200 6.052253
44300 6.5871177
44400 5.9513807
44500 5.911381
44600 5.9410024
44700 6.10223
44800 5.834416
44900 5.832783
45000 6.2047195
45100 6.2416606
