0 0.034375
100 0.403125
200 0.42812502
300 0.48437497
400 0.49062502
500 0.55
600 0.5343751
700 0.46875003
800 0.47812504
900 0.509375
1000 0.51875
1100 0.446875
1200 0.48125
1300 0.49062496
1400 0.525
1500 0.54062504
1600 0.5
1700 0.45937502
1800 0.540625
1900 0.54375
2000 0.52812505
2100 0.515625
2200 0.4625
2300 0.528125
2400 0.546875
2500 0.48125002
2600 0.54062504
2700 0.528125
2800 0.50625
2900 0.55625
3000 0.503125
3100 0.48749998
3200 0.49687502
3300 0.5875
3400 0.53125
3500 0.484375
3600 0.54999995
3700 0.528125
3800 0.5
3900 0.48125
4000 0.54375
4100 0.55312496
4200 0.55
4300 0.609375
4400 0.55625004
4500 0.521875
4600 0.578125
4700 0.590625
4800 0.628125
4900 0.55625004
5000 0.6625
5100 0.534375
5200 0.49062502
5300 0.521875
5400 0.54375005
5500 0.6125
5600 0.54375005
5700 0.5375
5800 0.52500004
5900 0.54375
6000 0.521875
6100 0.52187496
6200 0.5125
6300 0.57187504
6400 0.50625
6500 0.55625004
6600 0.59687495
6700 0.546875
6800 0.503125
6900 0.59375
7000 0.50624996
7100 0.5625
7200 0.546875
7300 0.578125
7400 0.521875
7500 0.5625
7600 0.48749998
7700 0.59375
7800 0.58125
7900 0.52812505
8000 0.59375006
8100 0.55937505
8200 0.58125
8300 0.553125
8400 0.55937505
8500 0.53125
8600 0.578125
8700 0.54999995
8800 0.51250005
8900 0.53437495
9000 0.54375
9100 0.5656251
9200 0.546875
9300 0.521875
9400 0.5
9500 0.55625004
9600 0.60625
9700 0.590625
9800 0.54375
9900 0.54375
10000 0.51874995
10100 0.57500005
10200 0.56875
10300 0.6
10400 0.50937504
10500 0.55625
10600 0.51874995
10700 0.521875
10800 0.60625
10900 0.58125
11000 0.571875
11100 0.565625
11200 0.528125
11300 0.49062502
11400 0.5625
11500 0.521875
11600 0.5656251
11700 0.55625004
11800 0.521875
11900 0.534375
12000 0.54062504
12100 0.52500004
12200 0.54375005
12300 0.571875
12400 0.5375
12500 0.46875003
12600 0.5875
12700 0.571875
12800 0.56562495
12900 0.553125
13000 0.5
13100 0.54375
13200 0.578125
13300 0.503125
13400 0.53125
13500 0.54375
13600 0.54375005
13700 0.559375
13800 0.51250005
13900 0.49062502
14000 0.553125
14100 0.53125
14200 0.5125
14300 0.5968751
14400 0.571875
14500 0.49375
14600 0.584375
14700 0.56875
14800 0.565625
14900 0.553125
15000 0.54375005
15100 0.553125
15200 0.615625
15300 0.59375
15400 0.525
15500 0.534375
15600 0.565625
15700 0.5625
15800 0.47187504
15900 0.525
16000 0.60625005
16100 0.575
16200 0.54999995
16300 0.45000005
16400 0.59687495
16500 0.559375
16600 0.5812501
16700 0.525
16800 0.534375
16900 0.49687502
17000 0.565625
17100 0.615625
17200 0.54375
17300 0.54999995
17400 0.5125
17500 0.54062504
17600 0.625
17700 0.575
17800 0.528125
17900 0.51875
18000 0.578125
18100 0.528125
18200 0.57187504
18300 0.49687502
18400 0.540625
18500 0.615625
18600 0.525
18700 0.54999995
18800 0.58437496
18900 0.61562496
19000 0.584375
19100 0.55
19200 0.59687495
19300 0.55312496
19400 0.521875
19500 0.55
19600 0.571875
19700 0.6
19800 0.615625
19900 0.6125
20000 0.53125
20100 0.56875
20200 0.51875
20300 0.57187504
20400 0.55625
20500 0.553125
20600 0.50625
20700 0.56875
20800 0.553125
20900 0.51562506
21000 0.60625
21100 0.578125
21200 0.528125
21300 0.55
21400 0.559375
21500 0.60625
21600 0.53437495
21700 0.59375
21800 0.56875
21900 0.58124995
22000 0.55
22100 0.55625004
22200 0.565625
22300 0.546875
22400 0.50625
22500 0.56875
22600 0.61875
22700 0.540625
22800 0.5812501
22900 0.53125
23000 0.47187498
23100 0.60625005
23200 0.534375
23300 0.55937505
23400 0.6125001
23500 0.56875
23600 0.5
23700 0.540625
23800 0.57812506
23900 0.546875
24000 0.528125
24100 0.565625
24200 0.56875
24300 0.571875
24400 0.534375
24500 0.625
24600 0.56562495
24700 0.54375005
24800 0.55
24900 0.503125
25000 0.5625
25100 0.5375
25200 0.5875
25300 0.596875
25400 0.58750004
25500 0.55937505
25600 0.56875
25700 0.503125
25800 0.534375
25900 0.52500004
26000 0.515625
26100 0.58125
26200 0.559375
26300 0.55
26400 0.5375
26500 0.57812506
26600 0.546875
26700 0.559375
26800 0.58124995
26900 0.55625
27000 0.528125
27100 0.59375
27200 0.575
27300 0.6125
27400 0.55625
27500 0.57500005
27600 0.534375
27700 0.58125
27800 0.57187504
27900 0.56874996
28000 0.58750004
28100 0.52812505
28200 0.49375
28300 0.56562495
28400 0.46875
28500 0.565625
28600 0.509375
28700 0.58125
28800 0.546875
28900 0.45312503
29000 0.56875
29100 0.55625004
29200 0.56562495
29300 0.534375
29400 0.6
29500 0.565625
29600 0.503125
29700 0.63125
29800 0.57187504
29900 0.603125
30000 0.546875
30100 0.56875
30200 0.546875
30300 0.58437496
30400 0.515625
30500 0.53125
30600 0.5375
30700 0.53125
30800 0.48124996
30900 0.55937505
31000 0.528125
31100 0.58125
31200 0.559375
31300 0.52500004
31400 0.56875
31500 0.56875
31600 0.54375
31700 0.57812494
31800 0.540625
31900 0.55
32000 0.51875
32100 0.546875
32200 0.546875
32300 0.6
32400 0.575
32500 0.584375
32600 0.58125
32700 0.471875
32800 0.525
32900 0.54375
33000 0.5625
33100 0.5125
33200 0.578125
33300 0.546875
33400 0.5375
33500 0.5187501
33600 0.534375
33700 0.540625
33800 0.5968751
33900 0.55625004
34000 0.546875
34100 0.58750004
34200 0.5875
34300 0.56875
34400 0.565625
34500 0.57187504
34600 0.53125
34700 0.565625
34800 0.534375
34900 0.5875
35000 0.553125
35100 0.615625
35200 0.609375
35300 0.5593749
35400 0.55625
35500 0.609375
35600 0.55937505
35700 0.54375
35800 0.58750004
35900 0.53125
36000 0.55
36100 0.609375
36200 0.55
36300 0.58750004
36400 0.534375
36500 0.60625005
36600 0.51875
36700 0.6
36800 0.60625
36900 0.584375
37000 0.60937506
37100 0.565625
37200 0.65312505
37300 0.5625
37400 0.58125
37500 0.57187504
37600 0.590625
37700 0.54062504
37800 0.596875
37900 0.575
38000 0.57812494
38100 0.52812505
38200 0.53125
38300 0.55937505
38400 0.565625
38500 0.5375
38600 0.521875
38700 0.55
38800 0.52187496
38900 0.52812505
39000 0.553125
39100 0.603125
39200 0.521875
39300 0.4875
39400 0.528125
39500 0.57187504
39600 0.54375005
39700 0.6125
39800 0.546875
39900 0.54062504
40000 0.584375
40100 0.509375
40200 0.56874996
40300 0.559375
40400 0.58125
40500 0.575
40600 0.553125
40700 0.58124995
40800 0.509375
40900 0.56875
41000 0.5125
41100 0.58437496
41200 0.56875
41300 0.50625
41400 0.61875004
41500 0.540625
41600 0.53125
41700 0.5
41800 0.52812505
41900 0.565625
42000 0.546875
42100 0.5625
42200 0.57187504
42300 0.553125
42400 0.6
42500 0.54687506
42600 0.5625
42700 0.540625
42800 0.553125
