0 4.747085
100 3.0360742
200 2.739858
300 2.4396272
400 2.3901572
500 2.2273731
600 2.1966698
700 2.4781964
800 2.4209306
900 2.4484024
1000 2.3095934
1100 2.6273289
1200 2.3813953
1300 2.4978142
1400 2.2292175
1500 2.2351754
1600 2.276253
1700 2.478369
1800 2.1647196
1900 2.2106109
2000 2.1953857
2100 2.3405757
2200 2.4529226
2300 2.037356
2400 2.1130283
2500 2.4743028
2600 2.2261992
2700 2.1367097
2800 2.33247
2900 2.1024733
3000 2.3459451
3100 2.4230814
3200 2.3609285
3300 1.9435741
3400 2.233684
3500 2.3060007
3600 2.2696931
3700 2.2228823
3800 2.3284225
3900 2.3899038
4000 2.2042165
4100 2.2559772
4200 2.002792
4300 1.8635724
4400 2.0634742
4500 2.265601
4600 1.8208858
4700 2.0016487
4800 1.8212268
4900 2.018684
5000 1.819628
5100 2.2207603
5200 2.4388585
5300 2.2591097
5400 2.1288118
5500 1.8867412
5600 2.1858616
5700 2.0292401
5800 2.1814063
5900 2.2012243
6000 2.28461
6100 2.3101313
6200 2.1651695
6300 2.1630259
6400 2.2887204
6500 2.117764
6600 1.8595674
6700 2.0655692
6800 2.2641997
6900 1.9461309
7000 2.223647
7100 2.0176644
7200 2.0854056
7300 2.1461236
7400 2.3035629
7500 2.1385949
7600 2.4074726
7700 1.9416538
7800 1.9429505
7900 2.161803
8000 1.9501525
8100 2.023045
8200 2.063642
8300 2.1227386
8400 1.9538803
8500 2.238219
8600 1.9570537
8700 2.1402354
8800 2.353216
8900 2.2210429
9000 2.1219819
9100 2.1863496
9200 2.1676235
9300 2.196284
9400 2.3949103
9500 2.067985
9600 1.9654429
9700 1.8741738
9800 2.0443494
9900 2.1706755
10000 2.1808543
10100 2.0412319
10200 1.8801353
10300 1.8326777
10400 2.1465154
10500 2.4382944
10600 2.189891
10700 2.28179
10800 1.8957223
10900 2.027677
11000 2.0164618
11100 2.1775029
11200 2.1389303
11300 2.3610837
11400 2.3131251
11500 2.2078857
11600 2.1144507
11700 2.2301228
11800 2.2748783
11900 2.175038
12000 2.0313518
12100 2.0756383
12200 2.0278926
12300 1.9835263
12400 2.2194507
12500 2.4414845
12600 2.125713
12700 1.9446045
12800 2.1458993
12900 2.3130634
13000 2.4267883
13100 2.2315333
13200 1.9447174
13300 2.3245125
13400 2.2467165
13500 2.1805754
13600 2.1772673
13700 2.1965501
13800 2.2088292
13900 2.2229624
14000 1.9983896
14100 2.098054
14200 2.38563
14300 1.999341
14400 2.1320329
14500 2.3380952
14600 2.122839
14700 1.9975345
14800 1.9910578
14900 2.1499712
15000 2.0796793
15100 2.0779862
15200 1.7498024
15300 2.0094965
15400 2.187581
15500 2.3899007
15600 2.1440766
15700 2.083337
15800 2.5537457
15900 2.2707994
16000 1.9144801
16100 2.081162
16200 2.2105603
16300 2.6193495
16400 2.0944424
16500 2.0874884
16600 1.9626956
16700 2.317686
16800 2.1428752
16900 2.268406
17000 2.051548
17100 2.0006995
17200 2.0697396
17300 2.1474311
17400 2.1026518
17500 1.8510184
17600 1.8550004
17700 1.9830233
17800 2.1466177
17900 2.1895788
18000 2.1239176
18100 2.304393
18200 2.078794
18300 2.3324678
18400 2.158127
18500 1.885465
18600 2.151295
18700 2.2011435
18800 1.9468856
18900 1.8309653
19000 1.908798
19100 2.0889192
19200 1.985786
19300 2.1844826
19400 2.1875904
19500 2.269497
19600 2.0995867
19700 2.04299
19800 1.8306553
19900 1.9149551
20000 2.297028
20100 2.0805743
20200 2.0649748
20300 1.951494
20400 2.0347066
20500 2.0789115
20600 2.183058
20700 1.967333
20800 2.0645428
20900 2.2165499
21000 1.9475967
21100 2.093901
21200 2.1727748
21300 2.1262186
21400 2.0247028
21500 1.8731686
21600 2.2376695
21700 1.8330814
21800 2.0294242
21900 1.9214197
22000 2.2546306
22100 2.0350316
22200 2.0764377
22300 2.0884643
22400 2.2390292
22500 1.9677067
22600 1.8556577
22700 2.1276243
22800 1.9546212
22900 2.3063767
23000 2.4656105
23100 1.8940009
23200 2.1671135
23300 2.114691
23400 1.8894387
23500 1.8867546
23600 2.258591
23700 2.0419796
23800 2.0959926
23900 2.001083
24000 2.2453356
24100 2.1539795
24200 1.9469749
24300 2.0595818
24400 2.3787248
24500 1.8415407
24600 2.08147
24700 1.957331
24800 2.0234518
24900 2.2280362
25000 2.1090314
25100 2.1954153
25200 1.9970561
25300 1.9239589
25400 2.003599
25500 2.1807086
25600 2.0270982
25700 2.2503033
25800 2.1138127
25900 2.1325035
26000 2.211298
26100 2.0326474
26200 1.9904805
26300 2.087572
26400 2.133065
26500 2.0419297
26600 2.1542196
26700 2.1868207
26800 1.9215323
26900 2.194666
27000 2.1910975
27100 2.0212417
27200 2.1241891
27300 1.9179535
27400 2.1939473
27500 2.0160308
27600 2.2080483
27700 2.003556
27800 2.1609325
27900 2.0457382
28000 1.9585509
28100 2.1006207
28200 2.312279
28300 1.9269685
28400 2.5957966
28500 1.998995
28600 2.2913122
28700 1.9781077
28800 2.3001354
28900 2.5147865
29000 2.0012493
29100 2.0733063
29200 2.0083668
29300 2.05096
29400 1.8435818
29500 2.1062305
29600 2.28088
29700 1.8199806
29800 2.0290184
29900 2.0039308
30000 2.1734056
30100 1.9310256
30200 2.1363404
30300 1.9004219
30400 2.3831785
30500 2.1845357
30600 2.0556936
30700 2.2846413
30800 2.4945672
30900 1.971582
31000 2.2902617
31100 1.953368
31200 2.1686661
31300 2.2200468
31400 2.125372
31500 2.0661232
31600 2.1412992
31700 2.0187469
31800 2.167588
31900 2.062345
32000 2.2190745
32100 2.3248684
32200 2.180204
32300 1.8696402
32400 2.0190337
32500 1.9218318
32600 1.931058
32700 2.4383936
32800 2.179745
32900 2.1411772
33000 1.9181404
33100 2.1868303
33200 1.9157447
33300 2.1138535
33400 2.059757
33500 2.2833016
33600 2.1373134
33700 2.2055075
33800 1.9743406
33900 2.0768077
34000 2.171025
34100 1.9402742
34200 1.9929311
34300 1.9684565
34400 1.9164197
34500 2.0110912
34600 2.2436285
34700 2.071364
34800 2.0902798
34900 1.9765872
35000 1.9923557
35100 1.8505757
35200 1.8946893
35300 1.9104218
35400 2.1229317
35500 1.853178
35600 1.8861145
35700 2.0267694
35800 2.0051987
35900 2.354116
36000 2.1421294
36100 1.8803807
36200 2.0762193
36300 2.03952
36400 2.2045903
36500 1.9105324
36600 2.3016317
36700 1.9289992
36800 1.8223869
36900 1.9473649
37000 1.9129255
37100 2.001813
37200 1.7480412
37300 2.0123692
37400 2.055749
37500 1.9803824
37600 1.9074605
37700 2.1861136
37800 1.8196532
37900 1.9642702
38000 2.0811343
38100 2.3429036
38200 2.1839097
38300 2.018042
38400 2.0681834
38500 2.1759233
38600 2.325438
38700 2.1557434
38800 2.3368826
38900 2.192621
39000 2.0797644
39100 1.8532902
39200 2.2673619
39300 2.2918744
39400 2.1988964
39500 2.145666
39600 2.121366
39700 1.8394125
39800 2.136563
39900 2.165476
40000 2.0539079
40100 2.385652
40200 2.0943422
40300 2.0701
40400 2.0695226
40500 1.9639933
40600 2.114715
40700 1.845872
40800 2.2999816
40900 2.0771751
41000 2.1396194
41100 2.0109265
41200 1.997281
41300 2.2423515
41400 1.8678616
41500 2.2505872
41600 2.2285948
41700 2.3332615
41800 2.1647165
41900 2.169268
42000 2.1056776
42100 2.023267
42200 2.0317538
42300 2.1330037
42400 1.916531
42500 2.2238722
42600 1.8876255
42700 2.1036983
42800 2.0472093
