0 3.2904286
100 2.1044462
200 1.8991247
300 1.6910207
400 1.6567308
500 1.5438974
600 1.5226154
700 1.7177548
800 1.6780612
900 1.6971033
1000 1.6008883
1100 1.8211256
1200 1.6506574
1300 1.7313528
1400 1.5451759
1500 1.5493056
1600 1.5777783
1700 1.7178745
1800 1.5004693
1900 1.5322788
2000 1.5217254
2100 1.6223634
2200 1.7002364
2300 1.4121876
2400 1.4646397
2500 1.7150561
2600 1.5430837
2700 1.4810543
2800 1.616745
2900 1.4573234
3000 1.6260853
3100 1.6795521
3200 1.636471
3300 1.3471829
3400 1.5482718
3500 1.598398
3600 1.5732313
3700 1.5407846
3800 1.6139395
3900 1.656555
4000 1.5278465
4100 1.5637243
4200 1.3882295
4300 1.2917299
4400 1.4302913
4500 1.5703949
4600 1.2621418
4700 1.3874371
4800 1.2623782
4900 1.399245
5000 1.26127
5100 1.5393138
5200 1.6904879
5300 1.5658956
5400 1.47558
5500 1.3077893
5600 1.5151237
5700 1.4065621
5800 1.5120356
5900 1.5257725
6000 1.583571
6100 1.601261
6200 1.500781
6300 1.4992954
6400 1.58642
6500 1.4679221
6600 1.2889539
6700 1.4317434
6800 1.5694237
6900 1.3489552
7000 1.5413147
7100 1.3985385
7200 1.445493
7300 1.4875796
7400 1.596708
7500 1.4823611
7600 1.6687329
7700 1.3458519
7800 1.3467506
7900 1.4984477
8000 1.3517427
8100 1.4022679
8200 1.4304076
8300 1.4713702
8400 1.3543266
8500 1.5514152
8600 1.3565263
8700 1.4834981
8800 1.631125
8900 1.5395095
9000 1.4708457
9100 1.515462
9200 1.5024822
9300 1.522348
9400 1.6600254
9500 1.433418
9600 1.3623412
9700 1.2990782
9800 1.417035
9900 1.5045977
10000 1.5116531
10100 1.4148741
10200 1.3032105
10300 1.2703154
10400 1.4878511
10500 1.6900969
10600 1.5179169
10700 1.5816164
10800 1.3140146
10900 1.4054787
11000 1.3977048
11100 1.50933
11200 1.4825935
11300 1.6365786
11400 1.6033362
11500 1.5303898
11600 1.4656255
11700 1.5458033
11800 1.5768254
11900 1.5076215
12000 1.4080259
12100 1.4387228
12200 1.4056281
12300 1.3748757
12400 1.538406
12500 1.6923081
12600 1.4734321
12700 1.3478972
12800 1.487424
12900 1.6032933
13000 1.6821215
13100 1.546781
13200 1.3479754
13300 1.6112293
13400 1.5573052
13500 1.5114597
13600 1.5091667
13700 1.5225326
13800 1.5310438
13900 1.5408401
14000 1.3851781
14100 1.4542602
14200 1.6535926
14300 1.3858376
14400 1.4778125
14500 1.6206441
14600 1.4714398
14700 1.3845854
14800 1.3800961
14900 1.4902465
15000 1.4415238
15100 1.4403503
15200 1.2128706
15300 1.3928769
15400 1.5163157
15500 1.6565529
15600 1.4861606
15700 1.4440593
15800 1.7701217
15900 1.5739982
16000 1.3270165
16100 1.4425516
16200 1.5322437
16300 1.8155948
16400 1.4517568
16500 1.4469367
16600 1.3604369
16700 1.6064976
16800 1.4853278
16900 1.5723392
17000 1.4220247
17100 1.3867793
17200 1.4346341
17300 1.4884858
17400 1.4574472
17500 1.2830282
17600 1.2857883
17700 1.374527
17800 1.487922
17900 1.5177004
18000 1.4721875
18100 1.5972836
18200 1.4409102
18300 1.6167434
18400 1.4958997
18500 1.3069048
18600 1.4911641
18700 1.5257164
18800 1.3494782
18900 1.2691284
19000 1.3230779
19100 1.4479284
19200 1.376442
19300 1.514168
19400 1.516322
19500 1.5730954
19600 1.4553226
19700 1.4160928
19800 1.2689136
19900 1.3273457
20000 1.5921786
20100 1.4421443
20200 1.4313315
20300 1.3526726
20400 1.4103512
20500 1.4409918
20600 1.5131805
20700 1.3636513
20800 1.431032
20900 1.5363953
21000 1.3499712
21100 1.4513814
21200 1.5060527
21300 1.4737824
21400 1.403417
21500 1.2983816
21600 1.5510342
21700 1.2705952
21800 1.4066896
21900 1.3318267
22000 1.5627908
22100 1.4105763
22200 1.4392769
22300 1.4476131
22400 1.5519768
22500 1.3639103
22600 1.2862439
22700 1.4747567
22800 1.3548402
22900 1.5986586
23000 1.709031
23100 1.3128214
23200 1.5021286
23300 1.4657922
23400 1.3096591
23500 1.3077986
23600 1.565536
23700 1.4153924
23800 1.4528313
23900 1.3870449
24000 1.5563481
24100 1.4930248
24200 1.3495401
24300 1.4275934
24400 1.6488063
24500 1.2764587
24600 1.442765
24700 1.3567184
24800 1.40255
24900 1.544357
25000 1.4618692
25100 1.5217459
25200 1.3842539
25300 1.3335867
25400 1.3887889
25500 1.5115521
25600 1.4050775
25700 1.5597913
25800 1.4651834
25900 1.4781388
26000 1.5327549
26100 1.4089237
26200 1.379696
26300 1.4469948
26400 1.4785279
26500 1.4153578
26600 1.4931912
26700 1.5157887
26800 1.3319046
26900 1.5212265
27000 1.518753
27100 1.4010179
27200 1.4723758
27300 1.329424
27400 1.5207283
27500 1.397406
27600 1.5305024
27700 1.3887591
27800 1.4978443
27900 1.4179977
28000 1.3575641
28100 1.4560394
28200 1.6027497
28300 1.3356727
28400 1.7992691
28500 1.3855977
28600 1.5882167
28700 1.3711197
28800 1.5943323
28900 1.7431171
29000 1.3871603
29100 1.4371064
29200 1.3920938
29300 1.4216172
29400 1.2778735
29500 1.4599277
29600 1.5809855
29700 1.2615144
29800 1.4064083
29900 1.389019
30000 1.50649
30100 1.338485
30200 1.4807984
30300 1.3172721
30400 1.6518934
30500 1.5142047
30600 1.4248983
30700 1.5835927
30800 1.7291023
30900 1.3665966
31000 1.5874884
31100 1.3539715
31200 1.5032048
31300 1.5388191
31400 1.4731956
31500 1.4321275
31600 1.4842355
31700 1.3992888
31800 1.5024575
31900 1.4295086
32000 1.5381453
32100 1.6114761
32200 1.5112022
32300 1.2959359
32400 1.3994875
32500 1.3321123
32600 1.3385074
32700 1.6901656
32800 1.510884
32900 1.4841509
33000 1.3295536
33100 1.5157952
33200 1.327893
33300 1.4652116
33400 1.4277148
33500 1.5826641
33600 1.4814727
33700 1.5287414
33800 1.3685086
33900 1.4395334
34000 1.5048399
34100 1.3448956
34200 1.3813946
34300 1.3644301
34400 1.3283609
34500 1.3939823
34600 1.5551647
34700 1.43576
34800 1.4488716
34900 1.3700658
35000 1.3809958
35100 1.2827213
35200 1.3132986
35300 1.3242035
35400 1.4715041
35500 1.2845252
35600 1.3073549
35700 1.4048495
35800 1.3898978
35900 1.6317489
36000 1.484811
36100 1.3033806
36200 1.4391255
36300 1.4136876
36400 1.5281055
36500 1.3242801
36600 1.5953696
36700 1.3370804
36800 1.2631823
36900 1.3498105
37000 1.3259389
37100 1.3875511
37200 1.2116498
37300 1.394868
37400 1.4249365
37500 1.3726965
37600 1.3221508
37700 1.5152985
37800 1.2612875
37900 1.3615284
38000 1.4425324
38100 1.6239771
38200 1.5137708
38300 1.3988001
38400 1.4335555
38500 1.5082352
38600 1.6118708
38700 1.4942474
38800 1.6198035
38900 1.519809
39000 1.4415828
39100 1.2846029
39200 1.5716155
39300 1.5886064
39400 1.5241588
39500 1.4872622
39600 1.4704189
39700 1.2749835
39800 1.4809527
39900 1.5009937
40000 1.4236605
40100 1.6536081
40200 1.4516873
40300 1.434884
40400 1.4344838
40500 1.3613365
40600 1.4658087
40700 1.279461
40800 1.5942258
40900 1.4397881
41000 1.4830711
41100 1.3938681
41200 1.3844097
41300 1.5542797
41400 1.294703
41500 1.5599881
41600 1.5447441
41700 1.6172936
41800 1.5004671
41900 1.5036219
42000 1.4595445
42100 1.4024218
42200 1.4083045
42300 1.4784855
42400 1.328438
42500 1.5414708
42600 1.3084023
42700 1.4581724
42800 1.4190173
