0 26.89188
100 10.44721
200 9.030575
300 8.041224
400 7.979041
500 7.4570303
600 7.203124
700 7.335458
800 7.412049
900 7.3907347
1000 6.9576397
1100 7.5724096
1200 7.371041
1300 6.940328
1400 7.1120634
1500 6.932156
1600 7.02061
1700 7.1736603
1800 6.785382
1900 6.6322727
2000 6.5104375
2100 6.9484587
2200 6.9644675
2300 6.2979007
2400 6.4105024
2500 7.4362416
2600 6.331853
2700 6.735132
2800 6.5885544
2900 6.273132
3000 6.590175
3100 6.8209844
3200 6.418767
3300 6.0612345
3400 6.6731577
3500 6.676725
3600 6.305964
3700 6.1334424
3800 6.8183155
3900 6.4151826
4000 6.671724
4100 6.6022735
4200 6.4277472
4300 6.285745
4400 6.3173127
4500 6.484709
4600 5.797203
4700 6.53046
4800 5.9075074
4900 6.135225
5000 6.050526
5100 6.6354904
5200 6.609255
5300 6.5715265
5400 6.1768827
5500 5.930815
5600 6.118723
5700 6.5024242
5800 6.154631
5900 6.106539
6000 7.03023
6100 6.4887886
6200 6.586641
6300 5.9870486
6400 6.548546
6500 6.008323
6600 5.9037137
6700 6.761713
6800 6.426785
6900 6.305035
7000 6.59664
7100 6.3500967
7200 6.4371743
7300 6.4137754
7400 6.5330873
7500 6.5069876
7600 6.577772
7700 6.2271843
7800 6.112971
7900 6.050061
8000 5.9370766
8100 6.2016945
8200 6.121881
8300 6.189118
8400 5.994258
8500 6.338997
8600 6.2399635
8700 6.470663
8800 6.410469
8900 6.2898
9000 6.4515142
9100 5.9518833
9200 6.2670474
9300 6.823498
9400 6.402416
9500 6.2013254
9600 6.155347
9700 5.9251304
9800 5.925252
9900 6.6095915
10000 6.355953
10100 6.1434717
10200 6.232669
10300 5.8144097
10400 6.394388
10500 6.590994
10600 6.546071
10700 6.589892
10800 5.80365
10900 6.591604
11000 6.124489
11100 6.5893965
11200 6.437873
11300 6.5019946
11400 6.2853875
11500 6.5955515
11600 6.183328
11700 6.4898877
11800 6.474815
11900 6.150811
12000 6.203104
12100 6.392949
12200 5.641569
12300 6.3167853
12400 6.1591296
12500 6.727727
12600 6.018172
12700 5.919197
12800 6.2797394
12900 6.3671684
13000 6.9393973
13100 6.117673
13200 5.97252
13300 6.518403
13400 6.19058
13500 6.417016
13600 6.108708
13700 6.272649
13800 6.3684855
13900 6.2223024
14000 5.8572087
14100 6.238556
14200 6.735716
14300 6.335372
14400 5.4918804
14500 6.5679255
14600 6.2245326
14700 5.9556265
14800 6.27022
14900 6.4168005
15000 6.356168
15100 5.645634
15200 5.894143
15300 5.824181
15400 6.7085137
15500 6.642875
15600 6.2167134
15700 6.2086253
15800 6.806152
15900 6.561752
16000 6.0901866
16100 6.0313797
16200 6.2197094
16300 7.3560715
16400 6.0887003
16500 6.5479283
16600 6.1367817
16700 6.346704
16800 6.6764774
16900 7.0180383
17000 5.9930034
17100 6.309793
17200 5.9357486
17300 6.627283
17400 6.5709763
17500 6.0806575
17600 5.78743
17700 6.23067
17800 6.3782244
17900 6.112296
18000 6.040097
18100 6.623038
18200 6.121665
18300 6.5403132
18400 6.155593
18500 5.98548
18600 6.320462
18700 6.17403
18800 5.99207
18900 5.8407083
19000 6.1981473
19100 6.332181
19200 6.376746
19300 6.289066
19400 6.579927
19500 6.695884
19600 5.708357
19700 6.3991256
19800 5.816427
19900 6.5676236
20000 6.8893857
20100 6.6072197
20200 6.3344784
20300 6.0416007
20400 6.1410356
20500 6.395785
20600 6.4516864
20700 6.1954446
20800 6.100852
20900 6.582568
21000 6.3357797
21100 6.1254473
21200 6.3966846
21300 6.3494716
21400 6.394381
21500 6.185878
21600 6.7820735
21700 5.798007
21800 6.3179398
21900 5.90438
22000 6.5360117
22100 6.256443
22200 6.332856
22300 6.2169585
22400 6.6252913
22500 5.982962
22600 6.0144825
22700 6.3155665
22800 6.1268992
22900 6.4214
23000 6.3876915
23100 6.194272
23200 6.7361116
23300 6.1484613
23400 5.7892365
23500 6.01324
23600 6.653477
23700 6.224775
23800 6.1100025
23900 6.1782875
24000 6.231936
24100 6.3961945
24200 6.314043
24300 6.576101
24400 6.153276
24500 6.2372065
24600 6.2220426
24700 6.0757966
24800 6.43141
24900 6.5087233
25000 5.999045
25100 6.4905343
25200 5.863654
25300 5.7898164
25400 5.866033
25500 6.331512
25600 6.1871557
25700 6.274661
25800 6.341136
25900 6.646818
26000 6.407282
26100 6.159462
26200 6.0360885
26300 6.127833
26400 6.2979665
26500 6.0523696
26600 6.254966
26700 6.3375406
26800 6.30939
26900 6.1183405
27000 6.2674384
27100 6.038685
27200 6.042388
27300 6.2350507
27400 6.4420295
27500 6.3294015
27600 6.614802
27700 6.088372
27800 5.9056053
27900 6.021333
28000 6.3251324
28100 6.5579624
28200 6.5452867
28300 6.109734
28400 7.2884774
28500 6.2526665
28600 6.297241
28700 6.1438193
28800 6.729768
28900 6.8715315
29000 6.0704427
29100 6.4052587
29200 6.4579763
29300 6.268341
29400 6.086278
29500 6.146221
29600 5.9917073
29700 6.103462
29800 6.22639
29900 6.277169
30000 6.62086
30100 6.0153008
30200 6.2347894
30300 5.97425
30400 6.4933996
30500 6.2187815
30600 6.4439373
30700 6.679199
30800 6.6372538
30900 6.0378613
31000 6.299844
31100 6.180086
31200 6.475386
31300 6.717475
31400 6.304768
31500 6.228871
31600 6.1661773
31700 5.836306
31800 6.0154614
31900 6.71038
32000 6.488915
32100 6.206882
32200 6.197798
32300 5.780831
32400 6.265147
32500 5.798964
32600 6.097326
32700 6.7071
32800 6.2741795
32900 6.1174345
33000 6.051214
33100 6.702732
33200 5.844002
33300 5.9987345
33400 6.248442
33500 6.2549124
33600 6.4551024
33700 6.6327844
33800 6.023607
33900 5.8421736
34000 6.131529
34100 6.2068396
34200 6.1685715
34300 6.2232084
34400 5.6917086
34500 6.0642176
34600 6.399519
34700 6.137105
34800 6.325794
34900 6.2870007
35000 6.124283
35100 5.8830886
35200 6.1614547
35300 6.0441446
35400 6.3063126
35500 5.8414903
35600 6.028674
35700 5.706681
35800 6.294406
35900 5.800072
36000 5.996431
36100 6.159028
36200 6.211588
36300 6.140394
36400 6.656328
36500 6.1199036
36600 6.789037
36700 5.786455
36800 5.7584
36900 6.2588153
37000 6.141053
37100 6.18049
37200 5.7850385
37300 6.450955
37400 6.0883207
37500 6.3747168
37600 6.165345
37700 6.0261593
37800 5.8499823
37900 6.0871634
38000 6.18056
38100 6.246815
38200 6.2611923
38300 6.046641
38400 6.0896606
38500 6.4472504
38600 6.3561697
38700 6.393166
38800 6.4589524
38900 6.3966265
39000 5.9489665
39100 5.7270823
39200 6.350602
39300 6.247196
39400 6.0374146
39500 5.9146976
39600 6.4410768
39700 5.948984
39800 6.0904183
39900 6.3591886
40000 6.067814
40100 6.035636
40200 6.0832825
40300 6.3826027
40400 6.439884
40500 6.255645
40600 6.4542036
40700 6.110411
40800 6.3198504
40900 6.0667386
41000 6.273435
41100 5.974739
41200 6.1875606
41300 6.073542
41400 6.200022
41500 6.8914056
41600 6.4483905
41700 6.5166
41800 6.504925
41900 6.388223
42000 6.3475676
42100 5.776813
42200 6.049907
42300 6.181016
42400 6.1870055
42500 6.510254
42600 5.852274
42700 6.2686214
42800 6.2224817
