0 0.0625
100 0.90625
200 0.9375
300 0.84375
400 0.90625
500 0.96875
600 0.9375
700 1.0
800 0.875
900 0.90625
1000 0.96875
1100 0.90625
1200 0.96875
1300 0.9375
1400 1.0
1500 0.96875
1600 1.0
1700 0.96875
1800 1.0
1900 0.9375
2000 1.0
2100 0.96875
2200 0.96875
2300 1.0
2400 0.96875
2500 0.96875
2600 1.0
2700 0.9375
2800 0.96875
2900 1.0
3000 1.0
3100 1.0
3200 1.0
3300 0.96875
3400 0.90625
3500 1.0
3600 1.0
3700 1.0
3800 1.0
3900 1.0
4000 1.0
4100 1.0
4200 0.96875
4300 1.0
4400 1.0
4500 1.0
4600 0.96875
4700 1.0
4800 0.96875
4900 1.0
5000 1.0
5100 1.0
5200 1.0
5300 1.0
5400 1.0
5500 1.0
5600 1.0
5700 1.0
5800 0.96875
5900 1.0
6000 1.0
6100 1.0
6200 1.0
6300 1.0
6400 0.96875
6500 1.0
6600 1.0
6700 1.0
6800 1.0
6900 1.0
7000 1.0
7100 1.0
7200 1.0
7300 1.0
7400 1.0
7500 0.96875
7600 1.0
7700 1.0
7800 1.0
7900 1.0
8000 1.0
8100 1.0
8200 1.0
8300 1.0
8400 1.0
8500 1.0
8600 1.0
8700 1.0
8800 0.96875
8900 1.0
9000 1.0
9100 1.0
9200 1.0
9300 1.0
9400 1.0
9500 1.0
9600 1.0
9700 1.0
9800 1.0
9900 1.0
10000 1.0
10100 1.0
10200 1.0
10300 1.0
10400 1.0
10500 1.0
10600 1.0
10700 1.0
10800 1.0
10900 1.0
11000 1.0
11100 1.0
11200 1.0
11300 1.0
11400 1.0
11500 1.0
11600 1.0
11700 1.0
11800 1.0
11900 1.0
12000 1.0
