0 7.612252
100 0.34326446
200 0.25182146
300 0.55373305
400 0.29291305
500 0.1924781
600 0.2713947
700 0.12797874
800 0.63410324
900 0.37757725
1000 0.10436006
1100 0.36995438
1200 0.24528986
1300 0.13563225
1400 0.06432521
1500 0.099120826
1600 0.03577128
1700 0.26591778
1800 0.03928248
1900 0.14484471
2000 0.04054852
2100 0.25635397
2200 0.118314065
2300 0.013549638
2400 0.16315185
2500 0.05604673
2600 0.025816547
2700 0.22597057
2800 0.21640547
2900 0.012555642
3000 0.0037433375
3100 0.013712333
3200 0.08360684
3300 0.050678954
3400 0.36998427
3500 0.008971013
3600 0.02140614
3700 0.0251868
3800 0.012084625
3900 0.03766741
4000 0.02166306
4100 0.013168438
4200 0.12934197
4300 0.039000385
4400 0.0036994072
4500 0.02368083
4600 0.10519011
4700 0.03271701
4800 0.116460375
4900 0.028824577
5000 0.024775065
5100 0.021973917
5200 0.0047634933
5300 0.007375922
5400 0.026988572
5500 0.0142938625
5600 0.030572487
5700 0.019205227
5800 0.21283884
5900 0.022157932
6000 0.032617472
6100 0.0019517986
6200 0.029781278
6300 0.021347716
6400 0.060305446
6500 0.0118659595
6600 0.0052230037
6700 0.0054002507
6800 0.0031295945
6900 0.04065206
7000 0.018453741
7100 0.022300588
7200 0.00570493
7300 0.008419082
7400 0.024596298
7500 0.05453054
7600 0.0040253135
7700 0.02195947
7800 0.0075468323
7900 0.005432149
8000 0.0058921063
8100 0.025051128
8200 0.015778033
8300 0.0076020616
8400 0.013754842
8500 0.013584892
8600 0.019108146
8700 0.004244264
8800 0.052100837
8900 0.006643428
9000 0.009495273
9100 0.00093508814
9200 0.01376171
9300 0.00072973483
9400 0.013051651
9500 0.0037521005
9600 0.0055718254
9700 0.018570296
9800 0.0053557227
9900 0.015985131
10000 0.005751087
10100 0.0025033061
10200 0.0050143115
10300 0.0005567203
10400 0.0016514007
10500 0.003954922
10600 0.002076737
10700 0.0010443557
10800 0.00220301
10900 0.008223484
11000 0.009621846
11100 0.0005638777
11200 0.011822631
11300 0.0080106035
11400 0.0055990405
11500 0.0050797164
11600 0.0051677288
11700 0.010326962
11800 0.0033587792
11900 0.0022190462
12000 0.0016871842
