0 0.0
100 0.375
200 0.34375
300 0.4375
400 0.34375
500 0.34375
600 0.46875
700 0.53125
800 0.34375
900 0.5
1000 0.3125
1100 0.5
1200 0.375
1300 0.5
1400 0.3125
1500 0.40625
1600 0.5625
1700 0.625
1800 0.625
1900 0.53125
2000 0.59375
2100 0.34375
2200 0.5
2300 0.53125
2400 0.5625
2500 0.53125
2600 0.5625
2700 0.5
2800 0.53125
2900 0.53125
3000 0.34375
3100 0.5625
3200 0.46875
3300 0.53125
3400 0.5625
3500 0.65625
3600 0.53125
3700 0.6875
3800 0.65625
3900 0.5
4000 0.5
4100 0.53125
4200 0.625
4300 0.5
4400 0.5625
4500 0.59375
4600 0.46875
4700 0.59375
4800 0.6875
4900 0.59375
5000 0.5
5100 0.65625
5200 0.625
5300 0.5625
5400 0.65625
5500 0.4375
5600 0.5625
5700 0.65625
5800 0.59375
5900 0.5625
6000 0.75
6100 0.6875
6200 0.625
6300 0.53125
6400 0.46875
6500 0.5625
6600 0.71875
6700 0.59375
6800 0.625
6900 0.59375
7000 0.65625
7100 0.5625
7200 0.5625
7300 0.625
7400 0.5
7500 0.625
7600 0.5625
7700 0.75
7800 0.59375
7900 0.65625
8000 0.625
8100 0.6875
8200 0.6875
8300 0.5625
8400 0.46875
8500 0.5625
8600 0.625
8700 0.59375
8800 0.6875
8900 0.59375
9000 0.5
9100 0.6875
9200 0.625
9300 0.59375
9400 0.6875
9500 0.5
9600 0.8125
9700 0.78125
9800 0.53125
9900 0.59375
10000 0.78125
10100 0.6875
10200 0.59375
10300 0.6875
10400 0.71875
10500 0.625
10600 0.53125
10700 0.6875
10800 0.5625
10900 0.59375
11000 0.6875
11100 0.59375
11200 0.6875
11300 0.625
11400 0.5625
11500 0.84375
11600 0.625
11700 0.59375
11800 0.59375
11900 0.5625
12000 0.75
12100 0.5625
12200 0.78125
12300 0.8125
12400 0.8125
12500 0.6875
12600 0.6875
12700 0.71875
12800 0.65625
12900 0.71875
13000 0.65625
13100 0.65625
13200 0.6875
13300 0.6875
13400 0.6875
13500 0.65625
13600 0.78125
13700 0.5625
13800 0.625
13900 0.6875
14000 0.71875
14100 0.71875
14200 0.65625
14300 0.78125
14400 0.65625
14500 0.625
14600 0.75
14700 0.6875
14800 0.78125
14900 0.6875
15000 0.84375
15100 0.71875
15200 0.6875
15300 0.625
15400 0.6875
15500 0.71875
15600 0.8125
15700 0.65625
15800 0.78125
15900 0.71875
16000 0.6875
16100 0.625
16200 0.78125
16300 0.6875
16400 0.65625
16500 0.59375
16600 0.65625
16700 0.8125
16800 0.65625
16900 0.78125
17000 0.71875
