0 2.4048667
100 2.2189555
200 1.8661067
300 1.785687
400 1.8985963
500 1.6279882
600 1.7344499
700 1.4924512
800 1.9654636
900 1.5630777
1000 1.7581836
1100 1.3840868
1200 1.5177958
1300 1.390451
1400 1.9678183
1500 1.3270885
1600 1.302343
1700 1.2902412
1800 1.2223222
1900 1.2958312
2000 1.1199702
2100 1.6575027
2200 1.6647761
2300 1.2763257
2400 1.1053524
2500 1.4557077
2600 1.1771561
2700 1.1965138
2800 1.3225074
2900 1.4531606
3000 1.6635841
3100 1.3235782
3200 1.5823426
3300 1.4183545
3400 1.1187294
3500 1.1070621
3600 1.4249771
3700 1.074179
3800 1.0803434
3900 1.2123872
4000 1.2911532
4100 1.4345984
4200 1.2756953
4300 1.2625557
4400 1.3262017
4500 1.0451207
4600 1.5017443
4700 1.1009295
4800 1.0750988
4900 1.0770721
5000 1.3723965
5100 0.99496114
5200 1.3264076
5300 1.2795746
5400 0.9254561
5500 1.3674254
5600 1.3414869
5700 1.019157
5800 1.0633556
5900 1.3567657
6000 0.93736523
6100 0.9730224
6200 1.0131552
6300 1.0919421
6400 1.0986526
6500 1.3596708
6600 0.8995958
6700 1.4202285
6800 1.1737427
6900 1.1234426
7000 1.2256367
7100 1.2113779
7200 1.1505474
7300 1.1542585
7400 1.32633
7500 1.0606709
7600 1.2323614
7700 0.9507261
7800 1.0682104
7900 1.163714
8000 1.1986077
8100 1.0221331
8200 0.95116115
8300 1.0505185
8400 1.3324397
8500 1.2895178
8600 1.1799507
8700 1.0628848
8800 0.97826403
8900 1.1210076
9000 1.2958745
9100 1.0313146
9200 0.94463056
9300 1.2460899
9400 1.0284393
9500 1.1523873
9600 0.8316667
9700 0.73345083
9800 0.9869989
9900 1.0357976
10000 0.8338052
10100 0.8608898
10200 1.1683229
10300 0.91134375
10400 0.8924022
10500 1.0234389
10600 1.233666
10700 1.0103188
10800 1.0198267
10900 1.2255362
11000 0.9136389
11100 0.9512149
11200 0.9450323
11300 1.06488
11400 1.1910205
11500 0.79372853
11600 0.89026177
11700 1.0534499
11800 1.0732076
11900 0.99028176
12000 0.87473094
12100 1.1707888
12200 0.7458203
12300 0.80460006
12400 0.626077
12500 0.79777384
12600 0.89734596
12700 1.1715939
12800 0.97654724
12900 0.8451673
13000 1.0667211
13100 0.83857775
13200 0.9904307
13300 0.91165066
13400 0.9360042
13500 0.9102593
13600 0.7532365
13700 1.0200344
13800 1.0775518
13900 0.9865795
14000 0.8016131
14100 0.8879043
14200 1.2769501
14300 0.9862509
14400 0.9003245
14500 1.1871686
14600 0.95536596
14700 0.96008146
14800 0.73366547
14900 0.8678709
15000 0.7695959
15100 0.98211646
15200 1.0210094
15300 0.9544443
15400 0.9086293
15500 0.94083923
15600 0.6924957
15700 0.90679836
15800 0.60161114
15900 1.0098519
16000 0.83409554
16100 1.1140399
16200 0.5139582
16300 1.3062761
16400 1.066608
16500 1.2279358
16600 0.9543699
16700 0.7484679
16800 0.86062074
16900 0.8040369
17000 0.861526
