0 0.0625
100 0.36875
200 0.42499998
300 0.45625
400 0.465625
500 0.509375
600 0.49687505
700 0.46875
800 0.44062504
900 0.48437497
1000 0.5
1100 0.45000005
1200 0.5
1300 0.484375
1400 0.50937504
1500 0.5125
1600 0.48125
1700 0.4625
1800 0.509375
1900 0.496875
2000 0.5125
2100 0.51250005
2200 0.49375004
2300 0.54062504
2400 0.503125
2500 0.45625004
2600 0.509375
2700 0.5187501
2800 0.525
2900 0.5375
3000 0.4875
3100 0.5
3200 0.5125
3300 0.57812494
3400 0.525
3500 0.5
3600 0.5
3700 0.47500002
3800 0.49062502
3900 0.46875
4000 0.553125
4100 0.51875
4200 0.553125
4300 0.55937505
4400 0.553125
4500 0.51875
4600 0.54375
4700 0.53437495
4800 0.6125
4900 0.53125
5000 0.625
5100 0.5
5200 0.43749997
5300 0.5125
5400 0.5375
5500 0.59375
5600 0.51874995
5700 0.546875
5800 0.50000006
5900 0.50625
6000 0.51250005
6100 0.515625
6200 0.5124999
6300 0.534375
6400 0.48750004
6500 0.540625
6600 0.56250006
6700 0.528125
6800 0.4875
6900 0.578125
7000 0.503125
7100 0.5125
7200 0.534375
7300 0.5375
7400 0.525
7500 0.51250005
7600 0.475
7700 0.578125
7800 0.56875
7900 0.521875
8000 0.54687506
8100 0.54062504
8200 0.553125
8300 0.559375
8400 0.55937505
8500 0.5031251
8600 0.55625
8700 0.55312496
8800 0.503125
8900 0.52500004
9000 0.57500005
9100 0.50625
9200 0.52187496
9300 0.51250005
9400 0.49062496
9500 0.546875
9600 0.596875
9700 0.584375
9800 0.5625
9900 0.50624996
10000 0.534375
10100 0.5375
10200 0.584375
10300 0.56875
10400 0.52187496
10500 0.50625
10600 0.5375
10700 0.515625
10800 0.621875
10900 0.5625
11000 0.565625
11100 0.55
11200 0.5
11300 0.45937502
11400 0.503125
11500 0.48749998
11600 0.559375
11700 0.484375
11800 0.47187498
11900 0.54375
12000 0.525
12100 0.534375
12200 0.5187501
12300 0.578125
12400 0.49374998
12500 0.45624998
12600 0.528125
12700 0.546875
12800 0.503125
12900 0.496875
13000 0.496875
13100 0.49687502
13200 0.56250006
13300 0.48125
13400 0.534375
13500 0.54062504
13600 0.53437495
13700 0.5343751
13800 0.49687496
13900 0.5375
14000 0.575
14100 0.521875
14200 0.48437497
14300 0.575
14400 0.54375
14500 0.5
14600 0.53125
14700 0.58750004
14800 0.55625004
14900 0.575
15000 0.55312496
15100 0.553125
15200 0.59687495
15300 0.55937505
15400 0.484375
15500 0.52812505
15600 0.565625
15700 0.575
15800 0.48437503
15900 0.53125
16000 0.596875
16100 0.5625
16200 0.56874996
16300 0.4375
16400 0.54375005
16500 0.553125
16600 0.59375
16700 0.509375
16800 0.575
16900 0.503125
17000 0.559375
17100 0.584375
17200 0.55
17300 0.55
17400 0.55
17500 0.56875
17600 0.584375
17700 0.578125
17800 0.54375
17900 0.53125006
18000 0.5625
18100 0.49375007
18200 0.590625
18300 0.5125
18400 0.540625
18500 0.60625
18600 0.496875
18700 0.55937505
18800 0.59375
18900 0.609375
19000 0.56875
19100 0.534375
19200 0.57812506
19300 0.528125
19400 0.5375
19500 0.56250006
19600 0.58125
19700 0.53125
19800 0.62500006
19900 0.609375
20000 0.54375005
20100 0.55625
20200 0.515625
20300 0.55937505
20400 0.54375
20500 0.57812506
20600 0.51875
20700 0.56875
20800 0.54062504
20900 0.515625
21000 0.609375
21100 0.58750004
21200 0.546875
21300 0.521875
21400 0.575
21500 0.59374994
21600 0.528125
21700 0.6062499
21800 0.54375005
21900 0.571875
22000 0.559375
22100 0.55
22200 0.58125
22300 0.57812506
22400 0.52187496
22500 0.55625
22600 0.6
22700 0.54375
22800 0.596875
22900 0.51875
23000 0.47812504
23100 0.6062499
23200 0.53125
23300 0.54062504
23400 0.61249995
23500 0.6125
23600 0.528125
23700 0.55
23800 0.578125
23900 0.5749999
24000 0.53125
24100 0.5625
24200 0.57812506
24300 0.56874996
24400 0.54375005
24500 0.61875004
24600 0.55
24700 0.5625
24800 0.55
24900 0.53125
25000 0.55625004
25100 0.5375
25200 0.56875
25300 0.59999996
25400 0.603125
25500 0.5593749
25600 0.57812506
25700 0.5375
25800 0.5625
25900 0.53125
26000 0.509375
26100 0.578125
26200 0.553125
26300 0.565625
26400 0.546875
26500 0.5875
26600 0.553125
26700 0.55625
26800 0.59062505
26900 0.559375
27000 0.56250006
27100 0.63750005
27200 0.56874996
27300 0.63750005
27400 0.553125
27500 0.57812506
27600 0.54687506
27700 0.59375
27800 0.5625
27900 0.59999996
28000 0.596875
28100 0.54062504
28200 0.50625
28300 0.5625
28400 0.47812504
28500 0.5625
28600 0.521875
28700 0.56875
28800 0.56874996
28900 0.46562502
29000 0.553125
29100 0.53437495
29200 0.5625
29300 0.54375
29400 0.58125
29500 0.55
29600 0.5375001
29700 0.615625
29800 0.57500005
29900 0.5812501
30000 0.5375
30100 0.58437496
30200 0.525
30300 0.5843749
30400 0.503125
30500 0.521875
30600 0.54999995
30700 0.521875
30800 0.496875
30900 0.54062504
31000 0.53125
31100 0.571875
31200 0.559375
31300 0.54375
31400 0.55625
31500 0.5906249
31600 0.56875
31700 0.58750004
31800 0.540625
31900 0.56875
32000 0.540625
32100 0.52187496
32200 0.54999995
32300 0.621875
32400 0.60312504
32500 0.615625
32600 0.578125
32700 0.5
32800 0.521875
32900 0.546875
33000 0.575
33100 0.53124994
33200 0.609375
33300 0.5375
33400 0.55625
33500 0.49062502
33600 0.54062504
33700 0.525
33800 0.571875
33900 0.590625
34000 0.5625
34100 0.575
34200 0.58125
34300 0.575
34400 0.57187504
34500 0.59062505
34600 0.55
34700 0.55312496
34800 0.575
34900 0.584375
35000 0.584375
35100 0.6125
35200 0.58124995
35300 0.546875
35400 0.6
35500 0.64062506
35600 0.5656251
35700 0.590625
35800 0.57187504
35900 0.5375
36000 0.5625
36100 0.63124996
36200 0.534375
36300 0.57500005
36400 0.534375
36500 0.61249995
36600 0.509375
36700 0.6125001
36800 0.590625
36900 0.58125
37000 0.5968751
37100 0.565625
37200 0.653125
37300 0.55312496
37400 0.58125
37500 0.5875
37600 0.590625
37700 0.5375
37800 0.5875
37900 0.58437496
38000 0.5875
38100 0.50937504
38200 0.575
38300 0.575
38400 0.565625
38500 0.52187496
38600 0.5375
38700 0.5375
38800 0.521875
38900 0.515625
39000 0.534375
39100 0.60625
39200 0.53437495
39300 0.503125
39400 0.55625004
39500 0.578125
39600 0.55937505
39700 0.60625005
39800 0.546875
39900 0.546875
40000 0.565625
40100 0.521875
40200 0.55625004
40300 0.553125
40400 0.55
40500 0.5625
40600 0.540625
40700 0.565625
40800 0.515625
40900 0.56874996
41000 0.5375
41100 0.596875
41200 0.60625
41300 0.53749996
41400 0.628125
41500 0.5375
41600 0.5125
41700 0.503125
41800 0.5125
41900 0.54687506
42000 0.55625
42100 0.559375
42200 0.5875
42300 0.55625004
42400 0.5843751
42500 0.53125
42600 0.571875
42700 0.59375
42800 0.55625004
42900 0.59375
43000 0.603125
43100 0.59062505
43200 0.534375
43300 0.50937504
43400 0.60625
43500 0.55
43600 0.5375
43700 0.534375
43800 0.62187505
43900 0.653125
44000 0.603125
44100 0.54062504
44200 0.59374994
44300 0.52187496
44400 0.57500005
44500 0.65
44600 0.57500005
44700 0.5875
44800 0.5500001
44900 0.55625
45000 0.546875
45100 0.5375
45200 0.515625
45300 0.56250006
45400 0.50624996
45500 0.571875
45600 0.5375
45700 0.58125
45800 0.56875
