0 4.735444
100 3.1204731
200 2.8520348
300 2.5199068
400 2.5579767
500 2.3711438
600 2.3005471
700 2.5151598
800 2.525829
900 2.5316887
1000 2.3535287
1100 2.63928
1200 2.4626565
1300 2.5745249
1400 2.3990111
1500 2.303603
1600 2.4118433
1700 2.5891676
1800 2.2631938
1900 2.2607498
2000 2.2486577
2100 2.312417
2200 2.4065619
2300 2.058658
2400 2.2427485
2500 2.5794258
2600 2.285638
2700 2.2074766
2800 2.3393695
2900 2.1279671
3000 2.445338
3100 2.4440696
3200 2.3019898
3300 1.9126034
3400 2.3203614
3500 2.3526459
3600 2.468207
3700 2.3175719
3800 2.3692095
3900 2.466945
4000 2.2199714
4100 2.338741
4200 2.156012
4300 2.0201209
4400 2.1873255
4500 2.3031967
4600 1.9600707
4700 2.1778586
4800 1.9091321
4900 2.0919394
5000 1.8892155
5100 2.286956
5200 2.490594
5300 2.368792
5400 2.1847374
5500 1.9605885
5600 2.21374
5700 2.0593154
5800 2.224378
5900 2.311203
6000 2.3314335
6100 2.3703094
6200 2.3054125
6300 2.3071437
6400 2.3228664
6500 2.212122
6600 1.9235425
6700 2.1816819
6800 2.303756
6900 2.107657
7000 2.3211834
7100 2.1811454
7200 2.1288989
7300 2.2374465
7400 2.3258348
7500 2.3104854
7600 2.498609
7700 1.9554797
7800 2.0070698
7900 2.2193835
8000 2.101481
8100 2.149486
8200 2.1888037
8300 2.1636505
8400 2.0321243
8500 2.3921363
8600 2.1070473
8700 2.154958
8800 2.4498758
8900 2.2853785
9000 2.1677666
9100 2.176437
9200 2.3280315
9300 2.3141289
9400 2.4427912
9500 2.1783137
9600 2.016253
9700 1.9663544
9800 2.0890834
9900 2.3525138
10000 2.259897
10100 2.1925373
10200 1.946212
10300 1.9377717
10400 2.2184615
10500 2.4532843
10600 2.2660265
10700 2.3411288
10800 1.8851422
10900 2.150082
11000 2.072546
11100 2.2714787
11200 2.2227736
11300 2.4546516
11400 2.371513
11500 2.3570964
11600 2.2049637
11700 2.3595831
11800 2.4096725
11900 2.216365
12000 2.1713297
12100 2.2286954
12200 2.1644096
12300 2.1368744
12400 2.2782779
12500 2.4746058
12600 2.2803519
12700 2.0418425
12800 2.338383
12900 2.444821
13000 2.4023175
13100 2.3578043
13200 2.0021951
13300 2.4821267
13400 2.2725344
13500 2.1900105
13600 2.1964936
13700 2.2874424
13800 2.2228217
13900 2.2640738
14000 1.9953487
14100 2.1939926
14200 2.375052
14300 2.0867069
14400 2.2860959
14500 2.4051878
14600 2.2273977
14700 2.0024838
14800 2.0681639
14900 2.1049562
15000 2.1737027
15100 2.1554968
15200 1.7980876
15300 2.0915182
15400 2.3135293
15500 2.3658333
15600 2.066157
15700 2.1311874
15800 2.5096278
15900 2.2981982
16000 1.965616
16100 2.0878704
16200 2.265189
16300 2.634726
16400 2.1856682
16500 2.1681802
16600 1.9810439
16700 2.3310297
16800 2.1254468
16900 2.2781131
17000 2.0716243
17100 2.0287611
17200 2.1737373
17300 2.135438
17400 2.125998
17500 1.9058778
17600 1.8635105
17700 1.9270296
17800 2.1716156
17900 2.1822135
18000 2.0900328
18100 2.3762918
18200 2.033608
18300 2.2967045
18400 2.1634612
18500 1.8790905
18600 2.2046008
18700 2.2075577
18800 1.9392323
18900 1.8811201
19000 1.9465173
19100 2.129815
19200 1.9840382
19300 2.2247796
19400 2.1592023
19500 2.1784027
19600 2.0363715
19700 2.0744436
19800 1.7841176
19900 1.8768657
20000 2.2614205
20100 2.0805743
20200 2.126243
20300 1.9039085
20400 1.9494377
20500 2.0138
20600 2.245338
20700 1.9201237
20800 2.0484529
20900 2.2422664
21000 2.015875
21100 2.057214
21200 2.1743805
21300 2.2273471
21400 2.0522103
21500 1.8704138
21600 2.180545
21700 1.8502815
21800 2.0542138
21900 1.9345002
22000 2.1700375
22100 2.0398786
22200 2.0701373
22300 2.011393
22400 2.116832
22500 1.914585
22600 1.9339511
22700 2.154756
22800 1.8488005
22900 2.2691302
23000 2.5066826
23100 1.8793578
23200 2.1705039
23300 2.0983222
23400 1.9204
23500 1.8283308
23600 2.1600819
23700 2.0009391
23800 2.0758214
23900 1.9792453
24000 2.1500328
24100 2.1642468
24200 1.929881
24300 1.9888296
24400 2.3055995
24500 1.7963581
24600 2.1253352
24700 1.9580997
24800 2.0160313
24900 2.1682615
25000 2.0350277
25100 2.1356778
25200 1.9750795
25300 1.8421891
25400 1.954874
25500 2.111078
25600 2.014084
25700 2.1781971
25800 2.0136409
25900 2.132494
26000 2.2339482
26100 2.049079
26200 2.0048447
26300 2.0604591
26400 2.076404
26500 1.9368583
26600 2.1370149
26700 2.1407201
26800 1.9111419
26900 2.134286
27000 2.0809064
27100 1.9067757
27200 2.1036074
27300 1.93568
27400 2.170662
27500 1.9186606
27600 2.2329085
27700 1.9134958
27800 2.0705476
27900 1.99849
28000 1.9552375
28100 2.09538
28200 2.2845354
28300 1.9256394
28400 2.4415765
28500 2.0231903
28600 2.13258
28700 1.9467208
28800 2.2597237
28900 2.4778092
29000 1.9396812
29100 2.139498
29200 1.9075755
29300 2.0793836
29400 1.8580263
29500 2.1271722
29600 2.286706
29700 1.8084179
29800 1.995556
29900 1.9889673
30000 2.2066646
30100 1.9563756
30200 2.151028
30300 1.9312633
30400 2.2598007
30500 2.1679282
30600 2.0772576
30700 2.1904714
30800 2.450745
30900 1.946728
31000 2.329391
31100 1.9525108
31200 2.1242914
31300 2.1976986
31400 2.1020916
31500 1.9631176
31600 2.1485615
31700 1.8909836
31800 2.159082
31900 1.9672716
32000 2.1968822
32100 2.249718
32200 2.1050816
32300 1.8297608
32400 1.9149342
32500 1.8745799
32600 1.8990753
32700 2.2112503
32800 2.1069696
32900 2.1628318
33000 1.9213526
33100 2.0962462
33200 1.8304249
33300 2.140609
33400 2.0333939
33500 2.2367494
33600 2.154102
33700 2.1825762
33800 1.9616462
33900 1.9743056
34000 2.0590308
34100 1.9774917
34200 1.9053518
34300 1.9809694
34400 1.9553998
34500 1.9592226
34600 2.1414797
34700 2.0986001
34800 1.9917023
34900 1.9960933
35000 2.0150762
35100 1.882805
35200 1.9206284
35300 1.8654615
35400 2.0611775
35500 1.7406541
35600 1.9124457
35700 1.8911648
35800 1.9625106
35900 2.2794015
36000 2.1262531
36100 1.7941045
36200 2.0491889
36300 2.0073555
36400 2.189324
36500 1.8806652
36600 2.2991714
36700 1.9172064
36800 1.8091795
36900 1.8872442
37000 1.8033745
37100 1.9320221
37200 1.7060201
37300 1.9844145
37400 2.009658
37500 1.9799688
37600 1.8388375
37700 2.1878316
37800 1.8179523
37900 1.9392989
38000 2.0281074
38100 2.388793
38200 2.1629896
38300 1.9584213
38400 2.0597987
38500 2.279782
38600 2.33118
38700 2.1764085
38800 2.3304152
38900 2.1775794
39000 2.14704
39100 1.8140298
39200 2.2584906
39300 2.2563274
39400 2.1370678
39500 2.1202292
39600 2.0995684
39700 1.8357503
39800 2.1301677
39900 2.1476035
40000 2.081361
40100 2.3438594
40200 2.102798
40300 2.0734239
40400 2.143618
40500 1.9419056
40600 2.1695762
40700 1.9105715
40800 2.296184
40900 2.079464
41000 2.062301
41100 1.9513285
41200 1.9037929
41300 2.2215095
41400 1.8755685
41500 2.1769714
41600 2.2435706
41700 2.3622363
41800 2.1186767
41900 2.1060567
42000 2.1288648
42100 2.0587757
42200 1.9396279
42300 2.0986617
42400 1.9302902
42500 2.2204518
42600 1.8351214
42700 2.0939832
42800 1.9780192
42900 2.1338618
43000 1.8841989
43100 2.0683527
43200 2.2369719
43300 2.1400037
43400 1.9170188
43500 2.160786
43600 2.012155
43700 2.1403148
43800 1.7318735
43900 1.6113522
44000 1.90963
44100 2.205888
44200 2.0460856
44300 2.197591
44400 1.8783855
44500 1.7368888
44600 1.8917127
44700 2.199186
44800 2.0253675
44900 1.9729646
45000 2.0388808
45100 2.1026464
45200 2.1195948
45300 1.9422588
45400 2.3204515
45500 2.0347219
45600 2.147572
45700 1.9287151
45800 1.9048557
