0 3.2823596
100 2.1629472
200 1.97688
300 1.7466663
400 1.7730544
500 1.6435517
600 1.5946177
700 1.743376
800 1.7507713
900 1.7548329
1000 1.6313418
1100 1.8294095
1200 1.7069834
1300 1.7845247
1400 1.6628678
1500 1.5967358
1600 1.6717625
1700 1.7946742
1800 1.5687264
1900 1.5670323
2000 1.5586507
2100 1.6028454
2200 1.6681015
2300 1.426953
2400 1.5545548
2500 1.7879217
2600 1.5842836
2700 1.5301062
2800 1.6215274
2900 1.4749944
3000 1.6949792
3100 1.6941
3200 1.5956178
3300 1.3257157
3400 1.608352
3500 1.6307299
3600 1.7108306
3700 1.6064184
3800 1.642211
3900 1.7099559
4000 1.538767
4100 1.6210917
4200 1.4944338
4300 1.4002411
4400 1.5161384
4500 1.5964543
4600 1.3586175
4700 1.5095766
4800 1.3233095
4900 1.450022
5000 1.3095044
5100 1.5851972
5200 1.7263482
5300 1.6419215
5400 1.5143446
5500 1.3589764
5600 1.5344477
5700 1.4274087
5800 1.5418214
5900 1.6020039
6000 1.6160265
6100 1.6429733
6200 1.5979903
6300 1.5991901
6400 1.6100883
6500 1.533326
6600 1.3332981
6700 1.5122267
6800 1.596842
6900 1.4609164
7000 1.6089218
7100 1.5118549
7200 1.4756402
7300 1.5508797
7400 1.6121458
7500 1.6015064
7600 1.7319039
7700 1.3554353
7800 1.3911948
7900 1.5383594
8000 1.4566356
8100 1.4899102
8200 1.517163
8300 1.4997282
8400 1.4085612
8500 1.6581026
8600 1.4604939
8700 1.493703
8800 1.6981245
8900 1.5841036
9000 1.5025812
9100 1.5085912
9200 1.6136684
9300 1.6040319
9400 1.6932138
9500 1.509892
9600 1.3975601
9700 1.362973
9800 1.4480423
9900 1.6306384
10000 1.5664413
10100 1.5197511
10200 1.3490114
10300 1.343161
10400 1.5377203
10500 1.700487
10600 1.5706899
10700 1.6227468
10800 1.306681
10900 1.4903233
11000 1.4365795
11100 1.574469
11200 1.5407093
11300 1.7014349
11400 1.6438074
11500 1.6338148
11600 1.5283643
11700 1.6355385
11800 1.6702577
11900 1.5362673
12000 1.505051
12100 1.5448139
12200 1.5002544
12300 1.4811685
12400 1.5791819
12500 1.715266
12600 1.5806195
12700 1.4152973
12800 1.6208435
12900 1.6946207
13000 1.6651596
13100 1.6343054
13200 1.387816
13300 1.7204791
13400 1.5752008
13500 1.5179996
13600 1.5224934
13700 1.5855343
13800 1.5407426
13900 1.5693364
14000 1.3830703
14100 1.5207598
14200 1.6462606
14300 1.446395
14400 1.5846009
14500 1.6671492
14600 1.5439144
14700 1.388016
14800 1.433542
14900 1.4590445
15000 1.506696
15100 1.4940765
15200 1.2463393
15300 1.4497299
15400 1.6036162
15500 1.6398706
15600 1.432151
15700 1.4772265
15800 1.7395415
15900 1.5929896
16000 1.3624612
16100 1.4472015
16200 1.5701094
16300 1.8262529
16400 1.5149899
16500 1.502868
16600 1.373155
16700 1.6157466
16800 1.4732474
16900 1.5790677
17000 1.4359405
17100 1.4062301
17200 1.5067198
17300 1.4801729
17400 1.4736296
17500 1.3210539
17600 1.291687
17700 1.3357152
17800 1.5052493
17900 1.5125952
18000 1.4487004
18100 1.64712
18200 1.4095896
18300 1.5919544
18400 1.4995971
18500 1.3024863
18600 1.5281129
18700 1.5301625
18800 1.3441734
18900 1.3038931
19000 1.349223
19100 1.4762753
19200 1.3752306
19300 1.5420997
19400 1.496645
19500 1.5099536
19600 1.4115052
19700 1.4378947
19800 1.2366561
19900 1.3009442
20000 1.5674973
20100 1.4421443
20200 1.4737993
20300 1.3196888
20400 1.3512473
20500 1.3958597
20600 1.5563496
20700 1.3309283
20800 1.4198793
20900 1.5542207
21000 1.3972982
21100 1.4259521
21200 1.5071658
21300 1.5438794
21400 1.4224838
21500 1.2964721
21600 1.5114387
21700 1.2825174
21800 1.4238725
21900 1.3408934
22000 1.5041554
22100 1.4139361
22200 1.4349098
22300 1.3941915
22400 1.4672762
22500 1.3270892
22600 1.3405128
22700 1.4935632
22800 1.2814909
22900 1.5728412
23000 1.7375
23100 1.3026716
23200 1.5044787
23300 1.4544461
23400 1.3311199
23500 1.2673023
23600 1.4972546
23700 1.3869452
23800 1.4388498
23900 1.3719083
24000 1.4902892
24100 1.5001415
24200 1.3376915
24300 1.3785516
24400 1.5981197
24500 1.2451406
24600 1.4731702
24700 1.3572513
24800 1.3974065
24900 1.5029243
25000 1.4105737
25100 1.480339
25200 1.3690208
25300 1.2769082
25400 1.3550154
25500 1.4632878
25600 1.3960567
25700 1.5098112
25800 1.3957494
25900 1.4781322
26000 1.548455
26100 1.4203132
26200 1.3896525
26300 1.4282014
26400 1.4392536
26500 1.3425279
26600 1.4812658
26700 1.4838341
26800 1.3247026
26900 1.4793743
27000 1.4423743
27100 1.3216763
27200 1.4581096
27300 1.3417112
27400 1.5045881
27500 1.3299142
27600 1.5477343
27700 1.3263342
27800 1.4351943
27900 1.3852477
28000 1.3552674
28100 1.4524068
28200 1.5835192
28300 1.3347515
28400 1.6923718
28500 1.4023687
28600 1.4781919
28700 1.349364
28800 1.5663211
28900 1.7174865
29000 1.3444846
29100 1.482987
29200 1.3222306
29300 1.4413189
29400 1.2878857
29500 1.4744434
29600 1.5850239
29700 1.2534997
29800 1.383214
29900 1.3786471
30000 1.5295434
30100 1.3560562
30200 1.490979
30300 1.3386497
30400 1.5663744
30500 1.5026933
30600 1.4398452
30700 1.5183191
30800 1.6987271
30900 1.349369
31000 1.6146108
31100 1.3533773
31200 1.4724466
31300 1.5233287
31400 1.4570588
31500 1.3607295
31600 1.4892693
31700 1.31073
31800 1.4965615
31900 1.3636087
32000 1.5227628
32100 1.5593857
32200 1.4591314
32300 1.2682935
32400 1.3273312
32500 1.2993598
32600 1.3163387
32700 1.532722
32800 1.46044
32900 1.4991608
33000 1.3317802
33100 1.4530072
33200 1.2687539
33300 1.4837571
33400 1.4094412
33500 1.5503966
33600 1.4931098
33700 1.5128466
33800 1.3597095
33900 1.3684844
34000 1.4272114
34100 1.3706928
34200 1.3206892
34300 1.3731034
34400 1.3553798
34500 1.3580296
34600 1.4843607
34700 1.4546388
34800 1.3805429
34900 1.3835864
35000 1.3967444
35100 1.305061
35200 1.3312782
35300 1.2930393
35400 1.4286994
35500 1.2065295
35600 1.3256063
35700 1.3108555
35800 1.3603086
35900 1.5799608
36000 1.4738064
36100 1.2435784
36200 1.4203895
36300 1.3913927
36400 1.5175236
36500 1.3035778
36600 1.5936642
36700 1.3289062
36800 1.2540277
36900 1.308138
37000 1.2500039
37100 1.3391757
37200 1.182523
37300 1.3754913
37400 1.3929888
37500 1.3724098
37600 1.274585
37700 1.5164893
37800 1.2601085
37900 1.3442196
38000 1.4057769
38100 1.6557851
38200 1.4992701
38300 1.3574742
38400 1.4277437
38500 1.5802245
38600 1.6158509
38700 1.5085714
38800 1.6153207
38900 1.509383
39000 1.4882146
39100 1.2573897
39200 1.5654664
39300 1.563967
39400 1.4813025
39500 1.469631
39600 1.4553099
39700 1.2724452
39800 1.4765197
39900 1.4886053
40000 1.4426895
40100 1.6246395
40200 1.4575485
40300 1.4371879
40400 1.4858428
40500 1.3460264
40600 1.5038357
40700 1.3243072
40800 1.5915935
40900 1.4413745
41000 1.429478
41100 1.3525579
41200 1.3196087
41300 1.539833
41400 1.300045
41500 1.5089617
41600 1.5551246
41700 1.6373774
41800 1.4685547
41900 1.4598073
42000 1.4756167
42100 1.4270345
42200 1.3444476
42300 1.4546814
42400 1.3379753
42500 1.5390999
42600 1.2720093
42700 1.4514385
42800 1.3710585
42900 1.4790802
43000 1.3060272
43100 1.4336729
43200 1.5505507
43300 1.4833375
43400 1.3287761
43500 1.4977427
43600 1.3947196
43700 1.4835532
43800 1.2004433
43900 1.1169043
44000 1.3236547
44100 1.529005
44200 1.4182385
44300 1.523254
44400 1.3019977
44500 1.2039195
44600 1.3112353
44700 1.5243597
44800 1.4038777
44900 1.3675549
45000 1.4132445
45100 1.4574435
45200 1.4691912
45300 1.3462713
45400 1.6084144
45500 1.4103616
45600 1.4885834
45700 1.3368834
45800 1.3203454
