0 26.33195
100 10.593967
200 8.434185
300 8.130605
400 7.555649
500 7.238851
600 7.062482
700 7.186251
800 7.382295
900 7.5859766
1000 6.7362347
1100 7.2353296
1200 7.5856137
1300 7.0670614
1400 7.222472
1500 6.621299
1600 6.869692
1700 7.075987
1800 6.471014
1900 6.481479
2000 6.715925
2100 6.988074
2200 6.543927
2300 6.1752415
2400 6.602525
2500 6.742622
2600 6.436948
2700 6.604592
2800 6.4231324
2900 6.1456137
3000 6.4649086
3100 6.271368
3200 6.3469067
3300 6.0201807
3400 6.811914
3500 6.3634696
3600 6.022884
3700 6.4146786
3800 6.721598
3900 6.505299
4000 6.501631
4100 6.5427613
4200 6.2436285
4300 6.4054494
4400 6.2824807
4500 6.311778
4600 5.494346
4700 6.0210524
4800 5.9001737
4900 6.114692
5000 6.034545
5100 6.6060953
5200 6.534383
5300 6.592795
5400 6.1638613
5500 6.009953
5600 6.111972
5700 6.551442
5800 6.1159487
5900 6.096285
6000 6.8897376
6100 6.5263166
6200 6.256591
6300 5.8609476
6400 6.4022703
6500 6.0765014
6600 5.9934006
6700 6.5175295
6800 6.6171002
6900 6.590261
7000 6.419356
7100 6.3520103
7200 6.368803
7300 6.148645
7400 6.182286
7500 6.1019816
7600 6.872682
7700 6.134964
7800 6.046931
7900 6.329552
8000 6.104582
8100 6.183273
8200 5.991096
8300 6.126882
8400 5.6876173
8500 6.4917507
8600 6.219423
8700 6.4178524
8800 6.3928347
8900 6.223093
9000 6.4330482
9100 6.002088
9200 5.948976
9300 6.4929066
9400 6.339158
9500 6.1634684
9600 5.970169
9700 6.2992506
9800 5.7661386
9900 6.6362257
10000 6.2751203
10100 6.106034
10200 6.0889373
10300 5.3416924
10400 6.387116
10500 6.6660547
10600 6.8137116
10700 6.238228
10800 5.7613277
10900 6.613201
11000 6.082708
11100 6.2002907
11200 6.2431645
11300 6.2425632
11400 6.2531404
11500 6.4644074
11600 6.001767
11700 6.8776317
11800 6.3600492
11900 6.044154
12000 6.2826834
12100 6.28793
12200 5.668365
12300 6.187534
12400 6.067764
12500 6.4995527
12600 6.043894
12700 5.655547
12800 6.252579
12900 6.2765307
13000 6.651226
13100 6.4690857
13200 5.9386597
13300 6.697547
13400 6.3489733
13500 6.4237237
13600 6.1576576
13700 6.1347036
13800 6.3551598
13900 5.8446655
14000 5.9347177
14100 6.1015553
14200 6.728733
14300 6.3625975
14400 5.6820593
14500 6.5813274
14600 6.2137494
14700 6.1095686
14800 6.2597327
14900 6.346448
15000 6.2745414
15100 5.3974113
15200 5.890167
15300 5.834256
15400 6.673285
15500 6.5068216
15600 6.091697
15700 6.194881
15800 6.681778
15900 6.688779
16000 5.9795294
16100 6.017703
16200 6.1187944
16300 7.2773857
16400 6.1550403
16500 6.4856124
16600 5.9431877
16700 6.2923574
16800 6.5279036
16900 6.9916797
17000 6.0182786
17100 6.285966
17200 6.0417323
17300 6.6729593
17400 6.486975
17500 6.0343127
17600 5.6763673
17700 6.2318287
17800 6.438547
17900 6.1556535
18000 6.013549
18100 6.3834143
18200 5.9562078
18300 6.524679
18400 6.2184515
18500 5.984731
18600 6.23932
18700 6.0790806
18800 6.0932827
18900 5.646067
19000 6.129279
19100 6.259983
19200 6.326598
19300 6.313218
19400 6.5394797
19500 6.4537306
19600 5.786466
19700 6.351809
19800 5.801107
19900 6.4762287
20000 6.7139606
20100 6.5050035
20200 6.2541933
20300 5.8790417
20400 6.0735607
20500 6.145907
20600 6.380083
20700 6.047806
20800 5.945217
20900 6.43127
21000 6.1147127
21100 6.026605
21200 6.1504917
21300 6.2250276
21400 6.0333524
21500 5.95681
21600 6.5599732
21700 5.707735
21800 6.191755
21900 5.950456
22000 6.3168044
22100 6.2605596
22200 6.2888803
22300 6.3602533
22400 6.396716
22500 5.880392
22600 6.0148344
22700 6.2002873
22800 6.1032147
22900 6.200054
23000 6.327497
23100 6.0660315
23200 6.563439
23300 5.986615
23400 5.558198
23500 5.8056536
23600 6.352795
23700 6.1032705
23800 5.7975206
23900 6.0596566
24000 6.1961565
24100 6.0788274
24200 6.2260127
24300 6.3565826
24400 6.0900245
24500 5.96193
24600 5.9652295
24700 6.150884
24800 6.2035847
24900 6.2662916
25000 5.7329974
25100 6.4268265
25200 5.567151
25300 5.81301
25400 5.883317
25500 6.3322163
25600 5.98337
25700 6.1317787
25800 6.2552943
25900 6.4410343
26000 6.3181434
26100 6.2561646
26200 5.906535
26300 5.9847536
26400 6.1756983
26500 6.1006007
26600 6.2415247
26700 6.3088293
26800 6.348065
26900 5.961099
27000 6.275618
27100 5.87275
27200 6.0973315
27300 6.3324113
27400 6.402414
27500 6.072051
27600 6.5769486
27700 6.0366282
27800 5.8641505
27900 6.0074744
28000 6.3056755
28100 6.4408393
28200 6.576218
28300 5.955185
28400 7.1348934
28500 6.12073
28600 6.2368884
28700 6.055187
28800 6.7195787
28900 6.702512
29000 5.9805975
29100 6.342625
29200 6.5277367
29300 6.1599536
29400 6.122112
29500 6.180434
29600 5.9538336
29700 6.095243
29800 6.134746
29900 6.327885
30000 6.4433637
30100 5.9791784
30200 6.2205267
30300 5.867703
30400 6.431345
30500 6.1943464
30600 6.362574
30700 6.467553
30800 6.352169
30900 5.9949136
31000 6.227064
31100 6.059964
31200 6.3892374
31300 6.556606
31400 6.141827
31500 6.189967
31600 6.013589
31700 5.6991444
31800 5.954277
31900 6.4902234
32000 6.342951
32100 6.044691
32200 6.2590485
32300 5.688963
32400 6.113117
32500 5.6327767
32600 6.1082273
32700 6.525527
32800 6.176513
32900 6.006254
33000 5.866076
33100 6.424117
33200 5.7096586
33300 5.887675
33400 6.2118273
33500 6.1161695
33600 6.384244
33700 6.5729375
33800 5.7829113
33900 5.786879
34000 5.959504
34100 5.9820194
34200 5.8108826
34300 5.9300094
34400 5.700776
34500 5.972886
34600 6.340315
34700 6.085511
34800 6.1491513
34900 6.2614746
35000 5.858157
35100 5.777786
35200 5.933154
35300 5.8230925
35400 6.198043
35500 5.6810765
35600 5.9669595
35700 5.505549
35800 6.3062625
35900 5.6638002
36000 5.8543983
36100 5.9826727
36200 5.9741
36300 5.931453
36400 6.5257883
36500 6.042611
36600 6.7283187
36700 5.716091
36800 5.5623584
36900 5.954589
37000 5.9891734
37100 5.9356036
37200 5.5052285
37300 6.1655784
37400 5.7882323
37500 6.3092566
37600 6.031227
37700 6.0087786
37800 5.6409607
37900 5.8295693
38000 5.8484597
38100 6.0008183
38200 6.1339564
38300 5.955402
38400 6.059822
38500 6.33661
38600 6.1611605
38700 6.3474784
38800 6.3630304
38900 6.323165
39000 5.905031
39100 5.5373583
39200 6.3312197
39300 6.2590237
39400 5.912526
39500 5.7280264
39600 6.1840734
39700 5.8486686
39800 5.986015
39900 6.2007856
40000 5.8953457
40100 6.0141997
40200 5.9689703
40300 6.3209295
40400 6.2963705
40500 6.209536
40600 6.375891
40700 6.1231623
40800 6.092933
40900 5.9519396
41000 6.1816406
41100 5.8317237
41200 6.072115
41300 5.994704
41400 6.0291877
41500 6.6668787
41600 6.4081964
41700 6.3024106
41800 6.3396688
41900 6.2285757
42000 6.202777
42100 5.8106904
42200 5.890768
42300 6.0274787
42400 6.122551
42500 6.637312
42600 5.7225294
42700 6.056289
42800 6.157615
42900 5.9642057
43000 5.771631
43100 5.9073076
43200 5.9835396
43300 6.270455
43400 6.164212
43500 6.116338
43600 6.164259
43700 5.9946947
43800 5.3146915
43900 5.5248804
44000 6.09074
44100 6.290083
44200 5.997765
44300 6.580355
44400 6.086532
44500 5.9777627
44600 5.8990774
44700 6.182662
44800 6.034929
44900 5.7806206
45000 6.1996083
45100 6.1758804
45200 6.1871943
45300 5.906431
45400 6.572107
45500 6.069734
45600 6.4207726
45700 5.9748607
45800 5.822396
