0 0.059375003
100 0.34687498
200 0.415625
300 0.478125
400 0.46875006
500 0.50937504
600 0.503125
700 0.48437503
800 0.45625
900 0.4875
1000 0.49687502
1100 0.471875
1200 0.49062505
1300 0.48125
1400 0.50625
1500 0.55
1600 0.49374998
1700 0.45000002
1800 0.53749996
1900 0.52500004
2000 0.55
2100 0.51875
2200 0.503125
2300 0.590625
2400 0.5375
2500 0.5
2600 0.521875
2700 0.528125
2800 0.528125
2900 0.55625004
3000 0.50625
3100 0.50000006
3200 0.51875
3300 0.6125
3400 0.52812505
3500 0.50000006
3600 0.546875
3700 0.53125
3800 0.52812505
3900 0.50000006
4000 0.55312496
4100 0.534375
4200 0.54999995
4300 0.584375
4400 0.56874996
4500 0.546875
4600 0.59375
4700 0.5625
4800 0.615625
4900 0.55312496
5000 0.62812495
5100 0.509375
5200 0.49687502
5300 0.52500004
5400 0.54687506
5500 0.62499994
5600 0.56875
5700 0.53437495
5800 0.528125
5900 0.51250005
6000 0.490625
6100 0.521875
6200 0.540625
6300 0.54375
6400 0.521875
6500 0.528125
6600 0.6125
6700 0.53125
6800 0.49374998
6900 0.58124995
7000 0.52500004
7100 0.55
7200 0.553125
7300 0.571875
7400 0.534375
7500 0.534375
7600 0.49687505
7700 0.571875
7800 0.59375006
7900 0.553125
8000 0.578125
8100 0.565625
8200 0.571875
8300 0.596875
8400 0.56875
8500 0.525
8600 0.575
8700 0.57812494
8800 0.540625
8900 0.5
9000 0.59687495
9100 0.55
9200 0.5375
9300 0.54375005
9400 0.5
9500 0.56562495
9600 0.59062505
9700 0.590625
9800 0.565625
9900 0.52187496
10000 0.53125
10100 0.57500005
10200 0.5625
10300 0.60625
10400 0.496875
10500 0.509375
10600 0.5375
10700 0.54999995
10800 0.628125
10900 0.59999996
11000 0.565625
11100 0.56875
11200 0.525
11300 0.52500004
11400 0.56875
11500 0.503125
11600 0.54687506
11700 0.5125
11800 0.52812505
11900 0.559375
12000 0.54062504
12100 0.503125
12200 0.528125
12300 0.5812501
12400 0.55625
12500 0.44687504
12600 0.55625
12700 0.565625
12800 0.540625
12900 0.509375
13000 0.52500004
13100 0.521875
13200 0.61562496
13300 0.525
13400 0.55
13500 0.56875
13600 0.546875
13700 0.5375
13800 0.53125
13900 0.546875
14000 0.56250006
14100 0.55625004
14200 0.50625
14300 0.60312504
14400 0.55312496
14500 0.49375
14600 0.56250006
14700 0.565625
14800 0.5375
14900 0.534375
15000 0.5375
15100 0.55937505
15200 0.60937494
15300 0.59375
15400 0.52187496
15500 0.521875
15600 0.56875
15700 0.57500005
15800 0.49687505
15900 0.528125
16000 0.6
16100 0.59375
16200 0.5625
16300 0.475
16400 0.565625
16500 0.57500005
16600 0.57187504
16700 0.54062504
16800 0.57187504
16900 0.5125
17000 0.575
17100 0.59999996
17200 0.55312496
17300 0.55937505
17400 0.515625
17500 0.58125
17600 0.603125
17700 0.571875
17800 0.55
17900 0.534375
18000 0.603125
18100 0.53125
18200 0.58750004
18300 0.50937504
18400 0.540625
18500 0.60625005
18600 0.546875
18700 0.5343751
18800 0.584375
18900 0.61249995
19000 0.59062505
19100 0.5375
19200 0.58750004
19300 0.5625
19400 0.534375
19500 0.5375
19600 0.584375
19700 0.546875
19800 0.61875004
19900 0.59375
