0 4.7527514
100 3.2089143
200 2.8892665
300 2.4744735
400 2.5428777
500 2.397777
600 2.268714
700 2.4514458
800 2.493334
900 2.531424
1000 2.363917
1100 2.6558423
1200 2.3956356
1300 2.5213466
1400 2.3242815
1500 2.2045074
1600 2.3522906
1700 2.5192928
1800 2.2238214
1900 2.160852
2000 2.2491634
2100 2.360303
2200 2.3718128
2300 1.9420668
2400 2.108109
2500 2.4515698
2600 2.206532
2700 2.1983733
2800 2.2786179
2900 2.0514848
3000 2.333177
3100 2.3381991
3200 2.2452796
3300 1.8472958
3400 2.2102423
3500 2.3047745
3600 2.2719762
3700 2.1836274
3800 2.2944398
3900 2.2962737
4000 2.2195337
4100 2.2121832
4200 2.0233376
4300 1.8814837
4400 2.0898883
4500 2.1235225
4600 1.8474542
4700 2.082994
4800 1.7936985
4900 2.0395007
5000 1.8405539
5100 2.235273
5200 2.4067135
5300 2.285071
5400 2.1429634
5500 1.8596739
5600 2.1735685
5700 1.9867024
5800 2.2169502
5900 2.1583571
6000 2.3340857
6100 2.3282826
6200 2.1576743
6300 2.2897062
6400 2.2329395
6500 2.1421494
6600 1.7935008
6700 2.0877948
6800 2.2527747
6900 2.046868
7000 2.2765477
7100 2.0918813
7200 2.0770767
7300 2.1591542
7400 2.2681525
7500 2.1727622
7600 2.5454986
7700 1.9706205
7800 1.9331571
7900 2.1308546
8000 2.0393295
8100 2.0603921
8200 2.179824
8300 2.0514472
8400 1.9951518
8500 2.2609675
8600 2.0016546
8700 2.0831993
8800 2.3769567
8900 2.2268014
9000 2.0981243
9100 2.138887
9200 2.1369889
9300 2.251099
9400 2.4822469
9500 2.1016774
9600 1.9682517
9700 1.8961508
9800 2.0004508
9900 2.2719803
10000 2.1976814
10100 2.1148188
10200 1.9286926
10300 1.8140411
10400 2.1938386
10500 2.4347277
10600 2.1418536
10700 2.1928382
10800 1.8400729
10900 2.0003588
11000 1.9909827
11100 2.1210063
11200 2.1525857
11300 2.3787832
11400 2.225782
11500 2.338625
11600 2.1992831
11700 2.2928596
11800 2.2934272
11900 2.127343
12000 2.1073012
12100 2.144853
12200 2.040392
12300 1.9764683
12400 2.2003722
12500 2.4043667
12600 2.1935384
12700 1.9626734
12800 2.1969132
12900 2.313579
13000 2.3379335
13100 2.3191304
13200 1.8331687
13300 2.3217058
13400 2.2195683
13500 2.141623
13600 2.112167
13700 2.2245722
13800 2.1647577
13900 2.152269
14000 2.0117524
14100 2.107503
14200 2.300798
14300 1.9690105
14400 2.193171
14500 2.4211068
14600 2.151905
14700 2.035234
14800 2.0147412
14900 2.1510494
15000 2.106003
15100 2.0205371
15200 1.7606438
15300 1.9795473
15400 2.2098012
15500 2.286899
15600 2.0703518
15700 2.0600324
15800 2.4990368
15900 2.2450354
16000 1.8950497
16100 2.0818691
16200 2.2772946
16300 2.592906
16400 2.1139998
16500 2.0687342
16600 2.0412755
16700 2.307301
16800 2.013314
16900 2.262846
17000 2.010862
17100 1.9635782
17200 2.0965044
17300 2.0998087
17400 2.1172273
17500 1.8349384
17600 1.8256449
17700 2.0178347
17800 2.1409996
17900 2.1584148
18000 2.082911
18100 2.2359025
18200 2.0033598
18300 2.3062847
18400 2.1823823
18500 1.8645641
18600 2.1200988
18700 2.2239447
18800 1.941654
18900 1.8815696
19000 1.9532894
19100 2.0612183
19200 2.0063121
19300 2.1722085
19400 2.157069
19500 2.2343209
19600 2.0317495
19700 2.0312846
19800 1.7441885
19900 1.9526768
