0 3.294356
100 2.2242498
200 2.002687
300 1.7151743
400 1.7625885
500 1.6620125
600 1.5725527
700 1.6992128
800 1.7282475
900 1.7546494
1000 1.6385424
1100 1.8408897
1200 1.6605281
1300 1.7476643
1400 1.6110691
1500 1.528048
1600 1.6304836
1700 1.7462407
1800 1.5414355
1900 1.4977884
2000 1.5590012
2100 1.6360373
2200 1.6440154
2300 1.3461381
2400 1.4612298
2500 1.6992987
2600 1.5294515
2700 1.5237962
2800 1.5794175
2900 1.4219809
3000 1.6172351
3100 1.6207161
3200 1.5563092
3300 1.2804478
3400 1.5320232
3500 1.597548
3600 1.5748138
3700 1.5135751
3800 1.5903845
3900 1.5916557
4000 1.5384636
4100 1.5333686
4200 1.4024707
4300 1.3041451
4400 1.4486002
4500 1.4719136
4600 1.2805576
4700 1.4438214
4800 1.2432971
4900 1.4136741
5000 1.2757747
5100 1.549373
5200 1.6682067
5300 1.5838904
5400 1.4853891
5500 1.2890277
5600 1.5066029
5700 1.3770772
5800 1.5366727
5900 1.4960592
6000 1.617865
6100 1.6138425
6200 1.4955858
6300 1.5871034
6400 1.5477557
6500 1.4848248
6600 1.24316
6700 1.447149
6800 1.5615045
6900 1.4187809
7000 1.5779825
7100 1.4499816
7200 1.4397199
7300 1.4966117
7400 1.5721635
7500 1.506044
7600 1.7644053
7700 1.3659301
7800 1.3399624
7900 1.476996
8000 1.4135555
8100 1.4281551
8200 1.5109389
8300 1.4219549
8400 1.3829339
8500 1.5671833
8600 1.3874413
8700 1.4439636
8800 1.6475809
8900 1.5435011
9000 1.454309
9100 1.4825634
9200 1.4812479
9300 1.560343
9400 1.7205625
9500 1.4567717
9600 1.3642881
9700 1.3143116
9800 1.3866069
9900 1.5748167
10000 1.5233166
10100 1.4658808
10200 1.3368678
10300 1.2573975
10400 1.520653
10500 1.6876246
10600 1.4846197
10700 1.5199597
10800 1.2754413
10900 1.386543
11000 1.380044
11100 1.4701695
11200 1.4920588
11300 1.6488469
11400 1.5427945
11500 1.6210113
11600 1.5244269
11700 1.5892892
11800 1.5896826
11900 1.4745617
12000 1.46067
12100 1.4866989
12200 1.414292
12300 1.3699834
12400 1.5251818
12500 1.6665801
12600 1.520445
12700 1.3604215
12800 1.5227842
12900 1.6036508
13000 1.620532
13100 1.6074986
13200 1.2706558
13300 1.6092839
13400 1.5384874
13500 1.48446
13600 1.4640425
13700 1.541956
13800 1.5004958
13900 1.491839
14000 1.3944404
14100 1.4608097
14200 1.5947917
14300 1.364814
14400 1.5201904
14500 1.6781833
14600 1.4915869
14700 1.4107167
14800 1.3965122
14900 1.4909937
15000 1.4597701
15100 1.4005296
15200 1.2203853
15300 1.3721176
15400 1.5317175
15500 1.5851576
15600 1.4350585
15700 1.4279056
15800 1.7322004
15900 1.55614
16000 1.3135483
16100 1.4430417
16200 1.5785004
16300 1.7972655
16400 1.465313
16500 1.4339373
16600 1.4149044
16700 1.5992992
16800 1.395523
16900 1.5684854
17000 1.3938234
17100 1.3610487
17200 1.4531862
17300 1.4554764
17400 1.4675502
17500 1.2718824
17600 1.2654406
17700 1.3986564
17800 1.4840277
17900 1.4960991
18000 1.443764
18100 1.5498096
18200 1.3886231
18300 1.5985948
18400 1.5127122
18500 1.2924173
18600 1.4695406
18700 1.541521
18800 1.345852
18900 1.3042047
19000 1.353917
19100 1.4287276
19200 1.3906696
19300 1.5056603
19400 1.4951663
19500 1.5487132
19600 1.4083015
19700 1.4079791
19800 1.2089794
19900 1.3534924
