0 26.98727
100 11.410549
200 9.322586
300 8.221208
400 7.8358493
500 7.243439
600 7.431559
700 7.694823
800 7.5941253
900 7.7105107
1000 6.742644
1100 7.468121
1200 7.445792
1300 7.0238085
1400 7.2413883
1500 6.87435
1600 7.1159124
1700 7.242053
1800 6.6806626
1900 6.610574
2000 6.7674537
2100 6.723035
2200 6.8694363
2300 6.2175493
2400 6.447365
2500 7.320352
2600 6.519111
2700 6.572988
2800 6.498221
2900 6.414711
3000 6.7004995
3100 6.6335864
3200 6.245332
3300 6.0213385
3400 6.708558
3500 6.5264072
3600 6.189305
3700 6.199116
3800 6.709547
3900 6.2734637
4000 6.6343803
4100 6.684473
4200 6.294925
4300 6.2475224
4400 6.3172784
4500 6.2736444
4600 5.738355
4700 6.076805
4800 5.941012
4900 6.0475526
5000 6.0565443
5100 6.5445824
5200 6.499127
5300 6.4979305
5400 6.152003
5500 6.075641
5600 6.3775735
5700 6.288105
5800 6.2964134
5900 5.959552
6000 6.7344427
6100 6.389701
6200 6.435011
6300 5.9197726
6400 6.36973
6500 6.035116
6600 5.9266887
6700 6.4942794
6800 6.28311
6900 6.4045053
7000 6.529309
7100 6.186914
7200 6.41734
7300 6.286983
7400 6.223452
7500 6.2123814
7600 6.7887654
7700 6.160391
7800 5.992279
7900 6.00906
8000 5.8259497
8100 6.0700693
8200 6.072216
8300 6.0411606
8400 5.825803
8500 6.4393125
8600 6.225992
8700 6.3252196
8800 6.269644
8900 6.320013
9000 6.3523955
9100 5.924904
9200 6.1197314
9300 6.5312896
9400 6.40657
9500 6.1285496
9600 5.930215
9700 6.0272117
9800 5.8439226
9900 6.5343933
10000 6.3206496
10100 6.08658
10200 6.160577
10300 5.499495
10400 6.3660235
10500 6.634671
10600 6.594199
10700 6.523922
10800 5.615856
10900 6.329611
11000 6.089782
11100 6.41194
11200 6.3817234
11300 6.360082
11400 6.305318
11500 6.5768237
11600 6.09941
11700 6.4793334
11800 6.2036877
11900 5.9605427
12000 6.1405797
12100 6.33259
12200 5.756531
12300 6.1147165
12400 6.02047
12500 6.726573
12600 5.9391475
12700 5.596388
12800 6.280967
12900 6.1347394
13000 6.786319
13100 6.216706
13200 5.8996105
13300 6.4271317
13400 6.2419033
13500 6.3877974
13600 5.9511495
13700 6.1522827
13800 6.1971903
13900 5.9042206
14000 5.947815
14100 6.118534
14200 6.72291
14300 6.307454
14400 5.594625
14500 6.3816447
14600 6.2193503
14700 5.866594
14800 6.199177
14900 6.5407987
15000 6.3125486
15100 5.4897776
15200 5.826392
15300 5.7480726
15400 6.683613
15500 6.4840736
15600 6.079727
15700 6.0777783
15800 6.72499
15900 6.6674633
16000 5.8359375
16100 6.0279365
16200 6.077875
16300 7.2578897
16400 5.996453
16500 6.4777308
16600 5.951535
16700 6.115989
16800 6.5986075
16900 7.062951
17000 5.997554
17100 6.1534085
17200 6.028059
17300 6.583656
17400 6.3855214
17500 5.9672656
17600 5.679429
17700 6.0773177
17800 6.5400286
17900 6.052905
18000 5.8576794
18100 6.3937597
18200 5.972918
18300 6.423316
18400 6.1640053
18500 5.9105945
18600 6.1474695
18700 6.292526
18800 5.9718647
18900 5.671674
19000 5.9737306
19100 6.3747864
19200 6.4196844
19300 6.2873697
19400 6.655448
19500 6.5831604
19600 5.74691
19700 6.2976575
19800 5.7445707
19900 6.457285
