0 4.8350935
100 3.092313
200 2.8838978
300 2.5408373
400 2.5307233
500 2.4066007
600 2.3099205
700 2.4999058
800 2.4852204
900 2.5701685
1000 2.3944306
1100 2.6999142
1200 2.5022755
1300 2.5365317
1400 2.3607435
1500 2.272526
1600 2.4610138
1700 2.5290596
1800 2.2552056
1900 2.276984
2000 2.294774
2100 2.4093685
2200 2.4249976
2300 1.9916642
2400 2.1729636
2500 2.5423594
2600 2.3287063
2700 2.2512503
2800 2.3995452
2900 2.1590223
3000 2.4224825
3100 2.3803694
3200 2.3408895
3300 1.8823543
3400 2.328041
3500 2.4191415
3600 2.416568
3700 2.244493
3800 2.4637125
3900 2.5588965
4000 2.2554188
4100 2.3270655
4200 2.1762044
4300 1.9971554
4400 2.1553557
4500 2.243923
4600 1.9648856
4700 2.1143806
4800 1.9047872
4900 2.0490708
5000 1.8732111
5100 2.3322897
5200 2.542456
5300 2.4434538
5400 2.0789087
5500 1.9138799
5600 2.1862576
5700 2.1020448
5800 2.286147
5900 2.3718596
6000 2.4099276
6100 2.3349059
6200 2.3626952
6300 2.322801
6400 2.3624709
6500 2.1795986
6600 1.9457873
6700 2.1591227
6800 2.3391073
6900 2.0620394
7000 2.2954838
7100 2.1659725
7200 2.1223671
7300 2.2912056
7400 2.2844973
7500 2.2409203
7600 2.5018446
7700 2.0358567
7800 1.9407957
7900 2.1660004
8000 2.0255578
8100 2.0858433
8200 2.1761026
8300 2.179039
8400 2.105222
8500 2.345697
8600 2.01796
8700 2.1475892
8800 2.4613853
8900 2.2855933
9000 2.1631124
9100 2.23263
9200 2.1982658
9300 2.293104
9400 2.4637654
9500 2.1904
9600 2.0099003
9700 1.9708734
9800 2.149285
9900 2.340295
10000 2.27228
10100 2.227357
10200 1.9447403
10300 1.9608516
10400 2.181781
10500 2.4593039
10600 2.265856
10700 2.3114932
10800 1.8930309
10900 2.1496813
11000 2.1293898
11100 2.2429461
11200 2.194811
11300 2.4555054
11400 2.3885334
11500 2.3933952
11600 2.247165
11700 2.3657792
11800 2.270143
11900 2.1509063
12000 2.049315
12100 2.1795614
12200 2.1507514
12300 2.1603742
12400 2.2710307
12500 2.3882604
12600 2.2709858
12700 2.080298
12800 2.357838
12900 2.4226837
13000 2.3429034
13100 2.3688772
13200 1.9700412
13300 2.450677
13400 2.3385153
13500 2.2161653
13600 2.2131941
13700 2.3355107
13800 2.319855
13900 2.2593806
14000 2.1116698
14100 2.1087296
14200 2.4963298
14300 2.1551814
14400 2.2830825
14500 2.5623875
14600 2.2756324
14700 2.1636703
14800 2.0999336
14900 2.1984608
15000 2.1746008
15100 2.1787086
15200 1.8342236
15300 2.1296802
15400 2.3251865
15500 2.4398408
15600 2.1173153
15700 2.1122127
15800 2.5555785
15900 2.3261716
16000 2.0199697
16100 2.1496217
16200 2.2247746
16300 2.6702719
16400 2.3386765
16500 2.1535704
16600 2.085181
16700 2.3036015
16800 2.1662211
16900 2.309542
17000 2.1665626
17100 2.069013
17200 2.179539
17300 2.2140265
