0 26.35869
100 10.329986
200 8.444658
300 7.975031
400 7.546407
500 6.95248
600 6.9484715
700 7.3336577
800 7.2390633
900 7.658535
1000 6.4998856
1100 7.17651
1200 7.6032405
1300 6.8331113
1400 7.129465
1500 6.737957
1600 6.912281
1700 7.0071983
1800 6.6109285
1900 6.397507
2000 6.6151743
2100 6.6358733
2200 6.576797
2300 6.259934
2400 6.598004
2500 6.8950763
2600 6.3091197
2700 6.6804233
2800 6.6022377
2900 6.2674985
3000 6.670565
3100 6.462675
3200 6.288991
3300 6.1243157
3400 6.796741
3500 6.581614
3600 6.238366
3700 6.2611995
3800 6.820793
3900 6.4499254
4000 6.6564703
4100 6.6472526
4200 6.409218
4300 6.299219
4400 6.469946
4500 6.494578
4600 5.5183992
4700 6.072371
4800 5.950443
4900 6.083694
5000 6.182338
5100 6.503593
5200 6.4138255
5300 6.613092
5400 6.1505895
5500 6.237207
5600 6.274081
5700 6.781401
5800 6.0751653
5900 5.889127
6000 6.9863973
6100 6.479809
6200 6.5474625
6300 6.0026293
6400 6.439514
6500 6.2318907
6600 5.8730373
6700 6.5767817
6800 6.6149464
6900 6.3269057
7000 6.61237
7100 6.2486744
7200 6.402228
7300 6.2974386
7400 6.109346
7500 6.310379
7600 7.053692
7700 6.3920174
7800 6.110532
7900 6.1740017
8000 5.9468555
8100 6.147101
8200 6.2504644
8300 6.213317
8400 5.8307543
8500 6.3061
8600 6.29084
8700 6.2524343
8800 6.3985677
8900 6.284006
9000 6.5399504
9100 5.9480996
9200 6.185262
9300 6.6270485
9400 6.5009785
9500 6.228194
9600 6.0492926
9700 6.1265864
9800 5.734764
9900 6.7475
10000 6.551319
10100 6.2981553
10200 6.1560163
10300 5.725852
10400 6.398925
10500 6.849186
10600 6.683535
10700 6.643482
10800 5.737478
10900 6.60085
11000 6.106139
11100 6.376963
11200 6.219451
11300 6.2912984
11400 6.369569
11500 6.6459255
11600 6.035021
11700 6.626418
11800 6.3175693
11900 5.959192
12000 6.2994
12100 6.3240995
12200 5.8289695
12300 6.2940235
12400 6.2550063
12500 6.732287
12600 6.072407
12700 5.6986675
12800 6.3032103
12900 6.2862372
13000 6.68863
13100 6.5355883
13200 6.146418
13300 6.7684245
13400 6.499908
13500 6.4744887
13600 6.1170416
13700 6.172428
13800 6.3308654
13900 5.9064426
14000 6.2346582
14100 6.282137
14200 6.6810374
14300 6.410317
14400 5.7794213
14500 6.8224
14600 6.225568
14700 6.0147862
14800 6.275322
14900 6.515201
15000 6.2501974
15100 5.601933
15200 5.9021144
15300 6.012272
15400 6.772137
15500 6.791148
15600 6.0170236
15700 6.3325095
15800 6.7412925
15900 6.715536
16000 6.0111403
16100 6.3058085
16200 6.180739
16300 7.443336
16400 6.1612716
16500 6.4784746
16600 6.1759067
16700 6.4325824
16800 6.7658987
16900 6.9961996
17000 6.141906
17100 6.277752
17200 6.164757
17300 6.6916866
