0 0.015625
100 0.38750002
200 0.44687504
300 0.490625
400 0.484375
500 0.5375
600 0.54375
700 0.471875
800 0.459375
900 0.51250005
1000 0.496875
1100 0.45312503
1200 0.4875
1300 0.49687502
1400 0.528125
1500 0.5375
1600 0.51250005
1700 0.465625
1800 0.546875
1900 0.540625
2000 0.5375
2100 0.50624996
2200 0.503125
2300 0.534375
2400 0.534375
2500 0.47499996
2600 0.52812505
2700 0.50625
2800 0.5375
2900 0.59375
3000 0.49375004
3100 0.48437497
3200 0.48750004
3300 0.59999996
3400 0.515625
3500 0.484375
3600 0.5375
3700 0.5375
3800 0.50937504
3900 0.465625
4000 0.54062504
4100 0.52500004
4200 0.553125
4300 0.590625
4400 0.571875
4500 0.5125
4600 0.56875
4700 0.54375005
4800 0.62812495
4900 0.55937505
5000 0.64375
5100 0.5375
5200 0.515625
5300 0.496875
5400 0.5625
5500 0.621875
5600 0.546875
5700 0.53749996
5800 0.509375
5900 0.52187496
6000 0.49374998
6100 0.50625
6200 0.53125
6300 0.53125
6400 0.51875
6500 0.55312496
6600 0.575
6700 0.515625
6800 0.484375
6900 0.578125
7000 0.49999997
7100 0.5375
7200 0.5625
7300 0.56562495
7400 0.515625
7500 0.49375004
7600 0.471875
7700 0.5625
7800 0.56875
7900 0.53125
8000 0.54687494
8100 0.57187504
8200 0.559375
8300 0.571875
8400 0.54687494
8500 0.50625
8600 0.596875
8700 0.575
8800 0.534375
8900 0.503125
9000 0.540625
9100 0.54375005
9200 0.5375
9300 0.515625
9400 0.49375
9500 0.55625
9600 0.578125
9700 0.58750004
9800 0.553125
9900 0.534375
10000 0.52812505
10100 0.57500005
10200 0.59062505
10300 0.578125
10400 0.534375
10500 0.521875
10600 0.5343751
10700 0.534375
10800 0.63125
10900 0.5875
11000 0.5656251
11100 0.57187504
11200 0.5125
11300 0.48125
11400 0.5343751
11500 0.51875
11600 0.5625
11700 0.5
11800 0.48750004
11900 0.52812505
12000 0.553125
12100 0.525
12200 0.553125
12300 0.571875
12400 0.55625004
12500 0.496875
12600 0.57812506
12700 0.53749996
12800 0.54062504
12900 0.50937504
13000 0.51875
13100 0.534375
13200 0.58125
13300 0.51874995
13400 0.509375
13500 0.546875
13600 0.54375005
13700 0.503125
13800 0.49375004
13900 0.52500004
14000 0.565625
14100 0.51250005
14200 0.48749995
14300 0.57187504
14400 0.56562495
14500 0.503125
14600 0.57187504
14700 0.54375
14800 0.546875
14900 0.534375
15000 0.534375
15100 0.54062504
15200 0.58125
15300 0.571875
15400 0.503125
15500 0.51875
15600 0.56562495
15700 0.55
15800 0.49375
15900 0.515625
16000 0.57500005
16100 0.57500005
16200 0.54062504
16300 0.453125
16400 0.55
16500 0.55625
16600 0.575
16700 0.54062504
16800 0.578125
16900 0.475
17000 0.55937505
17100 0.584375
17200 0.565625
17300 0.55625004
17400 0.52812505
17500 0.540625
17600 0.61562496
17700 0.565625
17800 0.546875
17900 0.52500004
18000 0.56250006
18100 0.53125
18200 0.565625
18300 0.5125
18400 0.534375
18500 0.609375
18600 0.509375
18700 0.55625
18800 0.5875
18900 0.61875004
19000 0.5656251
19100 0.553125
19200 0.58750004
19300 0.53125
19400 0.515625
19500 0.54375
19600 0.56875
19700 0.59375006
19800 0.609375
19900 0.60937506
20000 0.5375
20100 0.57187504
20200 0.50312495
20300 0.58125
20400 0.559375
20500 0.54375005
20600 0.503125
20700 0.571875
20800 0.5625
20900 0.528125
21000 0.5812501
21100 0.578125
21200 0.534375
21300 0.5375001
21400 0.59999996
21500 0.59375
21600 0.5
21700 0.60937506
21800 0.56250006
21900 0.60625
22000 0.571875
22100 0.5375
22200 0.559375
22300 0.55
22400 0.553125
22500 0.57500005
22600 0.59375
22700 0.525
22800 0.60312504
22900 0.53125
23000 0.48437506
23100 0.609375
23200 0.54375
23300 0.55625
23400 0.621875
23500 0.58437496
23600 0.54375
23700 0.559375
23800 0.5656251
23900 0.58437496
24000 0.528125
24100 0.58125
24200 0.578125
24300 0.55625004
24400 0.503125
24500 0.61875004
24600 0.53749996
24700 0.5625
24800 0.553125
24900 0.49687502
25000 0.57812494
25100 0.55
25200 0.5812501
25300 0.628125
25400 0.59062505
25500 0.55
25600 0.56875
25700 0.521875
25800 0.56875
25900 0.546875
26000 0.521875
26100 0.565625
26200 0.575
26300 0.55
26400 0.534375
26500 0.55625004
26600 0.553125
26700 0.55937505
26800 0.609375
26900 0.565625
27000 0.55
27100 0.61875
27200 0.571875
27300 0.609375
27400 0.54999995
27500 0.58124995
27600 0.546875
27700 0.59375
27800 0.58437496
27900 0.58125
28000 0.59062505
28100 0.525
28200 0.4875
28300 0.559375
28400 0.49062502
28500 0.55625004
28600 0.5375
28700 0.584375
28800 0.55625
28900 0.46249998
29000 0.565625
29100 0.5656251
29200 0.59375
29300 0.5625
29400 0.55
29500 0.54062504
29600 0.509375
29700 0.65000004
29800 0.60625005
29900 0.56874996
30000 0.54062504
30100 0.59062505
30200 0.55937505
30300 0.578125
30400 0.5
30500 0.54375005
30600 0.534375
30700 0.54999995
30800 0.521875
30900 0.54687506
31000 0.51250005
31100 0.56875
31200 0.546875
31300 0.5375
31400 0.546875
31500 0.578125
31600 0.56250006
31700 0.596875
31800 0.55
31900 0.5656251
32000 0.52812505
32100 0.52500004
32200 0.546875
32300 0.60625
32400 0.603125
32500 0.60312504
32600 0.56875
32700 0.52812505
32800 0.503125
32900 0.54999995
33000 0.575
33100 0.534375
33200 0.59375
33300 0.54999995
33400 0.546875
33500 0.509375
33600 0.559375
33700 0.5375
33800 0.575
33900 0.5625
34000 0.5625
34100 0.590625
34200 0.565625
34300 0.57500005
34400 0.57187504
34500 0.57812506
34600 0.54375
34700 0.56875
34800 0.575
34900 0.559375
35000 0.58125
35100 0.60312504
35200 0.5875
35300 0.578125
35400 0.59687495
35500 0.6
35600 0.6
35700 0.56875
35800 0.546875
35900 0.528125
36000 0.55
36100 0.59999996
36200 0.534375
36300 0.56875
36400 0.5625
36500 0.61875
36600 0.50625
36700 0.609375
36800 0.590625
36900 0.58437496
37000 0.609375
37100 0.578125
37200 0.64687496
37300 0.53437495
37400 0.59375
37500 0.57500005
37600 0.578125
37700 0.5375
37800 0.565625
37900 0.590625
38000 0.55
38100 0.490625
38200 0.58750004
38300 0.571875
38400 0.56562495
38500 0.521875
38600 0.54375005
38700 0.5531251
38800 0.521875
38900 0.49374998
39000 0.5375
39100 0.60625
39200 0.51874995
39300 0.52500004
39400 0.51875
39500 0.57187504
39600 0.54375
39700 0.59062505
39800 0.55
39900 0.546875
40000 0.55625
40100 0.496875
40200 0.59375
40300 0.56874996
40400 0.55625
40500 0.57187504
40600 0.553125
40700 0.61562496
40800 0.48125
40900 0.584375
41000 0.515625
