0 4.7795115
100 3.023439
200 2.729823
300 2.4101684
400 2.4729764
500 2.2531714
600 2.2555707
700 2.4611874
800 2.4568179
900 2.4447029
1000 2.3422894
1100 2.5137453
1200 2.3998713
1300 2.4444818
1400 2.2818654
1500 2.2563694
1600 2.3016977
1700 2.5099294
1800 2.2438745
1900 2.1444564
2000 2.216357
2100 2.3326087
2200 2.4332857
2300 2.1148803
2400 2.1241748
2500 2.513902
2600 2.2576523
2700 2.241581
2800 2.2064536
2900 2.076641
3000 2.3375854
3100 2.3957307
3200 2.374148
3300 1.9431697
3400 2.240513
3500 2.3373067
3600 2.3289585
3700 2.2417264
3800 2.3277712
3900 2.434118
4000 2.260036
4100 2.2749553
4200 2.0705404
4300 1.9077387
4400 2.0694354
4500 2.349956
4600 1.8921198
4700 2.0826137
4800 1.8203983
4900 2.0299644
5000 1.8000017
5100 2.2502582
5200 2.3800845
5300 2.3961995
5400 2.1462934
5500 1.8439237
5600 2.18777
5700 2.0947824
5800 2.3250506
5900 2.2144
6000 2.312941
6100 2.3055446
6200 2.2091942
6300 2.2331986
6400 2.308644
6500 2.1934166
6600 1.8873326
6700 2.2076664
6800 2.2904027
6900 2.0450494
7000 2.335254
7100 2.1294115
7200 2.108182
7300 2.2369869
7400 2.405834
7500 2.2902524
7600 2.5731168
7700 1.9972308
7800 1.9221741
7900 2.206013
8000 2.0589867
8100 2.107995
8200 2.1209965
8300 2.1189854
8400 2.0341566
8500 2.3604896
8600 2.0329902
8700 2.1360557
8800 2.4060454
8900 2.304825
9000 2.1420023
9100 2.1695135
9200 2.2248104
9300 2.2904384
9400 2.5696013
9500 2.0959282
9600 2.1121008
9700 1.954352
9800 2.0987093
9900 2.291135
10000 2.215206
10100 2.0899792
10200 1.9731666
10300 1.9393877
10400 2.1930375
10500 2.457011
10600 2.213954
10700 2.3482728
10800 1.7960824
10900 2.082144
11000 2.1288364
11100 2.1827493
11200 2.1580613
11300 2.4377007
11400 2.3338218
11500 2.3420851
11600 2.1968536
11700 2.2912197
11800 2.3378205
11900 2.2440066
12000 2.1141112
12100 2.1227393
12200 2.0600562
12300 2.087705
12400 2.2460353
12500 2.3887093
12600 2.1289577
12700 1.9664196
12800 2.2046769
12900 2.4410126
13000 2.418122
13100 2.2582846
13200 1.9365833
13300 2.3635259
13400 2.2822871
13500 2.1951885
13600 2.1596103
13700 2.3009553
13800 2.2700634
13900 2.237752
14000 2.0115705
14100 2.1643996
14200 2.4344335
14300 2.0348601
14400 2.1627007
14500 2.398562
14600 2.1728165
14700 2.1220734
14800 2.065763
14900 2.213279
15000 2.1601534
15100 2.1453848
15200 1.8499453
15300 2.0145228
15400 2.1896722
15500 2.3017075
15600 2.1526427
15700 2.136399
15800 2.4856875
15900 2.2690578
16000 1.9621308
16100 2.0395513
16200 2.191164
16300 2.6246758
16400 2.1904438
16500 2.0768766
16600 2.0778737
16700 2.2184825
16800 2.0334325
16900 2.3055644
17000 2.0943952
17100 2.073609
17200 2.1656768
17300 2.1168623
17400 2.1255186
17500 1.8718743
17600 1.8501701
17700 1.9927454
17800 2.1914754
17900 2.2217875
18000 2.1013958
18100 2.3126452
18200 2.1258337
18300 2.3440514
18400 2.2158015
18500 1.8751167
18600 2.169029
18700 2.1887908
18800 1.904557
18900 1.8046169
19000 1.9522007
19100 2.1601508
19200 2.0468059
19300 2.23175
19400 2.1468568
19500 2.1720314
19600 2.094315
19700 2.0177195
19800 1.7703075
19900 1.9463449
20000 2.1813245
20100 2.043522
20200 2.1568356
20300 1.9276267
20400 2.0163236
20500 2.1130435
20600 2.2515347
20700 1.9490168
20800 2.0582647
20900 2.2247388
21000 2.0437076
21100 2.0458863
21200 2.1946566
21300 2.1512606
21400 2.0233984
21500 1.891992
21600 2.2338915
21700 1.8455238
21800 2.0181804
21900 1.9423095
22000 2.2361398
22100 2.0939043
22200 2.0888245
22300 2.0746067
22400 2.146397
22500 1.9257755
22600 1.9085771
22700 2.1340847
22800 1.8787477
22900 2.2444224
23000 2.4491003
23100 1.9034882
23200 2.1152186
23300 2.133668
23400 1.8173156
23500 1.8530357
23600 2.1780045
23700 2.0009954
23800 2.089926
23900 1.9783715
24000 2.1924846
24100 2.1396196
24200 1.9369562
24300 2.048663
24400 2.3374183
24500 1.7922888
24600 2.1259468
24700 1.9803376
24800 1.9895529
24900 2.2479427
25000 1.9631582
25100 2.070518
25200 1.9561609
25300 1.8094403
25400 1.9507786
25500 2.191476
25600 2.0416925
25700 2.2643802
25800 2.0234067
25900 2.0809503
26000 2.1978905
26100 2.1117597
26200 1.949542
26300 2.0711744
26400 2.1617548
26500 1.9762996
26600 2.1935291
26700 2.0657587
26800 1.9619195
26900 2.2143397
27000 2.077458
27100 1.9317561
27200 2.069658
27300 1.974535
27400 2.1581526
27500 1.9869493
27600 2.2254415
27700 1.898643
27800 2.1464033
27900 2.0736835
28000 1.9654384
28100 2.1003647
28200 2.3791528
28300 1.9386967
28400 2.4423537
28500 2.027307
28600 2.1293242
28700 1.9275315
28800 2.2649114
28900 2.5165875
29000 1.9546504
29100 2.1403399
29200 1.9680315
29300 2.1272984
29400 1.9146036
29500 2.197601
29600 2.2671926
29700 1.7824346
29800 2.02171
29900 2.0046144
30000 2.1556804
30100 1.8661464
30200 2.0648172
30300 1.9173607
30400 2.2760208
30500 2.18419
30600 2.072692
30700 2.1887367
30800 2.4165063
30900 1.9015387
31000 2.3935423
31100 2.0035381
31200 2.1890845
31300 2.2500114
31400 2.1038485
31500 2.0502675
31600 2.1322227
31700 1.9700588
31800 2.1074958
31900 1.9525983
32000 2.18448
32100 2.228632
32200 2.1790333
32300 1.8396358
32400 1.9701872
32500 1.9313065
32600 1.8637484
32700 2.2854064
32800 2.218592
32900 2.155787
33000 1.8904278
33100 2.1741438
33200 1.8819131
33300 2.1137133
33400 2.0539289
33500 2.3246202
33600 2.0933738
33700 2.1846282
33800 1.9921366
33900 2.0376534
34000 2.123723
34100 1.972641
34200 2.0035288
34300 1.9699708
34400 1.9202962
34500 1.991623
34600 2.2097816
34700 2.0687883
34800 2.0153508
34900 2.067691
35000 1.9808156
35100 1.8553528
35200 1.924802
35300 1.8963369
35400 2.0607378
35500 1.8567197
35600 1.8330697
35700 1.9766673
35800 2.0733104
35900 2.2663713
36000 2.0694232
36100 1.8406593
36200 2.0633035
36300 1.9809307
36400 2.1510906
36500 1.9058006
36600 2.3347626
36700 1.9520121
36800 1.8033973
36900 1.8465331
37000 1.864781
37100 1.9729118
37200 1.6955422
37300 2.000397
37400 2.0215847
37500 2.0042849
37600 1.9217951
37700 2.202173
37800 1.8421732
37900 1.9146954
38000 2.0981495
38100 2.3782442
38200 2.1878355
38300 2.0301435
38400 2.0183156
38500 2.2651677
38600 2.3178275
38700 2.1918054
38800 2.3538039
38900 2.2818606
39000 2.1680157
39100 1.8349632
39200 2.2700486
39300 2.2161806
39400 2.2254286
39500 2.1463141
39600 2.0971715
39700 1.8826228
39800 2.0703957
39900 2.160314
40000 2.0829413
40100 2.3210547
40200 2.1224287
40300 2.038602
40400 2.11555
40500 1.9471557
40600 2.1215653
40700 1.8525692
40800 2.3579764
40900 2.0885987
41000 2.1278324
