0 3.3129048
100 2.095688
200 1.8921692
300 1.6706014
400 1.7141366
500 1.5617795
600 1.5634425
700 1.7059652
800 1.7029364
900 1.6945388
1000 1.6235514
1100 1.7423955
1200 1.6634641
1300 1.6943856
1400 1.5816685
1500 1.5639961
1600 1.5954154
1700 1.7397505
1800 1.5553353
1900 1.486424
2000 1.5362616
2100 1.6168411
2200 1.6866251
2300 1.4659233
2400 1.4723659
2500 1.7425041
2600 1.5648853
2700 1.5537455
2800 1.5293971
2900 1.4394178
3000 1.6202908
3100 1.660594
3200 1.6456339
3300 1.3469026
3400 1.5530053
3500 1.6200976
3600 1.614311
3700 1.5538464
3800 1.6134881
3900 1.687202
4000 1.5665376
4100 1.5768789
4200 1.4351892
4300 1.3223437
4400 1.4344233
4500 1.6288655
4600 1.3115175
4700 1.4435579
4800 1.261804
4900 1.4070642
5000 1.2476661
5100 1.5597602
5200 1.6497488
5300 1.660919
5400 1.4876972
5500 1.2781105
5600 1.5164465
5700 1.4519925
5800 1.6116022
5900 1.5349052
6000 1.6032087
6100 1.5980818
6200 1.5312967
6300 1.5479354
6400 1.6002301
6500 1.5203606
6600 1.3081993
6700 1.5302377
6800 1.5875862
6900 1.4175203
7000 1.6186746
7100 1.4759955
7200 1.4612803
7300 1.5505612
7400 1.667597
7500 1.587482
7600 1.7835486
7700 1.3843749
7800 1.3323495
7900 1.5290916
8000 1.4271808
8100 1.4611508
8200 1.4701627
8300 1.4687688
8400 1.4099699
8500 1.6361667
8600 1.4091614
8700 1.4806011
8800 1.6677437
8900 1.597583
9000 1.484723
9100 1.5037922
9200 1.542121
9300 1.587611
9400 1.7811118
9500 1.4527867
9600 1.4639968
9700 1.3546536
9800 1.4547145
9900 1.5880938
10000 1.5354638
10100 1.4486631
10200 1.3676949
10300 1.3442811
10400 1.5200979
10500 1.7030703
10600 1.534596
10700 1.6276987
10800 1.2449495
10900 1.4432323
11000 1.4755969
11100 1.5129665
11200 1.4958541
11300 1.6896853
11400 1.617682
11500 1.6234096
11600 1.5227429
11700 1.5881525
11800 1.6204537
11900 1.5554268
12000 1.4653902
12100 1.4713707
12200 1.4279221
12300 1.4470868
12400 1.5568331
12500 1.6557271
12600 1.4756811
12700 1.3630182
12800 1.5281656
12900 1.691981
13000 1.6761146
13100 1.5653236
13200 1.3423373
13300 1.6382713
13400 1.5819609
13500 1.5215887
13600 1.4969277
13700 1.5949007
13800 1.5734881
13900 1.5510914
14000 1.3943144
14100 1.5002475
14200 1.6874207
14300 1.4104575
14400 1.4990699
14500 1.6625564
14600 1.5060816
14700 1.4709092
14800 1.4318777
14900 1.5341281
15000 1.4973042
15100 1.4870675
15200 1.2822844
15300 1.3963609
15400 1.5177652
15500 1.5954221
15600 1.4920982
15700 1.480839
15800 1.7229474
15900 1.572791
16000 1.3600454
16100 1.4137092
16200 1.5187992
16300 1.8192866
16400 1.5182999
16500 1.4395812
16600 1.4402723
16700 1.5377349
16800 1.409468
16900 1.5980955
17000 1.451724
17100 1.4373163
17200 1.5011327
17300 1.4672971
17400 1.4732972
17500 1.2974844
17600 1.2824402
17700 1.3812659
17800 1.519015
17900 1.5400257
18000 1.4565766
18100 1.6030035
18200 1.4735156
18300 1.6247725
18400 1.5358765
18500 1.2997319
18600 1.5034564
18700 1.5171541
18800 1.3201383
18900 1.2508651
19000 1.3531624
19100 1.4973024
19200 1.4187378
19300 1.5469313
19400 1.4880877
19500 1.5055375
19600 1.4516685
19700 1.3985766
19800 1.2270837
19900 1.3491035
20000 1.511979
20100 1.4164615
20200 1.4950045
20300 1.3361291
20400 1.397609
20500 1.4646502
20600 1.560645
20700 1.3509555
20800 1.4266804
20900 1.5420715
21000 1.4165901
21100 1.4181002
21200 1.5212201
21300 1.4911402
21400 1.4025129
21500 1.3114289
21600 1.5484157
21700 1.2792196
21800 1.398896
21900 1.3463063
22000 1.549974
22100 1.4513838
22200 1.4478627
22300 1.4380077
22400 1.4877691
22500 1.3348459
22600 1.3229249
22700 1.4792348
22800 1.3022487
22900 1.5557151
23000 1.697587
23100 1.3193974
23200 1.4661579
23300 1.4789459
23400 1.2596672
23500 1.2844265
23600 1.5096776
23700 1.3869843
23800 1.4486264
23900 1.3713026
24000 1.5197145
24100 1.4830712
24200 1.3425957
24300 1.4200249
24400 1.6201749
24500 1.24232
24600 1.473594
24700 1.3726654
24800 1.379053
24900 1.5581552
25000 1.3607576
25100 1.4351737
25200 1.3559074
25300 1.2542084
25400 1.3521767
25500 1.5190156
25600 1.4151934
25700 1.5695488
25800 1.4025186
25900 1.4424047
26000 1.5234616
26100 1.4637603
26200 1.3513196
26300 1.4356287
26400 1.4984143
26500 1.3698665
26600 1.5204386
26700 1.4318749
26800 1.359899
26900 1.5348634
27000 1.4399841
27100 1.3389913
27200 1.4345776
27300 1.3686434
27400 1.4959173
27500 1.3772483
27600 1.5425584
27700 1.3160391
27800 1.4877734
27900 1.4373678
28000 1.3623381
28100 1.4558619
28200 1.649103
28300 1.3438022
28400 1.6929106
28500 1.4052222
28600 1.4759351
28700 1.336063
28800 1.569917
28900 1.7443655
29000 1.3548604
29100 1.4835706
29200 1.3641355
29300 1.4745309
29400 1.3271021
29500 1.5232611
29600 1.5714982
29700 1.2354895
29800 1.4013425
29900 1.3894928
30000 1.4942038
30100 1.2935141
30200 1.4312222
30300 1.3290131
30400 1.5776174
30500 1.5139651
30600 1.4366806
30700 1.5171167
30800 1.6749945
30900 1.3180462
31000 1.659077
31100 1.3887467
31200 1.5173578
31300 1.559589
31400 1.4582766
31500 1.4211371
31600 1.4779441
31700 1.3655407
31800 1.4608047
31900 1.353438
32000 1.5141661
32100 1.54477
32200 1.5103908
32300 1.2751384
32400 1.3656297
32500 1.3386797
32600 1.291852
32700 1.5841229
32800 1.5378107
32900 1.4942777
33000 1.3103447
33100 1.5070016
33200 1.3044428
33300 1.4651145
33400 1.423675
33500 1.6113039
33600 1.4510162
33700 1.5142689
33800 1.3808439
33900 1.4123937
34000 1.4720526
34100 1.3673306
34200 1.3887403
34300 1.3654797
34400 1.3310479
34500 1.3804879
34600 1.531704
34700 1.4339747
34800 1.3969347
34900 1.4332142
35000 1.3729968
35100 1.2860326
35200 1.334171
35300 1.3144406
35400 1.4283947
35500 1.28698
35600 1.2705871
35700 1.3701214
35800 1.4371092
35900 1.5709288
36000 1.4344149
36100 1.2758478
36200 1.4301729
36300 1.3730766
36400 1.4910223
36500 1.3210003
36600 1.6183342
36700 1.3530316
36800 1.2500198
36900 1.2799191
37000 1.2925677
37100 1.3675183
37200 1.1752603
37300 1.3865695
37400 1.4012557
37500 1.3892643
37600 1.3320869
37700 1.52643
37800 1.2768972
37900 1.3271657
38000 1.4543265
38100 1.6484733
38200 1.516492
38300 1.4071883
38400 1.3989898
38500 1.5700946
38600 1.6065955
38700 1.5192437
38800 1.6315325
38900 1.5816652
39000 1.502754
39100 1.2718996
39200 1.5734777
39300 1.5361394
39400 1.5425495
39500 1.4877117
39600 1.4536486
39700 1.3049347
39800 1.435089
39900 1.4974157
40000 1.443785
40100 1.6088326
40200 1.4711554
40300 1.4130514
40400 1.4663875
40500 1.3496655
40600 1.4705571
40700 1.2841032
40800 1.6344247
40900 1.4477063
41000 1.4749011
