0 26.866203
100 10.141724
200 8.963217
300 8.27925
400 8.120735
500 7.3451223
600 7.266219
700 7.508275
800 7.36959
900 7.2660303
1000 6.8826265
1100 7.540509
1200 7.410363
1300 6.941114
1400 7.1162333
1500 6.980287
1600 7.0371895
1700 7.1439095
1800 6.808738
1900 6.452913
2000 6.7787604
2100 6.932611
2200 7.0243745
2300 6.1731014
2400 6.2442994
2500 7.2183523
2600 6.4101133
2700 6.551269
2800 6.418556
2900 6.2429595
3000 6.5604143
3100 6.8455467
3200 6.4115753
3300 5.9814754
3400 6.700056
3500 6.74286
3600 6.2265153
3700 6.153583
3800 6.8091145
3900 6.16456
4000 6.7026253
4100 6.732027
4200 6.322341
4300 6.1968365
4400 6.3982153
4500 6.562534
4600 5.8076267
4700 6.172528
4800 6.0182905
4900 6.0480556
5000 6.0983295
5100 6.5037594
5200 6.6219406
5300 6.536899
5400 6.256748
5500 5.946266
5600 6.337724
5700 6.4700313
5800 6.090253
5900 6.067892
6000 6.9447045
6100 6.5977683
6200 6.4037623
6300 6.0443
6400 6.4709024
6500 6.3024025
6600 5.8152037
6700 6.617582
6800 6.699489
6900 6.533906
7000 6.4398413
7100 6.2606187
7200 6.3482947
7300 6.2607265
7400 6.3864822
7500 6.3803244
7600 6.8023024
7700 6.1620045
7800 6.165354
7900 5.991619
8000 6.1786904
8100 6.2570148
8200 6.259878
8300 6.3384895
8400 5.8581977
8500 6.3055234
8600 6.351513
8700 6.279768
8800 6.6706657
8900 6.375863
9000 6.236688
9100 6.065332
9200 6.377805
9300 6.7754674
9400 6.698397
9500 6.191552
9600 5.9906907
9700 6.083353
9800 5.9138465
9900 6.5349646
10000 6.6482387
10100 6.235167
10200 6.2816324
10300 5.900196
10400 6.4987373
10500 6.5889
10600 6.646638
10700 6.6275487
10800 5.7631536
10900 6.2875004
11000 6.0915446
11100 6.73582
11200 6.312993
11300 6.6001625
11400 6.400548
11500 6.6765594
11600 6.227541
11700 6.538188
11800 6.508163
11900 6.0962934
12000 6.1305265
12100 6.2719316
12200 5.658802
12300 6.2169776
12400 6.1500206
12500 6.767743
12600 5.939727
12700 5.789784
12800 6.300663
12900 6.3754835
13000 6.8486133
13100 6.3292
13200 6.029816
13300 6.650945
13400 6.2962656
13500 6.4760404
13600 6.147478
13700 6.3056154
13800 6.38311
13900 6.205043
14000 5.972239
14100 6.239317
14200 6.7208815
14300 6.4247246
14400 5.6792116
14500 6.5089064
14600 6.3358097
14700 5.956839
14800 6.214506
14900 6.548937
15000 6.4854045
15100 5.440565
15200 6.0762215
15300 5.8408804
15400 6.721836
15500 6.5857487
15600 6.1329727
15700 6.279697
15800 6.7048426
15900 6.497274
16000 5.9592905
16100 5.9977236
16200 6.2134237
16300 7.26362
16400 6.127841
16500 6.5774136
16600 6.0512347
16700 6.338731
16800 6.597562
16900 7.007314
17000 6.1774187
17100 6.385626
17200 6.01015
17300 6.7009125
17400 6.6196322
17500 6.044544
17600 5.7919655
17700 6.3472404
17800 6.404679
17900 6.1184835
18000 6.0076904
18100 6.561729
18200 6.09868
18300 6.6489215
18400 6.179212
18500 6.0697484
18600 6.217116
18700 6.2442455
18800 5.9928436
18900 5.83376
19000 6.109068
19100 6.2834935
19200 6.4508753
19300 6.28524
19400 6.572915
19500 6.509896
19600 5.6697855
19700 6.2574162
19800 5.7361307
19900 6.4708333
20000 6.548351
20100 6.371846
20200 6.3007965
20300 5.8942695
20400 6.081387
20500 6.26128
20600 6.2425923
20700 6.23717
20800 5.974092
20900 6.4656506
21000 6.326578
21100 6.1252584
21200 6.329297
21300 6.257952
21400 6.273028
21500 6.1011405
21600 6.62534
21700 5.797096
21800 6.234412
21900 5.8967333
22000 6.4372025
22100 6.194178
22200 6.3022947
22300 6.255663
22400 6.315179
22500 5.984256
22600 5.984401
22700 6.3405166
22800 6.037792
22900 6.3351345
23000 6.3219233
23100 6.1112027
23200 6.5570235
23300 6.121456
23400 5.653243
23500 5.992701
23600 6.5682154
23700 6.139337
23800 5.8906865
23900 6.18084
24000 6.2749257
24100 6.2929974
24200 6.3708363
24300 6.5080023
24400 5.928097
24500 6.0415807
24600 6.130346
24700 6.154087
24800 6.252127
24900 6.386929
25000 5.7310853
25100 6.4863224
25200 5.6439714
25300 5.711826
25400 5.7521086
25500 6.378833
25600 6.088222
25700 6.1819553
25800 6.328068
25900 6.450116
26000 6.286242
26100 6.1731873
26200 5.8155956
26300 6.115273
26400 6.2983055
26500 5.9735303
26600 6.197815
26700 6.3626122
26800 6.130908
26900 5.88719
27000 6.1520495
27100 5.8532596
27200 6.0868297
27300 6.2743807
27400 6.617924
27500 6.093912
27600 6.546494
27700 6.0442333
27800 5.907238
27900 6.0902066
28000 6.2305984
28100 6.48213
28200 6.6870613
28300 6.124736
28400 7.0918446
28500 6.2215667
28600 6.449119
28700 6.033988
28800 6.8056726
28900 6.764258
29000 6.00334
29100 6.1903377
29200 6.4131355
29300 6.23013
29400 6.0046597
29500 6.1667423
29600 5.958026
29700 6.013613
29800 6.1359897
29900 6.377404
30000 6.470125
30100 5.9196224
30200 5.979651
30300 5.9556875
30400 6.4143243
30500 6.3271317
30600 6.3989487
30700 6.4130983
30800 6.4727044
30900 6.012234
31000 6.2955856
31100 6.0541024
31200 6.3531456
31300 6.652434
31400 6.2043266
31500 6.217757
31600 5.9632697
31700 5.767419
31800 5.992349
31900 6.4666443
32000 6.251775
32100 6.0134244
32200 6.204702
32300 5.786988
32400 6.2288756
32500 5.7055006
32600 6.021473
32700 6.5663056
32800 6.158128
32900 6.0924706
33000 6.008772
33100 6.5522184
33200 5.8407335
33300 6.002645
33400 6.283925
33500 6.129267
33600 6.392055
33700 6.6994815
33800 5.7733564
33900 5.8749757
34000 5.9615755
34100 5.9541535
34200 6.025404
34300 5.996236
34400 5.775562
34500 5.907938
34600 6.3684945
34700 6.174241
34800 6.176283
34900 6.37269
35000 5.8656006
35100 5.9366026
35200 6.0528507
35300 5.9165497
35400 6.181558
35500 5.7620964
35600 5.95474
35700 5.691262
35800 6.341026
35900 5.64658
36000 5.9360123
36100 6.0304694
36200 6.159768
36300 6.0319815
36400 6.5842423
36500 6.0073376
36600 6.7295666
36700 5.7085114
36800 5.6343184
36900 5.9480124
37000 6.0617003
37100 6.146994
37200 5.5783634
37300 6.2906218
37400 5.848854
37500 6.2448153
37600 6.1925726
37700 6.0843706
37800 5.741472
37900 5.869819
38000 6.0347967
38100 6.1693487
38200 6.1121674
38300 6.049836
38400 6.077588
38500 6.4449596
38600 6.2987676
38700 6.289561
38800 6.2780504
38900 6.4046617
39000 6.0525794
39100 5.589401
39200 6.356659
39300 6.234532
39400 6.03176
39500 5.8303356
39600 6.3100567
39700 5.9547243
39800 6.1065226
39900 6.2746887
40000 6.0970097
40100 6.0644073
40200 5.934804
40300 6.2795124
40400 6.3824964
40500 6.297627
40600 6.3433623
40700 6.1000085
40800 6.112009
40900 6.0643177
41000 6.286702
