0 0.025000002
100 0.390625
200 0.415625
300 0.46875003
400 0.4625
500 0.484375
600 0.515625
700 0.47500002
800 0.434375
900 0.48125
1000 0.46875
1100 0.446875
1200 0.50000006
1300 0.496875
1400 0.503125
1500 0.54062504
1600 0.45312503
1700 0.45312503
1800 0.51875
1900 0.503125
2000 0.525
2100 0.521875
2200 0.47187504
2300 0.571875
2400 0.52500004
2500 0.46562502
2600 0.509375
2700 0.50937504
2800 0.534375
2900 0.55
3000 0.478125
3100 0.496875
3200 0.50312495
3300 0.58437496
3400 0.5125
3500 0.46875
3600 0.50937504
3700 0.49062502
3800 0.48125002
3900 0.453125
4000 0.53125
4100 0.50625
4200 0.54062504
4300 0.553125
4400 0.5375
4500 0.49062502
4600 0.559375
4700 0.54375
4800 0.5625
4900 0.534375
5000 0.625
5100 0.48125
5200 0.48125002
5300 0.49062502
5400 0.565625
5500 0.59374994
5600 0.575
5700 0.5375
5800 0.48125002
5900 0.50625
6000 0.48125005
6100 0.515625
6200 0.49374998
6300 0.55
6400 0.48125
6500 0.553125
6600 0.5625
6700 0.54375005
6800 0.471875
6900 0.590625
7000 0.48750004
7100 0.50625
7200 0.546875
7300 0.54375
7400 0.5343751
7500 0.52812505
7600 0.47812498
7700 0.56875
7800 0.55937505
7900 0.56874996
8000 0.5625
8100 0.56874996
8200 0.55312496
8300 0.571875
8400 0.52812505
8500 0.50937504
8600 0.575
8700 0.559375
8800 0.51250005
8900 0.51250005
9000 0.553125
9100 0.515625
9200 0.553125
9300 0.528125
9400 0.48750004
9500 0.52500004
9600 0.5875
9700 0.565625
9800 0.5343751
9900 0.490625
10000 0.509375
10100 0.521875
10200 0.58437496
10300 0.565625
10400 0.528125
10500 0.51875
10600 0.52500004
10700 0.509375
10800 0.615625
10900 0.54687494
11000 0.578125
11100 0.540625
11200 0.49687505
11300 0.49999997
11400 0.52812505
11500 0.49375
11600 0.53749996
11700 0.484375
11800 0.496875
11900 0.546875
12000 0.56250006
12100 0.51874995
12200 0.53125
12300 0.54062504
12400 0.50937504
12500 0.45625
12600 0.54062504
12700 0.55937505
12800 0.5
12900 0.51875
13000 0.534375
13100 0.528125
13200 0.58125
13300 0.478125
13400 0.521875
13500 0.55937505
13600 0.546875
13700 0.50937504
13800 0.478125
13900 0.5125
14000 0.54375005
14100 0.5375
14200 0.465625
14300 0.54999995
14400 0.534375
14500 0.471875
14600 0.4875
14700 0.528125
14800 0.5437499
14900 0.540625
15000 0.52187496
15100 0.528125
15200 0.596875
15300 0.534375
15400 0.496875
15500 0.525
15600 0.57187504
15700 0.55625004
15800 0.47812504
15900 0.53125
16000 0.56874996
16100 0.55
16200 0.553125
16300 0.45625
16400 0.496875
16500 0.55625
16600 0.575
16700 0.52500004
16800 0.51875
16900 0.50624996
17000 0.54375005
17100 0.5625
17200 0.525
17300 0.515625
