0 3.3514314
100 2.143428
200 1.9989656
300 1.7611742
400 1.7541637
500 1.6681285
600 1.6011149
700 1.7328027
800 1.7226236
900 1.781505
1000 1.6596929
1100 1.8714379
1200 1.7344452
1300 1.7581898
1400 1.6363426
1500 1.575195
1600 1.7058448
1700 1.7530106
1800 1.5631895
1900 1.578285
2000 1.5906162
2100 1.670047
2200 1.6808802
2300 1.3805164
2400 1.5061836
2500 1.7622292
2600 1.6141362
2700 1.5604478
2800 1.663238
2900 1.4965203
3000 1.679137
3100 1.6499463
3200 1.622581
3300 1.3047485
3400 1.6136751
3500 1.6768211
3600 1.6750374
3700 1.555764
3800 1.7077153
3900 1.7736919
4000 1.5633372
4100 1.6129988
4200 1.50843
4300 1.3843226
4400 1.4939787
4500 1.5553689
4600 1.3619549
4700 1.4655769
4800 1.3202978
4900 1.4203076
5000 1.298411
5100 1.6166201
5200 1.7622962
5300 1.6936731
5400 1.4409896
5500 1.3266004
5600 1.5153983
5700 1.4570265
5800 1.5846364
5900 1.6440477
6000 1.6704345
6100 1.6184335
6200 1.6376956
6300 1.610043
6400 1.63754
6500 1.5107826
6600 1.348717
6700 1.4965898
6800 1.6213456
6900 1.4292969
7000 1.5911082
7100 1.5013376
7200 1.4711127
7300 1.5881428
7400 1.5834929
7500 1.5532876
7600 1.7341466
7700 1.4111484
7800 1.345257
7900 1.5013571
8000 1.4040097
8100 1.4457964
8200 1.5083594
8300 1.5103947
8400 1.4592288
8500 1.6259131
8600 1.3987434
8700 1.4885955
8800 1.7061023
8900 1.5842525
9000 1.4993552
9100 1.5475411
9200 1.5237218
9300 1.5894585
9400 1.7077521
9500 1.5182695
9600 1.3931568
9700 1.3661053
9800 1.4897709
9900 1.6221689
10000 1.5750245
10100 1.5438862
10200 1.3479912
10300 1.3591588
10400 1.5122954
10500 1.7046596
10600 1.5705717
10700 1.6022049
10800 1.312149
10900 1.4900455
11000 1.4759805
11100 1.5546918
11200 1.5213271
11300 1.7020266
11400 1.6556052
11500 1.6589751
11600 1.5576161
11700 1.6398331
11800 1.5735433
11900 1.4908947
12000 1.4204769
12100 1.5107569
12200 1.4907873
12300 1.4974573
12400 1.5741585
12500 1.6554159
12600 1.5741274
12700 1.4419526
12800 1.6343287
12900 1.6792765
13000 1.623977
13100 1.6419805
13200 1.3655285
13300 1.6986798
13400 1.6209352
13500 1.5361288
13600 1.5340693
13700 1.6188526
13800 1.608001
13900 1.5660833
14000 1.4636979
14100 1.46166
14200 1.730324
14300 1.4938579
14400 1.5825121
14500 1.7761117
14600 1.5773482
14700 1.499742
14800 1.4555631
14900 1.5238569
15000 1.5073185
15100 1.5101657
15200 1.271387
15300 1.4761817
15400 1.6116965
15500 1.6911688
15600 1.4676112
15700 1.4640743
15800 1.771392
15900 1.6123793
16000 1.4001362
16100 1.4900043
16200 1.5420963
16300 1.8508914
16400 1.621047
16500 1.4927413
16600 1.4453373
16700 1.5967349
16800 1.5015101
16900 1.6008525
17000 1.5017467
17100 1.4341307
17200 1.5107414
17300 1.5346463
