0 0.125
100 0.28125
200 0.3125
300 0.34375
400 0.40625
500 0.40625
600 0.5625
700 0.4375
800 0.46875
900 0.28125
1000 0.5
1100 0.5625
1200 0.53125
1300 0.5
1400 0.5
1500 0.5
1600 0.6875
1700 0.59375
1800 0.4375
1900 0.625
2000 0.5
2100 0.4375
2200 0.46875
2300 0.46875
2400 0.59375
2500 0.5625
2600 0.5625
2700 0.375
2800 0.40625
2900 0.59375
3000 0.53125
3100 0.65625
3200 0.625
3300 0.46875
3400 0.71875
3500 0.5625
3600 0.59375
3700 0.625
3800 0.71875
3900 0.59375
4000 0.4375
4100 0.5
4200 0.4375
4300 0.59375
4400 0.5
4500 0.625
4600 0.625
4700 0.71875
4800 0.71875
4900 0.71875
5000 0.6875
5100 0.34375
5200 0.59375
5300 0.375
5400 0.59375
5500 0.375
5600 0.53125
5700 0.5625
5800 0.5
5900 0.71875
6000 0.6875
6100 0.625
6200 0.6875
6300 0.5
6400 0.625
6500 0.53125
6600 0.5
6700 0.8125
6800 0.65625
6900 0.5625
7000 0.59375
7100 0.75
7200 0.65625
7300 0.6875
7400 0.4375
7500 0.71875
7600 0.59375
7700 0.8125
7800 0.65625
7900 0.5625
8000 0.6875
8100 0.6875
8200 0.59375
8300 0.6875
8400 0.5
8500 0.6875
8600 0.5
8700 0.6875
8800 0.46875
8900 0.65625
9000 0.5625
9100 0.65625
9200 0.71875
9300 0.625
9400 0.78125
9500 0.625
9600 0.65625
9700 0.5625
9800 0.78125
9900 0.65625
10000 0.6875
10100 0.59375
10200 0.65625
10300 0.625
10400 0.5625
10500 0.71875
10600 0.53125
10700 0.625
10800 0.5
10900 0.75
11000 0.75
11100 0.65625
11200 0.71875
11300 0.625
11400 0.75
11500 0.75
11600 0.65625
11700 0.875
11800 0.71875
11900 0.625
12000 0.75
12100 0.75
12200 0.5625
12300 0.6875
12400 0.65625
12500 0.65625
12600 0.59375
12700 0.65625
12800 0.65625
12900 0.625
13000 0.6875
13100 0.71875
13200 0.71875
13300 0.59375
13400 0.625
13500 0.6875
13600 0.8125
13700 0.71875
13800 0.6875
13900 0.75
14000 0.5625
14100 0.6875
14200 0.59375
14300 0.6875
14400 0.625
14500 0.8125
14600 0.5625
14700 0.59375
14800 0.71875
14900 0.625
15000 0.71875
15100 0.59375
15200 0.6875
15300 0.65625
15400 0.75
15500 0.875
15600 0.8125
15700 0.625
15800 0.75
15900 0.625
16000 0.78125
16100 0.53125
16200 0.71875
16300 0.59375
16400 0.625
16500 0.84375
16600 0.78125
16700 0.71875
16800 0.625
16900 0.84375
17000 0.78125
17100 0.8125
17200 0.84375
17300 0.625
17400 0.78125
17500 0.75
17600 0.84375
17700 0.78125
17800 0.71875
17900 0.75
18000 0.625
18100 0.6875
18200 0.8125
18300 0.8125
18400 0.8125
18500 0.78125
18600 0.71875
18700 0.8125
18800 0.75
18900 0.65625
19000 0.75
19100 0.75
19200 0.78125
19300 0.78125
19400 0.78125
19500 0.78125
19600 0.625
19700 0.84375
19800 0.84375
19900 0.8125
20000 0.65625
20100 0.78125
20200 0.8125
20300 0.75
20400 0.8125
20500 0.65625
20600 0.71875
20700 0.84375
20800 0.75
20900 0.78125
21000 0.8125
21100 0.84375
21200 0.84375
21300 0.75
21400 0.625
