0 3.2695677
100 2.5247653
200 2.6137288
300 2.4726524
400 2.2666605
500 2.2948864
600 2.0842316
700 2.427891
800 2.6074665
900 2.2483234
1000 2.5232036
1100 1.8793871
1200 2.1016057
1300 2.2016482
1400 1.8283823
1500 1.9112647
1600 1.6015881
1700 2.0839887
1800 2.0047517
1900 1.630584
2000 1.9004486
2100 2.5753925
2200 2.0185184
2300 2.0909266
2400 1.7179749
2500 1.6039715
2600 1.996473
2700 2.2052438
2800 2.0517616
2900 2.1951478
3000 2.0354717
3100 1.4436597
3200 1.6777188
3300 2.0146542
3400 1.4493967
3500 1.8195614
3600 1.7610879
3700 1.4161257
3800 1.5658076
3900 2.0340288
4000 1.8102804
4100 1.7822614
4200 1.9799391
4300 1.7792627
4400 1.9598038
4500 1.8437442
4600 1.9395574
4700 1.583267
4800 1.3973215
4900 1.4703029
5000 1.7312137
5100 2.4649413
5200 1.8669156
5300 2.3387468
5400 1.6010563
5500 2.1734889
5600 2.134335
5700 1.7908543
5800 1.6750716
5900 1.3021553
6000 1.3236046
6100 1.4736756
6200 1.4329258
6300 1.6650892
6400 1.5786821
6500 1.7587097
6600 1.7940706
6700 1.3984687
6800 1.4160732
6900 1.6762884
7000 1.9533147
7100 1.3271759
7200 1.4404088
7300 1.2673544
7400 1.9867487
7500 1.2208958
7600 1.710524
7700 1.1645644
7800 1.4240742
7900 1.5896927
8000 1.4729736
8100 1.5302452
8200 1.6980122
8300 1.3811213
8400 2.264687
8500 1.4606303
8600 1.6003866
8700 1.4705597
8800 1.7612904
8900 1.4840001
9000 1.5032142
9100 1.6001644
9200 1.2963296
9300 1.5865835
9400 1.4734297
9500 1.3533909
9600 1.3889315
9700 1.5573446
9800 1.1184074
9900 1.5374187
10000 1.3756281
10100 1.4326507
10200 1.3993691
10300 1.4868048
10400 1.5118607
10500 1.5220231
10600 1.5879496
10700 1.554842
10800 1.9257962
10900 0.997169
11000 1.1778181
11100 1.2819829
11200 1.2689471
11300 1.7299637
11400 1.4414384
11500 1.3744012
11600 1.6407324
11700 1.3107198
11800 1.4562423
11900 1.3862729
12000 1.1516929
12100 0.977036
12200 1.4854158
12300 1.2859206
12400 1.6773248
12500 1.0529306
12600 1.3328551
12700 1.4984192
12800 1.2812579
12900 1.2801285
13000 1.1555839
13100 1.2618129
13200 1.4586576
13300 1.6094607
13400 1.4626522
13500 1.6588387
13600 0.8913739
13700 1.1744413
13800 1.0298193
13900 1.0901397
14000 1.7497268
14100 1.4621509
14200 1.3831962
14300 1.4706255
14400 1.7084825
14500 1.0956
14600 1.5679624
14700 1.5184367
14800 1.5515828
14900 1.3094184
15000 1.1466266
15100 1.7243341
15200 1.485455
15300 1.2485735
15400 1.3570627
15500 1.0637751
15600 1.049932
15700 1.3734634
15800 1.2986546
15900 1.4835622
16000 1.1915667
16100 2.1576462
16200 1.5037105
16300 1.6398188
16400 1.577273
16500 0.8238706
16600 1.7044024
16700 1.4532113
16800 1.2681445
16900 0.815537
17000 0.98616916
17100 1.012823
17200 0.9981657
17300 1.3034314
17400 0.98960865
17500 1.1068989
17600 0.8658573
17700 1.0498701
17800 1.4559593
17900 0.92434156
18000 1.6026235
18100 1.290743
18200 0.8334217
18300 0.94506633
18400 1.0666995
18500 1.2107342
18600 1.0690328
18700 0.9919307
18800 0.8983118
18900 1.4816343
19000 1.1020988
19100 1.4914416
19200 1.3038377
19300 0.86039156
19400 1.189301
19500 1.0132359
19600 1.408147
19700 1.0483959
19800 0.9234737
19900 0.9037238
20000 1.3586317
20100 0.7784317
20200 0.98364186
20300 1.0742793
20400 1.0053313
20500 1.3024883
20600 1.1678014
20700 0.8971807
20800 1.0942637
20900 1.0042853
21000 0.89277947
21100 0.9546661
21200 0.9369061
21300 1.3385886
21400 1.4644763
