0 0.09375
100 0.28125
200 0.40625
300 0.5
400 0.25
500 0.46875
600 0.34375
700 0.5
800 0.5625
900 0.40625
1000 0.5
1100 0.59375
1200 0.5
1300 0.5625
1400 0.28125
1500 0.53125
1600 0.53125
1700 0.5625
1800 0.5625
1900 0.59375
2000 0.4375
2100 0.40625
2200 0.46875
2300 0.34375
2400 0.34375
2500 0.53125
2600 0.71875
2700 0.53125
2800 0.53125
2900 0.53125
3000 0.46875
3100 0.375
3200 0.53125
3300 0.5625
3400 0.65625
3500 0.625
3600 0.5
3700 0.46875
3800 0.625
3900 0.65625
4000 0.65625
4100 0.59375
4200 0.625
4300 0.40625
4400 0.53125
4500 0.5625
4600 0.53125
4700 0.5625
4800 0.65625
4900 0.5625
5000 0.53125
5100 0.46875
5200 0.4375
5300 0.53125
5400 0.5625
5500 0.75
5600 0.5625
5700 0.5
5800 0.53125
5900 0.65625
6000 0.40625
6100 0.59375
6200 0.53125
6300 0.59375
6400 0.59375
6500 0.6875
6600 0.46875
6700 0.59375
6800 0.5625
6900 0.53125
7000 0.5625
7100 0.53125
7200 0.5
7300 0.53125
7400 0.59375
7500 0.53125
7600 0.59375
7700 0.59375
7800 0.65625
7900 0.78125
8000 0.625
8100 0.46875
8200 0.53125
8300 0.625
8400 0.625
8500 0.46875
8600 0.5625
8700 0.65625
8800 0.5625
8900 0.6875
9000 0.40625
9100 0.625
9200 0.71875
9300 0.625
9400 0.59375
9500 0.625
9600 0.8125
9700 0.53125
9800 0.6875
9900 0.6875
10000 0.71875
10100 0.8125
10200 0.6875
10300 0.6875
10400 0.59375
10500 0.71875
10600 0.78125
10700 0.59375
10800 0.78125
10900 0.6875
11000 0.71875
11100 0.625
11200 0.65625
11300 0.8125
11400 0.65625
11500 0.625
11600 0.59375
11700 0.6875
11800 0.6875
11900 0.75
12000 0.65625
12100 0.6875
12200 0.59375
12300 0.6875
12400 0.6875
12500 0.71875
12600 0.5625
12700 0.75
12800 0.75
12900 0.75
13000 0.65625
13100 0.6875
13200 0.6875
13300 0.5625
13400 0.59375
13500 0.75
13600 0.8125
13700 0.6875
13800 0.84375
13900 0.78125
14000 0.90625
14100 0.71875
14200 0.78125
14300 0.75
14400 0.8125
14500 0.71875
14600 0.75
14700 0.875
14800 0.6875
14900 0.78125
15000 0.6875
15100 0.71875
15200 0.65625
15300 0.8125
15400 0.71875
15500 0.78125
15600 0.84375
15700 0.6875
15800 0.84375
15900 0.8125
16000 0.84375
16100 0.9375
16200 0.625
16300 0.71875
16400 0.75
16500 0.8125
16600 0.6875
16700 0.625
16800 0.8125
16900 0.75
17000 0.78125
17100 0.875
17200 0.78125
17300 0.78125
17400 0.78125
17500 0.8125
17600 0.78125
17700 0.71875
17800 0.84375
17900 0.78125
18000 0.8125
18100 0.90625
18200 0.8125
18300 0.8125
18400 0.8125
18500 0.84375
18600 0.875
18700 0.90625
18800 0.875
18900 0.75
19000 0.875
19100 0.8125
19200 0.875
19300 0.75
19400 0.875
19500 0.71875
19600 0.8125
19700 0.90625
19800 0.8125
19900 0.8125
20000 0.90625
