0 3.3648753
100 2.890546
200 2.3398268
300 2.4020486
400 2.812459
500 2.335202
600 2.256582
700 2.4457488
800 1.8547565
900 2.6622748
1000 2.4009292
1100 2.005138
1200 1.9397348
1300 1.7891637
1400 2.6480799
1500 2.1283934
1600 1.7195194
1700 1.8507358
1800 1.8434291
1900 1.7427468
2000 2.026494
2100 2.174588
2200 2.420124
2300 2.4610188
2400 2.2719345
2500 2.028887
2600 1.57351
2700 2.1726317
2800 1.8554767
2900 1.8805292
3000 2.5505984
3100 2.4033644
3200 1.564283
3300 1.5085001
3400 1.3704184
3500 1.9564915
3600 2.082033
3700 2.090083
3800 1.3665482
3900 1.6867149
4000 1.5859146
4100 1.9293268
4200 1.8358536
4300 2.372834
4400 1.905766
4500 1.6935987
4600 1.4746405
4700 1.7475848
4800 1.4547098
4900 1.6995906
5000 2.2335203
5100 1.9288733
5200 2.1304574
5300 1.7463769
5400 1.9112626
5500 1.2989149
5600 1.697634
5700 1.7064214
5800 1.617969
5900 1.4306053
6000 1.8928314
6100 1.8032632
6200 2.1799574
6300 1.8288286
6400 1.7776839
6500 1.1686673
6600 2.2140732
6700 1.5935916
6800 1.9165535
6900 1.9174004
7000 2.2644439
7100 2.0294611
7200 1.8876961
7300 1.7236094
7400 2.0095308
7500 1.8739978
7600 1.7010789
7700 1.3573531
7800 1.7620937
7900 1.131474
8000 1.6061546
8100 1.7693383
8200 1.8434389
8300 1.8410504
8400 1.3568429
8500 1.5765768
8600 1.6781135
8700 1.6500889
8800 1.4162793
8900 1.593694
9000 2.6880953
9100 1.4450866
9200 1.3489213
9300 1.2719572
9400 1.673136
9500 1.7174395
9600 1.2391956
9700 1.7629118
9800 1.694369
9900 1.4866841
10000 1.5294887
10100 1.1544589
10200 1.5043372
10300 1.7760278
10400 1.455035
10500 1.3361503
10600 1.0163505
10700 1.2944897
10800 0.9200491
10900 1.4672161
11000 1.6667264
11100 1.6670516
11200 1.1506643
11300 0.90865844
11400 1.3101836
11500 1.4794431
11600 1.4381804
11700 1.2120112
11800 0.84934115
11900 1.1224483
12000 1.6071107
12100 1.3043658
12200 1.8367668
12300 1.3180397
12400 1.3808982
12500 1.232384
12600 1.7034996
12700 1.089495
12800 1.012517
12900 1.2954656
13000 1.2189355
13100 1.1857979
13200 1.4007294
13300 1.427914
13400 1.2499881
13500 1.3316982
13600 0.9017707
13700 1.2801008
13800 0.7429852
13900 1.0825949
14000 0.65055174
14100 1.1686854
14200 1.1281519
14300 0.9558629
14400 0.9086771
14500 1.1468043
14600 1.1203818
14700 0.88987756
14800 1.4832911
14900 1.1458175
15000 1.1055267
15100 1.1158545
15200 1.4531251
15300 1.1988134
15400 1.0523188
15500 0.9236586
15600 0.7346882
15700 1.2815742
15800 0.74272084
15900 1.0620853
16000 0.9177085
16100 0.79498947
16200 1.3723016
16300 1.1740711
16400 0.9422403
16500 1.0098507
16600 1.2205998
16700 1.64634
16800 0.8081791
16900 1.0326105
17000 1.1965013
17100 0.67233545
17200 0.90787524
17300 0.8636287
17400 0.99694234
17500 0.640697
17600 1.2207514
17700 1.4768338
17800 0.8312607
17900 0.8722145
18000 0.86617017
18100 0.75878644
18200 0.81082547
18300 0.93111753
18400 0.86622125
18500 0.94102776
18600 0.8017997
18700 0.6147017
18800 0.91569436
18900 1.1532848
19000 0.9275926
19100 0.7027849
19200 0.7241155
19300 1.1139866
19400 0.54133725
19500 1.0232621
19600 1.053547
19700 0.7269093
19800 0.8981816
19900 0.96996033
20000 0.6295838
