0 2.3323538
100 2.003574
200 1.6218444
300 1.6649733
400 1.9494481
500 1.6186388
600 1.5641434
700 1.6952639
800 1.2856193
900 1.8453484
1000 1.6641973
1100 1.3898556
1200 1.3445218
1300 1.2401538
1400 1.8355091
1500 1.47529
1600 1.19188
1700 1.2828323
1800 1.2777677
1900 1.20798
2000 1.4046586
2100 1.5073096
2200 1.6775022
2300 1.7058482
2400 1.574785
2500 1.4063174
2600 1.090674
2700 1.5059536
2800 1.2861185
2900 1.3034835
3000 1.76794
3100 1.6658852
3200 1.0842783
3300 1.0456126
3400 0.9499017
3500 1.3561366
3600 1.4431553
3700 1.448735
3800 0.947219
3900 1.1691417
4000 1.0992723
4100 1.3373075
4200 1.2725167
4300 1.6447232
4400 1.3209764
4500 1.1739132
4600 1.0221429
4700 1.2113335
4800 1.008328
4900 1.1780664
5000 1.5481583
5100 1.3369931
5200 1.4767206
5300 1.2104962
5400 1.3247863
5500 0.90033925
5600 1.1767102
5700 1.1828011
5800 1.1214907
5900 0.99162
6000 1.3120108
6100 1.2499268
6200 1.5110314
6300 1.2676474
6400 1.2321966
6500 0.8100585
6600 1.5346786
6700 1.1045935
6800 1.3284537
6900 1.3290406
7000 1.569593
7100 1.4067153
7200 1.3084513
7300 1.194715
7400 1.3929006
7500 1.2989563
7600 1.179098
7700 0.9408455
7800 1.2213902
7900 0.78427804
8000 1.1133015
8100 1.2264118
8200 1.2777745
8300 1.2761189
8400 0.9404918
8500 1.0927998
8600 1.1631796
8700 1.1437545
8800 0.98169
8900 1.1046644
9000 1.8632457
9100 1.0016577
9200 0.935001
9300 0.8816535
9400 1.1597295
9500 1.1904384
9600 0.85894495
9700 1.2219573
9800 1.1744471
9900 1.0304909
10000 1.0601608
10100 0.8002099
10200 1.0427271
10300 1.2310487
10400 1.0085534
10500 0.9261488
10600 0.7044805
10700 0.89727193
10800 0.6377294
10900 1.0169967
11000 1.1552867
11100 1.1555121
11200 0.79757977
11300 0.62983406
11400 0.90815014
11500 1.0254718
11600 0.99687076
11700 0.8401022
11800 0.5887184
11900 0.7780219
12000 1.1139643
12100 0.90411747
12200 1.2731497
12300 0.91359544
12400 0.9571657
12500 0.8542235
12600 1.1807759
12700 0.75518036
12800 0.7018233
12900 0.8979483
13000 0.8449017
13100 0.8219325
13200 0.9709116
13300 0.9897546
13400 0.8664257
13500 0.9230628
13600 0.62505984
13700 0.8872983
13800 0.5149981
13900 0.7503976
14000 0.4509281
14100 0.810071
14200 0.78197527
14300 0.66255367
14400 0.629847
14500 0.79490423
14600 0.7765895
14700 0.6168161
14800 1.0281391
14900 0.7942202
15000 0.7662927
15100 0.7734514
15200 1.0072296
15300 0.8309542
15400 0.72941184
15500 0.6402314
15600 0.50924706
15700 0.88831955
15800 0.51481485
15900 0.7361814
16000 0.6361071
16100 0.5510447
16200 0.951207
16300 0.81380403
16400 0.6531112
16500 0.6999752
16600 0.8460553
16700 1.141156
16800 0.56018704
16900 0.71575105
17000 0.8293515
17100 0.4660274
17200 0.6292912
17300 0.5986218
17400 0.69102776
17500 0.44409734
17600 0.8461604
17700 1.0236632
17800 0.576186
17900 0.604573
18000 0.6003834
18100 0.5259507
18200 0.5620214
18300 0.6454015
18400 0.6004188
18500 0.65227073
18600 0.5557652
18700 0.42607874
18800 0.63471097
18900 0.7993961
19000 0.64295816
19100 0.48713335
19200 0.5019186
19300 0.7721567
19400 0.37522638
19500 0.70927125
19600 0.7302631
19700 0.5038551
19800 0.62257206
19900 0.67232525
20000 0.4363942
