0 9.635832
100 6.778509
200 6.1216946
300 5.1156235
400 5.2406397
500 5.2912583
600 5.447099
700 4.877566
800 5.3637877
900 5.461118
1000 4.9621487
1100 4.984026
1200 5.1017194
1300 5.14841
1400 4.930898
1500 4.333518
1600 4.4853306
1700 4.8816333
1800 4.828605
1900 4.797942
2000 5.0254693
2100 4.5597496
2200 4.8371406
2300 4.488285
2400 4.551984
2500 4.2714324
2600 4.669014
2700 4.0812793
2800 4.1229053
2900 4.0290785
3000 4.921873
3100 4.5153613
3200 4.2165833
3300 4.2934637
3400 3.9144268
3500 4.302299
3600 4.489323
3700 4.1184735
3800 3.8122122
3900 3.9338086
4000 3.8069603
4100 4.074645
4200 3.2906804
4300 4.3165116
4400 3.8723457
4500 3.848681
4600 4.2370358
4700 3.383871
4800 3.8241398
4900 4.0749054
5000 3.7821355
5100 4.0726757
5200 3.9829972
5300 4.164869
5400 3.7568593
5500 3.7298372
5600 3.4703808
5700 3.9223068
5800 3.7957244
5900 3.3282585
6000 4.06085
6100 3.8834057
6200 3.6736817
6300 4.0362086
6400 3.6776867
6500 3.231211
6600 3.8721447
6700 3.2939453
6800 3.5046265
6900 3.5415106
7000 3.8126495
7100 3.7270656
7200 3.443215
7300 3.7768028
7400 3.5694644
7500 3.6196508
7600 3.4006162
7700 3.3031764
7800 2.9158106
7900 2.9219623
8000 2.87635
8100 3.1342356
8200 3.22466
8300 2.9247878
8400 3.1106625
8500 3.535881
8600 3.2147908
8700 3.6511183
8800 3.1841497
8900 3.1421835
9000 3.412531
9100 3.17721
9200 3.033166
9300 3.7474031
9400 3.26829
9500 3.8996472
9600 2.7293162
9700 3.4031596
9800 3.1907606
9900 3.7285638
10000 3.0288773
10100 3.039505
10200 3.526147
10300 3.373073
10400 3.0110364
10500 2.9268985
10600 3.119176
10700 3.3875995
10800 2.9374166
10900 3.0357795
11000 3.3230207
11100 3.4498727
11200 3.2834253
11300 3.0257244
11400 3.0306497
11500 3.3838112
11600 3.2356184
11700 3.2452488
11800 2.588873
11900 2.6441026
12000 2.8811455
12100 3.0524688
12200 3.3848622
12300 3.0688848
12400 2.754556
12500 2.7601566
12600 2.8252392
12700 2.8511436
12800 3.014161
12900 3.394268
13000 3.2623725
13100 3.061441
13200 2.8174584
13300 3.1970372
13400 3.5066485
13500 3.26604
13600 2.650742
13700 3.2452023
13800 2.8819952
13900 3.12647
14000 2.6163785
14100 3.3502388
14200 3.2184212
14300 2.992353
14400 2.8876545
14500 2.8444018
14600 2.9538507
14700 2.9066994
14800 3.0117297
14900 2.8080268
15000 3.0065677
15100 3.1653144
15200 3.1625242
15300 3.0816483
15400 2.8742394
15500 2.4798007
15600 2.6129556
15700 3.0417736
15800 2.4512672
15900 2.791682
16000 2.7969441
16100 2.6002138
16200 3.013229
16300 3.3703337
16400 2.6412563
16500 3.4571762
16600 3.2991524
16700 3.2642136
16800 2.8670692
16900 2.8462343
17000 3.2273383
17100 2.644712
17200 2.8670874
17300 2.79355
17400 2.714713
17500 2.2980223
17600 3.18073
17700 3.0472655
17800 3.184685
17900 2.6551712
18000 2.71586
18100 2.709047
18200 2.7952216
18300 3.002593
18400 3.2273116
18500 2.8568249
18600 2.7953289
18700 2.5848489
18800 3.1348133
18900 3.219051
19000 2.8149939
19100 2.4270277
19200 2.8468094
19300 3.0688372
19400 2.302306
19500 2.5828228
19600 2.841123
19700 2.5316596
19800 2.5331779
19900 2.8207486
20000 2.4890065
