0 0.059375007
100 0.36875
200 0.415625
300 0.42187503
400 0.46250004
500 0.49062502
600 0.515625
700 0.46249998
800 0.44687504
900 0.49374998
1000 0.471875
1100 0.421875
1200 0.49375
1300 0.46875
1400 0.521875
1500 0.53125
1600 0.45937505
1700 0.475
1800 0.5
1900 0.4875
2000 0.509375
2100 0.51875
2200 0.46875
2300 0.565625
2400 0.5437499
2500 0.44687504
2600 0.5125
2700 0.515625
2800 0.53125
2900 0.528125
3000 0.478125
3100 0.48437503
3200 0.490625
3300 0.56249994
3400 0.503125
3500 0.484375
3600 0.525
3700 0.50624996
3800 0.49062502
3900 0.48437503
4000 0.54062504
4100 0.54062504
4200 0.54375
4300 0.5625
4400 0.56875
4500 0.50625
4600 0.553125
4700 0.54062504
4800 0.61249995
4900 0.53125
5000 0.646875
5100 0.48125
5200 0.47500005
5300 0.509375
5400 0.528125
5500 0.61249995
5600 0.55625
5700 0.54687494
5800 0.471875
5900 0.50625
6000 0.52500004
6100 0.51875
6200 0.496875
6300 0.5125
6400 0.47812504
6500 0.55625004
6600 0.58124995
6700 0.55937505
6800 0.47500002
6900 0.559375
7000 0.5
7100 0.51875
7200 0.521875
7300 0.540625
7400 0.52500004
7500 0.51250005
7600 0.46562505
7700 0.5718751
7800 0.5625
7900 0.53125
8000 0.56874996
8100 0.58750004
8200 0.55625
8300 0.59687495
8400 0.546875
8500 0.5
8600 0.56875
8700 0.51250005
8800 0.51875
8900 0.51875
9000 0.55
9100 0.51874995
9200 0.503125
9300 0.525
9400 0.47812504
9500 0.53125
9600 0.578125
9700 0.615625
9800 0.540625
9900 0.49999997
10000 0.50625
10100 0.534375
10200 0.584375
10300 0.58125
10400 0.50000006
10500 0.515625
10600 0.5375
10700 0.509375
10800 0.63437504
10900 0.57500005
11000 0.559375
11100 0.56250006
11200 0.49687502
11300 0.50625
11400 0.521875
11500 0.5125
11600 0.515625
11700 0.515625
11800 0.49375
11900 0.54062504
12000 0.54687506
12100 0.54375
12200 0.54375
12300 0.55625
12400 0.559375
12500 0.471875
12600 0.55625004
12700 0.565625
12800 0.515625
12900 0.553125
13000 0.49374998
13100 0.51875
13200 0.56874996
13300 0.48437497
13400 0.5375
13500 0.55625004
13600 0.54062504
13700 0.528125
13800 0.503125
13900 0.509375
14000 0.575
14100 0.5375
14200 0.48125005
14300 0.578125
14400 0.55625
14500 0.48125002
14600 0.559375
14700 0.55
14800 0.57187504
14900 0.553125
15000 0.525
15100 0.5375
15200 0.603125
15300 0.565625
15400 0.503125
15500 0.509375
15600 0.55
15700 0.57500005
15800 0.478125
15900 0.53437495
16000 0.57187504
16100 0.575
16200 0.575
16300 0.45624998
16400 0.578125
16500 0.57500005
16600 0.578125
16700 0.534375
16800 0.55
16900 0.515625
17000 0.54375
17100 0.58437496
17200 0.51875
17300 0.55625
17400 0.534375
17500 0.5625
17600 0.6
17700 0.57187504
17800 0.55625
17900 0.546875
18000 0.56562495
18100 0.51874995
18200 0.56875
18300 0.509375
18400 0.534375
18500 0.63124996
18600 0.5375
18700 0.54375
18800 0.59687495
18900 0.59062505
19000 0.5625
19100 0.546875
19200 0.578125
19300 0.56875
19400 0.51562506
19500 0.559375
19600 0.58125
19700 0.5875
19800 0.590625
19900 0.63125
20000 0.515625
20100 0.5656251
20200 0.525
20300 0.57812494
20400 0.57187504
20500 0.58125
20600 0.51250005
20700 0.57187504
20800 0.56562495
20900 0.50937504
21000 0.61562496
21100 0.56875
21200 0.553125
21300 0.54375
21400 0.55937505
21500 0.59687495
21600 0.50937504
21700 0.59999996
21800 0.559375
21900 0.55
22000 0.57812506
22100 0.540625
22200 0.5656251
22300 0.55625004
22400 0.528125
22500 0.565625
22600 0.60625
22700 0.5375
22800 0.5875
22900 0.5375
23000 0.496875
23100 0.58125
23200 0.55625004
23300 0.53749996
23400 0.615625
23500 0.60625
23600 0.534375
23700 0.575
23800 0.5625
23900 0.55625004
24000 0.515625
24100 0.571875
24200 0.596875
24300 0.575
24400 0.53125
24500 0.61875004
24600 0.55625
24700 0.56874996
24800 0.53125
24900 0.49687505
25000 0.5875
25100 0.51250005
25200 0.57500005
25300 0.59375006
25400 0.5968751
25500 0.56875
25600 0.60625005
25700 0.559375
25800 0.5625
25900 0.53437495
26000 0.509375
26100 0.58437496
26200 0.54375005
26300 0.59375
26400 0.553125
26500 0.58125
26600 0.571875
26700 0.559375
26800 0.57500005
26900 0.5375
27000 0.546875
27100 0.60937506
27200 0.559375
27300 0.64375
27400 0.55625
27500 0.59375
27600 0.546875
27700 0.54999995
27800 0.565625
27900 0.59374994
28000 0.5906249
28100 0.53125
28200 0.509375
28300 0.578125
28400 0.459375
28500 0.54375
28600 0.51875
28700 0.57500005
28800 0.559375
28900 0.475
29000 0.546875
29100 0.571875
29200 0.57187504
29300 0.54375
29400 0.571875
29500 0.546875
29600 0.52500004
29700 0.60625005
