0 4.760629
100 3.1228478
200 2.891634
300 2.5632646
400 2.5888603
500 2.3209503
600 2.2905822
700 2.4995782
800 2.5591633
900 2.5415192
1000 2.4411738
1100 2.6599772
1200 2.4811888
1300 2.630618
1400 2.365381
1500 2.2582211
1600 2.4082873
1700 2.5344656
1800 2.2815006
1900 2.249288
2000 2.3091788
2100 2.415564
2200 2.459666
2300 2.0442939
2400 2.1684241
2500 2.5466506
2600 2.33612
2700 2.2397597
2800 2.36899
2900 2.171807
3000 2.3958898
3100 2.4275324
3200 2.3539789
3300 1.9441605
3400 2.3004782
3500 2.3169427
3600 2.2980335
3700 2.2040946
3800 2.4065697
3900 2.4981425
4000 2.1913905
4100 2.2395246
4200 2.136528
4300 1.9309188
4400 2.1689866
4500 2.2348855
4600 2.0392983
4700 2.131461
4800 1.9204494
4900 2.0647874
5000 1.799519
5100 2.3225882
5200 2.4944165
5300 2.4607992
5400 2.1915872
5500 1.900426
5600 2.2217581
5700 2.0505266
5800 2.3222084
5900 2.3078246
6000 2.3449495
6100 2.272064
6200 2.3243523
6300 2.3297973
6400 2.3890066
6500 2.21132
6600 1.8491769
6700 2.1047962
6800 2.3534462
6900 2.0865815
7000 2.3726146
7100 2.1761737
7200 2.1564696
7300 2.227682
7400 2.3609457
7500 2.2381897
7600 2.5678422
7700 2.0154116
7800 1.9726577
7900 2.1764333
8000 2.043336
8100 2.0458133
8200 2.1946452
8300 2.123549
8400 2.030533
8500 2.4050224
8600 2.0474596
8700 2.1930363
8800 2.3786693
8900 2.238864
9000 2.1453557
9100 2.2203202
9200 2.29323
9300 2.282421
9400 2.4678419
9500 2.2066762
9600 2.0325646
9700 1.9469721
9800 2.1346684
9900 2.3761666
10000 2.1937897
10100 2.213115
10200 1.8732147
10300 1.8694425
10400 2.2075188
10500 2.4793217
10600 2.2205107
10700 2.3291485
10800 1.9000641
10900 2.125778
11000 2.183336
11100 2.1587474
11200 2.2913768
11300 2.4339168
11400 2.3316858
11500 2.3350384
11600 2.2754588
11700 2.2693794
11800 2.3574226
11900 2.2366586
12000 2.1365232
12100 2.0990624
12200 2.0843153
12300 2.0921721
12400 2.269641
12500 2.4220135
12600 2.1362271
12700 2.0064213
12800 2.2270198
12900 2.3486142
13000 2.4696002
13100 2.2893643
13200 1.9338719
13300 2.476091
13400 2.21702
13500 2.1371222
13600 2.0954728
13700 2.192923
13800 2.2583303
13900 2.2894912
14000 1.9854549
14100 2.0898452
14200 2.4036279
14300 2.0217948
14400 2.1690898
14500 2.4791644
14600 2.193527
14700 2.080491
14800 2.0362487
14900 2.184791
15000 2.1323
15100 2.1608899
15200 1.8175888
15300 2.0253627
15400 2.2692685
15500 2.4276485
15600 2.0867097
15700 2.1026452
15800 2.5114799
15900 2.264537
16000 2.0146637
16100 2.1067545
16200 2.165136
16300 2.680345
16400 2.1701539
16500 2.0849607
16600 1.9629865
16700 2.2451506
16800 2.058996
16900 2.3382795
17000 2.0694757
17100 1.999296
17200 2.13057
17300 2.1665342
17400 2.1213334
17500 1.8637347
17600 1.8609414
17700 2.0184596
17800 2.1509733
17900 2.139958
18000 2.150043
18100 2.2675495
18200 2.0683823
18300 2.2962732
18400 2.1444933
18500 1.8318033
18600 2.1764972
18700 2.207729
18800 1.9027073
18900 1.8959036
19000 1.9421887
19100 2.1053836
19200 2.017353
19300 2.16301
19400 2.1457798
19500 2.1874473
19600 2.085605
19700 1.9986491
19800 1.8108495
19900 1.9152672
20000 2.2340808
20100 1.9898661
20200 2.1185832
20300 1.9249583
20400 1.9520189
20500 2.0690482
20600 2.2038221
20700 1.9308324
20800 2.0497968
20900 2.2103696
21000 1.9510992
21100 2.1079497
21200 2.1034112
21300 2.1291997
21400 2.07004
21500 1.8420388
21600 2.1616962
21700 1.8502448
21800 2.0772264
21900 1.992404
22000 2.1042728
22100 2.1010332
22200 2.130961
22300 2.0822926
22400 2.1743534
22500 1.8986988
22600 1.9337546
22700 2.114621
22800 1.8801326
22900 2.2221208
23000 2.51258
23100 1.9906324
23200 2.0789347
23300 2.0833592
23400 1.8309251
23500 1.8514969
23600 2.184733
23700 1.9508525
23800 2.0885398
23900 1.9657665
24000 2.1850827
24100 2.106185
24200 1.8966615
24300 2.032946
24400 2.3297396
24500 1.7875526
24600 2.0754755
24700 1.9630499
24800 2.0829322
24900 2.2989533
25000 1.975931
25100 2.0746598
25200 1.9864064
25300 1.9048064
25400 1.9907407
25500 2.1279655
25600 2.0160308
25700 2.1882765
25800 2.0318904
25900 2.1584272
26000 2.1925657
26100 2.0906205
26200 2.058087
26300 1.9856528
26400 2.0295053
26500 1.9738725
26600 2.0926895
26700 2.0913973
26800 1.8896384
26900 2.23329
27000 2.099587
27100 1.9100369
27200 2.1111844
27300 1.9305794
27400 2.2135754
27500 1.964097
27600 2.2174518
27700 2.0092876
27800 2.0728354
27900 1.9988489
28000 1.951011
28100 2.0878282
28200 2.3016675
28300 1.9131464
28400 2.5349195
28500 2.0122082
28600 2.2524881
28700 1.9361937
28800 2.3174284
28900 2.4010134
29000 1.9849728
29100 2.1058006
29200 1.9860673
29300 2.0928128
29400 1.8669018
29500 2.143386
29600 2.2586596
29700 1.8283689
