0 3.2998168
100 2.1645932
200 2.004328
300 1.7767197
400 1.7944613
500 1.6087601
600 1.5877106
700 1.7325757
800 1.7738769
900 1.7616469
1000 1.6920927
1100 1.8437557
1200 1.7198291
1300 1.8234055
1400 1.6395571
1500 1.5652796
1600 1.6692976
1700 1.7567576
1800 1.5814157
1900 1.5590876
2000 1.6006007
2100 1.6743414
2200 1.7049105
2300 1.4169965
2400 1.5030371
2500 1.7652037
2600 1.619275
2700 1.5524831
2800 1.6420587
2900 1.505382
3000 1.6607043
3100 1.6826372
3200 1.6316538
3300 1.3475894
3400 1.5945699
3500 1.6059823
3600 1.5928755
3700 1.5277619
3800 1.668107
3900 1.7315805
4000 1.5189562
4100 1.5523202
4200 1.4809283
4300 1.338411
4400 1.5034269
4500 1.5491046
4600 1.4135338
4700 1.477416
4800 1.3311541
4900 1.4312016
5000 1.2473315
5100 1.6098955
5200 1.7289978
5300 1.705696
5400 1.5190926
5500 1.3172749
5600 1.5400054
5700 1.4213167
5800 1.6096321
5900 1.5996621
6000 1.625395
6100 1.5748748
6200 1.6111182
6300 1.6148924
6400 1.6559331
6500 1.5327702
6600 1.2817518
6700 1.4589336
6800 1.6312847
6900 1.4463081
7000 1.6445712
7100 1.5084087
7200 1.4947509
7300 1.5441116
7400 1.6364828
7500 1.5513948
7600 1.7798927
7700 1.396977
7800 1.3673421
7900 1.5085887
8000 1.4163325
8100 1.4180497
8200 1.5212121
8300 1.4719319
8400 1.4074583
8500 1.6670345
8600 1.4191909
8700 1.5200969
8800 1.648768
8900 1.5518622
9000 1.4870473
9100 1.5390087
9200 1.589546
9300 1.5820538
9400 1.7105776
9500 1.5295514
9600 1.4088665
9700 1.3495382
9800 1.4796393
9900 1.6470332
10000 1.5206192
10100 1.5340143
10200 1.2984135
10300 1.2957988
10400 1.5301354
10500 1.7185348
10600 1.5391407
10700 1.6144427
10800 1.3170241
10900 1.473477
11000 1.5133731
11100 1.4963298
11200 1.5882614
11300 1.6870625
11400 1.6162014
11500 1.6185254
11600 1.5772278
11700 1.5730139
11800 1.6340408
11900 1.5503336
12000 1.4809251
12100 1.4549593
12200 1.4447372
12300 1.4501833
12400 1.5731952
12500 1.6788118
12600 1.4807198
12700 1.3907453
12800 1.5436525
12900 1.6279353
13000 1.7117964
13100 1.5868665
13200 1.3404578
13300 1.7162955
13400 1.5367211
13500 1.4813402
13600 1.452471
13700 1.5200185
13800 1.5653553
13900 1.5869544
14000 1.3762125
14100 1.4485703
14200 1.6660678
14300 1.4014014
14400 1.5034986
14500 1.7184259
14600 1.520437
14700 1.4420866
14800 1.4114201
14900 1.5143818
15000 1.4779977
15100 1.4978147
15200 1.2598566
15300 1.4038744
15400 1.5729371
15500 1.6827178
15600 1.446397
15700 1.4574425
15800 1.7408252
15900 1.5696576
16000 1.3964584
16100 1.460291
16200 1.500758
16300 1.8578736
16400 1.504236
16500 1.4451847
16600 1.3606385
16700 1.5562198
16800 1.4271872
16900 1.6207718
17000 1.4344512
17100 1.3858063
17200 1.4767985
17300 1.5017271
17400 1.4703962
17500 1.2918425
17600 1.2899063
17700 1.3990896
17800 1.490941
17900 1.4833058
18000 1.4902962
18100 1.5717456
18200 1.4336934
18300 1.5916554
18400 1.4864495
18500 1.2697093
18600 1.5086329
18700 1.5302812
18800 1.3188562
18900 1.3141402
19000 1.3462226
19100 1.4593408
19200 1.3983226
19300 1.4992841
19400 1.4873413
19500 1.516223
19600 1.4456311
19700 1.385358
19800 1.2551852
19900 1.3275621
20000 1.5485468
20100 1.3792701
20200 1.46849
20300 1.3342794
20400 1.3530364
20500 1.434155
20600 1.5275731
20700 1.338351
20800 1.4208108
20900 1.5321114
21000 1.3523989
21100 1.4611194
21200 1.4579736
21300 1.4758488
21400 1.4348423
21500 1.276804
21600 1.4983736
21700 1.2824919
21800 1.4398236
21900 1.3810292
22000 1.4585708
22100 1.4563252
22200 1.4770696
22300 1.4433352
22400 1.5071468
22500 1.3160777
22600 1.3403765
22700 1.4657435
22800 1.3032086
22900 1.5402567
23000 1.7415878
23100 1.3798013
23200 1.4410077
23300 1.4440745
23400 1.2691005
23500 1.2833599
23600 1.5143415
23700 1.3522279
23800 1.4476656
23900 1.3625655
24000 1.5145838
24100 1.4598962
24200 1.3146656
24300 1.4091308
24400 1.6148524
24500 1.239037
24600 1.43861
24700 1.3606825
24800 1.4437786
24900 1.593513
25000 1.369611
25100 1.4380447
25200 1.3768721
25300 1.3203112
25400 1.3798763
25500 1.4749932
25600 1.397406
25700 1.5167977
25800 1.4083991
25900 1.4961077
26000 1.5197707
26100 1.4491078
26200 1.4265573
26300 1.3763497
26400 1.4067458
26500 1.3681842
26600 1.4505419
26700 1.4496461
26800 1.3097975
26900 1.5479987
27000 1.4553227
27100 1.3239367
27200 1.4633615
27300 1.3381757
27400 1.5343336
27500 1.3614084
27600 1.5370204
27700 1.392732
27800 1.43678
27900 1.3854965
28000 1.3523377
28100 1.4471723
28200 1.5953944
28300 1.326092
28400 1.7570723
28500 1.3947564
28600 1.5613058
28700 1.3420672
28800 1.606319
28900 1.6642556
29000 1.3758783
29100 1.4596298
29200 1.376637
29300 1.4506272
29400 1.2940377
29500 1.4856819
29600 1.5655835
29700 1.2673287
