0 26.269337
100 10.160146
200 8.469386
300 8.154173
400 7.5900173
500 7.182244
600 7.0837054
700 7.4236794
800 7.272302
900 7.5526767
1000 6.355288
1100 7.335731
1200 7.6020293
1300 7.086176
1400 7.1743484
1500 6.8552155
1600 7.027437
1700 6.991218
1800 6.6021705
1900 6.211327
2000 6.723126
2100 6.9244576
2200 6.610163
2300 6.124917
2400 6.559103
2500 6.9205723
2600 6.332713
2700 6.7118053
2800 6.4396567
2900 6.142813
3000 6.516487
3100 6.348307
3200 6.280163
3300 6.1712494
3400 6.6503296
3500 6.4114943
3600 6.107353
3700 6.110918
3800 6.7986603
3900 6.3367686
4000 6.631269
4100 6.5454698
4200 6.1213565
4300 6.209036
4400 6.293807
4500 6.546014
4600 5.509761
4700 5.970951
4800 5.8711247
4900 6.0804243
5000 5.910827
5100 6.4662037
5200 6.38501
5300 6.473347
5400 5.992817
5500 6.123159
5600 6.1772885
5700 6.6466966
5800 6.112135
5900 5.937823
6000 6.945547
6100 6.5698204
6200 6.3165407
6300 5.872643
6400 6.2795825
6500 5.975325
6600 5.9301333
6700 6.596602
6800 6.3333435
6900 6.537863
7000 6.4049406
7100 6.2132583
7200 6.2976456
7300 6.183405
7400 6.1551557
7500 6.0128174
7600 6.8374643
7700 6.0585575
7800 6.0436597
7900 6.180736
8000 5.8104687
8100 6.079607
8200 6.1856127
8300 5.9912133
8400 5.644825
8500 6.344555
8600 6.1737485
8700 6.413961
8800 6.249579
8900 6.1930776
9000 6.472039
9100 5.8709016
9200 5.993708
9300 6.5220985
9400 6.555021
9500 6.105048
9600 5.948827
9700 6.1359634
9800 5.7932105
9900 6.494588
10000 6.463305
10100 6.087699
10200 5.9212613
10300 5.592778
10400 6.4495573
10500 6.648321
10600 6.7322264
10700 6.3303785
10800 5.641223
10900 6.4095054
11000 6.074226
11100 6.1665993
11200 6.461712
11300 6.2229147
11400 6.3739104
11500 6.198243
11600 5.9653254
11700 6.6266685
11800 6.3363185
11900 5.913362
12000 6.0632167
12100 6.2706203
12200 5.7319565
12300 6.0663967
12400 6.1075354
12500 6.55151
12600 5.884201
12700 5.5349455
12800 6.248512
12900 6.2849083
13000 6.6642327
13100 6.2731853
13200 5.8176575
13300 6.7116194
13400 6.293115
13500 6.375823
13600 6.048134
13700 6.163747
13800 6.3309636
13900 5.8614883
14000 5.8900456
14100 6.030666
14200 6.6977396
14300 6.3257604
14400 5.5601225
14500 6.5303836
14600 6.198784
14700 6.096858
14800 6.24082
14900 6.364431
15000 6.276454
15100 5.505512
15200 6.040603
15300 5.810888
15400 6.6031275
15500 6.660591
15600 6.1419005
15700 6.236033
15800 6.7136207
15900 6.7296004
16000 5.84027
16100 6.0844703
16200 6.2421923
16300 7.4011965
16400 6.09919
16500 6.565075
16600 5.956014
16700 6.1965985
16800 6.6223893
16900 6.98933
17000 6.135567
17100 6.24865
17200 5.9149714
17300 6.7794733
17400 6.5039444
17500 5.955083
17600 5.7422104
17700 6.2664075
17800 6.4276776
17900 6.0618362
18000 6.0008054
18100 6.4830604
18200 6.053299
18300 6.46428
18400 6.2778306
18500 6.0537767
18600 6.128708
18700 5.999983
18800 6.1410117
18900 5.6820126
19000 6.0323253
19100 6.1208296
19200 6.3698034
19300 6.267479
19400 6.5907564
19500 6.6293597
19600 5.625316
19700 6.4581943
19800 5.6037135
19900 6.42597
20000 6.6782045
20100 6.3490834
20200 6.266663
20300 5.936202
20400 6.0366373
20500 6.072437
20600 6.329832
20700 6.0761185
20800 6.2008147
20900 6.5630107
21000 6.268244
21100 5.984041
21200 6.3663697
21300 6.156713
21400 6.134979
21500 5.915051
21600 6.5639954
21700 5.6928363
21800 6.2948685
21900 5.9749684
22000 6.2904196
22100 6.3622637
22200 6.399675
22300 6.241004
22400 6.494542
22500 5.9973583
22600 5.9627924
22700 6.2740927
22800 5.9983582
22900 6.288566
23000 6.2378883
23100 6.1650095
23200 6.617425
23300 5.992349
23400 5.614607
23500 5.889645
23600 6.409644
23700 6.138904
23800 5.9222336
23900 6.086111
24000 6.294074
24100 6.0995708
24200 6.1721735
24300 6.523342
24400 6.126733
24500 6.074869
24600 5.8731756
24700 6.1705475
24800 6.1957088
24900 6.3579226
25000 5.671715
25100 6.3326893
25200 5.569317
25300 5.7432556
25400 5.8055344
25500 6.3216457
25600 5.967814
25700 6.190752
25800 6.2105966
25900 6.2793155
26000 6.3581614
26100 6.1251984
26200 5.827321
26300 6.092136
26400 6.095237
26500 6.053603
26600 6.2085466
26700 6.4012356
26800 6.2206254
26900 5.970179
27000 6.196005
27100 5.92805
27200 6.0770903
27300 6.3471136
27400 6.3187323
27500 6.0843368
27600 6.57767
27700 6.0513268
27800 5.92329
27900 6.0303884
28000 6.2303295
28100 6.5722237
28200 6.6009784
28300 6.0076833
28400 7.0094137
28500 6.1315703
28600 6.3812914
28700 6.0269566
28800 6.7128954
28900 6.78313
29000 5.945984
29100 6.279911
29200 6.364369
29300 6.192312
29400 5.9686527
29500 6.2213955
29600 5.9597006
29700 6.012566
