0 5.0186214
100 0.62770814
200 0.40345642
300 0.5037295
400 0.38380668
500 0.35106093
600 0.32156008
700 0.36708978
800 0.40131855
900 0.046602864
1000 0.028048785
1100 0.50078803
1200 0.32695326
1300 0.10801968
1400 0.08167052
1500 0.24398254
1600 0.35528076
1700 0.10838553
1800 0.034772824
1900 0.11860818
2000 0.06174706
2100 0.044546597
2200 0.020370267
2300 0.06555615
2400 0.11329583
2500 0.015014603
2600 0.10301265
2700 0.017398808
2800 0.118438005
2900 0.17618935
3000 0.30479243
3100 0.09861217
3200 0.016872775
3300 0.035548538
3400 0.30425555
3500 0.027636042
3600 0.03479259
3700 0.021014158
3800 0.10506805
3900 0.09011568
4000 0.02715778
4100 0.007431981
4200 0.06330502
4300 0.021211065
4400 0.008914656
4500 0.01793815
4600 0.007623454
4700 0.16299202
4800 0.030505084
4900 0.009931333
5000 0.02242947
5100 0.01533902
5200 0.018436955
5300 0.026237838
5400 0.01440671
5500 0.010327881
5600 0.20120041
5700 0.04873594
5800 0.0966907
5900 0.019588359
6000 0.009731008
6100 0.0063350587
6200 0.025229048
6300 0.032606866
6400 0.10876776
6500 0.083613545
6600 0.012480149
6700 0.14484647
6800 0.026411721
6900 0.011601668
7000 0.016687414
7100 0.0074193045
7200 0.0026133375
7300 0.002858427
7400 0.0049593337
7500 0.0034149361
7600 0.004348193
7700 0.001665403
7800 0.008076176
7900 0.007872734
8000 0.0023092192
8100 0.011047253
8200 0.08611225
8300 0.0021465903
8400 0.0064720768
8500 0.027604355
8600 0.12994686
8700 0.016854687
8800 0.0006397816
8900 0.004947282
9000 0.0038550715
9100 0.0019346602
9200 0.0018434379
9300 0.028424365
9400 0.013617245
9500 0.005107426
9600 0.0034061137
9700 0.0059600817
9800 0.00729543
9900 0.024563842
10000 0.0018796483
10100 0.0080958195
10200 0.0024323838
10300 0.04494156
10400 0.040309336
10500 0.000601027
10600 0.0053195516
10700 0.0018292958
10800 0.0051352275
10900 0.0011509712
11000 0.04302222
11100 0.002062271
11200 0.01008451
11300 0.027090533
11400 0.000402582
11500 0.0042380625
11600 0.0025121127
11700 0.0055309115
11800 0.004144913
11900 0.010514443
12000 0.0006907231
12100 0.0076462445
12200 0.006629467
12300 0.013810948
12400 0.0020160151
12500 0.02730339
12600 0.012165566
12700 0.0004249389
12800 0.0026040133
12900 0.005478837
13000 0.0024731874
13100 0.00619047
13200 0.008941438
13300 0.00739832
13400 0.0033690003
13500 0.0058292504
13600 0.0010877746
13700 0.0040762983
13800 0.00030741835
13900 0.005241491
14000 0.0011626828
14100 0.00038120936
14200 0.0022851408
14300 0.0037817326
14400 0.00028005356
14500 0.0024858091
14600 0.0025300873
14700 0.0027608895
14800 0.0003093947
14900 0.0012133282
15000 0.0008501035
15100 0.0061533866
15200 0.0034751126
15300 0.0031188633
15400 0.0003472194
15500 0.0022398303
15600 0.0038375026
15700 0.003827449
15800 0.0011189275
15900 0.00038491026
16000 0.004181658
16100 0.0011758266
16200 0.00048026274
16300 0.004709453
16400 0.0014814122
16500 0.0006369108
16600 0.0043049795
16700 0.0021356333
16800 0.00089577876
16900 0.00013785831
17000 0.0015667038
17100 0.00012383361
17200 0.0010336443
17300 0.0043814224
17400 0.00021006119
17500 0.0008886315
17600 0.000303851
17700 0.0018625772
17800 0.00019576027
17900 0.0016943344
18000 0.0047914744
18100 0.002859014
18200 0.0043852557
18300 0.002597122
18400 0.0016484519
18500 0.0011403661
18600 0.0034634538
18700 0.0013514546
18800 0.0010015459
18900 0.0011193533
19000 0.009544355
19100 0.0015893179
19200 0.0021625038
19300 0.0038081326
19400 0.0013160576
19500 0.0074044825
19600 0.0023964245
19700 0.002538853
19800 0.0004934559
19900 0.00039263227
20000 0.0017171999
