0 3.4786434
100 0.43509412
200 0.27965468
300 0.3491587
400 0.2660345
500 0.24333689
600 0.22288847
700 0.25444725
800 0.27817282
900 0.032302644
1000 0.019441936
1100 0.3471198
1200 0.22662672
1300 0.07487354
1400 0.05660969
1500 0.16911581
1600 0.24626186
1700 0.075127125
1800 0.024102684
1900 0.082212925
2000 0.0427998
2100 0.030877348
2200 0.014119593
2300 0.045440063
2400 0.078530684
2500 0.01040733
2600 0.07140293
2700 0.012059934
2800 0.08209497
2900 0.12212515
3000 0.21126601
3100 0.068352744
3200 0.011695316
3300 0.02464037
3400 0.21089387
3500 0.019155845
3600 0.024116386
3700 0.014565904
3800 0.07282762
3900 0.062463433
4000 0.018824339
4100 0.0051514567
4200 0.0438797
4300 0.01470239
4400 0.006179169
4500 0.0124337785
4600 0.0052841757
4700 0.11297746
4800 0.021144513
4900 0.0068838755
5000 0.015546924
5100 0.010632198
5200 0.012779524
5300 0.018186683
5400 0.00998597
5500 0.007158742
5600 0.1394615
5700 0.03378118
5800 0.067020886
5900 0.013577616
6000 0.006745021
6100 0.004391128
6200 0.017487444
6300 0.022601359
6400 0.07539207
6500 0.057956494
6600 0.00865058
6700 0.10039993
6800 0.01830721
6900 0.008041663
7000 0.011566834
7100 0.00514267
7200 0.0018114275
7300 0.0019813105
7400 0.0034375482
7500 0.0023670534
7600 0.0030139377
7700 0.0011543694
7800 0.005597979
7900 0.0054569636
8000 0.0016006288
8100 0.007657373
8200 0.059688464
8300 0.001487903
8400 0.0044861017
8500 0.01913388
8600 0.0900723
8700 0.011682779
8800 0.0004434628
8900 0.0034291944
9000 0.0026721319
9100 0.0013410043
9200 0.0012777738
9300 0.019702269
9400 0.009438755
9500 0.003540198
9600 0.0023609381
9700 0.0041312138
9800 0.005056807
9900 0.017026357
10000 0.0013028729
10100 0.0056115943
10200 0.001686
10300 0.031151114
10400 0.027940303
10500 0.00041660015
10600 0.003687232
10700 0.0012679712
10800 0.0035594685
10900 0.00079779245
11000 0.029820729
11100 0.0014294575
11200 0.0069900495
11300 0.018777726
11400 0.00027904857
11500 0.0029376012
11600 0.0017412638
11700 0.0038337358
11800 0.0028730347
11900 0.0072880564
12000 0.0004787728
12100 0.005299973
12200 0.0045951963
12300 0.009573019
12400 0.0013973953
12500 0.018925268
12600 0.008432528
12700 0.0002945452
12800 0.0018049645
12900 0.0037976406
13000 0.0017142829
13100 0.0042909067
13200 0.006197733
13300 0.0051281247
13400 0.0023352131
13500 0.0040405286
13600 0.00075398793
13700 0.0028254748
13800 0.00021308617
13900 0.0036331245
14000 0.00080591027
14100 0.0002642342
14200 0.001583939
14300 0.0026212973
14400 0.00019411834
14500 0.0017230316
14600 0.0017537229
14700 0.0019137028
14800 0.00021445606
14900 0.000841015
15000 0.00058924686
15100 0.0042652027
15200 0.0024087646
15300 0.0021618314
15400 0.00024067416
15500 0.0015525321
15600 0.0026599541
15700 0.0026529855
15800 0.00077558146
15900 0.00026679947
16000 0.0028985043
16100 0.00081502093
16200 0.00033289276
16300 0.003264344
16400 0.0010268367
16500 0.00044147292
16600 0.0029839845
16700 0.0014803081
16800 0.00062090653
16900 9.55561e-05
17000 0.0010859563
17100 8.583492e-05
17200 0.0007164676
17300 0.0030369707
17400 0.00014560332
17500 0.0006159524
17600 0.00021061346
17700 0.0012910401
17800 0.00013569067
17900 0.0011744231
18000 0.0033211971
18100 0.0019817175
18200 0.0030396276
18300 0.0018001879
18400 0.0011426198
18500 0.0007904415
18600 0.0024006832
18700 0.00093675696
18800 0.00069421873
18900 0.00077587663
19000 0.006615643
19100 0.0011016312
19200 0.0014989334
19300 0.0026395964
19400 0.0009122216
19500 0.0051323962
19600 0.0016610749
19700 0.0017597988
19800 0.0003420376
19900 0.00027215196
20000 0.0011902723
