0 4.2019916
100 1.5417242
200 1.539799
300 1.4911809
400 1.2037638
500 1.3313544
600 1.4694138
700 1.1855731
800 1.4068127
900 1.1593835
1000 1.1054856
1100 1.24368
1200 1.2456641
1300 1.1236111
1400 1.23417
1500 1.2352061
1600 1.2356845
1700 1.168519
1800 1.10429
1900 1.2529391
2000 1.1286066
2100 1.082571
2200 1.0625336
2300 1.1949065
2400 1.1209025
2500 1.057075
2600 1.1841202
2700 1.0572758
2800 1.1381085
2900 1.1001017
3000 1.1414473
3100 1.1725767
3200 1.0541825
3300 1.0786855
3400 1.1561654
3500 1.079031
3600 1.0839903
3700 1.0592988
3800 1.1598535
3900 1.1267873
4000 1.0720428
4100 1.0284954
4200 1.1539866
4300 1.0513597
4400 1.0340548
4500 1.047437
4600 1.0244651
4700 1.1319174
4800 1.0823419
4900 1.0328915
5000 1.0423853
5100 1.0421342
5200 1.0577283
5300 1.0553373
5400 1.0454373
5500 1.0384643
5600 1.1110903
5700 1.0918629
5800 1.0700837
5900 1.0469202
6000 1.0344083
6100 1.0239991
6200 1.0902977
6300 1.0733938
6400 1.0959191
6500 1.1573803
6600 1.043647
6700 1.1699419
6800 1.0769732
6900 1.0403533
7000 1.0496821
7100 1.0286758
7200 1.010942
7300 1.0133154
7400 1.0197308
7500 1.014495
7600 1.0152458
7700 1.0079132
7800 1.028769
7900 1.0279012
8000 1.009105
8100 1.0342491
8200 1.122762
8300 1.0102135
8400 1.0223782
8500 1.0808897
8600 1.0337366
8700 1.0488794
8800 1.0030817
8900 1.0178404
9000 1.0159154
9100 1.0069524
9200 1.008013
9300 1.0523028
9400 1.0455697
9500 1.0187497
9600 1.0142009
9700 1.0234401
9800 1.0226783
9900 1.0612607
10000 1.0074447
10100 1.0255883
10200 1.0096463
10300 1.0467185
10400 1.0594395
10500 1.00355
10600 1.0213636
10700 1.0072863
10800 1.0196989
10900 1.005646
11000 1.0448527
11100 1.0091063
11200 1.0311234
11300 1.0393635
11400 1.0021954
11500 1.0124042
11600 1.0110253
11700 1.0180905
11800 1.0124607
11900 1.0303142
12000 1.0032741
12100 1.0274802
12200 1.0229445
12300 1.0360416
12400 1.0084897
12500 1.0670179
12600 1.0395615
12700 1.0022087
12800 1.0105417
12900 1.0213641
13000 1.0098008
13100 1.0221134
13200 1.0261945
13300 1.0271583
13400 1.014319
13500 1.0199859
13600 1.0054656
13700 1.0134037
13800 1.001855
13900 1.0189533
14000 1.0048429
14100 1.0021714
14200 1.0092413
14300 1.0155334
14400 1.0016541
14500 1.0098896
14600 1.0104024
14700 1.0107174
14800 1.0018954
14900 1.0057886
15000 1.0036418
15100 1.024251
15200 1.0128834
15300 1.0135455
15400 1.0017967
15500 1.0081224
15600 1.0150837
15700 1.0160391
15800 1.0051531
15900 1.0019655
16000 1.0135894
16100 1.0053134
16200 1.0024815
16300 1.0184515
16400 1.0065787
16500 1.0030109
16600 1.0124621
16700 1.0085444
16800 1.0044246
16900 1.00089
17000 1.0071638
17100 1.0007951
17200 1.0052989
17300 1.0165966
17400 1.0013096
17500 1.0047429
17600 1.0016819
17700 1.0084945
17800 1.0012128
17900 1.0073766
18000 1.0164104
18100 1.0106132
18200 1.0177585
18300 1.0097611
18400 1.0071998
18500 1.00513
18600 1.0127532
18700 1.0058014
18800 1.0046763
18900 1.0049627
19000 1.0332794
19100 1.0059973
19200 1.0082164
19300 1.0144928
19400 1.0053126
19500 1.0259153
19600 1.0102994
19700 1.0094612
19800 1.002841
19900 1.0022451
20000 1.007379
