0 0.034375
100 0.35625002
200 0.4375
300 0.48125005
400 0.42499998
500 0.49375004
600 0.5375
700 0.46875003
800 0.43437502
900 0.47187504
1000 0.490625
1100 0.45312503
1200 0.47187504
1300 0.47500002
1400 0.52187496
1500 0.525
1600 0.44375002
1700 0.446875
1800 0.51250005
1900 0.503125
2000 0.49687502
2100 0.51875
2200 0.49062502
2300 0.54375005
2400 0.50937504
2500 0.46875
2600 0.50624996
2700 0.503125
2800 0.525
2900 0.53125
3000 0.48125
3100 0.503125
3200 0.49687502
3300 0.55625
3400 0.503125
3500 0.49687505
3600 0.5375
3700 0.515625
3800 0.48125002
3900 0.475
4000 0.55
4100 0.540625
4200 0.534375
4300 0.55625
4400 0.565625
4500 0.53125
4600 0.54375005
4700 0.525
4800 0.628125
4900 0.525
5000 0.6375
5100 0.478125
5200 0.49062502
5300 0.52500004
5400 0.52500004
5500 0.59375
5600 0.54062504
5700 0.53125
5800 0.49687502
5900 0.50312495
6000 0.48125002
6100 0.503125
6200 0.50937504
6300 0.540625
6400 0.47500002
6500 0.5375
6600 0.56875
6700 0.54375
6800 0.5
6900 0.584375
7000 0.50625
7100 0.525
7200 0.50937504
7300 0.5187501
7400 0.50625
7500 0.49375
7600 0.48125005
7700 0.54375
7800 0.54999995
7900 0.54375
8000 0.59062505
8100 0.559375
8200 0.546875
8300 0.590625
8400 0.55937505
8500 0.49062502
8600 0.575
8700 0.56875
8800 0.49062502
8900 0.50625
9000 0.53749996
9100 0.53125006
9200 0.53125
9300 0.52500004
9400 0.475
9500 0.55
9600 0.5875
9700 0.5812501
9800 0.5375
9900 0.53749996
10000 0.51874995
10100 0.53749996
10200 0.59999996
10300 0.609375
10400 0.515625
10500 0.509375
10600 0.54375
10700 0.515625
10800 0.60312504
10900 0.55312496
11000 0.5625
11100 0.58125
11200 0.49375
11300 0.5
11400 0.515625
11500 0.49375
11600 0.540625
11700 0.475
11800 0.50937504
11900 0.55625
12000 0.53437495
12100 0.5125
12200 0.54062504
12300 0.525
12400 0.509375
12500 0.45000002
12600 0.553125
12700 0.55
12800 0.48749998
12900 0.534375
13000 0.475
13100 0.525
13200 0.5625
13300 0.51875
13400 0.515625
13500 0.53125
13600 0.546875
13700 0.540625
13800 0.52812505
13900 0.503125
14000 0.5375
14100 0.50625
14200 0.48437497
14300 0.5375
14400 0.540625
14500 0.46250004
14600 0.49374998
14700 0.521875
14800 0.540625
14900 0.55
15000 0.525
15100 0.52500004
15200 0.5812501
15300 0.55625004
15400 0.515625
15500 0.509375
15600 0.553125
15700 0.56249994
15800 0.49375004
15900 0.50625
16000 0.56875
16100 0.525
16200 0.553125
16300 0.45312503
16400 0.56249994
16500 0.52812505
16600 0.58125
16700 0.51250005
16800 0.53125
16900 0.48125
17000 0.50625
17100 0.559375
17200 0.525
17300 0.496875
17400 0.509375
17500 0.55
17600 0.58750004
17700 0.553125
17800 0.53125
17900 0.478125
18000 0.5375
18100 0.496875
18200 0.584375
18300 0.509375
18400 0.5125
