0 4.777404
100 3.1226566
200 2.8873682
300 2.4758823
400 2.611724
500 2.3536532
600 2.2479856
700 2.4602375
800 2.557743
900 2.6153636
1000 2.4334495
1100 2.6874719
1200 2.4822514
1300 2.6342425
1400 2.3132575
1500 2.232152
1600 2.3587883
1700 2.6020787
1800 2.3220005
1900 2.297458
2000 2.2875035
2100 2.3522236
2200 2.4423056
2300 2.0916781
2400 2.1845365
2500 2.5136206
2600 2.3037672
2700 2.2556474
2800 2.3385034
2900 2.1873007
3000 2.3178527
3100 2.4484437
3200 2.3860583
3300 1.9239697
3400 2.267788
3500 2.4000125
3600 2.4251819
3700 2.2828476
3800 2.4199913
3900 2.4883347
4000 2.2057598
4100 2.2792406
4200 2.1636143
4300 1.9453697
4400 2.2113287
4500 2.2662072
4600 1.9838481
4700 2.130136
4800 1.8747543
4900 2.0895529
5000 1.8359028
5100 2.3387327
5200 2.5070775
5300 2.4497335
5400 2.1244514
5500 1.933464
5600 2.2141476
5700 2.103826
5800 2.3090675
5900 2.2754996
6000 2.4037519
6100 2.3152761
6200 2.2766044
6300 2.2996392
6400 2.3782032
6500 2.2720125
6600 1.9244099
6700 2.1540556
6800 2.3103447
6900 2.0625036
7000 2.2923212
7100 2.1979527
7200 2.1887732
7300 2.309887
7400 2.420733
7500 2.270248
7600 2.4829824
7700 2.0018592
7800 1.9752448
7900 2.1998794
8000 2.0932105
8100 2.05873
8200 2.1819365
8300 2.1234508
8400 2.0162096
8500 2.3791847
8600 2.0175617
8700 2.09349
8800 2.488869
8900 2.284242
9000 2.2265944
9100 2.2806056
9200 2.311203
9300 2.3395414
9400 2.4725063
9500 2.1474943
9600 2.0023618
9700 1.9764882
9800 2.0935059
9900 2.2662027
10000 2.2999701
10100 2.1832876
10200 1.8668618
10300 1.8632222
10400 2.2162237
10500 2.3856695
10600 2.2350566
10700 2.3165326
10800 1.89589
10900 2.1583514
11000 2.0875328
11100 2.1785958
11200 2.1919234
11300 2.5297601
11400 2.3457541
11500 2.3448372
11600 2.1932147
11700 2.3365273
11800 2.3304727
11900 2.2120101
12000 2.1758456
12100 2.193767
12200 2.112262
12300 2.1434834
12400 2.2952814
12500 2.4654722
12600 2.1847296
12700 2.0533142
12800 2.3266666
12900 2.3837826
13000 2.4874547
13100 2.3745043
13200 1.97068
13300 2.352306
13400 2.317222
13500 2.2217665
13600 2.203967
13700 2.3055456
13800 2.2500718
13900 2.3317273
14000 2.109995
14100 2.1774888
14200 2.4336557
14300 2.1294599
14400 2.3076525
14500 2.5816045
14600 2.3142436
14700 2.1682153
14800 2.0883899
14900 2.1686504
15000 2.2793195
15100 2.207676
15200 1.8877535
15300 2.0805547
15400 2.2325892
15500 2.44575
15600 2.1595373
15700 2.1266804
15800 2.497855
15900 2.3121376
16000 1.9729183
16100 2.2319949
16200 2.2196152
16300 2.6971586
16400 2.1329272
16500 2.234316
16600 2.0576649
16700 2.3068209
16800 2.1782382
16900 2.3458676
17000 2.1992824
17100 2.0748394
17200 2.162302
17300 2.2817223
17400 2.1667933
17500 2.0691977
17600 1.8923063
17700 2.0882332
17800 2.250075
17900 2.2698338
18000 2.2450414
18100 2.3849792
18200 2.103961
18300 2.3588731
18400 2.342638
