0 3.3704803
100 0.18371747
200 0.6873734
300 0.27181897
400 0.08756178
500 0.22602002
600 0.26459152
700 0.7432781
800 0.106577426
900 0.10831578
1000 0.3042901
1100 0.19022991
1200 0.38908225
1300 0.04875335
1400 0.16231005
1500 0.0109483
1600 0.3966404
1700 0.040261745
1800 0.08358997
1900 0.032708753
2000 0.21642303
2100 0.052052744
2200 0.21588401
2300 0.06994298
2400 0.22710949
2500 0.01428752
2600 0.2310657
2700 0.05954092
2800 0.036976475
2900 0.053777073
3000 0.023313463
3100 0.26563203
3200 0.04218563
3300 0.557252
3400 0.10725776
3500 0.05737731
3600 0.047827687
3700 0.0038153268
3800 0.04357216
3900 0.025078574
4000 0.049843356
4100 0.06260475
4200 0.0033063611
4300 0.16940741
4400 0.054740913
4500 0.026110712
4600 0.0069427644
4700 0.08102744
4800 0.17543836
4900 0.06161574
5000 0.18296374
5100 0.48638704
5200 0.0009203183
5300 0.008569161
5400 0.061047897
5500 0.0026014957
5600 0.24683633
5700 0.017937982
5800 0.031183673
5900 0.10106796
6000 0.0061160573
6100 0.17955735
6200 0.037484266
6300 0.072774045
6400 0.0057254857
6500 0.00048543452
6600 0.002472022
6700 0.0041992064
6800 0.0156479
6900 0.027394444
7000 0.0046710805
7100 0.0037714425
7200 0.0020727024
7300 0.015782513
7400 0.00799668
7500 0.0006865817
7600 0.101931356
7700 0.043238733
7800 0.00041580014
7900 0.0029130592
8000 0.0022528907
8100 0.00382737
8200 0.001784238
8300 0.00010704804
8400 0.0062259347
8500 0.00044521588
8600 0.0049282173
8700 0.009189131
8800 0.010738894
8900 0.0027410476
9000 0.007241063
9100 0.052597627
9200 0.00989941
9300 0.0005211293
9400 5.9515663e-05
9500 0.030482955
9600 0.0124230245
9700 0.0098490035
9800 0.0039755167
9900 4.271243e-05
10000 0.01643766
10100 0.2708635
10200 0.006207021
10300 0.025640748
10400 0.0002818417
10500 0.00026171797
10600 0.0026155012
10700 0.00014136375
10800 0.00039144317
10900 0.00506098
11000 0.00012309768
11100 0.03029838
11200 0.0028322916
11300 0.0018460245
11400 0.0015620869
11500 0.011822237
11600 0.007289255
11700 0.0006143565
11800 0.019841257
11900 0.0002545458
12000 3.6402624e-05
12100 6.601494e-05
12200 0.0007441125
12300 0.00032653628
12400 3.2490214e-05
12500 0.0012731975
12600 0.00013554677
12700 0.00027223505
12800 0.0003603664
12900 0.0039160717
13000 0.00095575285
13100 0.00060920016
13200 2.7531112e-05
13300 0.004144178
13400 0.0010877071
13500 0.0054841796
