0 2.3362389
100 0.12734325
200 0.47645095
300 0.18841055
400 0.0606932
500 0.15666515
600 0.18340085
700 0.5152011
800 0.07387384
900 0.07507878
1000 0.21091782
1100 0.13185732
1200 0.26969126
1300 0.03379325
1400 0.11250476
1500 0.0075887833
1600 0.27493018
1700 0.027907316
1800 0.057940155
1900 0.022671979
2000 0.15001301
2100 0.03608021
2200 0.1496394
2300 0.04848078
2400 0.1574203
2500 0.009903355
2600 0.16016254
2700 0.04127062
2800 0.02563014
2900 0.037275426
3000 0.016159661
3100 0.18412209
3200 0.029240852
3300 0.38625765
3400 0.07434542
3500 0.03977092
3600 0.033151627
3700 0.0026445831
3800 0.030201921
3900 0.017383143
4000 0.03454878
4100 0.043394305
4200 0.0022917949
4300 0.11742427
4400 0.03794351
4500 0.018098567
4600 0.0048123575
4700 0.056163944
4800 0.12160461
4900 0.042708777
5000 0.1268208
5100 0.33713782
5200 0.00063791603
5300 0.0059396904
5400 0.042315178
5500 0.0018032194
5600 0.17109391
5700 0.012433662
5800 0.021614876
5900 0.07005497
6000 0.0042393277
6100 0.12445967
6200 0.025982114
6300 0.050443124
6400 0.0039686044
6500 0.00033647756
6600 0.0017134752
6700 0.002910668
6800 0.010846297
6900 0.018988382
7000 0.0032377462
7100 0.0026141647
7200 0.0014366879
7300 0.010939605
7400 0.0055428767
7500 0.00047590217
7600 0.07065343
7700 0.029970806
7800 0.0002882107
7900 0.0020191788
8000 0.0015615849
8100 0.0026529308
8200 0.0012367396
8300 7.420005e-05
8400 0.004315489
8500 0.00030860014
8600 0.00341598
8700 0.0063694203
8800 0.0074436343
8900 0.0018999494
9000 0.0050191223
9100 0.036457896
9200 0.006861748
9300 0.00036121928
9400 4.1253115e-05
9500 0.021129174
9600 0.008610984
9700 0.006826809
9800 0.0027556182
9900 2.9605999e-05
10000 0.011393718
10100 0.18774827
10200 0.004302379
10300 0.017772812
10400 0.00019535779
10500 0.00018140908
10600 0.0018129272
10700 9.798588e-05
10800 0.00027132774
10900 0.0035080041
11000 8.5324806e-05
11100 0.021001237
11200 0.001963195
11300 0.0012795667
11400 0.0010827561
11500 0.00819455
11600 0.0050525265
11700 0.00042583945
11800 0.013752912
11900 0.0001764377
12000 2.5232377e-05
12100 4.5758068e-05
12200 0.0005157795
12300 0.0002263377
12400 2.25205e-05
12500 0.00088251324
12600 9.395386e-05
12700 0.00018869896
12800 0.00024978694
12900 0.0027144141
13000 0.0006624774
13100 0.00042226538
13200 1.9083112e-05
13300 0.0028725252
13400 0.00075394113
13500 0.0038013437
