0 9.65317
100 1.282136
200 1.5201721
300 1.4966282
400 1.2489494
500 1.3291593
600 1.1826735
700 1.4276423
800 1.0780606
900 1.1389804
1000 1.1797836
1100 1.3131688
1200 1.2514501
1300 1.1189988
1400 1.2700051
1500 1.0425065
1600 1.3167622
1700 1.1231794
1800 1.0733569
1900 1.0900791
2000 1.0423671
2100 1.1302508
2200 1.2214372
2300 1.1214979
2400 1.1527652
2500 1.0498561
2600 1.1800797
2700 1.1576593
2800 1.1162158
2900 1.111465
3000 1.0671083
3100 1.1059909
3200 1.0805326
3300 1.2601538
3400 1.106581
3500 1.0703931
3600 1.0618834
3700 1.0160518
3800 1.0424553
3900 1.062896
4000 1.0923858
4100 1.1194646
4200 1.0121126
4300 1.1580558
4400 1.0920131
4500 1.0389102
4600 1.0251489
4700 1.0908144
4800 1.087886
4900 1.1307175
5000 1.0600059
5100 1.1571803
5200 1.0042267
5300 1.0259922
5400 1.0827825
5500 1.0109531
5600 1.0846128
5700 1.0454956
5800 1.0717328
5900 1.0271518
6000 1.0223241
6100 1.0578595
6200 1.0800705
6300 1.0664666
6400 1.0185276
6500 1.0027881
6600 1.009723
6700 1.016705
6800 1.0348947
6900 1.0780714
7000 1.019653
7100 1.0137422
7200 1.0090821
7300 1.0357625
7400 1.0233823
7500 1.0030762
7600 1.0718274
7700 1.0634296
7800 1.0023865
7900 1.011205
8000 1.008972
8100 1.014115
8200 1.0072945
8300 1.0006671
8400 1.0188612
8500 1.0023106
8600 1.0153655
8700 1.0327358
8800 1.0380411
8900 1.0095055
9000 1.0193434
9100 1.0634441
9200 1.0261087
9300 1.0024724
9400 1.0003729
9500 1.0335758
9600 1.0297256
9700 1.0306543
9800 1.014862
9900 1.000308
10000 1.031975
10100 1.0014406
10200 1.0186512
10300 1.0447471
10400 1.0014925
10500 1.0014396
10600 1.009338
10700 1.0008407
10800 1.0019017
10900 1.0146511
11000 1.0006968
11100 1.0318577
11200 1.0085973
11300 1.0078754
11400 1.0065721
11500 1.026434
11600 1.0167847
11700 1.0030987
11800 1.0456419
11900 1.0012794
12000 1.0002321
12100 1.0003985
12200 1.0036943
12300 1.0015726
12400 1.000224
12500 1.0048385
12600 1.0007927
12700 1.0014049
12800 1.0017763
12900 1.0143209
13000 1.004466
13100 1.0027385
13200 1.0001986
13300 1.0143759
13400 1.0045531
13500 1.0162734
