0 0.0375
100 0.34375
200 0.40000004
300 0.45937502
400 0.47187504
500 0.49687502
600 0.503125
700 0.45624998
800 0.453125
900 0.4875
1000 0.48750004
1100 0.46250004
1200 0.4875
1300 0.46875
1400 0.496875
1500 0.53124994
1600 0.45625
1700 0.453125
1800 0.50625
1900 0.51875
2000 0.509375
2100 0.49687502
2200 0.49062502
2300 0.553125
2400 0.53749996
2500 0.45000005
2600 0.51250005
2700 0.52500004
2800 0.525
2900 0.55625004
3000 0.509375
3100 0.45625004
3200 0.51875
3300 0.584375
3400 0.50625
3500 0.49999997
3600 0.528125
3700 0.53125
3800 0.48125005
3900 0.46875
4000 0.53125
4100 0.5125
4200 0.565625
4300 0.57812506
4400 0.55
4500 0.534375
4600 0.578125
4700 0.56874996
4800 0.6156251
4900 0.5375
5000 0.6375
5100 0.5
5200 0.47500002
5300 0.51562506
5400 0.53749996
5500 0.628125
5600 0.54375
5700 0.515625
5800 0.490625
5900 0.50625
6000 0.503125
6100 0.50625
6200 0.49375004
6300 0.53437495
6400 0.478125
6500 0.546875
6600 0.590625
6700 0.528125
6800 0.45312503
6900 0.584375
7000 0.49062502
7100 0.54375005
7200 0.54062504
7300 0.5656251
7400 0.50937504
7500 0.525
7600 0.47812504
7700 0.540625
7800 0.58124995
7900 0.546875
8000 0.546875
8100 0.5593749
8200 0.55937505
8300 0.55312496
8400 0.5625
8500 0.5
8600 0.56249994
8700 0.50624996
8800 0.50625
8900 0.51875
9000 0.57500005
9100 0.54062504
9200 0.54375
9300 0.53749996
9400 0.484375
9500 0.52500004
9600 0.56875
9700 0.60312504
9800 0.53125
9900 0.525
10000 0.54062504
10100 0.546875
10200 0.578125
10300 0.55625
10400 0.51250005
10500 0.52500004
10600 0.515625
10700 0.490625
10800 0.653125
10900 0.584375
11000 0.53125006
11100 0.534375
11200 0.52500004
11300 0.509375
11400 0.484375
11500 0.528125
11600 0.553125
11700 0.49062496
11800 0.525
11900 0.534375
12000 0.534375
12100 0.52500004
12200 0.53125
12300 0.59375
12400 0.55
12500 0.46562502
12600 0.58750004
12700 0.565625
12800 0.54375005
12900 0.528125
13000 0.503125
13100 0.546875
13200 0.609375
13300 0.50625
13400 0.509375
13500 0.55937505
13600 0.56562495
13700 0.503125
13800 0.5125
13900 0.54062504
14000 0.56874996
14100 0.521875
14200 0.48437506
14300 0.55625004
14400 0.534375
14500 0.521875
14600 0.55625004
14700 0.565625
14800 0.53125006
14900 0.55625
15000 0.534375
15100 0.55
15200 0.596875
15300 0.58125
15400 0.540625
15500 0.534375
15600 0.559375
15700 0.52500004
15800 0.503125
15900 0.525
16000 0.5875
16100 0.55
16200 0.5625
16300 0.48125002
16400 0.571875
16500 0.5656251
16600 0.59375006
16700 0.515625
16800 0.546875
16900 0.48437503
17000 0.55
17100 0.596875
17200 0.540625
17300 0.55937505
17400 0.52812505
17500 0.534375
17600 0.603125
17700 0.565625
17800 0.515625
17900 0.534375
18000 0.55625004
18100 0.503125
18200 0.565625
18300 0.5
18400 0.55312496
18500 0.61875004
18600 0.528125
18700 0.54375
18800 0.590625
18900 0.609375
19000 0.5875001
19100 0.528125
19200 0.58124995
19300 0.55312496
19400 0.521875
19500 0.55625
19600 0.57500005
19700 0.578125
19800 0.615625
19900 0.63125
20000 0.53125
20100 0.59062505
20200 0.53125
20300 0.578125
20400 0.559375
20500 0.5625
20600 0.534375
20700 0.6000001
20800 0.55625
20900 0.51875
21000 0.58125
21100 0.55625004
21200 0.54375
21300 0.53125
21400 0.565625
21500 0.571875
21600 0.525
21700 0.60312504
21800 0.56875
21900 0.57812506
22000 0.55625
22100 0.56562495
22200 0.54375
22300 0.559375
22400 0.53749996
22500 0.59375
22600 0.584375
22700 0.57187504
22800 0.571875
22900 0.54375
23000 0.47500002
23100 0.60312504
23200 0.55
23300 0.559375
23400 0.615625
23500 0.584375
23600 0.5375
23700 0.565625
23800 0.56875
23900 0.5875
24000 0.50624996
24100 0.5875
24200 0.5875
24300 0.56874996
24400 0.521875
24500 0.63125
24600 0.55625
24700 0.54375005
24800 0.521875
24900 0.515625
25000 0.596875
25100 0.5375
25200 0.590625
25300 0.5875
25400 0.5875
25500 0.5625
25600 0.57187504
25700 0.52500004
25800 0.584375
25900 0.57187504
26000 0.546875
26100 0.553125
26200 0.55
26300 0.54375005
26400 0.53125006
26500 0.5625
26600 0.55
26700 0.52812505
26800 0.6125001
26900 0.55
27000 0.55
27100 0.609375
27200 0.58125
27300 0.59062505
27400 0.55625
27500 0.58750004
27600 0.5625
27700 0.615625
27800 0.60625005
27900 0.57187504
28000 0.5875
28100 0.53749996
28200 0.46875003
28300 0.5812501
28400 0.509375
28500 0.57500005
28600 0.51875
28700 0.553125
28800 0.546875
28900 0.4875
29000 0.57812506
29100 0.5625
29200 0.578125
29300 0.553125
29400 0.58125
29500 0.546875
29600 0.534375
29700 0.6125
29800 0.58750004
29900 0.57500005
30000 0.521875
30100 0.57187504
30200 0.54375
30300 0.59062505
30400 0.49062496
30500 0.54687506
30600 0.54375
30700 0.521875
30800 0.5
30900 0.546875
31000 0.503125
31100 0.5625
31200 0.540625
31300 0.553125
31400 0.575
31500 0.58125
31600 0.559375
31700 0.59062505
31800 0.540625
31900 0.54687494
32000 0.521875
32100 0.534375
32200 0.54687506
32300 0.578125
32400 0.5968751
32500 0.6125
32600 0.58125
32700 0.534375
32800 0.5500001
32900 0.54687506
33000 0.58125
33100 0.51875
33200 0.6125
33300 0.55625004
33400 0.565625
33500 0.5125
33600 0.534375
33700 0.54062504
33800 0.56875
33900 0.59375
34000 0.546875
34100 0.603125
34200 0.565625
34300 0.575
34400 0.5593749
34500 0.5875001
34600 0.5375
34700 0.55937505
34800 0.55937505
34900 0.56874996
35000 0.58124995
35100 0.596875
35200 0.584375
35300 0.56875
35400 0.59375
35500 0.61249995
35600 0.57187504
35700 0.58437496
35800 0.55937505
35900 0.509375
36000 0.546875
36100 0.6218749
36200 0.559375
36300 0.571875
36400 0.55937505
36500 0.609375
36600 0.515625
36700 0.61875004
36800 0.59375
36900 0.578125
37000 0.6125
37100 0.57187504
37200 0.66875005
37300 0.56250006
37400 0.590625
37500 0.5875
37600 0.59375
37700 0.503125
37800 0.58125
37900 0.59375
38000 0.565625
38100 0.503125
38200 0.56875
38300 0.578125
38400 0.58125
38500 0.50937504
38600 0.53125
38700 0.528125
38800 0.51250005
38900 0.503125
39000 0.525
39100 0.6
39200 0.54687506
39300 0.50937504
39400 0.54062504
39500 0.58437496
39600 0.54062504
39700 0.61875004
39800 0.5281249
39900 0.5375
40000 0.55625
40100 0.51562506
40200 0.575
40300 0.5593749
40400 0.55
40500 0.55
