0 4.772808
100 3.2338383
200 2.882618
300 2.535468
400 2.5451112
500 2.4039326
600 2.3449252
700 2.544279
800 2.5692732
900 2.575601
1000 2.340929
1100 2.6001554
1200 2.5426347
1300 2.5766191
1400 2.394792
1500 2.2783709
1600 2.3780224
1700 2.5543256
1800 2.2858043
1900 2.2935798
2000 2.2670655
2100 2.3723888
2200 2.437779
2300 2.1013627
2400 2.1500204
2500 2.5344083
2600 2.2973332
2700 2.2435915
2800 2.2745726
2900 2.0742517
3000 2.3905096
3100 2.4911928
3200 2.3332982
3300 1.9234829
3400 2.3390775
3500 2.3729095
3600 2.3968415
3700 2.2739964
3800 2.3881443
3900 2.5047808
4000 2.2482605
4100 2.2874253
4200 2.0400984
4300 1.9253675
4400 2.2443252
4500 2.34202
4600 1.9338456
4700 2.0791147
4800 1.8126187
4900 2.0871222
5000 1.8575492
5100 2.2829635
5200 2.4959443
5300 2.3206925
5400 2.1643696
5500 1.8598841
5600 2.2156181
5700 2.1084545
5800 2.340919
5900 2.2980828
6000 2.3588002
6100 2.351501
6200 2.2522078
6300 2.3274233
6400 2.3566816
6500 2.1770139
6600 1.864451
6700 2.2292743
6800 2.4177425
6900 2.099287
7000 2.3764167
7100 2.057252
7200 2.1320298
7300 2.2374456
7400 2.3443434
7500 2.2287219
7600 2.586308
7700 1.9916863
7800 1.961752
7900 2.1852388
8000 2.1102047
8100 2.0550108
8200 2.1906013
8300 2.1468594
8400 2.0201845
8500 2.3529038
8600 2.0542557
8700 2.190136
8800 2.4133735
8900 2.258972
9000 2.1563866
9100 2.2308476
9200 2.1864786
9300 2.276911
9400 2.5314543
9500 2.1906214
9600 2.0480857
9700 2.0007765
9800 2.079573
9900 2.2647235
10000 2.2722833
10100 2.1768425
10200 1.8923072
10300 1.9342768
10400 2.171965
10500 2.4162805
10600 2.243779
10700 2.3257546
10800 1.7983156
10900 2.062851
11000 2.082104
11100 2.1990025
11200 2.1798894
11300 2.425029
11400 2.4059234
11500 2.2072165
11600 2.2037983
11700 2.314995
11800 2.3432908
11900 2.2848656
12000 2.1374521
12100 2.1738892
12200 2.0698888
12300 2.0118296
12400 2.2094288
12500 2.3318646
12600 2.1703668
12700 1.9907632
12800 2.2168946
12900 2.4298675
13000 2.3976307
13100 2.2607346
13200 1.8647727
13300 2.334955
13400 2.3661778
13500 2.1307933
13600 2.0822074
13700 2.3554664
13800 2.2453845
13900 2.2815106
14000 2.0427504
14100 2.1903698
14200 2.429285
14300 2.0497696
14400 2.1972837
14500 2.4071732
14600 2.1698465
14700 2.0336792
14800 2.0738795
14900 2.1350696
15000 2.1395652
15100 2.085513
15200 1.7974172
15300 2.0672717
15400 2.2339294
15500 2.3055413
15600 2.0864112
15700 2.0851564
15800 2.4542513
15900 2.2588975
16000 1.9588188
16100 2.1343338
16200 2.2465594
16300 2.6070879
16400 2.2043147
16500 2.1087017
16600 1.9626322
16700 2.3195412
16800 2.1705124
16900 2.2730432
17000 2.092035
17100 2.0124726
17200 2.0957363
17300 2.102004
17400 2.109333
17500 1.900602
17600 1.871961
17700 2.0050642
17800 2.212098
17900 2.201256
18000 2.1308572
18100 2.3393335
18200 2.049618
18300 2.3331056
18400 2.155633
18500 1.9125948
18600 2.1629941
18700 2.2483895
18800 1.8731174
18900 1.8938819
19000 2.006112
19100 2.121627
19200 2.002643
19300 2.2098358
19400 2.1233487
19500 2.2142093
19600 2.0923753
19700 2.048548
19800 1.7917095
19900 1.8930886
20000 2.20927
20100 2.013402
20200 2.0848975
20300 1.9306933
20400 1.9314128
20500 2.02909
20600 2.1590626
20700 1.8574711
20800 2.0419812
20900 2.183431
21000 1.9960744
21100 2.1397536
21200 2.142472
21300 2.170961
21400 2.0302978
21500 1.9093571
21600 2.170899
21700 1.8661771
21800 2.0014503
21900 1.9678339
22000 2.2133286
22100 2.0520983
22200 2.0951216
22300 2.0736673
22400 2.156142
22500 1.8735297
22600 1.8605582
22700 2.1513958
22800 1.880802
22900 2.2843366
23000 2.4456663
23100 1.9107051
23200 2.202882
23300 2.1051142
23400 1.8001599
23500 1.8479085
23600 2.1977391
23700 2.008831
23800 2.1010144
23900 1.9919517
24000 2.1987274
24100 2.1050122
24200 1.8971072
24300 2.035004
24400 2.2751806
24500 1.7566837
24600 2.027297
24700 1.9906012
24800 2.1352694
24900 2.1331148
25000 1.9462473
25100 2.0459547
25200 1.969859
25300 1.8647883
25400 1.9642779
25500 2.1388166
25600 2.0499542
25700 2.2381988
25800 2.0100124
25900 2.1177652
26000 2.2049272
26100 2.0195267
26200 1.9974736
26300 2.0047343
26400 2.088666
26500 2.0145469
26600 2.1348248
26700 2.1696591
26800 1.89708
26900 2.177048
27000 2.1085865
27100 1.9530894
27200 2.1188073
27300 1.9801668
27400 2.1133857
27500 2.0114286
27600 2.191276
27700 1.8907787
27800 2.0714633
27900 2.0192893
28000 1.9369307
28100 2.1032038
28200 2.3243906
28300 1.8983573
28400 2.4855626
28500 1.9989041
28600 2.1723654
28700 1.9605328
28800 2.2853205
28900 2.396138
29000 1.9482437
29100 2.0950453
29200 1.9689589
29300 2.077387
29400 1.8498158
29500 2.1776626
29600 2.2122781
29700 1.8134676
29800 2.0391655
29900 2.010159
30000 2.1897976
30100 1.9322485
30200 2.1314318
30300 1.8642082
30400 2.3111413
30500 2.1782203
30600 2.0453553
30700 2.1983
30800 2.4764645
30900 2.0068295
31000 2.3191757
31100 1.9778153
31200 2.228145
31300 2.1813097
31400 2.1082463
31500 2.034573
31600 2.1145935
31700 1.9701488
31800 2.0860908
31900 2.0130706
32000 2.177173
32100 2.2892497
32200 2.1600752
32300 1.9534918
32400 1.9987079
32500 1.8915484
32600 1.9303744
32700 2.2827265
32800 2.0955517
32900 2.1033008
33000 1.8867618
33100 2.2337716
33200 1.848382
33300 2.022207
33400 2.0523598
33500 2.2746165
33600 2.1408937
33700 2.2233944
33800 1.9477154
33900 1.9617566
34000 2.0796957
34100 1.9637132
34200 2.0166087
34300 2.015516
34400 1.9316859
34500 1.964467
34600 2.1251285
34700 2.0755055
34800 2.0294437
34900 2.0236533
35000 2.0050905
35100 1.8900127
35200 1.9201297
35300 1.9059818
35400 2.0511966
35500 1.8619018
35600 1.8697885
35700 1.8853974
35800 2.0161037
35900 2.2962973
36000 2.1001356
36100 1.8386079
36200 2.0268593
36300 1.9910779
36400 2.1671586
36500 1.8681083
36600 2.2884297
36700 1.8893708
36800 1.8304251
36900 1.9461968
37000 1.8719625
37100 2.001663
37200 1.676987
37300 2.021637
37400 1.9844854
37500 1.9415653
37600 1.9477135
37700 2.2665274
37800 1.8146161
37900 1.9467558
38000 2.052093
38100 2.3546128
38200 2.2182078
38300 2.001337
38400 2.0356317
38500 2.2573917
38600 2.317698
38700 2.235224
38800 2.3577838
38900 2.1916618
39000 2.0990932
39100 1.8026649
39200 2.2156522
39300 2.2175078
39400 2.137603
39500 2.146037
39600 2.114964
39700 1.8198563
39800 2.1327941
39900 2.155329
40000 2.1239603
40100 2.2800903
40200 2.1407092
40300 2.092617
40400 2.128512
40500 1.9287761
