0 3.3082585
100 2.241526
200 1.9980785
300 1.7574526
400 1.7641367
500 1.6662791
600 1.6253783
700 1.7635598
800 1.7808845
900 1.7852706
1000 1.6226084
1100 1.8022903
1200 1.7624202
1300 1.7859763
1400 1.6599433
1500 1.5792463
1600 1.6483195
1700 1.7705235
1800 1.5843987
1900 1.5897884
2000 1.5714101
2100 1.6444147
2200 1.6897396
2300 1.4565536
2400 1.4902805
2500 1.7567179
2600 1.5923901
2700 1.5551392
2800 1.5766137
2900 1.4377617
3000 1.656975
3100 1.7267632
3200 1.6173191
3300 1.3332567
3400 1.621325
3500 1.6447756
3600 1.661364
3700 1.5762142
3800 1.6553354
3900 1.7361817
4000 1.5583754
4100 1.5855224
4200 1.4140885
4300 1.334563
4400 1.5556476
4500 1.6233646
4600 1.3404397
4700 1.4411324
4800 1.2564116
4900 1.4466828
5000 1.287555
5100 1.5824296
5200 1.7300568
5300 1.6085814
5400 1.5002267
5500 1.2891735
5600 1.5357494
5700 1.4614693
5800 1.6226014
5900 1.5929096
6000 1.6349957
6100 1.6299362
6200 1.5611115
6300 1.6132469
6400 1.6335272
6500 1.508991
6600 1.292339
6700 1.5452152
6800 1.6758515
6900 1.4551148
7000 1.6472065
7100 1.4259783
7200 1.4778104
7300 1.5508791
7400 1.624975
7500 1.5448323
7600 1.7926921
7700 1.3805318
7800 1.3597829
7900 1.5146921
8000 1.4626825
8100 1.4244249
8200 1.5184091
8300 1.4880896
8400 1.4002852
8500 1.6309086
8600 1.4239016
8700 1.5180866
8800 1.6728231
8900 1.5658001
9000 1.4946933
9100 1.5463058
9200 1.5155514
9300 1.5782344
9400 1.7546704
9500 1.5184231
9600 1.4196248
9700 1.3868326
9800 1.4414501
9900 1.5697868
10000 1.5750268
10100 1.5088722
10200 1.3116474
10300 1.3407385
10400 1.5054914
10500 1.6748381
10600 1.555269
10700 1.6120903
10800 1.2464974
10900 1.4298593
11000 1.4432045
11100 1.5242324
11200 1.5109843
11300 1.680902
11400 1.6676589
11500 1.5299258
11600 1.5275567
11700 1.6046324
11800 1.6242454
11900 1.5837481
12000 1.4815689
12100 1.5068252
12200 1.4347377
12300 1.394494
12400 1.5314593
12500 1.6163254
12600 1.5043837
12700 1.3798919
12800 1.5366343
12900 1.6842558
13000 1.661911
13100 1.5670218
13200 1.2925619
13300 1.6184675
13400 1.6401094
13500 1.4769534
13600 1.4432762
13700 1.6326848
13800 1.556382
13900 1.5814226
14000 1.4159266
14100 1.5182487
14200 1.6838521
14300 1.420792
14400 1.523041
14500 1.6685252
14600 1.5040231
14700 1.409639
14800 1.4375037
14900 1.4799175
15000 1.4830337
15100 1.4455676
15200 1.2458746
15300 1.4329236
15400 1.5484419
15500 1.5980794
15600 1.4461901
15700 1.4453202
15800 1.7011573
15900 1.5657485
16000 1.3577497
16100 1.4794075
16200 1.5571964
16300 1.8070955
16400 1.5279145
16500 1.4616406
16600 1.3603929
16700 1.6077834
16800 1.5044845
16900 1.5755534
17000 1.4500883
17100 1.3949397
17200 1.4526538
17300 1.4569981
17400 1.4620782
17500 1.3173969
17600 1.2975445
17700 1.3898046
17800 1.5333093
17900 1.5257944
18000 1.4769976
18100 1.6215024
18200 1.420687
18300 1.6171856
18400 1.4941709
18500 1.3257097
18600 1.4992733
18700 1.5584648
18800 1.298346
18900 1.3127389
19000 1.390531
19100 1.4705999
19200 1.3881265
19300 1.5317414
19400 1.4717932
19500 1.5347729
19600 1.450324
19700 1.4199452
19800 1.2419184
19900 1.312189
20000 1.5313493
20100 1.395584
20200 1.4451408
20300 1.3382546
20400 1.3387533
20500 1.4064579
20600 1.4965482
20700 1.2875009
20800 1.4153936
20900 1.5134389
21000 1.3835734
21100 1.4831642
21200 1.4850484
21300 1.5047954
21400 1.4072951
21500 1.3234655
21600 1.5047525
21700 1.2935354
21800 1.3872997
21900 1.3639985
22000 1.5341624
22100 1.4224061
22200 1.4522276
22300 1.4373567
22400 1.4945238
22500 1.2986318
22600 1.2896407
22700 1.491234
22800 1.3036727
22900 1.5833815
23000 1.6952066
23100 1.3243998
23200 1.5269215
23300 1.459154
23400 1.2477758
23500 1.2808726
23600 1.5233567
23700 1.3924155
23800 1.4563122
23900 1.3807157
24000 1.5240417
24100 1.4590832
24200 1.3149745
24300 1.4105572
24400 1.577035
24500 1.2176404
24600 1.4052151
24700 1.3797796
24800 1.480056
24900 1.4785625
25000 1.3490359
25100 1.4181478
25200 1.3654022
25300 1.2925727
25400 1.3615336
25500 1.4825147
25600 1.4209199
25700 1.5514011
25800 1.3932345
25900 1.4679229
26000 1.5283391
26100 1.3998293
26200 1.3845432
26300 1.3895758
26400 1.447753
26500 1.3963776
26600 1.4797478
26700 1.5038931
26800 1.3149556
26900 1.5090146
27000 1.4615608
27100 1.3537784
27200 1.4686453
27300 1.372547
27400 1.4648874
27500 1.3942161
27600 1.5188769
27700 1.3105879
27800 1.4358289
27900 1.3996646
28000 1.342578
28100 1.4578297
28200 1.6111449
28300 1.315841
28400 1.7228607
28500 1.3855348
28600 1.5057689
28700 1.3589377
28800 1.5840634
28900 1.6608763
29000 1.3504196
29100 1.4521748
29200 1.3647783
29300 1.439935
29400 1.2821946
29500 1.5094408
29600 1.5334344
29700 1.257
29800 1.4134418
29900 1.393336
30000 1.5178521
30100 1.3393326
30200 1.477396
30300 1.2921706
30400 1.601961
30500 1.5098273
30600 1.4177324
30700 1.5237453
30800 1.7165544
30900 1.3910283
31000 1.6075301
31100 1.3709171
31200 1.5444323
31300 1.5119686
31400 1.4613249
31500 1.4102585
31600 1.4657245
31700 1.3656031
31800 1.445968
31900 1.3953543
32000 1.5091013
32100 1.586787
32200 1.4972501
32300 1.3540573
32400 1.3853987
32500 1.3111215
32600 1.3380336
32700 1.5822655
32800 1.4525259
32900 1.457897
33000 1.3078036
33100 1.5483325
33200 1.2812008
33300 1.4016871
33400 1.4225874
33500 1.576644
33600 1.4839544
33700 1.5411396
33800 1.3500534
33900 1.359786
34000 1.4415352
34100 1.3611423
34200 1.3978066
34300 1.3970493
34400 1.3389426
34500 1.3616648
34600 1.4730269
34700 1.4386308
34800 1.4067032
34900 1.4026896
35000 1.3898228
35100 1.310057
35200 1.3309325
35300 1.3211259
35400 1.4217811
35500 1.2905719
35600 1.2960386
35700 1.306858
35800 1.3974566
35900 1.591672
36000 1.455703
36100 1.2744259
36200 1.4049118
36300 1.38011
36400 1.50216
36500 1.294874
36600 1.5862186
36700 1.309612
36800 1.268754
36900 1.3490008
37000 1.2975456
37100 1.3874471
37200 1.1623988
37300 1.401292
37400 1.3755405
37500 1.3457905
37600 1.3500521
37700 1.5710372
37800 1.257796
37900 1.3493882
38000 1.4224025
38100 1.6320932
38200 1.5375445
38300 1.3872212
38400 1.4109924
38500 1.5647047
38600 1.6065059
38700 1.5493392
38800 1.6342912
38900 1.5191443
39000 1.4549806
39100 1.2495121
39200 1.5357732
39300 1.5370593
39400 1.4816735
39500 1.4875195
39600 1.4659814
39700 1.2614282
39800 1.4783403
39900 1.4939601
40000 1.4722171
40100 1.5804383
40200 1.4838265
40300 1.4504915
40400 1.4753721
40500 1.3369257
