0 26.419275
100 10.833591
200 9.027425
300 8.370386
400 8.251729
500 7.2997713
600 7.210975
700 7.533821
800 7.593384
900 7.473797
1000 6.827096
1100 7.7785144
1200 7.4961486
1300 6.9515376
1400 7.3242574
1500 6.9869704
1600 7.061245
1700 7.4338636
1800 6.7608438
1900 6.572609
2000 6.68479
2100 6.8796496
2200 6.756857
2300 6.019521
2400 6.3478584
2500 7.4686794
2600 6.2867904
2700 6.548569
2800 6.348272
2900 6.272785
3000 6.587589
3100 6.599481
3200 6.498172
3300 5.956636
3400 6.8180494
3500 6.8826246
3600 6.153517
3700 6.1571813
3800 6.899143
3900 6.271612
4000 6.639365
4100 6.619899
4200 6.416162
4300 6.0639
4400 6.4689527
4500 6.359885
4600 5.676578
4700 6.160806
4800 5.958882
4900 6.0840683
5000 6.233399
5100 6.484752
5200 6.653487
5300 6.303379
5400 6.1447177
5500 6.0634174
5600 6.1722994
5700 6.587326
5800 6.1300516
5900 5.899579
6000 6.9123235
6100 6.498956
6200 6.6238837
6300 6.1015754
6400 6.4600725
6500 6.3811216
6600 5.6197977
6700 6.8275476
6800 6.536685
6900 6.39316
7000 6.495199
7100 6.1868343
7200 6.561395
7300 6.0838375
7400 6.570153
7500 6.023363
7600 6.708004
7700 6.212439
7800 6.0875998
7900 5.996958
8000 5.871665
8100 6.046015
8200 6.1086206
8300 6.2001166
8400 5.7603593
8500 6.4423323
8600 6.134036
8700 6.4277425
8800 6.4425287
8900 6.2534146
9000 6.279022
9100 6.007931
9200 6.2832217
9300 6.589724
9400 6.4194946
9500 6.1733227
9600 5.9266305
9700 6.0313067
9800 5.817351
9900 6.5276566
10000 6.4381723
10100 6.2022376
10200 6.399043
10300 5.676166
10400 6.372376
10500 6.5606337
10600 6.6003814
10700 6.5998096
10800 5.586141
10900 6.3268147
11000 6.327302
11100 6.5067625
11200 6.3195486
11300 6.5028114
11400 6.3601174
11500 6.601916
11600 6.196886
11700 6.6097884
11800 6.28202
11900 6.147212
12000 6.3207393
12100 6.2590303
12200 5.670525
12300 5.9926357
12400 6.069765
12500 6.7535667
12600 5.9081116
12700 5.6475596
12800 6.014782
12900 6.383162
13000 6.8642864
13100 6.3740683
13200 6.0403004
13300 6.5737524
13400 6.2469635
13500 6.424617
13600 6.0373874
13700 6.230105
13800 6.3919735
13900 6.1103525
14000 5.9172583
14100 6.0955696
14200 6.888037
14300 6.3572383
14400 5.5634303
14500 6.518
14600 6.33799
14700 5.918042
14800 6.3022637
14900 6.3090806
15000 6.332751
15100 5.4382653
15200 6.0046067
15300 5.930054
15400 6.7118444
15500 6.53769
15600 6.1782455
15700 6.230939
15800 6.6696653
15900 6.661223
16000 5.8236732
16100 6.1219926
16200 6.323922
16300 7.338292
16400 6.238173
16500 6.3718476
16600 6.070308
16700 6.262996
16800 6.4898286
16900 7.07119
17000 6.104786
17100 6.326526
17200 5.988423
17300 6.7553835
17400 6.764686
17500 6.0725884
17600 5.7222266
17700 6.1725826
17800 6.4330072
17900 5.90516
18000 5.980227
18100 6.511632
18200 6.0966325
18300 6.4724016
18400 6.0553026
18500 6.0162177
18600 6.263232
18700 6.102583
18800 6.034142
18900 5.7778788
19000 6.035924
19100 6.3800206
19200 6.295337
19300 6.2589254
19400 6.573529
19500 6.4381022
19600 5.6434298
19700 6.339929
19800 5.6762476
19900 6.4813623
20000 6.685269
20100 6.4341736
20200 6.3534126
20300 6.018654
20400 5.944486
20500 6.248882
20600 6.241978
20700 6.06718
20800 6.071212
20900 6.4803495
21000 6.291265
21100 6.008832
21200 6.3316154
21300 6.228402
21400 6.2769966
21500 5.851827
21600 6.5811944
21700 5.870001
21800 6.253152
21900 5.8756485
22000 6.3786554
22100 6.324527
22200 6.3167515
22300 6.163729
22400 6.282757
22500 5.8180375
22600 5.8673325
22700 6.1249366
22800 6.075726
22900 6.385479
23000 6.259878
23100 6.1742744
23200 6.4980106
23300 6.0350447
23400 5.5313506
23500 5.9162064
23600 6.2972784
23700 6.146554
23800 5.878359
23900 6.191372
24000 6.356102
24100 6.2562695
24200 6.248607
24300 6.34882
24400 5.9939375
24500 6.0199323
24600 5.957563
24700 6.0764437
24800 6.353382
24900 6.324737
25000 5.7688894
25100 6.3389163
25200 5.7499747
25300 5.626475
25400 5.7979
25500 6.206238
25600 6.0147285
25700 6.1967998
25800 6.248767
25900 6.3569727
26000 6.346408
26100 6.208042
26200 5.829259
26300 6.092274
26400 6.1215467
26500 5.9166255
26600 6.012973
26700 6.313267
26800 6.165704
26900 6.1179366
27000 6.198481
27100 5.9419928
27200 6.006346
27300 6.239918
27400 6.4234166
27500 6.1694584
27600 6.5294275
27700 5.977646
27800 5.9324045
27900 6.0226355
28000 6.426076
28100 6.5692883
28200 6.5764055
28300 5.968461
28400 7.0875196
28500 6.3100643
28600 6.4347534
28700 6.017907
28800 6.73118
28900 6.777302
29000 5.940853
29100 6.266905
29200 6.399135
29300 6.2956123
29400 6.1027813
29500 6.151367
29600 5.9111376
29700 6.0530453
29800 6.182699
29900 6.388736
30000 6.4133854
30100 6.0643463
30200 6.1261787
30300 5.9933434
30400 6.398551
30500 6.2382655
30600 6.3964257
30700 6.601858
30800 6.5292478
30900 6.041796
31000 6.2381706
31100 6.0083485
31200 6.446549
31300 6.655843
31400 6.1435328
31500 6.148987
31600 6.043727
31700 5.9293003
31800 5.884147
31900 6.5622644
32000 6.4201436
32100 6.0948257
32200 6.149184
32300 5.7199726
32400 6.2056417
32500 5.577525
32600 6.1362705
32700 6.5995436
32800 6.2544713
32900 6.209587
33000 5.9976993
33100 6.6768837
33200 5.7353086
33300 5.884516
33400 6.3177576
33500 6.1939354
33600 6.3357353
33700 6.550784
33800 5.916904
33900 5.714927
34000 5.896413
34100 6.1148777
34200 5.9066
34300 5.9749284
34400 5.7907343
34500 5.963073
34600 6.2307487
34700 6.163315
34800 6.2788315
34900 6.119355
35000 5.9616084
35100 5.8814993
35200 6.068509
35300 5.9003468
35400 6.298011
35500 5.694352
35600 5.9692454
35700 5.6004367
35800 6.262594
35900 5.670498
36000 5.9812236
36100 5.9467306
36200 6.0588903
36300 6.0312653
36400 6.5749297
36500 6.1398005
36600 6.8159957
36700 5.7233644
36800 5.662472
36900 5.9887056
37000 6.059327
37100 6.069279
37200 5.543107
37300 6.2209244
37400 5.9845138
37500 6.2958612
37600 6.1034923
37700 6.1217055
37800 5.6457047
37900 5.9034915
38000 6.1168947
38100 6.1308856
38200 6.090419
38300 6.0839157
38400 6.0510283
38500 6.3918376
38600 6.3025064
38700 6.248637
38800 6.255563
38900 6.4888554
39000 5.8383093
39100 5.6576195
39200 6.343323
39300 6.205119
39400 6.1074605
39500 5.817238
39600 6.305957
39700 5.881921
39800 6.0788174
39900 6.381405
40000 5.978236
40100 5.89853
40200 5.979477
40300 6.251447
40400 6.53791
40500 6.2442856
