0 0.09375
100 0.375
200 0.4375
300 0.28125
400 0.4375
500 0.59375
600 0.34375
700 0.34375
800 0.4375
900 0.46875
1000 0.53125
1100 0.59375
1200 0.28125
1300 0.40625
1400 0.4375
1500 0.40625
1600 0.46875
1700 0.5625
1800 0.46875
1900 0.5625
2000 0.5625
2100 0.5625
2200 0.625
2300 0.53125
2400 0.5625
2500 0.40625
2600 0.625
2700 0.53125
2800 0.71875
2900 0.5625
3000 0.75
3100 0.5625
3200 0.59375
3300 0.5625
3400 0.53125
3500 0.59375
3600 0.46875
3700 0.5
3800 0.40625
3900 0.4375
4000 0.5
4100 0.34375
4200 0.4375
4300 0.625
4400 0.4375
4500 0.59375
4600 0.375
4700 0.5
4800 0.46875
4900 0.53125
5000 0.65625
5100 0.59375
5200 0.46875
5300 0.4375
5400 0.46875
5500 0.4375
5600 0.65625
5700 0.375
5800 0.46875
5900 0.625
6000 0.5
6100 0.71875
6200 0.6875
6300 0.5625
6400 0.59375
6500 0.5625
6600 0.625
6700 0.78125
6800 0.5
6900 0.625
7000 0.71875
7100 0.5625
7200 0.65625
7300 0.625
7400 0.53125
7500 0.6875
7600 0.75
7700 0.78125
7800 0.53125
7900 0.5625
8000 0.71875
8100 0.75
8200 0.625
8300 0.6875
8400 0.5625
8500 0.71875
8600 0.75
8700 0.8125
8800 0.59375
8900 0.65625
9000 0.6875
9100 0.59375
9200 0.8125
9300 0.84375
9400 0.65625
9500 0.6875
9600 0.8125
9700 0.71875
9800 0.59375
9900 0.8125
10000 0.78125
10100 0.78125
10200 0.65625
10300 0.59375
10400 0.6875
10500 0.65625
10600 0.65625
10700 0.65625
10800 0.8125
10900 0.78125
11000 0.71875
11100 0.71875
11200 0.75
11300 0.6875
11400 0.84375
11500 0.875
11600 0.6875
11700 0.875
11800 0.59375
11900 0.71875
12000 0.8125
12100 0.8125
12200 0.75
12300 0.71875
12400 0.90625
12500 0.75
12600 0.84375
12700 0.875
12800 0.84375
12900 0.59375
13000 0.78125
13100 0.625
13200 0.78125
13300 0.78125
13400 0.75
13500 0.84375
13600 0.8125
13700 0.71875
13800 0.8125
13900 0.8125
14000 0.9375
14100 0.875
14200 0.71875
14300 0.78125
14400 0.84375
14500 0.8125
14600 0.65625
14700 0.84375
14800 0.78125
14900 0.75
15000 0.8125
15100 0.8125
15200 0.8125
15300 0.8125
15400 0.875
15500 0.96875
15600 0.8125
15700 0.75
15800 0.71875
15900 0.71875
16000 0.78125
16100 0.8125
16200 0.625
16300 0.78125
16400 0.8125
16500 0.875
16600 0.6875
16700 0.8125
16800 0.71875
16900 0.90625
17000 0.8125
17100 0.78125
17200 0.84375
17300 0.8125
17400 0.8125
17500 0.84375
17600 0.9375
17700 0.9375
17800 0.84375
17900 0.90625
18000 0.875
18100 0.84375
18200 0.78125
18300 0.90625
18400 0.90625
18500 0.9375
18600 0.71875
18700 1.0
18800 0.90625
18900 0.8125
19000 0.8125
19100 0.84375
19200 0.78125
19300 0.84375
19400 0.84375
19500 0.90625
19600 0.90625
19700 0.78125
19800 0.84375
19900 0.875
20000 0.84375
20100 0.78125
20200 0.84375
20300 0.9375
20400 0.84375
20500 0.8125
20600 0.78125
20700 0.875
20800 0.875
20900 0.6875
21000 0.875
21100 0.8125
21200 0.8125
21300 0.84375
