0 4.26194
100 2.6578615
200 2.3376184
300 2.9861975
400 2.085312
500 1.9196408
600 2.5360184
700 2.4984732
800 2.2066429
900 2.2475615
1000 2.0342176
1100 1.9161471
1200 2.7589808
1300 2.303765
1400 1.817698
1500 2.907462
1600 2.2122383
1700 1.702432
1800 2.2865314
1900 1.7154511
2000 1.7914923
2100 2.1635525
2200 1.947288
2300 1.7495712
2400 2.1279407
2500 1.9499446
2600 1.6591799
2700 2.0063865
2800 1.6083115
2900 1.8866234
3000 1.6146517
3100 1.987173
3200 1.9064841
3300 1.7717862
3400 1.7432619
3500 2.024145
3600 1.8607186
3700 1.984308
3800 2.4315498
3900 1.8867525
4000 2.1705213
4100 2.6686604
4200 2.2869892
4300 1.6724281
4400 2.142674
4500 1.5793394
4600 2.5867429
4700 2.3535125
4800 2.2481332
4900 1.8498447
5000 1.5587094
5100 2.0036876
5200 2.3434446
5300 2.0435803
5400 1.9155449
5500 2.183299
5600 1.2369144
5700 2.432377
5800 2.1609092
5900 1.3981564
6000 2.1171353
6100 1.3952587
6200 1.2715005
6300 1.795298
6400 1.5903445
6500 1.475778
6600 1.5760767
6700 1.3623521
6800 1.78391
6900 1.2772449
7000 1.2842586
7100 1.4918133
7200 1.3889735
7300 1.462034
7400 1.9131165
7500 1.2930975
7600 1.0414553
7700 1.1267805
7800 1.3517458
7900 1.9628195
8000 1.2985528
8100 1.1695449
8200 1.704106
8300 1.5142766
8400 1.4649686
8500 1.2204819
8600 1.1861298
8700 1.0996372
8800 1.569009
8900 1.4697125
9000 1.1445005
9100 1.6519083
9200 1.1286668
9300 1.0018569
9400 1.3196341
9500 1.280516
9600 1.0827192
9700 1.1568731
9800 1.6380064
9900 0.97870994
10000 1.1927587
10100 0.9875341
10200 1.1469395
10300 1.5163938
10400 1.3456193
10500 1.3212817
10600 1.2446519
10700 1.1476626
10800 1.109738
10900 1.0260516
11000 1.1516317
11100 1.2159834
11200 0.83029354
11300 1.196775
11400 0.886957
11500 0.71384054
11600 1.11635
11700 0.8878419
11800 1.3995401
11900 1.2739841
12000 1.1695803
12100 1.1130778
12200 1.1757042
12300 1.1563066
12400 0.6241093
12500 1.6725526
12600 0.8717594
12700 0.9124017
12800 0.62596387
12900 1.345722
13000 0.86498296
13100 1.1949792
13200 1.0695658
13300 0.9888364
13400 1.3477395
13500 0.8287112
13600 0.9921717
13700 1.2204298
13800 0.7264972
13900 0.85418564
14000 0.6226751
14100 0.82030547
14200 1.2588669
14300 1.0270752
14400 0.85816455
14500 0.7939383
14600 1.1551604
14700 0.7544156
14800 1.1195356
14900 1.18834
15000 0.8710604
15100 0.79743814
15200 0.76766866
15300 0.9384266
15400 0.7611334
15500 0.42453152
15600 0.68572366
15700 1.1622756
15800 1.2562364
15900 1.0263934
16000 0.9293439
16100 1.082987
16200 1.1734521
16300 0.9996362
16400 0.9738803
16500 0.7222697
16600 1.0712264
16700 0.9924792
16800 1.1749471
16900 0.7286445
17000 0.8740096
17100 1.0285753
17200 0.68172544
17300 1.1437542
17400 1.0156534
17500 0.84864634
17600 0.5592257
17700 0.53040516
17800 0.759005
17900 0.5810019
18000 0.9294651
18100 0.9114099
18200 0.8620577
18300 0.80064607
18400 0.61164796
18500 0.4899796
18600 1.1122211
18700 0.28266802
18800 0.61491865
18900 0.7851377
19000 0.8833135
19100 0.9629429
19200 0.94935405
19300 0.77409065
19400 0.81348765
19500 0.7123873
19600 0.66200966
19700 0.89664257
19800 0.95967615
19900 0.92144316
20000 0.7736343
20100 0.97401685
20200 0.9569821
20300 0.6635635
20400 0.7714287
20500 1.0187792
20600 0.8623067
20700 0.78448457
20800 0.67674536
20900 1.1073598
21000 0.82664216
21100 0.77678615
21200 0.78568345
21300 0.94705814
