0 2.9541516
100 1.8422892
200 1.6203136
300 2.0698743
400 1.4454281
500 1.3305936
600 1.757834
700 1.7318096
800 1.5295283
900 1.5578909
1000 1.4100121
1100 1.328172
1200 1.9123797
1300 1.5968482
1400 1.2599323
1500 2.015299
1600 1.5334067
1700 1.180036
1800 1.5849028
1900 1.1890601
2000 1.2417679
2100 1.4996603
2200 1.3497572
2300 1.2127104
2400 1.4749761
2500 1.3515986
2600 1.1500559
2700 1.3907211
2800 1.1147966
2900 1.3077077
3000 1.1191913
3100 1.3774034
3200 1.3214741
3300 1.2281086
3400 1.2083371
3500 1.4030304
3600 1.2897519
3700 1.3754175
3800 1.685422
3900 1.3077972
4000 1.5044906
4100 1.8497744
4200 1.5852201
4300 1.1592388
4400 1.4851884
4500 1.0947146
4600 1.7929935
4700 1.6313306
4800 1.5582873
4900 1.2822146
5000 1.080415
5100 1.3888505
5200 1.624352
5300 1.416502
5400 1.3277545
5500 1.5133476
5600 0.8573637
5700 1.6859953
5800 1.4978281
5900 0.96912813
6000 1.4674864
6100 0.96711963
6200 0.8813369
6300 1.2444057
6400 1.1023428
6500 1.0229313
6600 1.0924531
6700 0.94431055
6800 1.2365122
6900 0.88531876
7000 0.89018023
7100 1.0340462
7200 0.962763
7300 1.0134047
7400 1.3260713
7500 0.8963069
7600 0.7218818
7700 0.78102475
7800 0.9369588
7900 1.3605227
8000 0.9000882
8100 0.8106668
8200 1.1811962
8300 1.0496166
8400 1.0154388
8500 0.8459736
8600 0.8221625
8700 0.76221037
8800 1.0875541
8900 1.0187271
9000 0.7933073
9100 1.1450156
9200 0.7823322
9300 0.6944343
9400 0.9147006
9500 0.8875861
9600 0.75048375
9700 0.80188334
9800 1.1353796
9900 0.67839
10000 0.8267573
10100 0.6845065
10200 0.7949979
10300 1.051084
10400 0.93271226
10500 0.91584265
10600 0.8627269
10700 0.7954991
10800 0.76921177
10900 0.71120477
11000 0.7982503
11100 0.84285545
11200 0.5755156
11300 0.8295412
11400 0.61479175
11500 0.49479657
11600 0.7737949
11700 0.6154051
11800 0.97008723
11900 0.8830585
12000 0.8106913
12100 0.7715267
12200 0.8149361
12300 0.80149066
12400 0.4325996
12500 1.1593251
12600 0.6042576
12700 0.63242865
12800 0.4338851
12900 0.93278337
13000 0.5995605
13100 0.8282964
13200 0.7413665
13300 0.6854092
13400 0.9341818
13500 0.57441884
13600 0.687721
13700 0.8459375
13800 0.5035695
13900 0.59207636
14000 0.43160552
14100 0.5685924
14200 0.87258005
14300 0.7119143
14400 0.5948343
14500 0.5503161
14600 0.8006962
14700 0.522921
14800 0.77600294
14900 0.82369447
15000 0.60377306
15100 0.552742
15200 0.53210735
15300 0.65046775
15400 0.52757746
15500 0.29426283
15600 0.4753074
15700 0.80562806
15800 0.87075675
15900 0.7114417
16000 0.6441721
16100 0.75066936
16200 0.81337506
16300 0.692895
16400 0.6750424
16500 0.5006392
16600 0.74251753
16700 0.68793416
16800 0.8144113
16900 0.5050579
17000 0.6058173
17100 0.71295404
17200 0.47253606
17300 0.79279
17400 0.7039973
17500 0.5882368
17600 0.3876257
17700 0.36764884
17800 0.5261022
17900 0.4027198
18000 0.6442561
18100 0.6317412
18200 0.59753287
18300 0.55496556
18400 0.42396206
18500 0.33962798
18600 0.770933
18700 0.19593054
18800 0.42622912
18900 0.544216
19000 0.61226624
19100 0.66746116
19200 0.6580421
19300 0.53655875
19400 0.5638667
19500 0.49378926
19600 0.4588701
19700 0.62150526
19800 0.66519684
19900 0.6386957
20000 0.5362424
20100 0.67513704
20200 0.6633294
20300 0.45994717
20400 0.5347136
20500 0.7061639
20600 0.5977055
20700 0.5437633
20800 0.46908414
20900 0.7675633
21000 0.5729847
21100 0.5384271
21200 0.5445943
21300 0.6564507
