0 5.5825863
100 3.5647504
200 4.8241568
300 5.0275383
400 4.448415
500 4.4974823
600 5.0376673
700 4.852071
800 4.412868
900 4.2619348
1000 4.506892
1100 4.129177
1200 4.7468524
1300 4.422784
1400 3.9243338
1500 4.6818414
1600 4.863618
1700 4.6054664
1800 4.138042
1900 3.9729197
2000 4.234687
2100 4.4562664
2200 4.1625233
2300 4.1477995
2400 4.1061125
2500 4.349859
2600 3.9740553
2700 4.1007404
2800 3.651847
2900 3.679614
3000 3.3361259
3100 3.765118
3200 3.6848273
3300 4.0180397
3400 3.1349623
3500 3.8705354
3600 3.8275504
3700 3.945252
3800 3.991448
3900 4.220378
4000 3.8940935
4100 4.5035977
4200 4.2846384
4300 3.7180762
4400 3.8950062
4500 3.2630541
4600 4.0505295
4700 4.0073395
4800 3.4058683
4900 3.080904
5000 3.4427605
5100 3.5161483
5200 3.920927
5300 3.8692746
5400 3.8423839
5500 3.4257107
5600 3.1936388
5700 4.2013774
5800 3.4659355
5900 3.3371916
6000 4.094199
6100 3.020265
6200 2.584793
6300 3.9173303
6400 3.1119657
6500 3.7685437
6600 3.2528467
6700 2.9405293
6800 3.4494672
6900 3.1497772
7000 3.3114185
7100 3.2459965
7200 3.1681108
7300 3.259801
7400 4.15752
7500 3.6608963
7600 3.1023045
7700 3.666381
7800 3.0684915
7900 3.3489103
8000 3.4313817
8100 3.3671026
8200 3.5835385
8300 3.2260485
8400 3.426453
8500 3.5112987
8600 3.3212142
8700 2.7363992
8800 2.8224843
8900 3.000916
9000 2.7360892
9100 2.7897754
9200 3.7424574
9300 2.6218874
9400 3.19948
9500 3.418615
9600 2.6636689
9700 3.2282455
9800 3.2393653
9900 3.1774673
10000 3.6542468
10100 2.996028
10200 3.252425
10300 2.940421
10400 3.4292889
10500 3.585188
10600 2.8348927
10700 3.1150208
10800 2.962723
10900 3.2747815
11000 2.795117
11100 3.2758648
11200 2.695414
11300 3.075313
11400 2.7713065
11500 2.6741276
11600 2.811769
11700 3.096468
11800 3.7050152
11900 3.1708865
12000 3.1352932
12100 2.6062484
12200 3.1023724
12300 3.0640526
12400 2.551849
12500 3.1392915
12600 3.29918
12700 3.1515584
12800 2.6712565
12900 3.652817
13000 2.8816943
13100 2.8808825
13200 2.2634187
13300 2.8118908
13400 2.5607061
13500 2.6870422
13600 3.195335
13700 2.9761584
13800 2.3849757
13900 2.8918946
14000 2.8181202
14100 2.8351822
14200 2.7464104
14300 2.467312
14400 2.8830721
14500 2.6070955
14600 2.9079528
14700 2.6518898
14800 3.1823063
14900 3.0160222
15000 2.8248436
15100 2.797865
15200 2.5639017
15300 2.7848105
15400 2.7237196
15500 2.1760938
15600 2.7203772
15700 2.7769232
15800 2.912663
15900 3.2186553
16000 2.8434906
16100 2.9938092
16200 3.1579895
16300 2.8677688
16400 2.940389
16500 2.6918402
16600 2.8776252
16700 3.096777
16800 3.3890254
16900 2.8431935
17000 2.9516103
17100 3.0919247
17200 2.583807
17300 2.434356
17400 2.9500062
17500 2.88351
17600 2.0704317
17700 2.292173
17800 2.9740057
17900 2.5029528
18000 2.845221
18100 3.0801923
18200 2.8541932
18300 2.9558113
18400 2.5138493
18500 2.2048726
18600 3.061311
18700 1.9457027
18800 2.6623187
18900 2.5302365
19000 2.7878618
19100 2.894133
19200 2.978071
19300 2.6059575
19400 3.0072727
19500 2.8103242
19600 2.5539556
19700 2.7738848
19800 2.8508477
19900 3.1651533
20000 2.504513
20100 2.7806642
20200 2.8354468
20300 2.739624
20400 2.8165324
20500 2.5585074
20600 2.7591243
20700 2.9535732
20800 2.3752413
20900 3.2507722
21000 2.9392552
21100 2.8266983
21200 2.8739765
21300 3.1906576
