0 0.09375
100 0.25
200 0.375
300 0.4375
400 0.375
500 0.5
600 0.34375
700 0.5625
800 0.40625
900 0.59375
1000 0.53125
1100 0.40625
1200 0.34375
1300 0.46875
1400 0.46875
1500 0.53125
1600 0.53125
1700 0.5625
1800 0.5
1900 0.375
2000 0.5
2100 0.46875
2200 0.5
2300 0.4375
2400 0.625
2500 0.6875
2600 0.46875
2700 0.53125
2800 0.53125
2900 0.5
3000 0.53125
3100 0.53125
3200 0.5625
3300 0.59375
3400 0.46875
3500 0.625
3600 0.40625
3700 0.53125
3800 0.5
3900 0.625
4000 0.625
4100 0.5625
4200 0.5
4300 0.59375
4400 0.5625
4500 0.4375
4600 0.5625
4700 0.59375
4800 0.6875
4900 0.625
5000 0.5625
5100 0.5
5200 0.59375
5300 0.71875
5400 0.625
5500 0.625
5600 0.40625
5700 0.5625
5800 0.6875
5900 0.40625
6000 0.5625
6100 0.28125
6200 0.6875
6300 0.78125
6400 0.59375
6500 0.59375
6600 0.65625
6700 0.71875
6800 0.6875
6900 0.78125
7000 0.5625
7100 0.6875
7200 0.625
7300 0.4375
7400 0.59375
7500 0.6875
7600 0.75
7700 0.5625
7800 0.4375
7900 0.59375
8000 0.5
8100 0.625
8200 0.53125
8300 0.6875
8400 0.5625
8500 0.5
8600 0.65625
8700 0.59375
8800 0.625
8900 0.5
9000 0.59375
9100 0.59375
9200 0.625
9300 0.75
9400 0.5
9500 0.5625
9600 0.59375
9700 0.59375
9800 0.53125
9900 0.6875
10000 0.5625
10100 0.4375
10200 0.53125
10300 0.75
10400 0.5625
10500 0.5625
10600 0.5625
10700 0.65625
10800 0.65625
10900 0.59375
11000 0.71875
11100 0.65625
11200 0.5
11300 0.5625
11400 0.6875
11500 0.65625
11600 0.6875
11700 0.625
11800 0.625
11900 0.6875
12000 0.5
12100 0.625
12200 0.5625
12300 0.53125
12400 0.75
12500 0.75
12600 0.75
12700 0.8125
12800 0.6875
12900 0.71875
13000 0.75
13100 0.75
13200 0.65625
13300 0.75
13400 0.6875
13500 0.6875
13600 0.78125
13700 0.65625
13800 0.6875
13900 0.75
14000 0.625
14100 0.71875
14200 0.625
14300 0.625
14400 0.75
14500 0.65625
14600 0.5625
14700 0.6875
14800 0.625
14900 0.65625
15000 0.71875
15100 0.65625
15200 0.59375
15300 0.625
15400 0.59375
15500 0.59375
15600 0.59375
15700 0.75
15800 0.65625
15900 0.65625
16000 0.6875
16100 0.6875
16200 0.59375
16300 0.71875
16400 0.6875
16500 0.625
16600 0.65625
16700 0.6875
16800 0.625
16900 0.6875
17000 0.84375
17100 0.65625
17200 0.59375
17300 0.71875
17400 0.5
17500 0.71875
17600 0.875
17700 0.5625
17800 0.84375
17900 0.75
18000 0.75
18100 0.65625
18200 0.75
18300 0.65625
18400 0.75
18500 0.8125
18600 0.8125
18700 0.78125
18800 0.625
18900 0.8125
19000 0.625
19100 0.71875
19200 0.59375
19300 0.75
19400 0.78125
19500 0.71875
19600 0.75
19700 0.75
19800 0.6875
19900 0.8125
20000 0.71875
20100 0.90625
20200 0.8125
20300 0.65625
20400 0.6875
20500 0.78125
20600 0.6875
20700 0.65625
20800 0.8125
20900 0.71875
21000 0.65625
21100 0.90625
21200 0.6875
21300 0.71875
21400 0.6875
21500 0.6875
21600 0.6875
21700 0.625
21800 0.71875
21900 0.78125
22000 0.90625
22100 0.71875
22200 0.6875
22300 0.78125
22400 0.8125
22500 0.625
22600 0.78125
22700 0.84375
22800 0.65625
22900 0.6875
23000 0.8125
23100 0.90625
23200 0.78125
23300 0.65625
23400 0.84375
23500 0.78125
23600 0.8125
23700 0.65625
23800 0.75
23900 0.65625
24000 0.78125
24100 0.71875
24200 0.75
24300 0.75
24400 0.6875
24500 0.75
24600 0.84375
24700 0.8125
24800 0.75
24900 0.53125
25000 0.75
25100 0.875
25200 0.78125
25300 0.78125
25400 0.71875
25500 0.75
25600 0.8125
25700 0.6875
25800 0.78125
25900 0.5625
26000 0.65625
26100 0.65625
