0 3.32193
100 2.89109
200 2.71406
300 2.41784
400 2.64518
500 2.48404
600 2.32953
700 2.23191
800 2.10921
900 2.28617
1000 2.11052
1100 2.48542
1200 2.72414
1300 2.30633
1400 2.05967
1500 2.23584
1600 1.84588
1700 2.16419
1800 2.0121
1900 2.33143
2000 1.93073
2100 1.77137
2200 2.01166
2300 2.68311
2400 1.62297
2500 1.75795
2600 1.7539
2700 2.10305
2800 1.94764
2900 2.04788
3000 1.88908
3100 1.69836
3200 1.6976
3300 1.79258
3400 1.6761
3500 1.89306
3600 2.26401
3700 1.91691
3800 2.38771
3900 1.72618
4000 1.53102
4100 2.05847
4200 1.78661
4300 1.73647
4400 1.95433
4500 1.80075
4600 2.16477
4700 1.49135
4800 1.5548
4900 1.66597
5000 1.60906
5100 2.16382
5200 1.79178
5300 1.47128
5400 1.72357
5500 1.75589
5600 2.29259
5700 1.60291
5800 1.38158
5900 2.34561
6000 1.65791
6100 2.55584
6200 1.6824
6300 0.971129
6400 1.66172
6500 1.88059
6600 1.51102
6700 1.47574
6800 1.65279
6900 1.18193
7000 2.16013
7100 1.48751
7200 1.55983
7300 2.16692
7400 1.69714
7500 1.47609
7600 1.37308
7700 1.69419
7800 2.12677
7900 1.63554
8000 1.89166
8100 1.67822
8200 2.00338
8300 1.23064
8400 1.39055
8500 1.7318
8600 1.37985
8700 1.59825
8800 1.80632
8900 1.79547
9000 1.77187
9100 1.74327
9200 1.45841
9300 1.24318
9400 2.02501
9500 1.4835
9600 1.81959
9700 1.33546
9800 1.76143
9900 1.3708
10000 1.72862
10100 2.24537
10200 1.9113
10300 1.5053
10400 1.73626
10500 1.56501
10600 1.62883
10700 1.18837
10800 1.37624
10900 1.6884
11000 1.51028
11100 1.36691
11200 1.65698
11300 1.71086
11400 1.68819
11500 1.63316
11600 1.16667
11700 1.14867
11800 1.48318
11900 1.31579
12000 1.77713
12100 1.66004
12200 1.54834
12300 1.72461
12400 1.24666
12500 1.02902
12600 1.2929
12700 0.975481
12800 1.32531
12900 1.32788
13000 1.31668
13100 1.18233
13200 1.60353
13300 1.21326
13400 1.52493
13500 1.50796
13600 1.30999
13700 1.42548
13800 1.21095
13900 1.30889
14000 1.48431
14100 1.21465
14200 1.46006
14300 1.59136
14400 1.31498
14500 1.44948
14600 1.60322
14700 1.29505
14800 1.49107
14900 1.41193
15000 1.28237
15100 1.40138
15200 1.8208
15300 1.5708
15400 1.66086
15500 1.51878
15600 1.65806
15700 1.33782
15800 1.46925
15900 1.51764
16000 1.51794
16100 1.55301
16200 1.59111
16300 1.09045
16400 1.53159
16500 1.26099
16600 1.59743
16700 1.24769
16800 1.11588
16900 1.3668
17000 0.853245
17100 1.19886
17200 1.62354
17300 1.22853
17400 1.88073
17500 1.24097
17600 0.936765
17700 1.4404
17800 1.16391
17900 1.10207
18000 1.13422
18100 1.41811
18200 1.13766
18300 1.35336
18400 1.08248
18500 0.921591
18600 1.0956
18700 0.986482
18800 1.46069
18900 1.17499
19000 1.59482
19100 1.27375
19200 1.56797
19300 0.869787
19400 0.924089
19500 1.22496
19600 1.57764
19700 1.35268
19800 1.41208
19900 1.0165
20000 1.02629
20100 0.788777
20200 0.990818
20300 1.23292
20400 1.67435
20500 1.1093
20600 1.52957
20700 1.1897
20800 0.874008
20900 0.950063
21000 1.13598
21100 0.821725
21200 1.34123
21300 1.15378
21400 1.14966
21500 1.36205
21600 1.03845
21700 1.22238
21800 1.12631
21900 1.2723
22000 0.737228
22100 0.985051
22200 1.33442
22300 0.991941
22400 0.933041
22500 1.50879
22600 0.96665
22700 1.09164
22800 1.28799
22900 1.24482
23000 1.00552
23100 0.850077
23200 1.03705
23300 1.14373
23400 0.73668
23500 1.27683
23600 1.21875
23700 1.67897
23800 1.00125
23900 1.34359
24000 1.27428
24100 1.19828
24200 0.919365
24300 1.45233
24400 1.25891
24500 0.959544
24600 1.01038
24700 1.01432
24800 1.25491
24900 1.88156
25000 1.21755
25100 1.05144
25200 0.973337
25300 0.99184
25400 1.00428
25500 1.08844
25600 1.07506
25700 1.31437
25800 1.12811
25900 1.55265
26000 1.53489
26100 1.14244
