0 2.30259
100 2.00395
200 1.88124
300 1.67592
400 1.8335
500 1.72181
600 1.61471
700 1.54704
800 1.46199
900 1.58465
1000 1.4629
1100 1.72276
1200 1.88823
1300 1.59862
1400 1.42765
1500 1.54977
1600 1.27947
1700 1.50011
1800 1.39468
1900 1.61603
2000 1.33828
2100 1.22782
2200 1.39437
2300 1.85979
2400 1.12496
2500 1.21852
2600 1.21571
2700 1.45772
2800 1.35
2900 1.41948
3000 1.30941
3100 1.17722
3200 1.17669
3300 1.24252
3400 1.16178
3500 1.31217
3600 1.56929
3700 1.3287
3800 1.65504
3900 1.1965
4000 1.06122
4100 1.42682
4200 1.23839
4300 1.20363
4400 1.35464
4500 1.24818
4600 1.5005
4700 1.03373
4800 1.07771
4900 1.15476
5000 1.11532
5100 1.49984
5200 1.24197
5300 1.01981
5400 1.19469
5500 1.21709
5600 1.5891
5700 1.11105
5800 0.957637
5900 1.62585
6000 1.14918
6100 1.77158
6200 1.16615
6300 0.673135
6400 1.15182
6500 1.30353
6600 1.04736
6700 1.0229
6800 1.14562
6900 0.819252
7000 1.49729
7100 1.03107
7200 1.08119
7300 1.502
7400 1.17637
7500 1.02315
7600 0.951748
7700 1.17432
7800 1.47416
7900 1.13367
8000 1.3112
8100 1.16325
8200 1.38864
8300 0.853013
8400 0.963857
8500 1.20039
8600 0.956438
8700 1.10783
8800 1.25205
8900 1.24452
9000 1.22817
9100 1.20834
9200 1.01089
9300 0.861706
9400 1.40363
9500 1.02828
9600 1.26125
9700 0.925671
9800 1.22093
9900 0.950167
10000 1.19819
10100 1.55637
10200 1.32481
10300 1.04339
10400 1.20348
10500 1.08478
10600 1.12902
10700 0.823714
10800 0.953935
10900 1.17031
11000 1.04685
11100 0.947467
11200 1.14853
11300 1.18588
11400 1.17017
11500 1.13202
11600 0.808674
11700 0.7962
11800 1.02806
11900 0.912035
12000 1.23181
12100 1.15065
12200 1.07323
12300 1.19541
12400 0.864118
12500 0.71326
12600 0.896171
12700 0.676152
12800 0.918638
12900 0.920419
13000 0.912656
13100 0.819525
13200 1.11148
13300 0.840971
13400 1.057
13500 1.04524
13600 0.908013
13700 0.988066
13800 0.839367
13900 0.907255
14000 1.02885
14100 0.841933
14200 1.01203
14300 1.10304
14400 0.911477
14500 1.0047
14600 1.11127
14700 0.897662
14800 1.03353
14900 0.978678
15000 0.888873
15100 0.971362
15200 1.26208
15300 1.0888
15400 1.15122
15500 1.05274
15600 1.14928
15700 0.927304
15800 1.01841
15900 1.05195
16000 1.05215
16100 1.07647
16200 1.10288
16300 0.755843
16400 1.06162
16500 0.874051
16600 1.10726
16700 0.864832
16800 0.773472
16900 0.947391
17000 0.591425
17100 0.830988
17200 1.12535
17300 0.85155
17400 1.30362
17500 0.860173
17600 0.649316
17700 0.998413
17800 0.806764
17900 0.763895
18000 0.78618
18100 0.982956
18200 0.788563
18300 0.938079
18400 0.750315
18500 0.638798
18600 0.759413
18700 0.683777
18800 1.01247
18900 0.814441
19000 1.10544
19100 0.882897
19200 1.08683
19300 0.60289
19400 0.64053
19500 0.84908
19600 1.09354
19700 0.937609
19800 0.978779
19900 0.704583
20000 0.711367
20100 0.546739
20200 0.686783
20300 0.854598
20400 1.16057
20500 0.768905
20600 1.06022
20700 0.824634
20800 0.605816
20900 0.658533
21000 0.7874
21100 0.569576
21200 0.929667
21300 0.799739
21400 0.796881
21500 0.944103
21600 0.7198
21700 0.847287
21800 0.780702
21900 0.881891
22000 0.511008
22100 0.682785
22200 0.924953
22300 0.687561
22400 0.646735
22500 1.04581
22600 0.670031
22700 0.756669
22800 0.892769
22900 0.862843
23000 0.696975
23100 0.589228
23200 0.718826
23300 0.792775
23400 0.510627
23500 0.885031
23600 0.844774
23700 1.16377
23800 0.694013
23900 0.931306
24000 0.883264
24100 0.830585
24200 0.637255
24300 1.00668
24400 0.872608
24500 0.665105
24600 0.70034
24700 0.703071
24800 0.869834
24900 1.3042
25000 0.843941
25100 0.728804
25200 0.674666
25300 0.687491
25400 0.696112
25500 0.75445
25600 0.745174
25700 0.91105
25800 0.781947
25900 1.07621
26000 1.06391
26100 0.791879
