0 10.0
100 6.2741
200 5.16481
300 5.50871
400 5.29096
500 6.18422
600 5.4276
700 5.40094
800 4.86499
900 4.92272
1000 5.08615
1100 4.83453
1200 5.90939
1300 4.51521
1400 4.70904
1500 5.11077
1600 4.57935
1700 4.54599
1800 5.01118
1900 5.15275
2000 4.83343
2100 4.72845
2200 5.05264
2300 5.09115
2400 4.52089
2500 4.64647
2600 4.39808
2700 4.48169
2800 4.95624
2900 5.17234
3000 5.20959
3100 4.28795
3200 4.64097
3300 4.40851
3400 4.40153
3500 4.9681
3600 4.77602
3700 4.39985
3800 4.37144
3900 4.12837
4000 4.94007
4100 4.52574
4200 4.50794
4300 4.34634
4400 4.4117
4500 4.63519
4600 4.4234
4700 3.86997
4800 4.45467
4900 4.35011
5000 4.42037
5100 4.26348
5200 4.08779
5300 4.10974
5400 4.57973
5500 4.18444
5600 4.03691
5700 3.34339
5800 3.6696
5900 4.20866
6000 4.14337
6100 4.66217
6200 3.9537
6300 3.47707
6400 3.80856
6500 4.59018
6600 3.98807
6700 3.70175
6800 4.31479
6900 3.90287
7000 3.66419
7100 3.7876
7200 4.31349
7300 4.03028
7400 4.30625
7500 3.9958
7600 3.61747
7700 3.91704
7800 4.61879
7900 3.93029
8000 4.25074
8100 4.58413
8200 4.13548
8300 3.53275
8400 3.89172
8500 4.16972
8600 3.91054
8700 3.39426
8800 4.14464
8900 3.88014
9000 4.26314
9100 3.38477
9200 3.57211
9300 3.91336
9400 4.33318
9500 4.03327
9600 3.81295
9700 3.91676
9800 4.10034
9900 3.62292
10000 3.65221
10100 4.48791
10200 3.68103
10300 3.57696
10400 3.7933
10500 3.74891
10600 3.53218
10700 3.43679
10800 3.42191
10900 3.90106
11000 3.531
11100 4.06627
11200 3.89207
11300 3.73914
11400 4.15056
11500 3.92097
11600 3.57098
11700 3.34671
11800 3.38593
11900 3.47102
12000 4.00308
12100 3.39646
12200 3.57698
12300 3.86544
12400 3.22649
12500 3.33346
12600 3.45367
12700 2.93394
12800 3.48787
12900 3.23379
13000 3.16217
13100 3.59075
13200 3.32878
13300 3.27745
13400 3.9779
13500 3.15664
13600 3.67977
13700 3.52648
13800 3.52574
13900 3.62395
14000 4.20909
14100 3.54152
14200 3.49651
14300 3.53724
14400 3.63867
14500 3.33315
14600 3.44374
14700 3.35905
14800 3.59312
14900 3.35463
15000 3.16272
15100 3.75321
15200 3.97415
15300 3.97235
15400 3.64372
15500 3.93195
15600 3.44289
15700 3.71167
15800 2.98539
15900 3.9048
16000 3.91683
16100 3.23457
16200 3.87108
16300 2.99715
16400 3.5913
16500 3.45737
16600 3.80911
16700 3.40842
16800 3.45977
16900 3.51418
17000 3.12943
17100 3.29111
17200 4.19468
17300 3.3262
17400 3.76993
17500 3.02398
17600 3.37165
17700 3.64444
17800 2.97358
17900 2.97414
18000 3.2925
18100 3.48473
18200 3.55916
18300 3.05378
18400 3.37305
18500 3.03694
18600 3.30559
18700 2.7825
18800 3.72638
18900 3.31397
19000 3.68005
19100 3.62044
19200 2.94447
19300 2.92981
19400 2.82827
19500 3.34304
19600 3.60949
19700 3.1828
19800 3.27168
19900 3.10685
20000 3.22149
20100 3.00041
20200 3.12937
20300 3.37559
20400 3.24767
20500 3.09689
20600 3.74508
20700 2.84467
20800 3.40933
20900 3.12498
21000 2.97129
21100 3.11121
21200 3.24795
21300 3.23006
21400 3.12973
21500 4.12923
21600 2.87861
21700 3.25909
21800 3.39707
21900 2.93548
22000 2.69283
22100 2.97581
22200 3.57
22300 3.30122
22400 2.80483
22500 3.54295
22600 2.96433
22700 2.87768
22800 3.51775
22900 3.1538
23000 3.16672
23100 2.96556
23200 3.25494
23300 3.33039
23400 3.09005
23500 3.34356
23600 3.37691
23700 3.77865
23800 2.80103
23900 3.11483
24000 3.96353
24100 3.35551
24200 3.06677
24300 3.46945
24400 3.05318
24500 3.10839
24600 3.10788
24700 2.6487
24800 3.17685
24900 3.37009
25000 3.04405
25100 3.16508
25200 2.96108
25300 3.16514
25400 2.58047
25500 3.33588
25600 2.66077
25700 3.60383
25800 3.59067
25900 3.20256
26000 3.57902
26100 3.03238
