0 0.125
100 0.3125
200 0.5
300 0.5
400 0.5625
500 0.59375
600 0.53125
700 0.4375
800 0.375
900 0.4375
1000 0.46875
1100 0.40625
1200 0.53125
1300 0.46875
1400 0.46875
1500 0.59375
1600 0.59375
1700 0.34375
1800 0.53125
1900 0.5625
2000 0.5
2100 0.5
2200 0.59375
2300 0.625
2400 0.59375
2500 0.625
2600 0.6875
2700 0.4375
2800 0.59375
2900 0.53125
3000 0.5625
3100 0.5
3200 0.59375
3300 0.5
3400 0.375
3500 0.5625
3600 0.5625
3700 0.5625
3800 0.5625
3900 0.46875
4000 0.59375
4100 0.5
4200 0.625
4300 0.53125
4400 0.5
4500 0.5625
4600 0.625
4700 0.53125
4800 0.46875
4900 0.5
5000 0.65625
5100 0.59375
5200 0.65625
5300 0.78125
5400 0.59375
5500 0.75
5600 0.5
5700 0.53125
5800 0.6875
5900 0.375
6000 0.53125
6100 0.65625
6200 0.625
6300 0.53125
6400 0.53125
6500 0.5625
6600 0.59375
6700 0.4375
6800 0.46875
6900 0.625
7000 0.46875
7100 0.625
7200 0.625
7300 0.5625
7400 0.59375
7500 0.625
7600 0.53125
7700 0.625
7800 0.59375
7900 0.5
8000 0.65625
8100 0.59375
8200 0.46875
8300 0.625
8400 0.625
8500 0.5
8600 0.6875
8700 0.5625
8800 0.71875
8900 0.75
9000 0.59375
9100 0.6875
9200 0.625
9300 0.5625
9400 0.71875
9500 0.59375
9600 0.75
9700 0.53125
9800 0.625
9900 0.5
10000 0.75
10100 0.625
10200 0.71875
10300 0.625
10400 0.59375
10500 0.6875
10600 0.46875
10700 0.71875
10800 0.53125
10900 0.4375
11000 0.75
11100 0.71875
11200 0.75
11300 0.6875
11400 0.6875
11500 0.71875
11600 0.65625
11700 0.625
11800 0.53125
11900 0.75
12000 0.8125
12100 0.625
12200 0.46875
12300 0.78125
12400 0.53125
12500 0.6875
12600 0.78125
12700 0.75
12800 0.78125
12900 0.6875
13000 0.71875
13100 0.75
13200 0.75
13300 0.84375
13400 0.65625
13500 0.59375
13600 0.6875
13700 0.65625
13800 0.71875
13900 0.84375
14000 0.84375
14100 0.78125
14200 0.59375
14300 0.8125
14400 0.65625
14500 0.65625
14600 0.5
14700 0.5625
14800 0.75
14900 0.6875
15000 0.75
15100 0.59375
15200 0.5625
15300 0.78125
15400 0.75
15500 0.65625
15600 0.625
15700 0.78125
15800 0.71875
15900 0.71875
16000 0.6875
16100 0.78125
16200 0.71875
16300 0.71875
16400 0.6875
16500 0.71875
16600 0.71875
16700 0.59375
16800 0.90625
16900 0.75
17000 0.71875
17100 0.6875
17200 0.78125
17300 0.625
17400 0.6875
17500 0.78125
17600 0.75
17700 0.84375
17800 0.8125
17900 0.8125
18000 0.8125
18100 0.625
18200 0.8125
18300 0.625
18400 0.78125
18500 0.8125
18600 0.71875
18700 0.75
18800 0.71875
18900 0.75
19000 0.84375
19100 0.8125
19200 0.84375
19300 0.78125
19400 0.75
19500 0.78125
19600 0.75
19700 0.875
19800 0.53125
19900 0.84375
20000 0.90625
20100 0.71875
20200 0.75
20300 0.71875
20400 0.8125
20500 0.59375
20600 0.8125
20700 0.6875
20800 0.6875
20900 0.71875
21000 0.84375
21100 0.71875
21200 0.875
21300 0.75
21400 0.75
21500 0.78125
21600 0.75
21700 0.75
21800 0.71875
21900 0.78125
22000 0.75
22100 0.8125
22200 0.6875
22300 0.75
22400 0.75
22500 0.8125
22600 0.8125
22700 0.875
22800 0.96875
22900 0.8125
23000 0.8125
23100 0.65625
23200 0.84375
23300 0.71875
23400 0.6875
23500 0.875
23600 0.75
23700 0.71875
23800 0.71875
23900 0.78125
24000 0.71875
24100 0.875
24200 0.75
24300 0.8125
24400 0.75
24500 0.6875
24600 0.65625
24700 0.625
24800 0.8125
24900 0.78125
25000 0.75
25100 0.875
25200 0.78125
25300 0.71875
25400 0.6875
25500 0.71875
25600 0.8125
25700 0.59375
25800 0.84375
