0 3.3142564
100 2.9840126
200 1.9000546
300 2.0593116
400 1.8585927
500 2.2647862
600 2.1528413
700 2.4753027
800 2.5316148
900 2.5228097
1000 2.0630922
1100 2.4120026
1200 2.1732488
1300 2.1602185
1400 1.9971831
1500 1.4819907
1600 1.8855798
1700 2.5220952
1800 1.6058605
1900 2.4685097
2000 2.216924
2100 1.8155437
2200 2.1167343
2300 1.7654604
2400 1.7942126
2500 2.0332246
2600 1.4901834
2700 2.3223505
2800 1.9964606
2900 2.089477
3000 1.8159691
3100 1.6944288
3200 1.994091
3300 2.077156
3400 2.1683297
3500 1.8914064
3600 1.4972179
3700 1.8782021
3800 1.7168598
3900 1.8607236
4000 1.7026774
4100 1.8397094
4200 1.802245
4300 2.21868
4400 1.8996215
4500 1.833964
4600 1.5917646
4700 2.1707778
4800 2.1641052
4900 1.8721502
5000 1.5342206
5100 1.7487385
5200 1.6527508
5300 1.2335925
5400 1.7661145
5500 1.4244771
5600 1.669825
5700 1.9556298
5800 1.1482998
5900 2.5211828
6000 2.0267377
6100 1.7111335
6200 1.6814579
6300 1.8095554
6400 1.5981116
6500 1.5469385
6600 1.357025
6700 2.1265354
6800 1.8147807
6900 1.7322096
7000 1.6998093
7100 1.540542
7200 1.6619753
7300 1.694352
7400 1.7687676
7500 1.580736
7600 1.7104362
7700 1.3641576
7800 1.4275894
7900 1.9376074
8000 1.5238774
8100 1.5426971
8200 1.819732
8300 1.6637583
8400 1.4634839
8500 1.7500256
8600 1.414013
8700 1.7934176
8800 1.3272145
8900 1.3127427
9000 1.3533762
9100 1.3977938
9200 1.5098412
9300 1.9618711
9400 1.2571255
9500 1.462473
9600 1.2060856
9700 1.6905279
9800 1.7011657
9900 2.0116296
10000 1.1228564
10100 1.5602435
10200 1.2779949
10300 1.475531
10400 1.4848937
10500 1.7184341
10600 1.8398544
10700 1.2168287
10800 1.5017272
10900 2.0866785
11000 1.2994815
11100 1.5691314
11200 1.1910526
11300 1.5619041
11400 1.532019
11500 1.27415
11600 1.5331333
11700 1.547411
11800 1.5393637
11900 1.4374607
12000 0.8795358
12100 1.6587428
12200 1.9432454
12300 0.9962606
12400 1.4081786
12500 1.3056657
12600 1.0937868
12700 1.2255003
12800 1.0469524
12900 1.5570421
13000 1.2220659
13100 1.3790365
13200 1.260642
13300 1.13154
13400 1.4756691
13500 1.55311
13600 1.2931447
13700 1.2570755
13800 1.1757811
13900 0.8198826
14000 1.2128431
14100 1.118959
14200 1.4304794
14300 1.2029014
14400 1.3381481
14500 1.5181985
14600 1.6613194
14700 1.403653
14800 1.0387752
14900 1.5048689
15000 1.0226643
15100 1.6824867
15200 1.732099
15300 1.0398203
15400 1.2389741
15500 1.5629405
15600 1.2754008
15700 0.9488846
15800 1.1877878
15900 1.2266791
16000 1.1263809
16100 1.3371004
16200 1.1818622
16300 1.1022915
16400 1.4590406
16500 1.4210643
16600 1.3371078
16700 1.4093648
16800 1.1708577
16900 0.9390062
17000 0.9742592
17100 1.1904235
17200 1.1642898
17300 1.4760435
17400 1.3046057
17500 1.0605952
17600 1.062525
17700 0.8394704
17800 1.10764
17900 1.0582986
18000 0.93282986
18100 1.3505597
18200 1.047
18300 1.4723237
18400 1.3012544
18500 0.79042065
18600 1.1790775
18700 1.1604042
18800 1.2810105
18900 1.0240238
19000 0.8367063
19100 1.1501863
19200 1.2180395
19300 1.2641963
19400 1.0777898
19500 1.0927758
19600 1.2326888
19700 0.749013
19800 2.0381892
19900 0.9268726
20000 0.6895214
20100 1.509474
20200 1.0997915
20300 1.1515058
20400 1.0007945
20500 1.4180452
20600 0.88141054
20700 1.1836104
20800 1.3212855
20900 1.2834918
21000 0.9574613
21100 1.3192832
21200 0.85172534
21300 1.076432
21400 1.1570461
21500 1.1054087
21600 0.8916721
21700 0.9942489
21800 1.3018987
21900 1.0755333
22000 1.0298517
22100 1.0552064
22200 1.1115828
22300 1.0342593
22400 1.1138719
22500 0.9593906
22600 0.9188371
22700 0.71915996
22800 0.6770221
22900 1.0004729
23000 1.0528789
23100 1.5844005
23200 0.9746885
23300 1.1528822
23400 1.2448441
23500 0.8430696
23600 1.0968968
23700 1.2111092
23800 1.090963
23900 1.0278962
24000 1.1758223
24100 0.77766573
24200 0.98416305
24300 1.2340827
24400 1.1171205
24500 1.4108576
24600 1.2526611
24700 1.3769228
24800 1.2222484
24900 1.129681
25000 1.286002
25100 0.7286348
25200 1.1238484
25300 1.1406629
25400 1.0907007
25500 1.3445083
25600 1.0139269
25700 1.4954282
25800 1.2297829
