0 2.2972674
100 2.0683599
200 1.3170174
300 1.4274061
400 1.2882783
500 1.5698302
600 1.4922359
700 1.7157491
800 1.7547816
900 1.7486784
1000 1.4300265
1100 1.6718729
1200 1.5063813
1300 1.4973494
1400 1.3843418
1500 1.0272377
1600 1.3069843
1700 1.7481831
1800 1.1130977
1900 1.7110405
2000 1.5366546
2100 1.258439
2200 1.4672084
2300 1.2237239
2400 1.2436534
2500 1.4093239
2600 1.0329164
2700 1.6097307
2800 1.383841
2900 1.4483151
3000 1.2587339
3100 1.1744885
3200 1.3821986
3300 1.4397749
3400 1.5029716
3500 1.311023
3600 1.0377923
3700 1.3018705
3800 1.1900365
3900 1.2897553
4000 1.1802061
4100 1.2751894
4200 1.2492211
4300 1.5378717
4400 1.3167173
4500 1.271207
4600 1.1033272
4700 1.5046686
4800 1.5000434
4900 1.2976756
5000 1.0634407
5100 1.2121332
5200 1.1455996
5300 0.8550612
5400 1.2241772
5500 0.9873723
5600 1.1574345
5700 1.3555393
5800 0.7959408
5900 1.7475507
6000 1.4048276
6100 1.1860673
6200 1.1654978
6300 1.2542882
6400 1.1077266
6500 1.0722561
6600 0.9406181
6700 1.474002
6800 1.2579101
6900 1.2006762
7000 1.178218
7100 1.0678223
7200 1.1519935
7300 1.1744354
7400 1.2260163
7500 1.0956827
7600 1.1855841
7700 0.945562
7800 0.9895296
7900 1.3430471
8000 1.0562713
8100 1.0693161
8200 1.261342
8300 1.1532294
8400 1.0144098
8500 1.2130253
8600 0.98011917
8700 1.2431023
8800 0.919955
8900 0.9099239
9000 0.9380889
9100 0.96887684
9200 1.0465422
9300 1.3598654
9400 0.871373
9500 1.0137091
9600 0.8359948
9700 1.1717846
9800 1.1791582
9900 1.3943553
10000 0.7783047
10100 1.0814784
10200 0.8858385
10300 1.0227602
10400 1.0292499
10500 1.1911278
10600 1.2752899
10700 0.84344137
10800 1.040918
10900 1.4463754
11000 0.900732
11100 1.087639
11200 0.8255747
11300 1.0826294
11400 1.0619147
11500 0.88317347
11600 1.062687
11700 1.0725836
11800 1.0670056
11900 0.9963718
12000 0.60964775
12100 1.1497529
12200 1.3469551
12300 0.6905552
12400 0.976075
12500 0.9050185
12600 0.7581552
12700 0.84945214
12800 0.7256921
12900 1.0792594
13000 0.8470715
13100 0.95587534
13200 0.87381047
13300 0.7843237
13400 1.0228559
13500 1.0765338
13600 0.8963396
13700 0.87133837
13800 0.8149894
13900 0.5682993
14000 0.84067875
14100 0.77560323
14200 0.9915328
14300 0.8337877
14400 0.9275336
14500 1.052335
14600 1.1515388
14700 0.9729382
14800 0.7200241
14900 1.0430956
15000 0.7088569
15100 1.1662109
15200 1.2005996
15300 0.72074854
15400 0.8587914
15500 1.0833478
15600 0.8840405
15700 0.6577167
15800 0.82331175
15900 0.85026914
16000 0.7807478
16100 0.92680734
16200 0.81920445
16300 0.76405025
16400 1.0113299
16500 0.9850067
16600 0.92681247
16700 0.97689724
16800 0.8115767
16900 0.6508695
17000 0.675305
17100 0.8251387
17200 0.80702424
17300 1.0231154
17400 0.90428376
17500 0.73514855
17600 0.7364862
17700 0.5818765
17800 0.76775753
17900 0.7335567
18000 0.6465884
18100 0.93613666
18200 0.7257251
18300 1.020537
18400 0.90196085
18500 0.54787785
18600 0.8172742
18700 0.80433095
18800 0.88792884
18900 0.7097992
19000 0.5799606
19100 0.7972484
19200 0.84428066
19300 0.87627405
19400 0.747067
19500 0.7574545
19600 0.8544347
19700 0.51917624
19800 1.4127651
19900 0.64245915
20000 0.47793978
20100 1.0462877
20200 0.7623174
20300 0.79816306
20400 0.69369787
20500 0.982914
20600 0.61094725
20700 0.8204162
20800 0.91584533
20900 0.8896488
21000 0.6636616
21100 0.91445744
21200 0.590371
21300 0.7461258
21400 0.8020032
21500 0.7662109
21600 0.61806
21700 0.6891608
21800 0.9024074
21900 0.7455028
22000 0.71383876
22100 0.73141336
22200 0.77049047
22300 0.7168939
22400 0.7720772
22500 0.6649989
22600 0.63688934
22700 0.4984837
22800 0.46927598
22900 0.69347495
23000 0.7298
23100 1.0982227
23200 0.67560256
23300 0.7991171
23400 0.86286014
23500 0.5843713
23600 0.7603109
23700 0.83947694
23800 0.7561979
23900 0.71248335
24000 0.8150179
24100 0.5390368
24200 0.68216985
24300 0.8554009
24400 0.77432895
24500 0.977932
24600 0.8682785
24700 0.9544102
24800 0.84719807
24900 0.7830352
25000 0.89138865
25100 0.50505114
25200 0.7789924
25300 0.79064727
25400 0.75601614
25500 0.9319421
25600 0.7028005
25700 1.0365518
25800 0.85242057
