0 9.567421
100 4.970626
200 4.833776
300 5.3473873
400 5.2505846
500 5.279571
600 4.7513156
700 5.00083
800 5.982167
900 4.604558
1000 5.2836475
1100 5.596136
1200 4.424125
1300 4.8133307
1400 3.7766933
1500 4.410016
1600 4.410136
1700 4.5739975
1800 3.9520652
1900 4.476968
2000 4.7202415
2100 4.36835
2200 4.183346
2300 4.808236
2400 4.3068027
2500 4.08649
2600 4.586212
2700 4.9592113
2800 3.769729
2900 4.734917
3000 4.017601
3100 4.209326
3200 3.7811718
3300 4.0465164
3400 4.286833
3500 4.531614
3600 3.9428906
3700 4.207656
3800 3.8532248
3900 4.067299
4000 4.305588
4100 3.927761
4200 3.8127785
4300 4.7846613
4400 4.1653366
4500 4.102433
4600 4.2735996
4700 4.145675
4800 4.524211
4900 3.9666073
5000 3.6589622
5100 4.2707496
5200 3.6556783
5300 3.923595
5400 4.1258974
5500 4.0652637
5600 3.9424744
5700 3.720376
5800 3.7052183
5900 4.329167
6000 4.0756116
6100 4.457397
6200 3.6732204
6300 4.39106
6400 4.166575
6500 4.452097
6600 3.58475
6700 4.0483675
6800 4.0701027
6900 4.112218
7000 3.906491
7100 3.8357825
7200 4.5596104
7300 3.5591426
7400 3.6769488
7500 3.287731
7600 4.087406
7700 3.4131336
7800 4.0085936
7900 3.9970767
8000 4.0443735
8100 4.0268993
8200 4.4136415
8300 3.9558513
8400 3.6888018
8500 4.1736383
8600 3.7201543
8700 3.7361917
8800 3.8639526
8900 3.7016337
9000 3.9178877
9100 3.5083718
9200 3.4474611
9300 4.093399
9400 3.559204
9500 3.2888608
9600 3.4176044
9700 3.5319905
9800 4.011218
9900 3.8094954
10000 3.468195
10100 3.531186
10200 2.9633098
10300 4.0197916
10400 3.4605029
10500 3.4691129
10600 4.282507
10700 3.299037
10800 3.3966327
10900 3.6052823
11000 3.4207678
11100 3.3751588
11200 3.2792768
11300 3.685318
11400 3.5872624
11500 3.812343
11600 3.566752
11700 3.741966
11800 3.6896298
11900 3.0033994
12000 3.0726538
12100 3.3038404
12200 3.905252
12300 3.006093
12400 3.629706
12500 3.7023048
12600 3.4396605
12700 3.0859838
12800 3.412699
12900 3.7063103
13000 3.154933
13100 3.6858168
13200 3.3879976
13300 3.0852962
13400 3.5899057
13500 3.4111168
13600 3.272694
13700 3.6442733
13800 3.4246187
13900 3.0041647
14000 3.3502417
14100 3.2796092
14200 3.3856316
14300 3.3162317
14400 3.4665446
14500 3.6088145
14600 3.7266188
14700 3.9951358
14800 3.5690207
14900 3.713231
15000 3.3554635
15100 3.621489
15200 3.5893428
15300 3.302329
15400 3.467772
15500 3.1677191
15600 3.7797318
15700 2.8275797
15800 3.3621912
15900 3.7337213
16000 3.0638108
16100 3.0466504
16200 3.4109545
16300 3.1129625
16400 3.4066553
16500 3.5485456
16600 3.6753592
16700 3.3955607
16800 3.4502416
16900 3.0016284
17000 2.8794951
17100 3.2265878
17200 3.1143603
17300 3.3553963
17400 3.2613678
17500 3.3737142
17600 3.0476193
17700 3.1315114
17800 3.109794
17900 3.0450099
18000 3.144772
18100 3.2657547
18200 3.4187999
18300 3.6551824
18400 3.2182727
18500 2.9218638
18600 3.1508899
18700 3.3425798
18800 3.550918
18900 3.7961755
19000 3.1353216
19100 3.651382
19200 3.6668468
19300 4.1438475
19400 3.5413184
19500 3.1332479
19600 2.9747186
19700 3.0392206
19800 4.3095884
19900 2.7322774
20000 2.835021
20100 3.4453435
20200 3.309243
20300 3.5536704
20400 3.5415027
20500 3.569547
20600 3.1022146
20700 3.2982895
20800 2.8014903
20900 3.7963972
21000 3.3647835
21100 3.748568
21200 3.2164931
21300 3.379181
21400 3.3075826
21500 3.065602
21600 2.807847
21700 3.4257402
21800 3.2595267
21900 3.3611302
22000 3.2646387
22100 3.7206254
22200 2.912528
22300 3.40059
22400 3.4316869
22500 3.4421775
22600 3.1736774
22700 3.0263846
22800 2.9093788
22900 3.0118759
23000 3.4576368
23100 3.88208
23200 3.312078
23300 3.0641067
23400 3.849826
23500 2.950099
23600 3.0351145
23700 3.2386284
23800 3.0773232
23900 3.1690798
24000 3.8503332
24100 2.845724
24200 2.9573846
24300 3.5505424
24400 3.49502
24500 3.7170038
24600 3.4330916
24700 3.1829314
24800 3.5237916
24900 3.4472356
25000 3.5832582
25100 2.5136392
25200 3.4162714
25300 3.3516104
25400 3.1430345
25500 3.2103634
25600 3.4206576
25700 3.1183472
25800 3.2177413
