0 3.2777317
100 2.940575
200 2.6328335
300 2.4082992
400 2.0811174
500 2.23692
600 2.1516683
700 2.3043697
800 2.4261992
900 2.5722585
1000 2.609512
1100 1.9229759
1200 2.2911696
1300 1.8377495
1400 2.1629856
1500 2.4986436
1600 1.8248236
1700 2.0566347
1800 1.8447264
1900 2.1126962
2000 2.025087
2100 1.8411304
2200 1.9975234
2300 1.8666557
2400 2.050886
2500 2.080211
2600 2.059251
2700 1.7928871
2800 1.7022756
2900 1.8102369
3000 1.8190234
3100 2.1585388
3200 1.7266976
3300 1.7404765
3400 2.1113403
3500 1.649608
3600 2.515097
3700 1.427994
3800 2.2142305
3900 1.7938334
4000 1.7759037
4100 2.1594117
4200 1.4368675
4300 1.9647112
4400 2.052482
4500 1.6364001
4600 1.1091347
4700 2.1060724
4800 1.271269
4900 1.9433787
5000 1.5851156
5100 1.6956618
5200 1.5388134
5300 2.0999575
5400 1.8114066
5500 1.5085716
5600 1.767232
5700 1.5968615
5800 1.6162134
5900 2.1678607
6000 1.9513485
6100 1.6966366
6200 1.4735501
6300 1.5000217
6400 1.7208648
6500 1.3602799
6600 1.4213301
6700 1.6879275
6800 1.5770345
6900 1.8319787
7000 1.7004582
7100 1.6075671
7200 1.7057673
7300 1.7300152
7400 1.466304
7500 1.7088289
7600 1.7831719
7700 1.6272407
7800 2.1031775
7900 1.6740384
8000 1.5624855
8100 1.8307849
8200 1.4459373
8300 1.6636084
8400 1.5709511
8500 1.1504382
8600 1.3447065
8700 1.2375852
8800 1.4326158
8900 1.6765877
9000 1.6451325
9100 1.6350449
9200 1.8648987
9300 1.0212624
9400 1.2238439
9500 1.478124
9600 2.1511226
9700 1.7697065
9800 1.4865656
9900 1.3207453
10000 1.826095
10100 1.5992653
10200 1.2003167
10300 1.7798758
10400 1.607409
10500 1.341203
10600 2.1484158
10700 1.9957694
10800 1.3189422
10900 1.5427105
11000 1.6269306
11100 1.2393063
11200 1.5386937
11300 1.4061148
11400 1.4684209
11500 1.2131697
11600 1.1671959
11700 1.6807898
11800 1.1879104
11900 1.7648554
12000 1.1530726
12100 1.5938683
12200 1.1216277
12300 1.6479603
12400 1.2921934
12500 1.5978258
12600 1.7098384
12700 1.3846378
12800 1.2588784
12900 1.8547062
13000 0.8952555
13100 1.760015
13200 1.037557
13300 1.3338133
13400 1.3596026
13500 1.4196388
13600 0.7364161
13700 1.113868
13800 1.3721052
13900 1.0422647
14000 1.0208212
14100 1.2184054
14200 1.3399014
14300 1.3808881
14400 1.2482843
14500 1.283144
14600 1.8931513
14700 1.5339388
14800 1.8079745
14900 1.5086502
15000 1.4730489
15100 1.1993798
15200 1.4305042
15300 1.1638873
15400 1.0257186
15500 1.0718228
15600 1.2354298
15700 1.1655993
15800 1.1385466
15900 1.5474284
16000 1.0656172
16100 1.1213032
16200 1.489538
16300 1.3915098
16400 1.0251067
16500 1.5185717
16600 0.86415255
16700 1.2249526
16800 1.1068578
16900 1.1727926
17000 0.8616503
17100 1.6638538
17200 0.9597252
17300 1.6616701
17400 1.2700766
17500 1.1885343
17600 1.5868909
17700 1.2484291
17800 0.9266913
17900 1.627353
18000 0.90526706
18100 1.3106111
18200 1.2711924
18300 1.8575864
18400 1.122214
18500 1.1356262
18600 0.84106517
18700 1.2375778
18800 1.1616775
18900 1.1882956
19000 1.0804409
19100 0.8381785
19200 1.0280223
19300 1.0342761
19400 1.5612687
19500 0.6891345
19600 0.9996643
19700 1.3424064
19800 1.4815037
19900 1.0695456
20000 0.85884917
20100 1.1606857
20200 1.1232654
20300 1.678721
20400 1.040272
