0 2.2719505
100 2.0382512
200 1.8249412
300 1.6693058
400 1.4425206
500 1.5505148
600 1.4914229
700 1.5972674
800 1.6817131
900 1.7829537
1000 1.8087759
1100 1.3329053
1200 1.5881177
1300 1.2738309
1400 1.4992673
1500 1.7319279
1600 1.2648714
1700 1.4255506
1800 1.278667
1900 1.4644094
2000 1.4036834
2100 1.2761743
2200 1.3845778
2300 1.2938671
2400 1.4215658
2500 1.4418924
2600 1.4273641
2700 1.2427347
2800 1.1799276
2900 1.2547606
3000 1.2608509
3100 1.4961851
3200 1.1968555
3300 1.2064064
3400 1.4634696
3500 1.1434212
3600 1.7433323
3700 0.98981
3800 1.5347877
3900 1.2433906
4000 1.2309626
4100 1.4967902
4200 0.99596065
4300 1.361834
4400 1.422672
4500 1.1342661
4600 0.7687936
4700 1.4598182
4800 0.8811765
4900 1.3470474
5000 1.0987184
5100 1.1753432
5200 1.0666242
5300 1.4555796
5400 1.2555714
5500 1.0456622
5600 1.2249519
5700 1.10686
5800 1.1202738
5900 1.5026466
6000 1.3525717
6100 1.1760188
6200 1.0213871
6300 1.0397358
6400 1.1928126
6500 0.9428742
6600 0.985191
6700 1.1699822
6800 1.093117
6900 1.2698308
7000 1.1786678
7100 1.1142806
7200 1.1823478
7300 1.1991551
7400 1.0163645
7500 1.1844699
7600 1.2360005
7700 1.1279173
7800 1.4578116
7900 1.160355
8000 1.0830324
8100 1.2690034
8200 1.0022473
8300 1.1531255
8400 1.0889003
8500 0.797423
8600 0.93207955
8700 0.8578287
8800 0.99301356
8900 1.162122
9000 1.140319
9100 1.1333268
9200 1.2926493
9300 0.70788515
9400 0.848304
9500 1.0245575
9600 1.4910445
9700 1.226667
9800 1.0304087
9900 0.91547096
10000 1.2657526
10100 1.1085262
10200 0.8319961
10300 1.2337159
10400 1.114171
10500 0.929651
10600 1.4891684
10700 1.3833619
10800 0.91422105
10900 1.0693254
11000 1.1277024
11100 0.85902166
11200 1.0665412
11300 0.97464454
11400 1.0178318
11500 0.8409052
11600 0.8090385
11700 1.1650348
11800 0.8233968
11900 1.2233045
12000 0.79924905
12100 1.1047853
12200 0.77745306
12300 1.142279
12400 0.8956802
12500 1.1075284
12600 1.1851697
12700 0.9597578
12800 0.872588
12900 1.2855843
13000 0.62054384
13100 1.2199495
13200 0.71917975
13300 0.92452896
13400 0.9424047
13500 0.98401856
13600 0.51044476
13700 0.77207446
13800 0.95107085
13900 0.7224428
14000 0.7075794
14100 0.8445343
14200 0.9287489
14300 0.9571587
14400 0.86524475
14500 0.88940763
14600 1.3122325
14700 1.0632453
14800 1.2531924
14900 1.0457166
15000 1.0210397
15100 0.83134675
15200 0.99154997
15300 0.8067452
15400 0.7109739
15500 0.74293095
15600 0.8563347
15700 0.8079319
15800 0.7891804
15900 1.0725956
16000 0.7386296
16100 0.7772281
16200 1.032469
16300 0.96452105
16400 0.7105498
16500 1.0525937
16600 0.5989849
16700 0.84907246
16800 0.7672154
16900 0.8129178
17000 0.59725046
17100 1.1532955
17200 0.6652308
17300 1.1517819
17400 0.88035005
17500 0.8238292
17600 1.099949
17700 0.86534506
17800 0.64233345
17900 1.1279951
18000 0.6274833
18100 0.90844643
18200 0.8811234
18300 1.2875807
18400 0.77785945
18500 0.7871561
18600 0.58298194
18700 0.85782355
18800 0.80521345
18900 0.8236638
19000 0.7489045
19100 0.5809811
19200 0.7125707
19300 0.7169056
19400 1.082189
19500 0.47767162
19600 0.6929145
19700 0.93048525
19800 1.0269002
19900 0.74135256
20000 0.5953089
20100 0.80452603
20200 0.77858824
20300 1.1636007
20400 0.7210616
