0 0.0
100 0.375
200 0.1875
300 0.40625
400 0.53125
500 0.34375
600 0.4375
700 0.3125
800 0.46875
900 0.5
1000 0.59375
1100 0.46875
1200 0.46875
1300 0.53125
1400 0.46875
1500 0.53125
1600 0.5
1700 0.4375
1800 0.6875
1900 0.46875
2000 0.34375
2100 0.5
2200 0.40625
2300 0.46875
2400 0.46875
2500 0.65625
2600 0.53125
2700 0.65625
2800 0.5625
2900 0.46875
3000 0.46875
3100 0.625
3200 0.6875
3300 0.53125
3400 0.46875
3500 0.53125
3600 0.4375
3700 0.34375
3800 0.53125
3900 0.59375
4000 0.53125
4100 0.53125
4200 0.4375
4300 0.4375
4400 0.4375
4500 0.53125
4600 0.625
4700 0.40625
4800 0.46875
4900 0.625
5000 0.53125
5100 0.46875
5200 0.5625
5300 0.53125
5400 0.59375
5500 0.6875
5600 0.5625
5700 0.53125
5800 0.53125
5900 0.71875
6000 0.5625
6100 0.5625
6200 0.53125
6300 0.625
6400 0.6875
6500 0.53125
6600 0.6875
6700 0.6875
6800 0.5625
6900 0.625
7000 0.6875
7100 0.625
7200 0.625
7300 0.8125
7400 0.625
7500 0.5
7600 0.625
7700 0.625
7800 0.59375
7900 0.75
8000 0.65625
8100 0.53125
8200 0.59375
8300 0.625
8400 0.53125
8500 0.6875
8600 0.65625
8700 0.6875
8800 0.625
8900 0.59375
9000 0.5625
9100 0.6875
9200 0.59375
9300 0.84375
9400 0.59375
9500 0.78125
9600 0.46875
9700 0.71875
9800 0.625
9900 0.75
10000 0.6875
10100 0.78125
10200 0.53125
10300 0.5625
10400 0.65625
10500 0.75
10600 0.5625
10700 0.6875
10800 0.78125
10900 0.71875
11000 0.8125
11100 0.75
11200 0.78125
11300 0.65625
11400 0.875
11500 0.65625
11600 0.8125
11700 0.78125
11800 0.8125
11900 0.59375
12000 0.75
12100 0.75
12200 0.78125
12300 0.625
12400 0.8125
12500 0.6875
12600 0.84375
12700 0.6875
12800 0.8125
12900 0.75
13000 0.75
13100 0.59375
13200 0.71875
13300 0.75
13400 0.6875
13500 0.71875
13600 0.75
13700 0.8125
13800 0.84375
13900 0.65625
14000 0.6875
14100 0.84375
14200 0.65625
14300 0.75
14400 0.65625
14500 0.78125
14600 0.65625
14700 0.84375
14800 0.84375
14900 0.5625
15000 0.8125
15100 0.75
15200 0.75
15300 0.78125
15400 0.78125
15500 0.75
15600 0.71875
15700 0.78125
15800 0.8125
15900 0.75
16000 0.84375
16100 0.6875
16200 0.8125
16300 0.71875
16400 0.71875
16500 0.8125
16600 0.78125
16700 0.84375
16800 0.84375
16900 0.75
17000 0.8125
17100 0.71875
17200 0.875
17300 0.71875
17400 0.71875
17500 0.78125
17600 0.78125
17700 0.75
17800 0.75
