0 3.33467
100 2.43391
200 2.65777
300 2.51514
400 2.14265
500 2.44549
600 2.26371
700 2.83423
800 2.41929
900 1.96737
1000 1.54844
1100 2.7575
1200 2.12828
1300 2.10226
1400 1.93404
1500 2.0079
1600 1.88314
1700 2.31349
1800 1.62298
1900 2.23156
2000 2.69937
2100 2.17483
2200 3.19499
2300 2.34301
2400 2.24861
2500 1.71485
2600 2.39956
2700 1.65122
2800 1.74875
2900 2.22874
3000 2.16149
3100 1.51229
3200 1.14784
3300 2.24736
3400 1.99742
3500 2.16742
3600 2.31194
3700 2.37164
3800 1.9331
3900 1.6754
4000 2.11979
4100 1.92387
4200 1.94851
4300 2.20085
4400 2.59658
4500 1.9514
4600 1.37227
4700 2.16523
4800 1.91963
4900 1.849
5000 1.82451
5100 2.60591
5200 1.95407
5300 2.23865
5400 1.57778
5500 1.40431
5600 2.24617
5700 1.62087
5800 1.81295
5900 1.15913
6000 1.38953
6100 1.67105
6200 1.68972
6300 1.26996
6400 1.497
6500 1.82793
6600 1.5109
6700 1.62186
6800 1.81927
6900 1.85966
7000 1.92941
7100 1.94074
7200 1.73983
7300 1.14319
7400 1.80215
7500 1.8081
7600 1.54957
7700 1.97493
7800 1.78359
7900 1.26243
8000 1.6936
8100 1.80908
8200 1.26606
8300 1.34623
8400 1.55686
8500 1.27701
8600 1.51514
8700 1.35898
8800 1.76441
8900 1.64151
9000 1.50702
9100 1.31564
9200 1.71199
9300 0.924641
9400 1.23657
9500 1.22185
9600 2.16144
9700 1.20667
9800 1.41011
9900 1.39377
10000 1.18453
10100 1.33596
10200 1.78378
10300 1.46605
10400 1.27927
10500 1.34098
10600 1.72811
10700 1.39782
10800 1.33624
10900 1.12494
11000 0.991718
11100 0.834311
11200 1.13869
11300 1.36833
11400 0.861156
11500 1.22519
11600 1.17911
11700 1.00562
11800 0.817005
11900 1.92616
12000 1.30101
12100 1.11188
12200 1.02379
12300 1.10425
12400 0.868807
12500 1.22913
12600 0.832573
12700 1.58711
12800 0.928064
12900 1.4359
13000 1.12893
13100 1.22166
13200 1.08267
13300 0.979891
13400 1.41533
13500 1.17489
13600 1.13886
13700 0.992912
13800 0.659913
13900 1.40809
14000 1.15593
14100 0.798471
14200 1.22649
14300 1.06467
14400 1.19834
14500 0.99119
14600 1.14747
14700 1.04619
14800 1.17509
14900 1.2432
15000 1.07891
15100 1.2905
15200 1.07089
15300 1.01714
15400 0.895575
15500 1.10623
15600 0.998228
15700 0.96355
15800 1.01408
15900 0.977409
16000 1.12608
16100 1.31737
16200 0.803732
16300 1.17867
16400 1.21794
16500 1.06781
16600 0.986047
16700 0.839401
16800 1.03515
16900 1.20889
17000 0.781635
17100 1.19299
17200 0.967909
17300 0.988426
17400 1.25213
17500 1.00922
17600 0.970956
17700 1.18884
17800 1.266
