0 2.31142
100 1.68706
200 1.84223
300 1.74336
400 1.48517
500 1.69508
600 1.56909
700 1.96454
800 1.67692
900 1.36368
1000 1.0733
1100 1.91135
1200 1.47521
1300 1.45718
1400 1.34057
1500 1.39177
1600 1.3053
1700 1.60359
1800 1.12496
1900 1.5468
2000 1.87106
2100 1.50748
2200 2.2146
2300 1.62405
2400 1.55861
2500 1.18864
2600 1.66325
2700 1.14454
2800 1.21214
2900 1.54484
3000 1.49823
3100 1.04824
3200 0.795624
3300 1.55775
3400 1.38451
3500 1.50234
3600 1.60252
3700 1.64389
3800 1.33992
3900 1.1613
4000 1.46932
4100 1.33352
4200 1.3506
4300 1.52552
4400 1.79981
4500 1.35261
4600 0.951185
4700 1.50083
4800 1.33058
4900 1.28163
5000 1.26465
5100 1.80628
5200 1.35446
5300 1.55172
5400 1.09363
5500 0.973396
5600 1.55693
5700 1.1235
5800 1.25664
5900 0.803446
6000 0.963151
6100 1.15828
6200 1.17123
6300 0.880269
6400 1.03764
6500 1.26702
6600 1.04727
6700 1.12419
6800 1.26102
6900 1.28902
7000 1.33737
7100 1.34522
7200 1.20596
7300 0.792402
7400 1.24915
7500 1.25328
7600 1.07408
7700 1.36891
7800 1.23629
7900 0.875053
8000 1.17391
8100 1.25396
8200 0.877568
8300 0.933134
8400 1.07913
8500 0.885156
8600 1.05022
8700 0.941973
8800 1.22299
8900 1.13781
9000 1.04459
9100 0.911931
9200 1.18666
9300 0.640913
9400 0.857123
9500 0.84692
9600 1.49819
9700 0.836401
9800 0.977411
9900 0.966086
10000 0.821055
10100 0.926016
10200 1.23642
10300 1.01619
10400 0.88672
10500 0.9295
10600 1.19783
10700 0.968894
10800 0.926214
10900 0.779748
11000 0.687407
11100 0.578301
11200 0.789278
11300 0.948455
11400 0.596908
11500 0.849235
11600 0.817298
11700 0.697041
11800 0.566305
11900 1.33511
12000 0.901792
12100 0.770699
12200 0.709638
12300 0.765406
12400 0.602211
12500 0.851965
12600 0.577095
12700 1.1001
12800 0.643285
12900 0.995288
13000 0.782516
13100 0.846788
13200 0.750446
13300 0.679209
13400 0.98103
13500 0.814371
13600 0.789394
13700 0.688234
13800 0.457417
13900 0.976013
14000 0.80123
14100 0.553458
14200 0.850138
14300 0.737975
14400 0.830629
14500 0.68704
14600 0.795364
14700 0.725165
14800 0.814508
14900 0.861721
15000 0.74784
15100 0.894505
15200 0.742287
15300 0.705027
15400 0.620765
15500 0.766781
15600 0.691919
15700 0.667882
15800 0.702905
15900 0.677488
16000 0.780536
16100 0.913134
16200 0.557104
16300 0.816992
16400 0.844211
16500 0.740152
16600 0.683476
16700 0.581828
16800 0.717514
16900 0.837942
17000 0.541788
17100 0.826918
17200 0.670903
17300 0.685125
17400 0.867913
17500 0.69954
17600 0.673015
17700 0.82404
17800 0.877526
