0 9.99692
100 6.76179
200 6.08615
300 5.97768
400 6.44187
500 5.06731
600 4.76821
700 4.84532
800 4.51662
900 4.56969
1000 4.2354
1100 4.20548
1200 4.69258
1300 4.44091
1400 4.3676
1500 4.29486
1600 4.02746
1700 4.74962
1800 4.56464
1900 3.87253
2000 4.3903
2100 4.35633
2200 4.55201
2300 4.93327
2400 4.44698
2500 3.93669
2600 4.35126
2700 3.90977
2800 3.7377
2900 3.99148
3000 3.97908
3100 3.52434
3200 2.97694
3300 4.04733
3400 4.15985
3500 3.82203
3600 3.45902
3700 4.15071
3800 3.60955
3900 3.87206
4000 3.71377
4100 3.64321
4200 4.47828
4300 4.20362
4400 3.49926
4500 3.83147
4600 3.33123
4700 3.77572
4800 4.20374
4900 3.56562
5000 3.77941
5100 3.9801
5200 3.55574
5300 3.40806
5400 3.79661
5500 2.92755
5600 3.98683
5700 3.51608
5800 3.92566
5900 3.40299
6000 2.90781
6100 3.81999
6200 4.18233
6300 3.42096
6400 3.24711
6500 3.17445
6600 3.72524
6700 3.67708
6800 3.7018
6900 3.66842
7000 3.22404
7100 3.43852
7200 3.83405
7300 3.08401
7400 3.58314
7500 3.67354
7600 3.23537
7700 3.62216
7800 3.42526
7900 3.15565
8000 3.4652
8100 3.60512
8200 3.22441
8300 3.66765
8400 3.37548
8500 3.34702
8600 3.50115
8700 2.98298
8800 3.30512
8900 3.2954
9000 3.62208
9100 3.39624
9200 3.17761
9300 3.41817
9400 3.42584
9500 3.48159
9600 3.47619
9700 3.33589
9800 3.45864
9900 3.65162
10000 2.90988
10100 2.87599
10200 3.08467
10300 3.15762
10400 3.01532
10500 3.50178
10600 3.66564
10700 3.57252
10800 3.1604
10900 3.28429
11000 3.34436
11100 2.4867
11200 3.23779
11300 3.13407
11400 2.75284
11500 3.60421
11600 3.00021
11700 2.94452
11800 2.90953
11900 2.94379
12000 3.24615
12100 3.08061
12200 3.2416
12300 3.00383
12400 2.60516
12500 2.9489
12600 2.715
12700 2.79256
12800 2.94913
12900 2.88997
13000 3.15621
13100 3.13547
13200 3.18151
13300 2.68389
13400 3.19326
13500 2.96063
13600 3.0488
13700 2.6464
13800 2.58151
13900 3.53187
14000 3.21145
14100 2.58218
14200 2.93105
14300 2.92635
14400 2.96557
14500 2.84684
14600 3.18205
14700 3.15937
14800 2.93657
14900 3.12011
15000 2.77383
15100 2.9724
15200 3.29843
15300 3.16124
15400 2.86913
15500 3.19107
15600 2.96632
15700 2.5951
15800 2.88288
15900 2.98531
16000 2.60975
16100 3.04232
16200 2.96328
16300 3.26276
16400 3.01131
16500 2.83993
16600 2.52932
16700 2.99904
16800 3.09585
16900 3.35215
17000 2.41133
17100 2.88863
17200 3.05444
17300 3.05301
17400 3.3985
17500 3.06666
17600 2.64112
17700 3.17976
17800 3.14716
