0 0.040625002
100 0.365625
200 0.42187503
300 0.446875
400 0.43437505
500 0.51875
600 0.503125
700 0.459375
800 0.42500004
900 0.49062502
1000 0.49687502
1100 0.45625
1200 0.49375004
1300 0.47812504
1400 0.51250005
1500 0.51562506
1600 0.43125
1700 0.45000005
1800 0.5125
1900 0.48749998
2000 0.53125
2100 0.503125
2200 0.490625
2300 0.52500004
2400 0.509375
2500 0.46562496
2600 0.50624996
2700 0.53125
2800 0.52500004
2900 0.5
3000 0.48437503
3100 0.48125
3200 0.50625
3300 0.56875
3400 0.48750004
3500 0.47187504
3600 0.5
3700 0.51875
3800 0.45937502
3900 0.471875
4000 0.540625
4100 0.50937504
4200 0.50624996
4300 0.571875
4400 0.5375
4500 0.50625
4600 0.553125
4700 0.54375005
4800 0.59999996
4900 0.55625
5000 0.62499994
5100 0.50624996
5200 0.48750004
5300 0.51875
5400 0.52500004
5500 0.63125
5600 0.53125
5700 0.546875
5800 0.50937504
5900 0.503125
6000 0.496875
6100 0.51875
6200 0.53125
6300 0.534375
6400 0.490625
6500 0.571875
6600 0.584375
6700 0.5375
6800 0.48437503
6900 0.575
7000 0.528125
7100 0.553125
7200 0.565625
7300 0.56875
7400 0.528125
7500 0.5375
7600 0.49062502
7700 0.57187504
7800 0.575
7900 0.55312496
8000 0.5875
8100 0.578125
8200 0.56874996
8300 0.5999999
8400 0.565625
8500 0.51874995
8600 0.55625
8700 0.546875
8800 0.50937504
8900 0.53125
9000 0.590625
9100 0.5375
9200 0.54999995
9300 0.546875
9400 0.52500004
9500 0.56874996
9600 0.61875
9700 0.596875
9800 0.54062504
9900 0.5375
10000 0.540625
10100 0.5625
10200 0.61875004
10300 0.61562496
10400 0.521875
10500 0.515625
10600 0.540625
10700 0.53749996
10800 0.628125
10900 0.575
11000 0.565625
11100 0.540625
11200 0.51562506
11300 0.5125
11400 0.52812505
11500 0.50625
11600 0.5906249
11700 0.5125
11800 0.515625
11900 0.56875
12000 0.5343751
12100 0.534375
12200 0.52812505
12300 0.55625004
12400 0.51250005
12500 0.48125002
12600 0.534375
12700 0.55
12800 0.55625004
12900 0.515625
13000 0.496875
13100 0.534375
13200 0.58125
13300 0.528125
13400 0.5375
13500 0.5625
13600 0.546875
13700 0.534375
13800 0.51875
13900 0.53437495
14000 0.56875
14100 0.53125
14200 0.49374998
14300 0.59375
14400 0.553125
14500 0.528125
14600 0.540625
14700 0.559375
14800 0.578125
14900 0.55
15000 0.559375
15100 0.55312496
15200 0.628125
15300 0.54375005
15400 0.515625
15500 0.5375
15600 0.565625
15700 0.58437496
15800 0.47812504
15900 0.5
16000 0.60625
16100 0.58750004
16200 0.54999995
16300 0.453125
16400 0.56875
16500 0.5875
16600 0.57187504
16700 0.54687494
16800 0.55625004
16900 0.49062502
17000 0.5625
17100 0.60312504
17200 0.540625
17300 0.54687494
17400 0.559375
17500 0.584375
17600 0.6125001
17700 0.55
17800 0.5375
17900 0.54375005
18000 0.57187504
18100 0.50312495
18200 0.55937505
18300 0.51875
18400 0.55625
18500 0.59687495
18600 0.521875
18700 0.55625004
18800 0.57500005
18900 0.596875
19000 0.590625
19100 0.52500004
19200 0.6
19300 0.565625
19400 0.503125
19500 0.565625
19600 0.56249994
19700 0.55625
19800 0.63124996
19900 0.60312504
20000 0.51875
20100 0.58750004
20200 0.5125
20300 0.590625
20400 0.565625
20500 0.55312496
20600 0.5125
20700 0.56562495
20800 0.534375
20900 0.528125
21000 0.6
21100 0.55937505
21200 0.534375
21300 0.5437499
21400 0.54375
21500 0.5968751
21600 0.5125
21700 0.62187505
21800 0.57812506
21900 0.578125
22000 0.578125
22100 0.5375
22200 0.603125
22300 0.57187504
22400 0.546875
22500 0.55625004
22600 0.596875
22700 0.55625
22800 0.58750004
22900 0.55
23000 0.48125
23100 0.59375
23200 0.55312496
23300 0.5625
23400 0.615625
23500 0.61562496
23600 0.50625
23700 0.575
23800 0.55
23900 0.56875
24000 0.546875
24100 0.56562495
24200 0.58125
24300 0.56875
24400 0.540625
24500 0.63437504
24600 0.559375
24700 0.54687494
24800 0.55
24900 0.53125
25000 0.57500005
25100 0.5375
25200 0.6
25300 0.59375
25400 0.60625
25500 0.55625
25600 0.578125
25700 0.521875
25800 0.54375
25900 0.52500004
26000 0.50625
26100 0.5625
26200 0.54062504
26300 0.559375
26400 0.565625
26500 0.565625
26600 0.5375
26700 0.5625
26800 0.590625
26900 0.55625004
27000 0.5625
27100 0.60937506
27200 0.55937505
27300 0.625
27400 0.5500001
27500 0.58125
27600 0.55937505
27700 0.56875
27800 0.56875
27900 0.5875
28000 0.6125
28100 0.58124995
28200 0.50625
28300 0.578125
28400 0.49375
28500 0.5625
28600 0.53125
28700 0.559375
28800 0.546875
28900 0.47812504
29000 0.54375
29100 0.55625
29200 0.55625004
29300 0.53125
29400 0.590625
29500 0.56874996
29600 0.5375
29700 0.63437504
29800 0.6
29900 0.565625
30000 0.52500004
30100 0.58437496
30200 0.521875
30300 0.56875
30400 0.50312495
30500 0.5187501
30600 0.546875
30700 0.50624996
30800 0.48125005
30900 0.57187504
31000 0.54375
31100 0.575
31200 0.54375
31300 0.5375
31400 0.559375
31500 0.59062505
31600 0.54375
31700 0.6
31800 0.521875
31900 0.54687494
32000 0.55625004
32100 0.509375
32200 0.546875
32300 0.58437496
32400 0.590625
32500 0.615625
32600 0.59375006
32700 0.49062502
32800 0.51875
32900 0.553125
33000 0.5875
33100 0.5125
33200 0.58124995
33300 0.54062504
33400 0.55937505
33500 0.50625
33600 0.559375
33700 0.53437495
33800 0.571875
33900 0.57187504
34000 0.55312496
34100 0.5875
34200 0.56875
34300 0.59999996
34400 0.578125
34500 0.58750004
34600 0.534375
34700 0.515625
34800 0.5625
34900 0.575
35000 0.59375
35100 0.590625
35200 0.58125
35300 0.58125
35400 0.57500005
35500 0.621875
35600 0.578125
35700 0.55625
35800 0.55
35900 0.50937504
36000 0.5375
36100 0.609375
36200 0.534375
36300 0.5625
36400 0.540625
36500 0.628125
36600 0.515625
36700 0.57500005
36800 0.603125
36900 0.5875
37000 0.6125
37100 0.57812506
37200 0.628125
37300 0.54375
37400 0.59375
37500 0.53125
37600 0.59375
37700 0.53125
37800 0.58125
37900 0.575
38000 0.565625
38100 0.50937504
38200 0.54375
38300 0.56562495
38400 0.565625
38500 0.52812505
38600 0.51875
38700 0.53125
