0 4.7393
100 3.1281652
200 2.8881721
300 2.5436904
400 2.5965166
500 2.3841734
600 2.2877934
700 2.5052843
800 2.5199244
900 2.5887213
1000 2.4023974
1100 2.622967
1200 2.4440491
1300 2.6244087
1400 2.3701093
1500 2.2813141
1600 2.3971436
1700 2.5441382
1800 2.2983835
1900 2.286319
2000 2.2531788
2100 2.3934822
2200 2.376712
2300 2.1410148
2400 2.1932836
2500 2.5614529
2600 2.283157
2700 2.2207115
2800 2.3588016
2900 2.1683393
3000 2.388174
3100 2.435092
3200 2.343801
3300 1.9442707
3400 2.253673
3500 2.4254503
3600 2.429552
3700 2.1920977
3800 2.4232757
3900 2.4779372
4000 2.3170283
4100 2.2921937
4200 2.137943
4300 1.9870982
4400 2.2380767
4500 2.224835
4600 1.9322127
4700 2.1321692
4800 1.8699156
4900 2.0533404
5000 1.8803061
5100 2.2257326
5200 2.444571
5300 2.3168442
5400 2.1401737
5500 1.8382708
5600 2.1677465
5700 2.042502
5800 2.2107863
5900 2.2465823
6000 2.3678753
6100 2.2771735
6200 2.2272246
6300 2.1927009
6400 2.3208523
6500 2.095309
6600 1.830787
6700 2.1158152
6800 2.2477858
6900 2.0266793
7000 2.3094163
7100 2.1046975
7200 2.0557065
7300 2.1725783
7400 2.290192
7500 2.1180184
7600 2.4226487
7700 1.9302455
7800 1.8937546
7900 2.1631124
8000 1.9752411
8100 2.0150309
8200 2.126702
8300 2.0353565
8400 1.9736568
8500 2.2948377
8600 1.9875408
8700 2.1118124
8800 2.4597044
8900 2.200546
9000 2.1250353
9100 2.1603053
9200 2.1961546
9300 2.2098932
9400 2.4365067
9500 2.102133
9600 1.99768
9700 1.8912368
9800 2.1330514
9900 2.1996226
10000 2.2102454
10100 2.1370416
10200 1.8511194
10300 1.7998772
10400 2.1467795
10500 2.3973744
10600 2.1671913
10700 2.253732
10800 1.8858615
10900 2.0322962
11000 1.9951396
11100 2.1590135
11200 2.1280797
11300 2.3229775
11400 2.2745094
11500 2.257
11600 2.084418
11700 2.2736328
11800 2.2903044
11900 2.1285107
12000 2.0995567
12100 2.0802374
12200 2.1203713
12300 1.9905243
12400 2.1564183
12500 2.35146
12600 2.1192026
12700 1.9454485
12800 2.2124662
12900 2.3528063
13000 2.3399282
13100 2.1565075
13200 1.8635522
13300 2.3777237
13400 2.2267754
13500 2.0757704
13600 2.123376
13700 2.2170188
13800 2.1979723
13900 2.1630647
14000 2.0142186
14100 2.1059158
14200 2.3969326
14300 1.9816748
14400 2.2458441
14500 2.4411356
14600 2.1078
14700 2.0475168
14800 1.9861698
14900 2.1621134
15000 2.083917
15100 2.0249848
15200 1.7783618
15300 2.0913136
15400 2.2132335
15500 2.4259837
15600 2.1085665
15700 2.0531476
15800 2.6101987
15900 2.26326
16000 1.8984362
16100 2.0599792
16200 2.1853158
16300 2.6732278
16400 2.1837666
16500 2.059975
16600 2.0225935
16700 2.261932
16800 2.0921924
16900 2.360588
17000 2.0699053
17100 1.9775215
17200 2.0747957
17300 2.0889237
17400 2.0873768
17500 1.8917313
17600 1.8731374
17700 2.0252092
17800 2.1902776
17900 2.1783905
18000 2.1289558
18100 2.2603076
18200 2.0923269
18300 2.3276882
18400 2.1304898
18500 1.9630209
18600 2.1544933
18700 2.1787717
18800 1.9227782
18900 1.8748078
19000 1.8960117
19100 2.1684034
19200 1.9945294
19300 2.211587
19400 2.1738675
19500 2.1603491
19600 2.080439
19700 2.0249646
19800 1.7975667
19900 1.9128221
20000 2.2477598
20100 2.0382261
20200 2.1631122
20300 1.9315308
20400 1.976663
20500 2.1103387
20600 2.260787
20700 1.9589828
20800 2.0217934
20900 2.1988862
21000 1.9110162
21100 2.081952
21200 2.1609647
21300 2.11907
21400 2.0614982
21500 1.9506912
21600 2.2278066
21700 1.8696784
21800 2.027424
21900 1.93807
22000 2.2495794
22100 2.0356832
22200 2.0053623
22300 2.1001086
22400 2.1027026
22500 1.9759811
22600 1.882991
22700 2.162449
22800 1.8897997
22900 2.196469
23000 2.5237598
23100 1.9219699
23200 2.2167563
23300 2.1218882
23400 1.8080858
23500 1.8449831
23600 2.2295582
23700 1.9968966
23800 2.1046057
23900 2.0044603
24000 2.1968317
24100 2.0864055
24200 1.929074
24300 2.037896
24400 2.2761915
24500 1.7907449
24600 2.0739427
24700 2.0040472
24800 2.0529501
24900 2.1329463
25000 2.0411623
25100 2.1204154
25200 1.9403416
25300 1.8791798
25400 1.9435073
25500 2.10345
25600 2.008513
25700 2.1954458
25800 2.031371
25900 2.1024246
26000 2.1896055
26100 2.0500216
26200 2.0135758
26300 2.0393686
26400 2.0248046
26500 2.0032048
26600 2.1791258
26700 2.0952365
26800 1.9394811
26900 2.1565304
27000 2.0905447
27100 1.9333944
27200 2.0370777
27300 1.9348949
27400 2.2369695
27500 1.9552844
27600 2.2025857
27700 1.9839741
27800 2.1017213
27900 2.039874
28000 1.8994766
28100 2.0384274
28200 2.2975833
28300 1.909417
28400 2.4809828
28500 2.0242975
28600 2.1996827
28700 1.9643109
28800 2.3197956
28900 2.4367142
29000 1.9894307
29100 2.0399735
29200 1.9516901
29300 2.110967
29400 1.8739331
29500 2.0933962
29600 2.137707
29700 1.8342849
29800 2.0376213
29900 1.9575645
30000 2.1907837
30100 1.8355856
30200 2.1183336
30300 1.9093004
30400 2.2915776
30500 2.1762276
30600 2.0732229
30700 2.2528284
30800 2.4445257
30900 1.953117
31000 2.2608395
31100 1.9688859
31200 2.2130563
31300 2.222681
31400 2.2029026
31500 2.081533
31600 2.0492597
31700 1.898531
31800 2.2176802
31900 2.0137331
32000 2.1669848
32100 2.2907274
32200 2.1452532
32300 1.8974608
32400 1.9987222
32500 1.8806322
32600 1.8828478
32700 2.3532617
32800 2.1706896
32900 2.0703573
33000 1.8640549
33100 2.1956317
33200 1.9370655
33300 2.0924728
33400 2.0640914
33500 2.2285342
33600 2.1746984
33700 2.2273362
33800 2.0187812
33900 1.9715544
34000 2.1186178
34100 1.9085649
34200 2.0453353
34300 1.9446611
34400 1.9532733
34500 1.9452211
34600 2.1578717
34700 2.1500916
34800 2.0752053
34900 2.0343733
35000 1.9902898
35100 1.9153006
35200 1.9008211
35300 1.878561
35400 2.0729713
35500 1.8273216
35600 1.9289347
35700 1.9516625
35800 2.0393932
35900 2.3673782
36000 2.0794985
36100 1.8629763
36200 2.0645857
36300 1.9710318
36400 2.1652336
36500 1.8494462
36600 2.3303967
36700 1.9736001
36800 1.7929192
36900 1.892555
37000 1.853831
37100 2.0106018
37200 1.7377535
37300 2.0640228
37400 2.027897
37500 2.0065386
37600 1.8849152
37700 2.2009313
37800 1.8517622
37900 1.9426223
38000 2.133911
38100 2.3393695
38200 2.2237177
38300 2.011833
38400 2.0926466
38500 2.255149
38600 2.2922177
38700 2.199497
