0 3.2850323
100 2.168279
200 2.0019283
300 1.7631519
400 1.7997682
500 1.6525831
600 1.5857775
700 1.7365308
800 1.7466785
900 1.7943648
1000 1.665215
1100 1.8181022
1200 1.6940857
1300 1.8191015
1400 1.6428347
1500 1.5812864
1600 1.6615733
1700 1.7634622
1800 1.5931181
1900 1.5847557
2000 1.5617846
2100 1.6590354
2200 1.6474113
2300 1.4840384
2400 1.5202683
2500 1.7754638
2600 1.582564
2700 1.5392798
2800 1.6349967
2900 1.5029783
3000 1.655356
3100 1.6878772
3200 1.6245991
3300 1.3476658
3400 1.5621271
3500 1.6811941
3600 1.6840372
3700 1.5194463
3800 1.6796867
3900 1.7175752
4000 1.6060416
4100 1.5888276
4200 1.4819092
4300 1.3773515
4400 1.5513165
4500 1.542138
4600 1.3393078
4700 1.4779072
4800 1.2961267
4900 1.4232671
5000 1.3033289
5100 1.5427603
5200 1.6944475
5300 1.6059141
5400 1.4834553
5500 1.2741922
5600 1.5025674
5700 1.4157544
5800 1.5324003
5900 1.5572121
6000 1.6412861
6100 1.5784165
6200 1.5437945
6300 1.5198644
6400 1.6086922
6500 1.4523575
6600 1.2690048
6700 1.4665713
6800 1.5580463
6900 1.4047871
7000 1.6007655
7100 1.4588652
7200 1.4249071
7300 1.5059166
7400 1.58744
7500 1.4680984
7600 1.679252
7700 1.3379443
7800 1.3126507
7900 1.4993552
8000 1.3691328
8100 1.3967129
8200 1.4741175
8300 1.4108016
8400 1.3680346
8500 1.5906603
8600 1.3776584
8700 1.4637969
8800 1.7049371
8900 1.5253023
9000 1.4729621
9100 1.4974096
9200 1.5222584
9300 1.5317812
9400 1.6888578
9500 1.4570876
9600 1.3846862
9700 1.3109055
9800 1.4785185
9900 1.5246623
10000 1.5320253
10100 1.4812844
10200 1.2830982
10300 1.2475798
10400 1.4880342
10500 1.6617333
10600 1.5021826
10700 1.5621679
10800 1.3071796
10900 1.4086803
11000 1.3829254
11100 1.4965142
11200 1.4750724
11300 1.6101654
11400 1.5765698
11500 1.5644331
11600 1.4448085
11700 1.5759621
11800 1.587518
11900 1.4753711
12000 1.4553018
12100 1.4419107
12200 1.4697294
12300 1.3797263
12400 1.4947153
12500 1.6299078
12600 1.4689193
12700 1.3484821
12800 1.5335648
12900 1.630841
13000 1.6219146
13100 1.4947771
13200 1.291716
13300 1.6481124
13400 1.543483
13500 1.4388144
13600 1.471812
13700 1.5367204
13800 1.5235183
13900 1.4993222
14000 1.39615
14100 1.4597095
14200 1.661427
14300 1.3735923
14400 1.5567005
14500 1.6920663
14600 1.4610157
14700 1.4192306
14800 1.376708
14900 1.4986628
15000 1.4444611
15100 1.4036126
15200 1.2326665
15300 1.4495881
15400 1.5340965
15500 1.6815637
15600 1.461547
15700 1.4231335
15800 1.8092519
15900 1.5687722
16000 1.3158957
16100 1.4278688
16200 1.5147455
16300 1.8529403
16400 1.5136716
16500 1.4278657
16600 1.401955
16700 1.5678518
16800 1.4501972
16900 1.636235
17000 1.434749
17100 1.3707135
17200 1.4381388
17300 1.4479316
17400 1.4468594
17500 1.3112482
17600 1.2983599
17700 1.4037681
17800 1.5181848
17900 1.5099453
18000 1.4756798
18100 1.5667257
18200 1.4502904
18300 1.6134305
18400 1.476743
18500 1.3606625
18600 1.4933809
18700 1.5102094
18800 1.3327683
18900 1.2995178
19000 1.3142152
19100 1.5030227
19200 1.3825024
19300 1.5329553
19400 1.5068102
19500 1.4974399
19600 1.4420506
19700 1.4035984
19800 1.2459782
19900 1.3258673
20000 1.5580285
20100 1.4127907
20200 1.4993551
20300 1.3388351
20400 1.3701184
20500 1.4627753
20600 1.5670582
20700 1.3578634
20800 1.4014003
20900 1.5241518
21000 1.3246155
21100 1.4430993
21200 1.4978666
21300 1.4688275
21400 1.4289217
21500 1.3521161
21600 1.5441978
21700 1.2959623
21800 1.4053034
21900 1.3433678
22000 1.5592896
22100 1.411028
22200 1.3900112
22300 1.4556844
22400 1.4574823
22500 1.3696457
22600 1.3051898
22700 1.4988954
22800 1.3099093
22900 1.5224763
23000 1.749337
23100 1.332208
23200 1.5365384
23300 1.4707808
23400 1.2532696
23500 1.2788448
23600 1.5454121
23700 1.3841432
23800 1.4588015
23900 1.389386
24000 1.5227277
24100 1.4461862
24200 1.3371322
24300 1.4125618
24400 1.5777357
24500 1.2412498
24600 1.4375476
24700 1.3890996
24800 1.4229966
24900 1.4784456
25000 1.4148259
25100 1.46976
25200 1.3449423
25300 1.3025482
25400 1.3471366
25500 1.4580005
25600 1.3921951
25700 1.521767
25800 1.4080392
25900 1.4572897
26000 1.5177188
26100 1.4209667
26200 1.3957044
26300 1.4135826
26400 1.4034876
26500 1.3885157
26600 1.5104549
26700 1.4523073
26800 1.3443459
26900 1.4947929
27000 1.4490552
27100 1.3401269
27200 1.4119947
27300 1.341167
27400 1.550549
27500 1.3552998
27600 1.526716
27700 1.3751861
27800 1.4568022
27900 1.4139329
28000 1.3166169
28100 1.4129303
28200 1.5925634
28300 1.3235071
28400 1.7196862
28500 1.403136
28600 1.5247039
28700 1.3615565
28800 1.6079597
28900 1.6890016
29000 1.3789682
29100 1.414002
29200 1.3528085
29300 1.4632107
29400 1.2989115
29500 1.4510317
29600 1.4817456
29700 1.2714294
29800 1.4123714
29900 1.3568803
30000 1.5185355
30100 1.272331
30200 1.4683169
30300 1.3234262
30400 1.5884005
30500 1.508446
30600 1.4370487
30700 1.5615417
30800 1.6944162
30900 1.3537976
31000 1.5670946
31100 1.3647277
31200 1.5339737
31300 1.5406451
31400 1.5269357
31500 1.4428086
31600 1.4204385
31700 1.3159614
31800 1.5371788
31900 1.3958135
32000 1.5020394
32100 1.5878112
32200 1.4869761
32300 1.3152196
32400 1.3854086
32500 1.3035549
32600 1.3050907
32700 1.6311567
32800 1.5046074
32900 1.4350624
33000 1.2920644
33100 1.521896
33200 1.3426715
33300 1.4503917
33400 1.4307191
33500 1.5447022
33600 1.5073861
33700 1.5438718
33800 1.3993125
33900 1.3665774
34000 1.468514
34100 1.3229164
34200 1.4177184
34300 1.3479364
34400 1.3539059
34500 1.3483245
34600 1.4957228
34700 1.49033
34800 1.4384227
34900 1.4101201
35000 1.3795638
35100 1.3275852
35200 1.3175488
35300 1.3021193
35400 1.4368743
35500 1.2666029
35600 1.3370357
35700 1.3527894
35800 1.4135996
35900 1.6409416
36000 1.4413986
36100 1.2913167
36200 1.4310617
36300 1.3662151
36400 1.5008256
36500 1.2819384
36600 1.6153078
36700 1.3679954
36800 1.2427568
36900 1.3118192
37000 1.2849778
37100 1.3936429
37200 1.2045189
37300 1.4306716
37400 1.405631
37500 1.3908266
37600 1.3065237
37700 1.5255693
37800 1.2835437
37900 1.3465232
38000 1.4791143
38100 1.6215274
38200 1.5413636
38300 1.3944963
38400 1.4505122
38500 1.56315
38600 1.5888442
38700 1.5245751
