0 26.240427
100 10.375264
200 8.674332
300 8.291583
400 7.474144
500 7.2240105
600 7.064373
700 7.4554343
800 7.493154
900 7.806328
1000 6.308427
1100 7.4207172
1200 7.641451
1300 7.0109468
1400 7.1773643
1500 6.6663885
1600 6.975268
1700 7.1554275
1800 6.4578133
1900 6.531982
2000 6.897221
2100 6.8579693
2200 6.6620555
2300 6.132387
2400 6.526379
2500 6.9769125
2600 6.490845
2700 6.6316824
2800 6.4857736
2900 6.242332
3000 6.485454
3100 6.2349544
3200 6.222538
3300 6.0698338
3400 6.708692
3500 6.501135
3600 6.0697145
3700 6.2956142
3800 6.7522225
3900 6.464576
4000 6.4908466
4100 6.5815516
4200 6.246242
4300 6.3368225
4400 6.495192
4500 6.401497
4600 5.515588
4700 6.0724525
4800 5.8261166
4900 6.0157833
5000 6.1599026
5100 6.5031176
5200 6.430333
5300 6.4450746
5400 6.1530876
5500 5.991611
5600 6.233741
5700 6.549147
5800 6.107299
5900 5.871282
6000 6.9249773
6100 6.466158
6200 6.3516426
6300 5.986124
6400 6.431619
6500 6.278617
6600 5.915819
6700 6.604495
6800 6.3830037
6900 6.4825463
7000 6.4828978
7100 6.307562
7200 6.284573
7300 6.2955127
7400 6.1724415
7500 6.2685466
7600 6.7329645
7700 6.2302876
7800 6.006036
7900 6.1758966
8000 5.8577323
8100 5.9801064
8200 6.2021317
8300 6.190825
8400 5.7315555
8500 6.4596186
8600 6.1825953
8700 6.290617
8800 6.4495363
8900 6.2306156
9000 6.3059406
9100 5.8590364
9200 6.1505923
9300 6.6147532
9400 6.3859205
9500 6.1920366
9600 6.0414705
9700 5.9922123
9800 5.8428035
9900 6.6677938
10000 6.385475
10100 6.0631
10200 6.1453533
10300 5.5972147
10400 6.388253
10500 6.7128477
10600 6.728526
10700 6.586182
10800 5.9110513
10900 6.5662217
11000 6.152586
11100 6.3783092
11200 6.347205
11300 6.5237885
11400 6.3046875
11500 6.5520906
11600 5.966899
11700 6.452417
11800 6.265286
11900 5.953541
12000 6.1728287
12100 6.2467523
12200 5.724863
12300 6.120602
12400 6.1223555
12500 6.6998334
12600 5.8848395
12700 5.7578373
12800 6.197282
12900 6.280605
13000 6.8045387
13100 6.359662
13200 6.030347
13300 6.6985955
13400 6.2904053
13500 6.514805
13600 6.0957766
13700 6.2484775
13800 6.392058
13900 5.935737
14000 5.870874
14100 6.126103
14200 6.7983437
14300 6.392596
14400 5.56602
14500 6.4091067
14600 6.2811947
14700 5.9143615
14800 6.23699
14900 6.5231724
15000 6.124284
15100 5.6245155
15200 5.9495153
15300 5.941643
15400 6.758197
15500 6.560027
15600 6.2226954
15700 6.1603055
15800 6.764096
15900 6.6309347
16000 6.0630054
16100 5.8623505
16200 6.2442436
16300 7.3188777
16400 6.125151
16500 6.535642
16600 5.997348
16700 6.2440367
16800 6.570346
16900 7.1067715
17000 6.197958
17100 6.267132
17200 5.956458
17300 6.605782
17400 6.571418
17500 5.979151
17600 5.8543925
17700 6.232501
17800 6.410163
17900 6.1392474
18000 5.974363
18100 6.5544224
18200 6.1126847
18300 6.544475
18400 6.074351
18500 6.015999
18600 6.2079782
18700 6.040651
18800 6.067187
18900 5.667187
19000 6.221062
19100 6.2684546
19200 6.356404
19300 6.247403
19400 6.63244
19500 6.663041
19600 5.7412586
19700 6.399639
19800 5.765925
19900 6.5297256
20000 6.567152
20100 6.5407953
20200 6.371354
20300 6.0782957
20400 5.8703175
20500 6.2263474
20600 6.407735
20700 6.2289515
20800 6.0940037
20900 6.5215535
21000 6.1912947
21100 5.963538
21200 6.364501
21300 6.366969
21400 6.1821766
21500 6.053714
21600 6.601671
21700 5.6850214
21800 6.2389545
21900 5.8915324
22000 6.433163
22100 6.352567
22200 6.311823
22300 6.280125
22400 6.4217696
22500 6.0276
22600 6.065052
22700 6.260891
22800 6.0418158
22900 6.249097
23000 6.3250256
23100 6.1412544
23200 6.668266
23300 6.1681604
23400 5.654206
23500 6.0310016
23600 6.466283
23700 6.0807304
23800 5.9463806
23900 6.080298
24000 6.340093
24100 6.1186438
24200 6.1930943
24300 6.517283
24400 6.2471
24500 6.140315
24600 6.1043396
24700 6.1057363
24800 6.307058
24900 6.3037086
25000 5.833818
25100 6.4019117
25200 5.7619863
25300 5.827711
25400 5.8244534
25500 6.360417
25600 6.1262546
25700 6.1867886
25800 6.2154026
25900 6.4858346
26000 6.2990613
26100 6.1759553
26200 5.8595853
26300 6.0790157
26400 6.1530013
26500 6.1492257
26600 6.1883326
26700 6.287634
26800 6.306361
26900 5.9904175
27000 6.3034487
27100 5.9716105
27200 6.015133
27300 6.30338
27400 6.5042763
27500 6.0601783
27600 6.5547147
27700 6.09344
27800 5.794184
27900 6.0260406
28000 6.3399916
28100 6.5673127
28200 6.6113157
28300 5.986469
28400 7.138131
28500 6.237588
28600 6.286775
28700 6.0302577
28800 6.7969728
28900 6.9650164
29000 6.0302377
29100 6.240923
29200 6.427619
29300 6.301285
29400 6.1195045
29500 6.14896
29600 5.951632
29700 6.107932
29800 6.228245
29900 6.3174434
30000 6.5554786
30100 6.025705
30200 6.2170258
30300 5.9812336
30400 6.5230346
30500 6.258712
30600 6.48023
30700 6.657487
30800 6.525429
30900 5.984959
31000 6.2930536
31100 6.0279818
31200 6.3777213
31300 6.6984158
31400 6.105953
31500 6.3653955
31600 5.9946833
31700 5.9039063
31800 6.0347314
31900 6.5377293
32000 6.362559
32100 6.1221657
32200 6.299559
32300 5.855993
32400 6.1160583
32500 5.6048164
32600 6.0096397
32700 6.74959
32800 6.222873
32900 6.021931
33000 5.9844017
33100 6.6474466
33200 5.8375673
33300 5.865001
33400 6.2164426
33500 6.201626
33600 6.309084
33700 6.626711
33800 5.8692193
33900 5.782245
34000 5.961588
34100 6.126777
34200 5.9156675
34300 5.9496055
34400 5.7977066
34500 5.876099
34600 6.3142915
34700 6.1849685
34800 6.2947545
34900 6.3468313
35000 5.978526
35100 5.8471527
35200 6.0788126
35300 6.002951
35400 6.320501
35500 5.6738753
35600 6.0712485
35700 5.530716
35800 6.3589287
35900 5.8369193
36000 5.956261
36100 6.0101757
36200 6.20654
36300 6.0782003
36400 6.523794
36500 6.071066
36600 6.702993
36700 5.856423
36800 5.560219
36900 6.0820575
37000 6.1671205
37100 6.0453315
37200 5.5399437
37300 6.265971
37400 5.818536
37500 6.3936777
37600 6.1355906
37700 6.023541
37800 5.789523
37900 5.97827
38000 5.979318
38100 6.08339
38200 6.1602225
38300 6.089351
38400 6.054498
38500 6.43962
38600 6.2579947
38700 6.3247128
