0 0.040625002
100 0.36875
200 0.43437502
300 0.45625
400 0.465625
500 0.48125005
600 0.50625
700 0.465625
800 0.425
900 0.4625
1000 0.50937504
1100 0.421875
1200 0.515625
1300 0.49062502
1400 0.50625
1500 0.53125
1600 0.4375
1700 0.42187506
1800 0.53125
1900 0.52500004
2000 0.515625
2100 0.5
2200 0.50625
2300 0.55625004
2400 0.515625
2500 0.44687504
2600 0.51875
2700 0.50625
2800 0.534375
2900 0.50625
3000 0.503125
3100 0.50625
3200 0.49687502
3300 0.5656251
3400 0.515625
3500 0.48749998
3600 0.54375
3700 0.51875
3800 0.484375
3900 0.46562505
4000 0.54375
4100 0.528125
4200 0.540625
4300 0.5593749
4400 0.546875
4500 0.5375
4600 0.584375
4700 0.55625004
4800 0.596875
4900 0.515625
5000 0.63750005
5100 0.50937504
5200 0.45
5300 0.5
5400 0.54062504
5500 0.5968751
5600 0.54375
5700 0.52812505
5800 0.49062502
5900 0.515625
6000 0.48750004
6100 0.49687502
6200 0.5
6300 0.53125
6400 0.50937504
6500 0.52500004
6600 0.57500005
6700 0.515625
6800 0.490625
6900 0.55
7000 0.5124999
7100 0.51875
7200 0.5375
7300 0.55937505
7400 0.51875
7500 0.51875
7600 0.471875
7700 0.55
7800 0.57812506
7900 0.52812505
8000 0.56875
8100 0.575
8200 0.55937505
8300 0.55937505
8400 0.578125
8500 0.521875
8600 0.56875
8700 0.559375
8800 0.50937504
8900 0.51874995
9000 0.56875
9100 0.5375
9200 0.5625
9300 0.53125006
9400 0.48437503
9500 0.55
9600 0.6
9700 0.609375
9800 0.559375
9900 0.51875
10000 0.521875
10100 0.54687494
10200 0.6125
10300 0.5625
10400 0.528125
10500 0.53125
10600 0.54062504
10700 0.496875
10800 0.6125
10900 0.55312496
11000 0.55625004
11100 0.55
11200 0.51875
11300 0.5
11400 0.52812505
11500 0.52812505
11600 0.571875
11700 0.5124999
11800 0.5
11900 0.53749996
12000 0.5625
12100 0.54375
12200 0.54999995
12300 0.578125
12400 0.52500004
12500 0.48125002
12600 0.546875
12700 0.5625
12800 0.54375
12900 0.50625
13000 0.50937504
13100 0.55312496
13200 0.58750004
13300 0.50625
13400 0.54375005
13500 0.546875
13600 0.53125
13700 0.54375005
13800 0.509375
13900 0.515625
14000 0.571875
14100 0.553125
14200 0.48125002
14300 0.578125
14400 0.5625
14500 0.496875
14600 0.525
14700 0.56875
14800 0.57187504
14900 0.5375
15000 0.54062504
15100 0.54999995
15200 0.62187505
15300 0.5875
15400 0.50937504
15500 0.534375
15600 0.546875
15700 0.55
15800 0.503125
15900 0.525
16000 0.596875
16100 0.578125
16200 0.55
16300 0.46249998
16400 0.57500005
16500 0.571875
16600 0.57500005
16700 0.528125
16800 0.54375005
16900 0.50625
17000 0.57812506
17100 0.58437496
17200 0.52812505
17300 0.559375
17400 0.5125
17500 0.571875
17600 0.60937494
17700 0.584375
17800 0.540625
17900 0.528125
18000 0.57500005
18100 0.51562494
18200 0.5625
18300 0.50625
18400 0.55
18500 0.61562496
18600 0.54062504
18700 0.53749996
18800 0.61249995
18900 0.634375
19000 0.590625
19100 0.55312496
19200 0.58125
19300 0.546875
19400 0.509375
19500 0.528125
19600 0.575
19700 0.5625
19800 0.61875004
19900 0.596875
20000 0.521875
20100 0.56875
20200 0.51250005
20300 0.571875
20400 0.565625
20500 0.575
20600 0.515625
20700 0.57500005
20800 0.5625
20900 0.546875
21000 0.60625005
21100 0.56875
21200 0.534375
21300 0.553125
21400 0.54375
21500 0.628125
21600 0.53125
21700 0.60625
21800 0.59062505
21900 0.575
22000 0.534375
22100 0.55625004
22200 0.559375
22300 0.55
22400 0.51875
22500 0.57187504
22600 0.596875
22700 0.51875
22800 0.596875
22900 0.51250005
23000 0.47500002
23100 0.5718751
23200 0.559375
23300 0.53125
23400 0.621875
23500 0.590625
23600 0.53125
23700 0.540625
23800 0.56875
23900 0.56874996
24000 0.5
24100 0.559375
24200 0.56562495
24300 0.58124995
24400 0.515625
24500 0.625
24600 0.55
24700 0.5625
24800 0.525
24900 0.496875
25000 0.58750004
25100 0.55625
25200 0.5625
25300 0.584375
25400 0.57812494
25500 0.546875
25600 0.5875
25700 0.54062504
25800 0.553125
25900 0.5375
26000 0.55625
26100 0.565625
26200 0.5625
26300 0.553125
26400 0.55
26500 0.565625
26600 0.5375
26700 0.52812505
26800 0.596875
26900 0.58124995
27000 0.56875
27100 0.59375
27200 0.56875
27300 0.62187505
27400 0.56875
27500 0.590625
27600 0.55
27700 0.565625
27800 0.55937505
27900 0.59375
28000 0.590625
28100 0.54375
28200 0.4875
28300 0.553125
28400 0.453125
28500 0.546875
28600 0.54687506
28700 0.58125
28800 0.540625
28900 0.475
29000 0.54687506
29100 0.55625
29200 0.565625
29300 0.53437495
29400 0.56875
29500 0.546875
29600 0.52187496
29700 0.60937494
29800 0.578125
29900 0.559375
30000 0.53125
30100 0.578125
30200 0.5375
30300 0.565625
30400 0.50937504
30500 0.521875
30600 0.54062504
