0 4.794849
100 3.10329
200 2.802576
300 2.5138416
400 2.5940933
500 2.4274275
600 2.2628148
700 2.4943957
800 2.5545099
900 2.5591285
1000 2.3199525
1100 2.6463141
1200 2.4459636
1300 2.612569
1400 2.32079
1500 2.2954295
1600 2.4357247
1700 2.619959
1800 2.2988427
1900 2.2825747
2000 2.228366
2100 2.4311395
2200 2.383995
2300 2.0973768
2400 2.2040956
2500 2.5636132
2600 2.3172014
2700 2.2359397
2800 2.326247
2900 2.2034786
3000 2.3522892
3100 2.3852003
3200 2.2949154
3300 1.9408808
3400 2.3581038
3500 2.271793
3600 2.3509727
3700 2.2376068
3800 2.4789531
3900 2.4810796
4000 2.232659
4100 2.3000944
4200 2.157821
4300 1.9545617
4400 2.2307754
4500 2.2634676
4600 1.8684367
4700 2.068182
4800 1.9198014
4900 2.1215096
5000 1.880486
5100 2.2427313
5200 2.5378318
5300 2.4326038
5400 2.105955
5500 1.9183362
5600 2.2285852
5700 2.0945687
5800 2.3372693
5900 2.2934659
6000 2.406247
6100 2.4089477
6200 2.3881135
6300 2.3382406
6400 2.3766518
6500 2.2019844
6600 1.8666228
6700 2.1557627
6800 2.350641
6900 2.1257164
7000 2.3556292
7100 2.1728506
7200 2.1840587
7300 2.2949152
7400 2.2798305
7500 2.2381625
7600 2.4551
7700 2.001649
7800 2.012299
7900 2.2738492
8000 2.0571005
8100 2.073642
8200 2.1676493
8300 2.1436949
8400 1.990804
8500 2.292057
8600 2.0277593
8700 2.0538492
8800 2.423766
8900 2.227879
9000 2.0853064
9100 2.199738
9200 2.216596
9300 2.237581
9400 2.4364016
9500 2.0832539
9600 1.9766746
9700 1.8995247
9800 2.02685
9900 2.2338846
10000 2.2249177
10100 2.1162214
10200 1.835375
10300 1.8622305
10400 2.1204896
10500 2.3947988
10600 2.208905
10700 2.2756965
10800 1.8764384
10900 2.041996
11000 2.0015094
11100 2.1568348
11200 2.1987405
11300 2.4086664
11400 2.3396292
11500 2.327696
11600 2.084886
11700 2.338707
11800 2.3212159
11900 2.1334426
12000 2.0580435
12100 2.0551276
12200 2.0496366
12300 2.0101545
12400 2.213247
12500 2.342775
12600 2.1499362
12700 1.9600403
12800 2.196412
12900 2.3161051
13000 2.4266844
13100 2.2249074
13200 1.8835038
13300 2.2977188
13400 2.1712244
13500 2.0956035
13600 2.1044831
13700 2.2336805
13800 2.1674066
13900 2.2005272
14000 1.9827758
14100 2.0771341
14200 2.3899646
14300 2.0033674
14400 2.1969917
14500 2.4028552
14600 2.2394629
14700 1.9945258
14800 2.0201776
14900 2.1976306
15000 2.1259198
15100 2.1129868
15200 1.8248763
15300 2.034112
15400 2.1693103
15500 2.3157296
15600 2.1594703
15700 2.0632353
15800 2.5573277
15900 2.2105134
16000 1.943061
16100 2.0911376
16200 2.255022
16300 2.6776772
16400 2.0942671
16500 2.0490618
16600 1.9936554
16700 2.3259277
16800 2.0250854
16900 2.3196938
17000 2.072474
17100 2.1046972
17200 2.0741866
17300 2.138279
17400 2.131773
17500 1.8623351
17600 1.8556838
17700 1.9860315
17800 2.226805
17900 2.1813567
18000 2.1411517
18100 2.2494183
18200 2.061959
18300 2.350371
18400 2.1012816
18500 1.8194497
18600 2.119829
18700 2.2246978
18800 1.9670756
18900 1.8651719
19000 1.8757269
19100 2.0790398
19200 2.0387156
19300 2.1558692
19400 2.1796637
19500 2.2126515
19600 2.0550382
19700 2.0714736
19800 1.7866707
19900 1.9404997
20000 2.22002
20100 2.0703611
20200 2.1888094
20300 1.9551277
20400 1.9843826
20500 2.096759
20600 2.2874157
20700 1.9437789
20800 2.0563262
20900 2.1933796
21000 1.9921402
21100 2.1574535
21200 2.160502
21300 2.1766863
21400 2.09308
21500 1.862614
21600 2.2786112
21700 1.8191917
21800 2.0931022
21900 1.9615623
22000 2.2641726
22100 2.023717
22200 2.1293457
22300 2.1322963
22400 2.2124805
22500 1.9266064
22600 1.9070517
22700 2.1528971
22800 1.9001654
22900 2.2810361
23000 2.4635699
23100 1.9302751
23200 2.1126037
23300 2.1617944
23400 1.8350643
23500 1.8703485
23600 2.2408574
23700 2.0824945
23800 2.1198556
23900 1.9861315
24000 2.191499
24100 2.0799103
24200 1.9604509
24300 2.063949
24400 2.336465
24500 1.8042951
24600 2.074971
24700 1.9781988
24800 2.0998573
24900 2.222624
25000 1.9897702
25100 2.0977175
25200 1.9897643
25300 1.885344
25400 2.040532
25500 2.1971571
25600 2.050718
25700 2.2272534
25800 2.020181
25900 2.1586444
26000 2.2255113
26100 2.0968115
26200 2.0146725
26300 2.0554225
26400 2.1161997
26500 2.0885649
26600 2.139474
26700 2.180396
26800 1.9289293
26900 2.1168382
27000 2.1009567
27100 1.9927683
27200 2.0917501
27300 1.8894156
27400 2.1230638
27500 2.0224602
27600 2.2722867
27700 1.9677459
27800 2.1392481
27900 1.9785298
28000 1.9573672
28100 2.0863776
28200 2.3788722
28300 1.9606777
28400 2.5913842
28500 2.05415
28600 2.2326999
28700 2.0061586
28800 2.3497047
28900 2.4255214
29000 1.9939915
29100 2.1473737
29200 1.9459008
29300 2.108805
29400 1.9091517
29500 2.2369442
29600 2.2644641
29700 1.8948522
29800 2.0740185
29900 1.9811913
30000 2.2289596
30100 1.8441985
30200 2.1227682
30300 1.9337993
30400 2.2456477
30500 2.1867075
30600 2.1034808
