0 3.3235362
100 2.1510367
200 1.9425977
300 1.7424623
400 1.7980886
500 1.6825646
600 1.5684637
700 1.7289834
800 1.7706513
900 1.7738527
1000 1.6080685
1100 1.8342851
1200 1.6954129
1300 1.810895
1400 1.608649
1500 1.5910704
1600 1.6883157
1700 1.8160173
1800 1.5934362
1900 1.5821602
2000 1.5445855
2100 1.6851374
2200 1.6524594
2300 1.4537909
2400 1.5277627
2500 1.7769612
2600 1.6061616
2700 1.5498353
2800 1.6124315
2900 1.5273349
3000 1.6304826
3100 1.6532948
3200 1.5907142
3300 1.345316
3400 1.6345129
3500 1.5746868
3600 1.6295701
3700 1.5509908
3800 1.7182794
3900 1.7197533
4000 1.5475613
4100 1.594304
4200 1.4956875
4300 1.3547989
4400 1.5462556
4500 1.5689161
4600 1.2951016
4700 1.4335545
4800 1.3307049
4900 1.4705184
5000 1.3034536
5100 1.5545429
5200 1.759091
5300 1.6861526
5400 1.4597367
5500 1.3296893
5600 1.5447376
5700 1.4518445
5800 1.6200716
5900 1.5897094
6000 1.6678833
6100 1.6697553
6200 1.6553142
6300 1.6207448
6400 1.6473695
6500 1.5262992
6600 1.2938443
6700 1.4942608
6800 1.6293402
6900 1.4734344
7000 1.6327977
7100 1.5061053
7200 1.513874
7300 1.590714
7400 1.5802581
7500 1.5513761
7600 1.7017457
7700 1.3874372
7800 1.3948195
7900 1.5761122
8000 1.4258735
8100 1.4373391
8200 1.5025
8300 1.485896
8400 1.3799201
8500 1.588733
8600 1.4055356
8700 1.4236197
8800 1.6800265
8900 1.5442481
9000 1.4454242
9100 1.5247422
9200 1.5364271
9300 1.5509729
9400 1.6887848
9500 1.4440016
9600 1.3701264
9700 1.3166502
9800 1.4049053
9900 1.5484108
10000 1.5421954
10100 1.4668529
10200 1.272185
10300 1.2907999
10400 1.4698113
10500 1.659948
10600 1.5310963
10700 1.5773927
10800 1.300648
10900 1.4154038
11000 1.3873407
11100 1.495004
11200 1.5240507
11300 1.6695603
11400 1.6217074
11500 1.613436
11600 1.4451329
11700 1.6210681
11800 1.6089443
11900 1.4787898
12000 1.426527
12100 1.424506
12200 1.4206998
12300 1.3933328
12400 1.534106
12500 1.623888
12600 1.4902222
12700 1.3585964
12800 1.5224369
12900 1.6054018
13000 1.6820494
13100 1.5421883
13200 1.3055453
13300 1.5926573
13400 1.5049781
13500 1.4525616
13600 1.4587166
13700 1.5482694
13800 1.5023317
13900 1.5252892
14000 1.3743554
14100 1.4397597
14200 1.6565971
14300 1.3886285
14400 1.5228386
14500 1.6655324
14600 1.5522774
14700 1.3824999
14800 1.4002805
14900 1.5232815
15000 1.4735754
15100 1.4646108
15200 1.2649078
15300 1.4099389
15400 1.5036514
15500 1.6051414
15600 1.4968307
15700 1.4301257
15800 1.7726045
15900 1.5322111
16000 1.3468273
16100 1.4494661
16200 1.5630622
16300 1.8560244
16400 1.4516354
16500 1.4203014
16600 1.3818966
16700 1.6122103
16800 1.4036824
16900 1.6078892
17000 1.4365295
17100 1.4588649
17200 1.4377166
17300 1.4821421
17400 1.4776325
17500 1.2908723
17600 1.286262
17700 1.3766122
17800 1.5435035
17900 1.5120013
18000 1.4841332
18100 1.5591779
18200 1.4292411
18300 1.6291529
18400 1.4564974
18500 1.2611464
18600 1.4693534
18700 1.542043
18800 1.3634729
18900 1.2928387
19000 1.3001548
19100 1.4410806
19200 1.41313
19300 1.4943347
19400 1.5108277
19500 1.5336932
19600 1.424444
19700 1.4358361
19800 1.2384257
19900 1.3450519
20000 1.5388007
20100 1.4350649
20200 1.5171671
20300 1.3551912
20400 1.3754692
20500 1.4533627
20600 1.5855159
20700 1.3473248
20800 1.4253366
20900 1.5203348
21000 1.3808464
21100 1.4954329
21200 1.4975458
21300 1.5087639
21400 1.4508126
21500 1.2910657
21600 1.5794129
21700 1.2609676
21800 1.4508278
21900 1.3596513
22000 1.5694048
22100 1.4027337
22200 1.47595
22300 1.4779952
22400 1.5335747
22500 1.3354218
22600 1.3218675
22700 1.4922745
22800 1.3170943
22900 1.5810938
23000 1.7076166
23100 1.3379648
23200 1.4643452
23300 1.4984417
23400 1.2719697
23500 1.2964268
23600 1.553244
23700 1.4434752
23800 1.469372
23900 1.3766814
24000 1.5190314
24100 1.441684
24200 1.358881
24300 1.4306206
24400 1.6195141
24500 1.2506421
24600 1.4382603
24700 1.3711829
24800 1.4555103
24900 1.5406057
25000 1.3792036
25100 1.4540269
25200 1.3791995
25300 1.3068209
25400 1.414389
25500 1.5229533
25600 1.4214494
25700 1.5438144
25800 1.4002827
25900 1.4962583
26000 1.5426068
26100 1.453399
26200 1.3964646
26300 1.4247103
26400 1.4668379
26500 1.4476829
26600 1.4829704
26700 1.5113354
26800 1.337032
26900 1.4672804
27000 1.4562721
27100 1.3812817
27200 1.4498907
27300 1.3096431
27400 1.4715958
27500 1.4018626
27600 1.575029
27700 1.3639375
27800 1.4828138
27900 1.3714124
28000 1.3567436
28100 1.4461668
28200 1.6489085
28300 1.3590382
28400 1.7962106
28500 1.4238284
28600 1.5475897
28700 1.3905632
28800 1.6286912
28900 1.6812433
29000 1.3821295
29100 1.488446
29200 1.3487957
29300 1.4617121
29400 1.3233231
29500 1.5505315
29600 1.569607
29700 1.3134115
29800 1.4376
29900 1.3732572
30000 1.5449971
30100 1.278301
30200 1.4713908
30300 1.3404075
30400 1.5565643
30500 1.5157101
30600 1.4580219
