0 26.468517
100 10.304671
200 8.209964
300 8.198096
400 7.4277153
500 7.152818
600 6.9515142
700 7.2673545
800 7.12565
900 7.673521
1000 6.35087
1100 7.065078
1200 7.516831
1300 7.0430083
1400 7.0476904
1500 6.6761255
1600 6.956002
1700 7.165287
1800 6.780615
1900 6.410736
2000 6.859058
2100 6.7617273
2200 6.797638
2300 6.2763157
2400 6.565799
2500 6.937704
2600 6.403998
2700 6.476716
2800 6.4219747
2900 6.2107553
3000 6.526659
3100 6.300272
3200 6.361383
3300 6.0516744
3400 6.7227993
3500 6.5468884
3600 6.262159
3700 6.049988
3800 6.823619
3900 6.3271985
4000 6.6207924
4100 6.775951
4200 6.328557
4300 6.252534
4400 6.269308
4500 6.274739
4600 5.585456
4700 5.976831
4800 5.923464
4900 6.090266
5000 5.992528
5100 6.5023437
5200 6.50601
5300 6.673705
5400 6.0902476
5500 5.9753203
5600 6.391122
5700 6.661298
5800 6.241386
5900 5.9461327
6000 6.784873
6100 6.3938284
6200 6.451232
6300 5.9479036
6400 6.616088
6500 6.1912365
6600 5.874158
6700 6.55573
6800 6.575973
6900 6.4419136
7000 6.456548
7100 6.2866654
7200 6.4735184
7300 6.2435975
7400 6.212548
7500 6.168645
7600 6.8314347
7700 6.3960876
7800 6.0215087
7900 6.279078
8000 6.016599
8100 6.0455875
8200 6.3123345
8300 6.2022753
8400 5.836403
8500 6.579448
8600 6.441907
8700 6.493592
8800 6.4438024
8900 6.367803
9000 6.3366785
9100 5.9981694
9200 6.238711
9300 6.6881857
9400 6.516571
9500 6.2875624
9600 5.9925694
9700 5.9728694
9800 5.89218
9900 6.541462
10000 6.5617743
10100 6.0528984
10200 6.106083
10300 5.6537232
10400 6.3419476
10500 6.583624
10600 6.5699706
10700 6.423059
10800 5.799595
10900 6.556611
11000 6.200124
11100 6.44483
11200 6.4063654
11300 6.3049936
11400 6.306499
11500 6.6020637
11600 5.995457
11700 6.610646
11800 6.351616
11900 6.0494814
12000 6.177311
12100 6.261989
12200 5.6231904
12300 6.247965
12400 6.1720195
12500 6.709093
12600 5.951848
12700 5.662722
12800 6.238427
12900 6.438188
13000 6.833292
13100 6.2398562
13200 5.964883
13300 6.665944
13400 6.357314
13500 6.422122
13600 6.1408787
13700 6.2902837
13800 6.2887983
13900 5.9619694
14000 6.0366993
14100 6.0989456
14200 6.710602
14300 6.425452
14400 5.5197973
14500 6.5636396
14600 6.261754
14700 5.9307775
14800 6.148856
14900 6.4125037
15000 6.3361955
15100 5.540881
15200 5.978104
15300 5.820343
15400 6.6547894
15500 6.56595
15600 6.154602
15700 6.27151
15800 6.782922
15900 6.67429
16000 5.95557
16100 6.0763493
16200 6.0661254
16300 7.371432
16400 6.1110144
16500 6.4736204
16600 5.93312
16700 6.3148165
16800 6.604646
16900 7.0506687
17000 6.157561
17100 6.1285796
17200 6.0149236
17300 6.549893
17400 6.5851874
17500 6.024878
17600 5.8152127
17700 6.2383976
17800 6.445233
17900 6.1175303
18000 6.014961
18100 6.5112104
18200 6.021205
18300 6.6687355
18400 6.1678214
18500 6.0052376
18600 6.1812706
18700 6.1938343
18800 6.060057
18900 5.7252226
19000 6.1029634
19100 6.374311
19200 6.4613533
19300 6.2506657
19400 6.7457943
19500 6.7558346
19600 5.821661
19700 6.321447
19800 5.703873
19900 6.5906973
20000 6.805369
20100 6.579634
20200 6.439372
20300 6.0467634
20400 6.083094
20500 6.278371
20600 6.4790936
20700 6.338
20800 6.1306334
20900 6.517943
21000 6.314966
21100 6.147765
21200 6.295879
21300 6.3049273
21400 6.339032
21500 6.1805043
21600 6.72007
21700 5.8031607
21800 6.1272864
21900 5.885884
22000 6.554442
22100 6.14908
22200 6.2954044
22300 6.205774
22400 6.4602637
22500 6.1168666
22600 6.073442
22700 6.244489
22800 6.079661
22900 6.3495026
23000 6.2809944
23100 6.2105565
23200 6.6858544
23300 6.191625
23400 5.580635
23500 5.962526
23600 6.4600286
23700 6.2640615
23800 5.9977694
23900 6.253094
24000 6.429172
24100 6.2696075
24200 6.306327
24300 6.5319767
24400 6.1710525
24500 6.0941534
24600 6.2306633
24700 6.111735
24800 6.4337306
24900 6.562848
25000 5.943412
25100 6.3840756
25200 5.8315115
25300 5.877919
25400 5.898387
25500 6.2951
25600 6.1973886
25700 6.2061987
25800 6.3177376
25900 6.5320964
26000 6.2981596
26100 6.0957413
26200 5.914763
26300 6.158753
26400 6.303579
26500 6.184774
26600 6.130504
26700 6.3546867
26800 6.4145412
26900 6.05165
27000 6.1839676
27100 6.0115128
27200 6.083393
27300 6.3324466
27400 6.5374117
27500 6.2579584
27600 6.575336
27700 6.0832357
27800 5.904785
27900 6.059869
28000 6.2011538
28100 6.692191
28200 6.7127943
28300 6.1746993
28400 7.2374754
28500 6.2121058
28600 6.3971715
28700 6.1415925
28800 6.731944
28900 6.8506923
29000 6.2125907
29100 6.336973
29200 6.447424
29300 6.3241644
29400 6.1234574
29500 6.183866
29600 5.9998946
29700 6.237316
29800 6.271749
29900 6.3871517
30000 6.7243104
30100 5.9938016
30200 6.0938888
30300 6.022162
30400 6.4849496
30500 6.391653
30600 6.5608764
