0 3.45062
100 1.11297
200 0.526398
300 0.349207
400 0.0777375
500 0.0844668
600 0.164494
700 0.251327
800 0.240596
900 0.0280888
1000 0.230742
1100 0.0178611
1200 0.344246
1300 0.320231
1400 0.211902
1500 0.175065
1600 0.187679
1700 0.109216
1800 0.378512
1900 0.0170566
2000 0.0146394
2100 0.0411232
2200 0.125656
2300 0.0122317
2400 0.00711482
2500 0.00707999
2600 0.00667521
2700 0.0325422
2800 0.216363
2900 0.0669451
3000 0.347325
3100 0.192459
3200 0.0185399
3300 0.184316
3400 0.333322
3500 0.105197
3600 0.29165
3700 0.000428921
3800 0.0212842
3900 0.0019417
4000 3.62704e-05
4100 0.278955
4200 0.00404219
4300 0.0100143
4400 0.000108814
4500 0.000798217
4600 0.107496
4700 0.015347
4800 0.0895562
4900 0.00811936
5000 0.000706335
5100 0.245574
5200 0.00386175
5300 0.000368812
5400 0.00131853
5500 0.115483
5600 0.199727
5700 0.00151597
5800 0.346231
5900 0.0040502
6000 0.00203127
6100 0.0016612
6200 0.0609801
6300 0.23675
6400 0.00606994
6500 0.415834
6600 0.129068
6700 0.0264801
6800 0.00893112
6900 0.00154037
7000 0.00887157
7100 8.05371e-05
7200 0.00750551
7300 0.00621935
7400 0.003261
7500 0.0093471
7600 0.00207982
7700 0.033737
7800 0.184833
7900 0.0197496
8000 0.370616
8100 0.026999
8200 0.000340102
8300 3.99763e-05
8400 0.000239536
8500 0.0084082
8600 0.0449028
8700 0.0279561
8800 0.00203361
8900 0.0236392
9000 0.000285065
9100 0.0169297
9200 0.00343279
9300 0.083742
9400 0.00418798
9500 0.00730057
9600 0.00376983
9700 0.152158
9800 0.00276076
9900 0.00105657
10000 0.001151
10100 0.194608
10200 0.0579048
10300 0.0367059
10400 0.000867482
10500 0.00068759
10600 0.012277
10700 0.0082335
10800 0.00337347
10900 0.00106683
11000 0.0076561
11100 0.119762
11200 0.00164494
11300 0.00449022
11400 0.00845441
11500 0.00147952
11600 0.00233881
11700 9.71231e-05
11800 0.141069
11900 0.00332731
12000 0.0014763
12100 0.000628298
12200 0.00152348
12300 0.000820053
12400 0.00636493
12500 0.0022896
12600 0.00477152
12700 0.00723975
12800 0.00241897
12900 0.0631005
13000 0.00352971
13100 0.10582
13200 0.0108597
13300 0.000312344
13400 0.000808742
13500 0.005643
13600 0.562096
13700 0.0192603
13800 0.00396927
13900 0.00119391
14000 0.00251765
14100 0.000186167
14200 0.00155572
14300 8.93061e-05
14400 0.000118379
14500 1.79224e-05
14600 0.00515955
14700 0.000146978
14800 0.00137263
14900 0.00647006
15000 0.00133585
15100 0.00111155
15200 0.00264282
15300 0.000569085
15400 0.00449371
15500 0.000253444
15600 0.000215718
15700 0.00392532
15800 0.000548241
15900 0.000896734
16000 0.00199203
16100 0.00366615
16200 9.30193e-05
16300 0.00273414
16400 0.00836482
16500 0.000919513
16600 0.000402876
16700 0.000190886
16800 0.0109078
16900 0.00018195
17000 0.000363265
17100 0.00676545
17200 0.00268695
17300 0.00650551
17400 0.0009866
17500 0.00613126
17600 0.141656
17700 0.00162975
17800 0.00351908
17900 0.00673316
18000 0.00114226
18100 0.00503154
18200 0.00195225
18300 0.00225874
18400 0.000990056
18500 0.00128812
18600 0.00429119
18700 0.00395187
18800 0.00277718
18900 0.000845887
19000 0.000379741
19100 0.00289157
19200 0.000132711
19300 0.00099001
19400 0.000854318
19500 0.00267866
19600 0.00689275
19700 0.00339983
19800 0.00732732
19900 0.000339679
20000 0.0107047
20100 0.0043416
20200 0.00374263
20300 0.000749528
20400 0.00116605
20500 0.00311741
20600 0.00115945
20700 0.00408797
20800 0.000979457
20900 6.22304e-05
21000 0.00208081
21100 0.000443973
21200 0.0613732
21300 0.00620947
21400 0.000158958
21500 0.00682815
21600 0.000344414
21700 0.00302562
21800 0.00211966
21900 0.00140417
22000 0.000610487
22100 0.000346555
22200 0.00211025
22300 5.63794e-05
22400 0.00059987
22500 0.00106459
22600 0.000587115
22700 0.00236311
22800 0.00191606
22900 0.000983608
23000 0.0020526
23100 0.000646172
23200 0.000475783
23300 0.00102145
23400 0.000114422
23500 0.000864938
23600 0.00467984
23700 0.000195519
23800 0.017005
23900 0.000155641
24000 0.00276278
24100 0.000169249
24200 0.000711686
24300 0.00173652
24400 0.0557344
24500 0.00061489
24600 0.00214057
24700 0.00092362
24800 0.00233965
24900 0.00445137
25000 0.00615733
25100 0.00689635
25200 0.000280862
25300 0.000106952
25400 0.001067
25500 4.83651e-05
25600 0.000803714
25700 0.000246641
25800 0.000654587
25900 0.00573857
26000 0.000358793
26100 0.00193946
26200 0.000368339
26300 0.00244725
26400 0.00199165
26500 0.000670435
26600 0.000948493
26700 0.0001778
26800 0.000511108
26900 0.000448898
27000 0.00506288
27100 0.00102901
27200 0.000352461
27300 0.00182724
27400 0.000533718
27500 0.000516371
27600 0.00176212
27700 0.000200866
27800 0.0750519
27900 0.000881867
28000 0.000735579
28100 0.00125439
28200 0.00045543
28300 0.000671651
28400 7.22359e-05
