0 2.39179
100 0.771449
200 0.364871
300 0.242052
400 0.0538835
500 0.0585479
600 0.114018
700 0.174207
800 0.166768
900 0.0194697
1000 0.159938
1100 0.0123804
1200 0.238613
1300 0.221967
1400 0.146879
1500 0.121346
1600 0.130089
1700 0.075703
1800 0.262365
1900 0.0118228
2000 0.0101472
2100 0.0285044
2200 0.0870981
2300 0.0084784
2400 0.00493162
2500 0.00490747
2600 0.0046269
2700 0.0225565
2800 0.149971
2900 0.0464028
3000 0.240748
3100 0.133402
3200 0.0128509
3300 0.127758
3400 0.231041
3500 0.0729168
3600 0.202156
3700 0.000297306
3800 0.0147531
3900 0.00134589
4000 2.51407e-05
4100 0.193357
4200 0.00280183
4300 0.0069414
4400 7.54242e-05
4500 0.000553282
4600 0.0745107
4700 0.0106378
4800 0.0620756
4900 0.00562791
5000 0.000489594
5100 0.170219
5200 0.00267676
5300 0.000255641
5400 0.000913937
5500 0.0800465
5600 0.13844
5700 0.00105079
5800 0.239989
5900 0.00280739
6000 0.00140797
6100 0.00115145
6200 0.0422682
6300 0.164102
6400 0.00420736
6500 0.288234
6600 0.089463
6700 0.0183546
6800 0.00619058
6900 0.0010677
7000 0.0061493
7100 5.5824e-05
7200 0.00520242
7300 0.00431092
7400 0.00226035
7500 0.00647892
7600 0.00144162
7700 0.0233847
7800 0.128117
7900 0.0136894
8000 0.256892
8100 0.0187143
8200 0.000235741
8300 2.77094e-05
8400 0.000166034
8500 0.00582812
8600 0.0311242
8700 0.0193777
8800 0.00140959
8900 0.0163854
9000 0.000197592
9100 0.0117348
9200 0.00237943
9300 0.0580455
9400 0.00290288
9500 0.00506037
9600 0.00261305
9700 0.105468
9800 0.00191362
9900 0.000732359
10000 0.000797814
10100 0.134892
10200 0.0401365
10300 0.0254426
10400 0.000601293
10500 0.000476601
10600 0.00850973
10700 0.00570703
10800 0.00233831
10900 0.000739472
11000 0.0053068
11100 0.0830128
11200 0.00114018
11300 0.00311238
11400 0.00586015
11500 0.00102552
11600 0.00162114
11700 6.73206e-05
11800 0.0977815
11900 0.00230632
12000 0.00102329
12100 0.000435503
12200 0.00105599
12300 0.000568418
12400 0.00441184
12500 0.00158703
12600 0.00330737
12700 0.00501821
12800 0.0016767
12900 0.043738
13000 0.00244661
13100 0.073349
13200 0.00752736
13300 0.0002165
13400 0.000560577
13500 0.00391143
13600 0.389616
13700 0.0133503
13800 0.00275129
13900 0.000827552
14000 0.0017451
14100 0.000129041
14200 0.00107834
14300 6.19023e-05
14400 8.2054e-05
14500 1.24228e-05
14600 0.00357632
14700 0.000101877
14800 0.000951433
14900 0.00448471
15000 0.000925943
15100 0.000770465
15200 0.00183186
15300 0.00039446
15400 0.0031148
15500 0.000175674
15600 0.000149524
15700 0.00272083
15800 0.000380012
15900 0.000621569
16000 0.00138077
16100 0.00254118
16200 6.44761e-05
16300 0.00189516
16400 0.00579805
16500 0.000637358
16600 0.000279253
16700 0.000132312
16800 0.00756069
16900 0.000126118
17000 0.000251796
17100 0.00468945
17200 0.00186245
17300 0.00450927
17400 0.000683859
17500 0.00424987
17600 0.0981885
17700 0.00112966
17800 0.00243924
17900 0.00466707
18000 0.000791757
18100 0.0034876
18200 0.00135319
18300 0.00156564
18400 0.000686254
18500 0.000892854
18600 0.00297442
18700 0.00273923
18800 0.00192499
18900 0.000586324
19000 0.000263216
19100 0.00200428
19200 9.19881e-05
19300 0.000686223
19400 0.000592168
19500 0.0018567
19600 0.00477769
19700 0.00235658
19800 0.00507891
19900 0.000235447
20000 0.00741994
20100 0.00300937
20200 0.00259419
20300 0.000519533
20400 0.000808244
20500 0.00216082
20600 0.00080367
20700 0.00283357
20800 0.000678908
20900 4.31348e-05
21000 0.00144231
21100 0.000307739
21200 0.0425407
21300 0.00430407
21400 0.000110181
21500 0.00473291
21600 0.00023873
21700 0.0020972
21800 0.00146924
21900 0.000973298
22000 0.000423157
22100 0.000240213
22200 0.00146272
22300 3.90792e-05
22400 0.000415798
22500 0.000737921
22600 0.000406957
22700 0.00163798
22800 0.00132811
22900 0.000681785
23000 0.00142276
23100 0.000447892
23200 0.000329787
23300 0.000708019
23400 7.93111e-05
23500 0.00059953
23600 0.00324382
23700 0.000135524
23800 0.011787
23900 0.000107882
24000 0.00191501
24100 0.000117315
24200 0.000493303
24300 0.00120366
24400 0.0386321
24500 0.00042621
24600 0.00148373
24700 0.000640205
24800 0.00162172
24900 0.00308546
25000 0.00426793
25100 0.00478019
25200 0.000194679
25300 7.41331e-05
25400 0.000739589
25500 3.35241e-05
25600 0.000557092
25700 0.000170959
25800 0.000453725
25900 0.00397767
26000 0.000248696
26100 0.00134433
26200 0.000255313
26300 0.0016963
26400 0.00138051
26500 0.00046471
26600 0.000657445
26700 0.000123241
26800 0.000354273
26900 0.000311153
27000 0.00350932
27100 0.000713254
27200 0.000244307
27300 0.00126655
27400 0.000369945
27500 0.000357921
27600 0.00122141
27700 0.00013923
27800 0.052022
27900 0.000611264
28000 0.000509865
28100 0.000869476
28200 0.00031568
28300 0.000465553
28400 5.00701e-05
