0 9.6173
100 3.38288
200 1.629
300 1.4388
400 1.18695
500 1.21096
600 1.16648
700 1.31212
800 1.18189
900 1.09881
1000 1.17424
1100 1.05747
1200 1.18102
1300 1.10544
1400 1.03381
1500 1.10141
1600 1.15785
1700 1.15648
1800 1.161
1900 1.06058
2000 1.03894
2100 1.06716
2200 1.13994
2300 1.03242
2400 1.02154
2500 1.02335
2600 1.02344
2700 1.05783
2800 1.09652
2900 1.08175
3000 1.12389
3100 1.05381
3200 1.03867
3300 1.13902
3400 1.06596
3500 1.049
3600 1.01014
3700 1.00227
3800 1.03749
3900 1.00874
4000 1.00024
4100 1.0885
4200 1.01619
4300 1.02876
4400 1.0007
4500 1.00416
4600 1.13057
4700 1.03396
4800 1.11703
4900 1.02584
5000 1.00313
5100 1.08094
5200 1.01678
5300 1.00167
5400 1.00541
5500 1.15282
5600 1.05484
5700 1.0066
5800 1.04034
5900 1.01222
6000 1.00862
6100 1.00717
6200 1.05897
6300 1.04766
6400 1.01976
6500 1.04982
6600 1.08376
6700 1.06563
6800 1.02614
6900 1.00622
7000 1.02049
7100 1.00052
7200 1.0204
7300 1.01763
7400 1.01334
7500 1.02022
7600 1.00709
7700 1.03438
7800 1.00857
7900 1.05105
8000 1.0959
8100 1.05264
8200 1.0017
8300 1.00029
8400 1.00134
8500 1.02555
8600 1.10586
8700 1.0683
8800 1.00838
8900 1.03531
9000 1.00161
9100 1.04897
9200 1.0137
9300 1.02289
9400 1.01291
9500 1.02249
9600 1.01495
9700 1.16565
9800 1.01116
9900 1.00474
10000 1.00495
10100 1.01325
10200 1.10484
10300 1.03546
10400 1.00384
10500 1.00328
10600 1.03783
10700 1.02132
10800 1.01212
10900 1.00519
11000 1.02796
11100 1.09474
11200 1.00647
11300 1.01625
11400 1.0215
11500 1.00689
11600 1.00865
11700 1.00063
11800 1.09208
11900 1.01382
12000 1.00545
12100 1.00296
12200 1.00675
12300 1.00362
12400 1.01943
12500 1.0083
12600 1.01852
12700 1.01997
12800 1.01015
12900 1.03183
13000 1.01253
13100 1.02943
13200 1.0305
13300 1.00174
13400 1.00371
13500 1.01903
13600 1.04676
13700 1.04763
13800 1.01352
13900 1.00486
14000 1.01009
14100 1.00102
14200 1.0075
14300 1.00059
14400 1.00076
14500 1.00013
14600 1.01762
14700 1.00096
14800 1.00565
14900 1.01864
15000 1.00572
15100 1.00493
15200 1.00909
15300 1.00298
15400 1.01897
15500 1.00139
15600 1.00122
15700 1.01479
15800 1.00277
15900 1.00386
16000 1.00855
16100 1.01237
16200 1.00063
16300 1.01156
16400 1.02132
16500 1.0045
16600 1.00212
16700 1.00113
16800 1.02693
16900 1.00111
17000 1.00191
17100 1.01904
17200 1.00942
17300 1.01792
17400 1.00448
17500 1.01599
17600 1.08255
17700 1.00753
17800 1.01358
17900 1.02227
18000 1.00485
18100 1.01636
18200 1.00909
18300 1.00881
18400 1.00443
18500 1.00583
18600 1.01651
18700 1.01556
18800 1.01002
18900 1.00431
19000 1.002
19100 1.01063
19200 1.0008
19300 1.00489
19400 1.00428
19500 1.0085
19600 1.02012
19700 1.00996
19800 1.02629
19900 1.00173
20000 1.03122
20100 1.01477
20200 1.01429
20300 1.00326
20400 1.00499
20500 1.01331
20600 1.00511
20700 1.01439
20800 1.0045
20900 1.00042
21000 1.00767
21100 1.00247
21200 1.05221
21300 1.01818
21400 1.00089
21500 1.02516
21600 1.00156
21700 1.01164
21800 1.0091
21900 1.00536
22000 1.00328
22100 1.00176
22200 1.00947
22300 1.00038
22400 1.00309
22500 1.00476
22600 1.00302
22700 1.00952
22800 1.00748
22900 1.00446
23000 1.00812
23100 1.0026
23200 1.00256
23300 1.00469
23400 1.00072
23500 1.00439
23600 1.01697
23700 1.00106
23800 1.0307
23900 1.00094
24000 1.00883
24100 1.001
24200 1.00309
24300 1.00793
24400 1.03185
24500 1.00323
24600 1.00846
24700 1.00379
24800 1.0092
24900 1.01356
25000 1.01861
25100 1.02368
25200 1.00162
25300 1.00065
25400 1.00494
25500 1.00035
25600 1.00334
25700 1.00143
25800 1.0035
25900 1.01593
26000 1.00203
26100 1.00834
26200 1.00191
26300 1.00762
26400 1.00913
26500 1.00357
26600 1.00445
26700 1.00107
26800 1.00273
26900 1.00237
27000 1.01663
27100 1.00461
27200 1.00192
27300 1.00662
27400 1.00275
27500 1.00214
27600 1.00786
27700 1.0012
27800 1.02066
27900 1.00404
28000 1.00348
28100 1.00552
28200 1.00253
28300 1.00339
28400 1.0005
