0 0.021875001
100 0.35937503
200 0.41562498
300 0.46250004
400 0.41250002
500 0.490625
600 0.47812498
700 0.46250004
800 0.434375
900 0.46875003
1000 0.49687502
1100 0.43125
1200 0.47812504
1300 0.45624998
1400 0.52187496
1500 0.521875
1600 0.43125
1700 0.425
1800 0.5
1900 0.475
2000 0.5187501
2100 0.51875
2200 0.48437503
2300 0.56874996
2400 0.52500004
2500 0.42812502
2600 0.5125
2700 0.50624996
2800 0.528125
2900 0.540625
3000 0.49374998
3100 0.49374998
3200 0.49999997
3300 0.590625
3400 0.509375
3500 0.5125
3600 0.53125
3700 0.5
3800 0.49999997
3900 0.45625
4000 0.534375
4100 0.49062502
4200 0.55
4300 0.58125
4400 0.578125
4500 0.5125
4600 0.56874996
4700 0.54375
4800 0.584375
4900 0.553125
5000 0.62499994
5100 0.484375
5200 0.45
5300 0.50625
5400 0.521875
5500 0.59375
5600 0.546875
5700 0.503125
5800 0.49687502
5900 0.49374998
6000 0.503125
6100 0.5
6200 0.5
6300 0.528125
6400 0.515625
6500 0.5625
6600 0.5625
6700 0.5125
6800 0.503125
6900 0.565625
7000 0.49375
7100 0.521875
7200 0.54375005
7300 0.53749996
7400 0.540625
7500 0.50937504
7600 0.484375
7700 0.5375
7800 0.575
7900 0.54375
8000 0.58124995
8100 0.55625004
8200 0.56874996
8300 0.5625
8400 0.54375
8500 0.52812505
8600 0.553125
8700 0.53125
8800 0.51875
8900 0.503125
9000 0.5687501
9100 0.509375
9200 0.5125
9300 0.53125
9400 0.45937502
9500 0.53125
9600 0.6
9700 0.6
9800 0.54375005
9900 0.49687502
10000 0.49374998
10100 0.521875
10200 0.609375
10300 0.575
10400 0.515625
10500 0.509375
10600 0.54375
10700 0.484375
10800 0.60625
10900 0.5687501
11000 0.553125
11100 0.53125
11200 0.49375004
11300 0.50000006
11400 0.51875
11500 0.48125002
11600 0.540625
11700 0.50624996
11800 0.49687502
11900 0.534375
12000 0.53125
12100 0.52500004
12200 0.53749996
12300 0.57500005
12400 0.52187496
12500 0.45937496
12600 0.565625
12700 0.55
12800 0.52187496
12900 0.5
13000 0.496875
13100 0.528125
13200 0.578125
13300 0.52812505
13400 0.54375
13500 0.5375
13600 0.534375
13700 0.52500004
13800 0.49687505
13900 0.534375
14000 0.56874996
14100 0.5625
14200 0.47812498
14300 0.58124995
14400 0.534375
14500 0.4875
14600 0.54375
14700 0.54062504
14800 0.56875
14900 0.54375
15000 0.528125
15100 0.5500001
15200 0.596875
15300 0.57187504
15400 0.53125
15500 0.509375
15600 0.559375
15700 0.56875
15800 0.46875
15900 0.515625
16000 0.60312504
16100 0.55625004
16200 0.584375
16300 0.45937508
16400 0.54999995
16500 0.553125
16600 0.590625
16700 0.5375
16800 0.55312496
16900 0.49062502
17000 0.571875
17100 0.571875
17200 0.553125
17300 0.540625
17400 0.51875
17500 0.559375
17600 0.6062499
17700 0.55937505
17800 0.53125
17900 0.525
18000 0.584375
18100 0.503125
18200 0.571875
18300 0.5375001
18400 0.553125
18500 0.63125
18600 0.515625
18700 0.54062504
18800 0.5875
18900 0.59375
19000 0.58124995
19100 0.559375
19200 0.58437496
19300 0.565625
19400 0.54375005
19500 0.546875
19600 0.575
19700 0.56875
19800 0.6125
19900 0.621875
20000 0.54687506
20100 0.55937505
20200 0.534375
20300 0.60625005
20400 0.56875
20500 0.59375
20600 0.51875
20700 0.584375
20800 0.55937505
20900 0.5343751
21000 0.5875
21100 0.55625
21200 0.54062504
21300 0.528125
21400 0.575
21500 0.60312504
21600 0.521875
21700 0.603125
21800 0.5625
21900 0.578125
22000 0.53749996
22100 0.54375
22200 0.55937505
22300 0.540625
22400 0.540625
22500 0.56875
22600 0.6000001
22700 0.53125
22800 0.578125
22900 0.525
23000 0.49062502
23100 0.58125
23200 0.54999995
23300 0.55312496
23400 0.6125
23500 0.6125
23600 0.525
23700 0.56874996
23800 0.5718751
23900 0.575
24000 0.55625
24100 0.559375
24200 0.58125
24300 0.5875
24400 0.5125
24500 0.62812495
24600 0.559375
24700 0.559375
24800 0.5125
24900 0.54375
25000 0.58437496
25100 0.51875
25200 0.59062505
25300 0.6
25400 0.6000001
25500 0.54375
25600 0.61875
25700 0.53125
25800 0.55937505
25900 0.565625
26000 0.54999995
26100 0.57187504
26200 0.546875
26300 0.56875
26400 0.51562506
26500 0.55
26600 0.55625
26700 0.53749996
26800 0.590625
26900 0.56562495
27000 0.56562495
27100 0.640625
27200 0.59375
27300 0.61875004
27400 0.578125
27500 0.590625
27600 0.51875
27700 0.571875
27800 0.5968751
27900 0.578125
28000 0.5812501
28100 0.51875
28200 0.509375
28300 0.5968751
28400 0.50937504
28500 0.546875
28600 0.540625
28700 0.578125
28800 0.55937505
28900 0.4875
29000 0.578125
29100 0.57187504
29200 0.565625
29300 0.559375
29400 0.5875
29500 0.546875
29600 0.528125
29700 0.61875
29800 0.59062505
29900 0.57500005
30000 0.53125
30100 0.575
30200 0.52812505
30300 0.590625
30400 0.521875
30500 0.54375
30600 0.5375
30700 0.51250005
30800 0.49687505
30900 0.54062504
31000 0.509375
31100 0.559375
31200 0.53125
31300 0.540625
31400 0.571875
31500 0.621875
31600 0.53125
31700 0.61875
31800 0.553125
31900 0.553125
32000 0.553125
32100 0.553125
32200 0.52500004
32300 0.575
32400 0.57500005
32500 0.59375
32600 0.55
32700 0.50312495
32800 0.528125
32900 0.546875
33000 0.596875
33100 0.553125
33200 0.596875
33300 0.54375005
33400 0.559375
33500 0.534375
33600 0.5437499
33700 0.553125
33800 0.553125
33900 0.59062505
34000 0.5625
34100 0.59687495
34200 0.5875
34300 0.578125
34400 0.58125
34500 0.590625
34600 0.54999995
34700 0.58125
34800 0.56874996
34900 0.609375
35000 0.57500005
35100 0.62187505
35200 0.58437496
35300 0.5968751
35400 0.565625
35500 0.61875004
35600 0.575
35700 0.5625
35800 0.56562495
35900 0.54375
36000 0.56250006
36100 0.62500006
36200 0.553125
36300 0.578125
36400 0.56875
36500 0.61562496
36600 0.5375
36700 0.596875
36800 0.61875004
36900 0.59375
37000 0.60625
37100 0.55
37200 0.6687499
37300 0.55
37400 0.58125
37500 0.56562495
37600 0.59374994
37700 0.546875
37800 0.609375
37900 0.58125
38000 0.565625
38100 0.50624996
38200 0.559375
38300 0.565625
38400 0.578125
38500 0.53125
38600 0.50000006
38700 0.525
38800 0.51875
38900 0.50625
39000 0.5375
39100 0.6156251
39200 0.54062504
39300 0.49062502
39400 0.546875
39500 0.559375
39600 0.55625004
39700 0.60625
39800 0.540625
39900 0.559375
40000 0.5875
40100 0.51875
40200 0.55937505
40300 0.553125
40400 0.546875
40500 0.59375
40600 0.571875
40700 0.578125
40800 0.5125
40900 0.56875
