0 4.810172
100 3.1265085
200 2.8830574
300 2.522976
400 2.6564245
500 2.342902
600 2.3301172
700 2.5240533
800 2.5625913
900 2.5602949
1000 2.4031074
1100 2.7202678
1200 2.4614224
1300 2.673344
1400 2.3648937
1500 2.3278913
1600 2.4287732
1700 2.5733747
1800 2.3153267
1900 2.268831
2000 2.2167375
2100 2.2756114
2200 2.3731363
2300 2.066166
2400 2.1714509
2500 2.537587
2600 2.2893045
2700 2.244351
2800 2.3659937
2900 2.1234999
3000 2.306341
3100 2.3326674
3200 2.2374473
3300 1.8953284
3400 2.2558866
3500 2.3296907
3600 2.3414638
3700 2.25204
3800 2.3978024
3900 2.5202444
4000 2.238538
4100 2.2594993
4200 2.1331341
4300 1.9472103
4400 2.1264188
4500 2.2539794
4600 1.9736774
4700 2.1358218
4800 1.9298108
4900 2.0291977
5000 1.845435
5100 2.3039525
5200 2.5584812
5300 2.3796275
5400 2.1917298
5500 1.9460586
5600 2.1821263
5700 2.1109977
5800 2.3217905
5900 2.2932382
6000 2.3627307
6100 2.3553388
6200 2.3172324
6300 2.3125408
6400 2.312996
6500 2.1624022
6600 1.8411638
6700 2.235633
6800 2.3149002
6900 2.0545456
7000 2.3572626
7100 2.175262
7200 2.1068425
7300 2.3148954
7400 2.321804
7500 2.2626576
7600 2.5305376
7700 2.006831
7800 2.024045
7900 2.1962125
8000 2.066563
8100 2.1211565
8200 2.1442614
8300 2.208415
8400 2.088626
8500 2.3637278
8600 2.1514516
8700 2.1612866
8800 2.4870284
8900 2.2727082
9000 2.1750627
9100 2.1895754
9200 2.3014593
9300 2.2834961
9400 2.5837424
9500 2.138371
9600 2.0018353
9700 1.9343922
9800 2.121964
9900 2.3165343
10000 2.2526953
10100 2.231035
10200 1.9275459
10300 1.9115684
10400 2.1922562
10500 2.4760594
10600 2.172574
10700 2.3788111
10800 1.9355584
10900 2.0678601
11000 2.0732725
11100 2.169488
11200 2.264917
11300 2.4539356
11400 2.36072
11500 2.4109442
11600 2.1462352
11700 2.370147
11800 2.3527277
11900 2.2442234
12000 2.2110538
12100 2.1420298
12200 2.0642965
12300 2.1172338
12400 2.2325807
12500 2.3667352
12600 2.1788478
12700 1.9921564
12800 2.2225018
12900 2.374098
13000 2.3469336
13100 2.3135986
13200 1.9184862
13300 2.2699175
13400 2.2584383
13500 2.1584964
13600 2.148212
13700 2.2649202
13800 2.2616634
13900 2.2070434
14000 2.0123312
14100 2.1477454
14200 2.3932583
14300 2.0560167
14400 2.2087913
14500 2.4258797
14600 2.200575
14700 2.06917
14800 2.0227067
14900 2.1989763
15000 2.1754863
15100 2.1272547
15200 1.7748333
15300 2.0238795
15400 2.2145636
15500 2.40177
15600 2.0772696
15700 2.1163976
15800 2.5191677
15900 2.251849
16000 1.9679418
16100 2.0825224
16200 2.1809025
16300 2.6294556
16400 2.1064086
16500 2.0847142
16600 1.9346967
16700 2.2990136
16800 2.0946217
16900 2.2446604
17000 2.0977638
17100 2.0083823
17200 2.1250963
17300 2.1912909
17400 2.1328368
17500 1.8719339
17600 1.8294606
17700 2.0378072
17800 2.2594087
17900 2.233365
18000 2.106004
18100 2.301789
18200 2.0718389
18300 2.2602093
18400 2.1776838
18500 1.8628292
18600 2.1753747
18700 2.1883588
18800 1.9764656
18900 1.867497
19000 1.9520817
19100 2.112224
19200 2.0086462
19300 2.2077174
19400 2.0888088
19500 2.2114003
19600 1.9973413
19700 1.9418066
19800 1.8071404
19900 1.9142008
20000 2.2167668
20100 2.0204678
20200 2.1414528
20300 1.9067906
20400 1.9413
20500 2.0147018
20600 2.1944034
20700 1.8472997
20800 2.017399
20900 2.1387467
21000 1.9760954
21100 2.084842
21200 2.1704779
21300 2.1779063
21400 2.0546598
21500 1.8337162
21600 2.2321827
21700 1.8582344
21800 2.0304132
21900 2.0091138
22000 2.2532706
22100 2.0584283
22200 2.1175158
22300 2.0836172
22400 2.1323228
22500 1.9730532
22600 1.9986286
22700 2.1888072
22800 1.8697968
22900 2.2359123
23000 2.4247525
23100 1.9257255
23200 2.1695898
23300 2.1017337
23400 1.8751103
23500 1.786228
23600 2.1817007
23700 1.986322
23800 2.0898254
23900 1.9564111
24000 2.1646295
24100 2.1375697
24200 1.949384
24300 2.0204713
24400 2.3511355
24500 1.7622027
24600 2.1058462
24700 1.952837
24800 2.0838838
24900 2.1909876
25000 2.0093296
25100 2.0721276
25200 1.9561652
25300 1.8806093
25400 1.9493743
25500 2.1358294
25600 1.9826889
25700 2.2519317
25800 2.060393
25900 2.0024137
26000 2.1541343
26100 1.9896979
26200 2.0001667
26300 1.9899517
26400 2.091172
26500 2.0431373
26600 2.1138616
26700 2.1134603
26800 1.9210238
26900 2.145666
27000 2.1284797
27100 1.911502
27200 2.0081208
27300 1.919658
27400 2.1132216
27500 1.9607116
27600 2.2375045
27700 1.9330807
27800 2.085788
27900 2.0390193
28000 1.9349371
28100 2.1229503
28200 2.371967
28300 1.8786318
28400 2.504502
28500 2.0844948
28600 2.1366847
28700 1.9021817
28800 2.3221457
28900 2.4406703
29000 1.9505045
29100 2.1000664
29200 1.967628
29300 2.0582318
29400 1.8490074
29500 2.1449091
29600 2.2570562
29700 1.8148906
29800 2.0183878
29900 2.006218
30000 2.2161977
30100 1.8869895
30200 2.1139543
30300 1.9351093
30400 2.201709
30500 2.1064775
30600 2.0588186
30700 2.1329887
30800 2.4211414
30900 1.9313694
31000 2.2668633
31100 1.954675
31200 2.1971822
31300 2.1908472
31400 2.09419
31500 2.0348468
31600 2.0676892
31700 1.9177787
31800 2.1215484
31900 1.9847385
32000 2.1743515
32100 2.210546
32200 2.1839142
32300 1.9388785
32400 1.9807477
32500 1.8906112
32600 1.9765266
32700 2.3303425
32800 2.205743
32900 2.1055744
33000 1.8378314
33100 2.0892413
33200 1.790816
33300 2.114154
33400 2.0196722
33500 2.2217643
33600 2.0734496
33700 2.1860456
33800 1.9638159
33900 1.9767177
34000 2.0646915
34100 1.936718
34200 1.9141966
34300 1.9534619
34400 1.9437708
34500 1.9380599
34600 2.1818664
34700 2.0422454
34800 2.0438015
34900 1.923028
35000 2.0088694
35100 1.8537335
35200 1.8866389
35300 1.8236969
35400 2.0809355
35500 1.7837712
35600 1.8543084
35700 1.8917679
35800 2.0242558
35900 2.241222
36000 2.0760472
36100 1.8725423
36200 2.0527031
36300 2.0144503
36400 2.1104693
36500 1.8818364
36600 2.2583323
36700 1.8814518
36800 1.7688266
36900 1.819107
37000 1.8703048
37100 1.9962078
37200 1.6484795
37300 2.0467963
37400 1.9994351
37500 1.9801357
37600 1.909098
37700 2.161219
37800 1.7618253
37900 1.9511298
38000 2.0295627
38100 2.3433805
38200 2.1353393
38300 2.0153549
38400 2.0136392
38500 2.2547565
38600 2.2779322
38700 2.212191
38800 2.3023105
38900 2.208779
39000 2.0962977
39100 1.8289847
39200 2.2055857
39300 2.20985
39400 2.1904597
39500 2.144237
39600 2.116674
39700 1.8366884
39800 2.1424775
39900 2.0998309
40000 2.1103055
40100 2.3436582
40200 2.1043057
40300 2.074071
40400 2.1356678
40500 1.904706
40600 2.049002
40700 1.8651714
40800 2.2600725
40900 2.0607495
