0 3.3341572
100 2.1671305
200 1.9983832
300 1.7487937
400 1.8412931
500 1.6239759
600 1.6151142
700 1.7495404
800 1.776253
900 1.7746612
1000 1.6657071
1100 1.885546
1200 1.706128
1300 1.8530208
1400 1.6392194
1500 1.6135714
1600 1.6834973
1700 1.7837274
1800 1.6048621
1900 1.5726337
2000 1.5365254
2100 1.5773337
2200 1.6449327
2300 1.4321572
2400 1.505135
2500 1.7589211
2600 1.5868249
2700 1.5556655
2800 1.6399819
2900 1.471898
3000 1.5986338
3100 1.6168817
3200 1.5508802
3300 1.3137416
3400 1.5636613
3500 1.6148186
3600 1.622979
3700 1.5609951
3800 1.66203
3900 1.7469002
4000 1.5516363
4100 1.5661656
4200 1.478576
4300 1.3497033
4400 1.4739213
4500 1.5623394
4600 1.3680489
4700 1.480439
4800 1.3376429
4900 1.4065326
5000 1.2791581
5100 1.5969782
5200 1.7734041
5300 1.6494321
5400 1.5191914
5500 1.3489051
5600 1.5125346
5700 1.463232
5800 1.6093426
5900 1.5895516
6000 1.6377201
6100 1.6325965
6200 1.606183
6300 1.6029311
6400 1.6032466
6500 1.498863
6600 1.2761974
6700 1.5496227
6800 1.6045666
6900 1.4241025
7000 1.63393
7100 1.5077767
7200 1.460352
7300 1.6045632
7400 1.609352
7500 1.5683548
7600 1.754035
7700 1.3910292
7800 1.402961
7900 1.5222986
8000 1.4324322
8100 1.4702736
8200 1.4862888
8300 1.5307567
8400 1.4477252
8500 1.6384113
8600 1.4912726
8700 1.4980897
8800 1.7238767
8900 1.5753212
9000 1.5076386
9100 1.517698
9200 1.59525
9300 1.582799
9400 1.7909138
9500 1.4822057
9600 1.3875666
9700 1.3408185
9800 1.4708334
9900 1.6056992
10000 1.5614494
10100 1.5464356
10200 1.336073
10300 1.3249983
10400 1.5195562
10500 1.7162737
10600 1.5059135
10700 1.6488663
10800 1.3416269
10900 1.4333314
11000 1.4370829
11100 1.5037744
11200 1.5699208
11300 1.7009386
11400 1.6363263
11500 1.6711392
11600 1.487657
11700 1.6428608
11800 1.6307865
11900 1.5555772
12000 1.5325857
12100 1.4847419
12200 1.4308612
12300 1.4675547
12400 1.547507
12500 1.6404958
12600 1.5102621
12700 1.3808576
12800 1.5405209
12900 1.6455994
13000 1.6267705
13100 1.6036644
13200 1.3297933
13300 1.5733869
13400 1.5654302
13500 1.4961557
13600 1.489027
13700 1.569923
13800 1.5676657
13900 1.5298059
14000 1.3948418
14100 1.4887036
14200 1.6588804
14300 1.4251221
14400 1.5310174
14500 1.6814916
14600 1.5253224
14700 1.4342394
14800 1.4020334
14900 1.5242141
15000 1.5079322
15100 1.4745005
15200 1.2302207
15300 1.4028463
15400 1.5350184
15500 1.6647801
15600 1.4398535
15700 1.4669751
15800 1.746154
15900 1.5608628
16000 1.3640733
16100 1.4434946
16200 1.5116864
16300 1.8225998
16400 1.4600512
16500 1.4450138
16600 1.3410295
16700 1.5935547
16800 1.4518812
16900 1.5558801
17000 1.4540591
17100 1.3921046
17200 1.4730046
17300 1.518887
17400 1.4783698
17500 1.2975258
17600 1.2680855
17700 1.4125004
17800 1.5661027
17900 1.5480506
18000 1.4597707
18100 1.5954787
18200 1.4360893
18300 1.5666578
18400 1.5094554
18500 1.2912148
18600 1.5078549
18700 1.5168548
18800 1.3699815
18900 1.2944503
19000 1.3530799
19100 1.4640821
19200 1.3922875
19300 1.5302731
19400 1.4478519
19500 1.5328258
19600 1.3844515
19700 1.3459578
19800 1.2526143
19900 1.3268229
20000 1.5365458
20100 1.4004815
20200 1.484342
20300 1.3216865
20400 1.3456067
20500 1.3964849
20600 1.5210445
20700 1.2804506
20800 1.3983545
20900 1.4824663
21000 1.369725
21100 1.4451023
21200 1.5044607
21300 1.5096096
21400 1.4241817
21500 1.2710352
21600 1.5472312
21700 1.2880299
21800 1.4073751
21900 1.3926115
22000 1.5618482
22100 1.4267938
22200 1.4677502
22300 1.4442534
22400 1.4780135
22500 1.3676163
22600 1.3853438
22700 1.5171655
22800 1.2960443
22900 1.5498163
23000 1.6807103
23100 1.3348112
23200 1.5038451
23300 1.4568107
23400 1.2997274
23500 1.2381189
23600 1.5122397
23700 1.3768135
23800 1.4485567
23900 1.3560809
24000 1.5004067
24100 1.4816505
24200 1.35121
24300 1.4004841
24400 1.6296829
24500 1.2214658
24600 1.4596614
24700 1.3536035
24800 1.4444381
24900 1.5186769
25000 1.3927611
25100 1.4362894
25200 1.3559104
25300 1.303539
25400 1.3512033
25500 1.4804442
25600 1.3742952
25700 1.5609201
25800 1.4281557
25900 1.3879675
26000 1.4931321
26100 1.3791535
26200 1.3864099
26300 1.3793294
26400 1.44949
26500 1.4161949
26600 1.4652171
26700 1.464939
26800 1.3315523
26900 1.4872622
27000 1.4753497
27100 1.3249522
27200 1.3919233
27300 1.3306055
27400 1.4647737
27500 1.3590617
27600 1.5509199
27700 1.3399094
27800 1.4457581
27900 1.4133404
28000 1.3411962
28100 1.471517
28200 1.6441222
28300 1.3021684
28400 1.7359886
28500 1.4448617
28600 1.4810369
28700 1.3184919
28800 1.6095887
28900 1.6917437
29000 1.3519868
29100 1.4556551
29200 1.3638558
29300 1.4266577
29400 1.2816342
29500 1.4867377
29600 1.5644722
29700 1.2579863
29800 1.3990397
29900 1.3906043
30000 1.5361512
30100 1.3079615
30200 1.4652815
30300 1.3413155
30400 1.5261084
30500 1.460099
30600 1.4270643
30700 1.4784751
30800 1.6782074
30900 1.3387233
31000 1.57127
31100 1.3548775
31200 1.5229707
31300 1.5185796
31400 1.4515818
31500 1.4104483
31600 1.4332129
31700 1.3293029
31800 1.4705453
31900 1.3757159
32000 1.5071456
32100 1.5322337
32200 1.5137739
32300 1.3439282
32400 1.3729497
32500 1.3104718
32600 1.3700238
32700 1.6152704
32800 1.5289047
32900 1.4594729
33000 1.2738876
33100 1.4481517
33200 1.241299
33300 1.46542
33400 1.39993
33500 1.5400097
33600 1.4372058
33700 1.5152514
33800 1.3612134
33900 1.3701563
34000 1.4311352
34100 1.3424306
34200 1.32682
34300 1.3540366
34400 1.3473192
34500 1.3433608
34600 1.5123546
34700 1.4155766
34800 1.4166553
34900 1.3329414
35000 1.3924421
35100 1.2849102
35200 1.3077184
35300 1.2640903
35400 1.4423945
35500 1.236416
35600 1.2853086
35700 1.3112736
35800 1.4031072
35900 1.5534966
36000 1.4390062
36100 1.2979474
36200 1.4228255
36300 1.3963106
36400 1.4628658
36500 1.3043896
36600 1.5653566
36700 1.304123
36800 1.2260572
36900 1.260909
37000 1.2963965
37100 1.3836658
37200 1.1426389
37300 1.4187311
37400 1.3859028
37500 1.3725255
37600 1.3232859
37700 1.4980427
37800 1.2212043
37900 1.3524201
38000 1.4067857
38100 1.6243075
38200 1.4801044
38300 1.3969375
38400 1.3957484
38500 1.562878
38600 1.5789423
38700 1.5333741
38800 1.59584
38900 1.531009
39000 1.4530429
39100 1.2677556
39200 1.5287955
39300 1.5317513
39400 1.518311
39500 1.4862719
39600 1.4671665
39700 1.2730954
39800 1.4850522
39900 1.4554919
40000 1.4627523
40100 1.6245
40200 1.4585936
40300 1.4376364
40400 1.4803321
40500 1.3202416
40600 1.42026
40700 1.2928383
40800 1.5665629
40900 1.4284027
