0 26.466244
100 10.488365
200 8.699276
300 8.03759
400 7.5299406
500 7.191312
600 7.1515374
700 7.4259644
800 7.3963614
900 7.619623
1000 6.4900045
1100 7.386468
1200 7.5579753
1300 6.8615265
1400 7.204277
1500 6.6631784
1600 6.8937087
1700 7.1110773
1800 6.456301
1900 6.350869
2000 6.7135124
2100 6.859119
2200 6.2763805
2300 6.131313
2400 6.553499
2500 6.961517
2600 6.367879
2700 6.4585257
2800 6.5088034
2900 6.0039997
3000 6.4927487
3100 6.373623
3200 6.3246956
3300 6.139403
3400 6.683088
3500 6.561108
3600 5.963031
3700 6.1756535
3800 6.6726875
3900 6.6394825
4000 6.4530263
4100 6.504567
4200 6.113266
4300 6.157613
4400 6.0812607
4500 6.419014
4600 5.4423356
4700 5.9464555
4800 6.0457826
4900 6.058118
5000 5.9416227
5100 6.4958572
5200 6.540486
5300 6.465671
5400 6.0546765
5500 5.881507
5600 6.257384
5700 6.462092
5800 6.112568
5900 5.8822927
6000 6.8580365
6100 6.3966203
6200 6.40635
6300 5.9714146
6400 6.184843
6500 6.217226
6600 6.016569
6700 6.6624184
6800 6.5126657
6900 6.425636
7000 6.392815
7100 6.2947907
7200 6.2867413
7300 5.98798
7400 6.0234513
7500 6.051266
7600 6.770483
7700 6.0496893
7800 6.101248
7900 6.224267
8000 5.98336
8100 6.1424236
8200 6.3704257
8300 6.357539
8400 5.746252
8500 6.5078154
8600 6.2902594
8700 6.408714
8800 6.2786293
8900 6.144452
9000 6.6795993
9100 5.9129624
9200 5.977488
9300 6.450516
9400 6.2189507
9500 6.21948
9600 5.9277525
9700 6.041005
9800 5.844143
9900 6.443957
10000 6.416316
10100 6.114235
10200 6.1125884
10300 5.6604857
10400 6.454403
10500 6.7721524
10600 6.651271
10700 6.3211975
10800 5.6870213
10900 6.2031045
11000 6.003357
11100 6.358674
11200 6.337384
11300 6.1649733
11400 6.342941
11500 6.273797
11600 6.099039
11700 6.756946
11800 6.1608458
11900 5.8505363
12000 6.369828
12100 6.298426
12200 5.8485866
12300 6.1487436
12400 5.933111
12500 6.5726423
12600 6.033169
12700 5.57771
12800 6.1817527
12900 6.067354
13000 6.93893
13100 6.277238
13200 5.8579526
13300 6.517375
13400 6.335924
13500 6.3458776
13600 6.0913773
13700 6.214899
13800 6.1653767
13900 5.8117476
14000 5.9834375
14100 6.0634303
14200 6.7087355
14300 6.326172
14400 5.5772657
14500 6.5921297
14600 6.2718153
14700 6.0296345
14800 6.2555757
14900 6.4124107
15000 6.2458696
15100 5.472445
15200 5.8167696
15300 5.8957005
15400 6.6373434
15500 6.5677037
15600 5.8707743
15700 6.2071753
15800 6.797824
15900 6.625798
16000 5.986825
16100 6.012659
16200 6.111605
16300 7.20339
16400 6.0842648
16500 6.610133
16600 5.892293
16700 6.1520357
16800 6.643452
16900 6.988884
17000 6.0013914
17100 6.18003
17200 6.150522
17300 6.79165
17400 6.565901
17500 5.951217
17600 5.8653793
17700 6.224646
17800 6.3766775
17900 6.0536366
18000 5.9223485
18100 6.5057454
18200 6.133023
18300 6.5048265
18400 6.0610175
18500 5.938675
18600 6.113023
18700 6.0562515
18800 6.22449
18900 5.5432277
19000 6.0558863
19100 6.215669
19200 6.2177377
19300 6.3122106
19400 6.4963374
19500 6.5702124
19600 5.589539
19700 6.383012
19800 5.642875
19900 6.334313
20000 6.743949
20100 6.3397627
20200 6.2330503
20300 5.8651676
20400 6.0393205
20500 6.072589
20600 6.18871
20700 5.9708986
20800 6.080224
20900 6.313917
21000 6.208552
21100 5.899308
21200 6.22456
21300 6.236368
21400 6.0269337
21500 5.9176226
21600 6.652506
21700 5.6590204
21800 6.2902355
21900 5.774794
22000 6.3137245
22100 6.2437105
22200 6.4209485
22300 6.1734776
22400 6.3795257
22500 5.980931
22600 5.9231653
22700 6.192309
22800 5.9302382
22900 6.12457
23000 6.2129526
23100 6.1117496
23200 6.573989
23300 6.0185103
23400 5.6142015
23500 5.620013
23600 6.361704
23700 6.0382733
23800 5.81251
23900 6.112422
24000 6.4260745
24100 6.0365353
24200 6.2451715
24300 6.4874887
24400 6.036122
24500 5.966278
24600 5.974386
24700 5.9924498
24800 6.308611
24900 6.3870234
25000 5.8034606
25100 6.395077
25200 5.648876
25300 5.6904955
25400 5.778113
25500 6.2615247
25600 6.0479875
25700 6.194084
25800 6.226668
25900 6.399787
26000 6.395906
26100 6.251847
26200 5.8301773
26300 6.045398
26400 6.2789454
26500 6.0048976
26600 6.2223625
26700 6.301918
26800 6.175046
26900 6.0444756
27000 6.3058233
27100 6.0034595
27200 5.991131
27300 6.191619
27400 6.416786
27500 6.0556693
27600 6.628133
27700 5.981538
27800 5.8189745
27900 5.9949207
28000 6.2028704
28100 6.4424253
28200 6.586086
28300 5.9978733
28400 6.971553
28500 6.184038
28600 6.387168
28700 6.0170393
28800 6.7264733
28900 6.7435036
29000 5.9273033
29100 6.256818
29200 6.400842
29300 6.164797
29400 6.0038776
29500 6.133375
29600 5.9618974
29700 6.0259714
29800 6.234999
29900 6.264414
30000 6.386247
30100 6.009877
30200 5.9379725
30300 5.8662806
30400 6.2920866
30500 6.1695824
30600 6.4032726
30700 6.423026
30800 6.4738708
30900 5.9283695
31000 6.1757107
31100 6.052731
31200 6.416731
31300 6.4831777
31400 6.106369
31500 6.1923656
31600 5.953421
31700 5.7553625
31800 5.8117204
31900 6.516594
32000 6.3103685
32100 6.1390038
32200 6.251075
32300 5.659336
32400 6.1590424
32500 5.59162
32600 5.9666033
32700 6.4150558
32800 6.268899
32900 6.0284467
33000 5.884625
33100 6.472509
33200 5.823736
33300 5.6782618
33400 6.210612
33500 6.2141056
33600 6.303311
33700 6.481036
33800 5.782067
33900 5.658603
34000 5.8859777
34100 6.000713
34200 5.8308754
34300 5.931674
34400 5.69096
34500 5.8655024
34600 6.372475
34700 6.122922
34800 6.140492
34900 6.20909
35000 5.931045
35100 5.7669888
35200 5.926338
35300 5.7772603
35400 6.067523
35500 5.7194805
35600 6.0814257
35700 5.445896
35800 6.2562118
35900 5.6568403
36000 5.7754493
36100 6.040528
36200 5.8590055
36300 5.898698
36400 6.54542
36500 6.038903
36600 6.5927634
36700 5.7566385
36800 5.6101985
36900 5.9690604
37000 6.003186
37100 5.952696
37200 5.58835
37300 6.1662936
37400 5.912141
37500 6.344861
37600 6.077118
37700 5.9384108
37800 5.5570784
37900 5.8517423
38000 5.822144
38100 6.134368
38200 5.988901
38300 5.9538593
38400 5.9541836
38500 6.3790283
38600 6.275088
38700 6.3422594
38800 6.24512
38900 6.344467
39000 5.8537536
39100 5.572141
39200 6.3142056
39300 6.0831394
39400 6.02855
39500 5.8648825
39600 6.1170473
39700 5.874528
39800 5.942573
39900 6.3277593
40000 5.830398
40100 5.8169875
40200 5.975211
40300 6.463212
40400 6.3640985
40500 6.208507
40600 6.397914
40700 6.0286326
40800 6.3457146
40900 6.0088124
