0 9.164717
100 0.5653762
200 0.24724974
300 0.75777155
400 0.1930692
500 0.64647555
600 0.34677482
700 0.1402711
800 0.15927085
900 0.116555944
1000 0.32320067
1100 0.34963807
1200 0.29372707
1300 0.33759362
1400 0.08424542
1500 0.10275533
1600 0.3115136
1700 0.22198126
1800 0.04656614
1900 0.047825504
2000 0.17777528
2100 0.008771274
2200 0.06417712
2300 0.19775562
2400 0.25459024
2500 0.032746933
2600 0.21553652
2700 0.025049902
2800 0.026448717
2900 0.007436297
3000 0.034899563
3100 0.24716456
3200 0.035622336
3300 0.3720264
3400 0.009025126
3500 0.09866423
3600 0.05711043
3700 0.07524602
3800 0.024489712
3900 0.0066226074
4000 0.10543384
4100 0.0036852672
4200 0.009518327
4300 0.13542858
4400 0.022672186
4500 0.01327221
4600 0.041409206
4700 0.007870528
4800 0.055369057
4900 0.017335672
5000 0.09967331
5100 0.003489589
5200 0.021740876
5300 0.016512683
5400 0.02518259
5500 0.021102306
5600 0.07736752
5700 0.034539577
5800 0.02228923
5900 0.006998955
6000 0.012893826
6100 0.03978872
6200 0.009247825
6300 0.0065264506
6400 0.00070752285
6500 0.006345488
6600 0.009690057
6700 0.017660733
6800 0.034851555
6900 0.011882013
7000 0.0018849785
7100 0.005026976
7200 0.010404491
7300 0.030549608
7400 0.0064615575
7500 0.0055735186
7600 0.022661753
7700 0.014691902
7800 0.011485136
7900 0.007562425
8000 0.018069906
8100 0.009707765
8200 0.018011853
8300 0.014054049
8400 0.0009947027
8500 0.005249194
8600 0.037148923
8700 0.01694113
8800 0.009956015
8900 0.0056420574
9000 0.008625891
9100 0.022825882
9200 0.0026858028
9300 0.0013349872
9400 0.011993137
9500 0.0033629353
9600 0.010273012
9700 0.009753084
9800 0.009171895
9900 0.19815105
10000 0.021247825
10100 0.0047776476
10200 0.0052777696
10300 0.004846592
10400 0.012083806
10500 0.0004121366
10600 0.001759012
10700 0.003112428
10800 0.0052245636
10900 0.006353978
11000 0.0015484415
11100 0.0016528411
11200 0.009624062
11300 0.005794219
11400 0.02058053
11500 0.006237487
11600 0.0010441348
11700 0.0015091719
11800 0.0049986453
11900 0.020191327
12000 0.008461412
12100 0.0053169047
12200 0.003617117
12300 0.002648618
12400 0.010220152
12500 0.003972387
12600 0.0007702661
12700 0.0027380446
12800 0.0058825267
12900 0.0068741217
13000 0.0028761455
13100 0.007968434
13200 0.009624749
13300 0.00859033
13400 0.003220684
13500 0.044114254
13600 0.011087429
13700 0.005016276
13800 0.0028341196
13900 0.0037954105
14000 0.00366565
14100 0.0029014642
14200 0.0036967893
14300 0.0068609104
14400 0.0040966165
14500 0.0060571684
14600 0.001289167
14700 0.0017824174
14800 0.004637134
14900 0.0035435776
15000 0.0074003316
15100 0.0049156146
15200 0.0044111647
15300 0.0051476797
