0 6.3524976
100 0.39188892
200 0.17138046
300 0.5252472
400 0.13382538
500 0.4481027
600 0.24036598
700 0.09722851
800 0.11039814
900 0.08079042
1000 0.22402564
1100 0.24235065
1200 0.20359609
1300 0.23400207
1400 0.058394477
1500 0.07122457
1600 0.21592477
1700 0.15386568
1800 0.03227719
1900 0.033150114
2000 0.12322443
2100 0.006079784
2200 0.04448419
2300 0.13707376
2400 0.1764685
2500 0.022698443
2600 0.14939854
2700 0.017363269
2800 0.018332854
2900 0.005154448
3000 0.024190534
3100 0.17132142
3200 0.024691522
3300 0.25786906
3400 0.0062557403
3500 0.068388835
3600 0.039585933
3700 0.052156568
3800 0.016974974
3900 0.0045904415
4000 0.073081166
4100 0.0025544325
4200 0.006597602
4300 0.093871936
4400 0.015715161
4500 0.009199595
4600 0.028702674
4700 0.0054554343
4800 0.038378906
4900 0.012016172
5000 0.06908827
5100 0.0024187989
5200 0.015069627
5300 0.01144572
5400 0.01745524
5500 0.014627003
5600 0.05362708
5700 0.02394101
5800 0.015449717
5900 0.004851306
6000 0.008937319
6100 0.027579438
6200 0.0064101033
6300 0.004523791
6400 0.0004904175
6500 0.004398357
6600 0.006716635
6700 0.012241487
6800 0.024157256
6900 0.008235984
7000 0.0013065676
7100 0.0034844344
7200 0.0072118435
7300 0.021175375
7400 0.0044788104
7500 0.0038632688
7600 0.01570793
7700 0.010183651
7800 0.0079608895
7900 0.0052418737
8000 0.012525104
8100 0.0067289094
8200 0.012484865
8300 0.009741524
8400 0.00068947533
8500 0.003638464
8600 0.02574967
8700 0.011742696
8800 0.006900984
8900 0.003910776
9000 0.005979012
9100 0.015821695
9200 0.0018616566
9300 0.0009253426
9400 0.0083130095
9500 0.0023310091
9600 0.0071207094
9700 0.0067603225
9800 0.0063574733
9900 0.13734785
10000 0.01472787
10100 0.0033116129
10200 0.0036582712
10300 0.0033594016
10400 0.008375856
10500 0.00028567133
10600 0.0012192542
10700 0.0021573706
10800 0.0036213917
10900 0.004404242
11000 0.0010732978
11100 0.0011456622
11200 0.006670892
11300 0.0040162466
11400 0.014265336
11500 0.0043234965
11600 0.00072373915
11700 0.0010460783
11800 0.003464797
11900 0.013995562
12000 0.005865004
12100 0.0036853976
12200 0.0025071944
12300 0.0018358822
12400 0.00708407
12500 0.0027534487
12600 0.0005339078
12700 0.0018978679
12800 0.004077457
12900 0.004764778
13000 0.0019935921
13100 0.005523298
13200 0.006671368
13300 0.0059543634
13400 0.002232408
13500 0.03057767
13600 0.0076852203
13700 0.0034770176
13800 0.001964462
13900 0.0026307781
14000 0.002540835
14100 0.0020111417
14200 0.002562419
14300 0.004755621
14400 0.0028395583
14500 0.0041985093
14600 0.0008935825
14700 0.0012354776
14800 0.0032142163
14900 0.0024562208
15000 0.005129519
15100 0.0034072446
15200 0.0030575865
15300 0.0035680998
