0 0.0625
100 0.28125
200 0.3125
300 0.34375
400 0.4375
500 0.40625
600 0.40625
700 0.4375
800 0.375
900 0.5625
1000 0.5
1100 0.4375
1200 0.625
1300 0.46875
1400 0.375
1500 0.4375
1600 0.5625
1700 0.34375
1800 0.65625
1900 0.5625
2000 0.3125
2100 0.5625
2200 0.375
2300 0.5
2400 0.46875
2500 0.5
2600 0.5625
2700 0.65625
2800 0.46875
2900 0.53125
3000 0.59375
3100 0.59375
3200 0.34375
3300 0.625
3400 0.40625
3500 0.40625
3600 0.53125
3700 0.59375
3800 0.5625
3900 0.65625
4000 0.59375
4100 0.46875
4200 0.46875
4300 0.53125
4400 0.46875
4500 0.5
4600 0.59375
4700 0.53125
4800 0.59375
4900 0.4375
5000 0.46875
5100 0.46875
5200 0.53125
5300 0.46875
5400 0.625
5500 0.5625
5600 0.6875
5700 0.5625
5800 0.65625
5900 0.6875
6000 0.46875
6100 0.5
6200 0.5
6300 0.5
6400 0.59375
6500 0.75
6600 0.625
6700 0.75
6800 0.6875
6900 0.53125
7000 0.5
7100 0.5625
7200 0.65625
7300 0.53125
7400 0.40625
7500 0.65625
7600 0.5625
7700 0.6875
7800 0.59375
7900 0.46875
8000 0.59375
8100 0.65625
8200 0.53125
8300 0.71875
8400 0.5625
8500 0.65625
8600 0.78125
8700 0.53125
8800 0.46875
8900 0.59375
9000 0.5625
9100 0.5
9200 0.78125
9300 0.65625
9400 0.5625
9500 0.5625
9600 0.5625
9700 0.5625
9800 0.71875
9900 0.5
10000 0.75
10100 0.625
10200 0.625
10300 0.5
10400 0.8125
10500 0.5
10600 0.6875
10700 0.4375
10800 0.5625
10900 0.78125
11000 0.59375
11100 0.65625
11200 0.65625
11300 0.71875
11400 0.53125
11500 0.59375
11600 0.625
11700 0.65625
11800 0.6875
11900 0.75
12000 0.75
12100 0.6875
12200 0.6875
12300 0.71875
12400 0.59375
12500 0.59375
12600 0.5625
12700 0.59375
12800 0.8125
12900 0.65625
13000 0.65625
13100 0.78125
13200 0.78125
13300 0.53125
13400 0.59375
13500 0.71875
13600 0.78125
13700 0.78125
13800 0.65625
13900 0.6875
14000 0.71875
14100 0.875
14200 0.8125
14300 0.78125
14400 0.6875
14500 0.78125
14600 0.65625
14700 0.625
14800 0.75
14900 0.78125
15000 0.625
15100 0.75
15200 0.625
15300 0.6875
15400 0.65625
15500 0.625
15600 0.65625
15700 0.78125
15800 0.75
15900 0.78125
16000 0.75
16100 0.625
16200 0.65625
16300 0.59375
16400 0.75
16500 0.5625
16600 0.6875
16700 0.6875
16800 0.78125
16900 0.71875
17000 0.75
17100 0.75
17200 0.6875
17300 0.71875
17400 0.65625
17500 0.75
17600 0.625
17700 0.5625
17800 0.75
17900 0.5625
18000 0.75
18100 0.78125
18200 0.625
18300 0.78125
18400 0.71875
18500 0.78125
18600 0.8125
18700 0.71875
18800 0.6875
18900 0.65625
19000 0.75
19100 0.75
19200 0.75
19300 0.71875
19400 0.6875
19500 0.75
19600 0.65625
19700 0.90625
19800 0.8125
19900 0.71875
20000 0.8125
20100 0.78125
20200 0.71875
20300 0.6875
20400 0.78125
20500 0.78125
20600 0.875
20700 0.71875
20800 0.8125
20900 0.6875
21000 0.8125
21100 0.53125
21200 0.625
21300 0.71875
21400 0.78125
21500 0.71875
21600 0.71875
21700 0.75
21800 0.65625
21900 0.65625
22000 0.78125
22100 0.8125
22200 0.6875
22300 0.65625
22400 0.84375
22500 0.59375
22600 0.65625
22700 0.84375
22800 0.71875
22900 0.75
23000 0.65625
23100 0.6875
23200 0.84375
23300 0.8125
23400 0.78125
23500 0.90625
23600 0.84375
23700 0.6875
23800 0.84375
23900 0.8125
24000 0.8125
24100 0.84375
24200 0.84375
24300 0.78125
24400 0.75
24500 0.625
24600 0.84375
24700 0.65625
24800 0.75
24900 0.8125
25000 0.71875
25100 0.6875
25200 0.8125
25300 0.6875
25400 0.875
25500 0.625
25600 0.78125
25700 0.59375
25800 0.625
25900 0.8125
