0 3.3246052
100 3.2183013
200 2.4149308
300 2.4881408
400 2.458779
500 2.7956498
600 2.2403448
700 2.4613526
800 2.3215344
900 2.2081518
1000 1.9329793
1100 2.1051924
1200 2.0971768
1300 2.069811
1400 2.0989525
1500 2.2593722
1600 2.0623777
1700 2.6297998
1800 1.8370761
1900 1.8815502
2000 2.6505086
2100 2.3516681
2200 2.2429242
2300 1.8390415
2400 2.1733975
2500 1.8307137
2600 1.9644288
2700 1.540822
2800 2.3069491
2900 1.9643759
3000 2.0085113
3100 1.8457406
3200 2.4456484
3300 1.6873384
3400 2.0288467
3500 1.9268775
3600 1.7452629
3700 1.6273805
3800 2.0242314
3900 1.5940492
4000 1.7073504
4100 2.2399037
4200 1.9347003
4300 2.110713
4400 2.1518352
4500 2.141355
4600 1.7073765
4700 1.9383761
4800 1.7768599
4900 2.1457555
5000 1.9092381
5100 2.0968711
5200 1.9791051
5300 1.8401669
5400 1.9970425
5500 2.1006782
5600 1.362525
5700 1.9790263
5800 1.562332
5900 1.8539377
6000 2.261151
6100 1.866457
6200 2.018417
6300 2.1122913
6400 1.5953234
6500 1.2053155
6600 1.7738187
6700 1.2879713
6800 1.3106892
6900 1.5611838
7000 1.8503785
7100 2.0222027
7200 1.386633
7300 1.4718943
7400 2.0880103
7500 1.6852787
7600 1.4417307
7700 1.5804473
7800 1.6075567
7900 2.0204084
8000 1.5342544
8100 1.3092461
8200 1.6047618
8300 1.1719322
8400 1.7863969
8500 1.3273991
8600 1.1562895
8700 1.7524245
8800 2.319068
8900 1.5237498
9000 1.6483345
9100 1.8854705
9200 1.2638227
9300 1.6075743
9400 1.5840238
9500 1.6422565
9600 1.5722843
9700 1.7232407
9800 1.6352323
9900 1.4612846
10000 1.2378919
10100 1.3686613
10200 1.5941144
10300 2.3451653
10400 1.3198738
10500 1.9343666
10600 1.2564743
10700 1.7917775
10800 1.6768147
10900 1.1922932
11000 1.4110982
11100 1.2725569
11200 1.4828819
11300 1.542985
11400 1.6625783
11500 1.6754907
11600 1.6896188
11700 1.3438598
11800 1.2194853
11900 1.5707158
12000 1.1354042
12100 1.3834984
12200 1.6470397
12300 1.2569069
12400 1.4605612
12500 1.2521226
12600 1.8729836
12700 1.6387377
12800 1.045371
12900 1.4970921
13000 1.498363
13100 1.0572405
13200 1.1845855
13300 1.9009925
13400 1.555291
13500 1.5974109
13600 1.3323414
13700 1.2033885
13800 1.5258121
13900 1.2799578
14000 1.200975
14100 0.9386048
14200 1.1219087
14300 1.3189889
14400 1.4133443
14500 1.0269612
14600 1.4516443
14700 1.4123948
14800 1.1344723
14900 1.0056249
15000 1.3591704
15100 1.3888825
15200 1.602852
15300 1.2049973
15400 1.3700553
15500 1.2619969
15600 1.1543236
15700 0.96986246
15800 1.1053188
15900 0.9315358
16000 1.1744843
16100 1.5275267
16200 1.2611471
16300 1.6801624
16400 1.2709901
16500 1.7269638
16600 1.2961085
16700 1.2732431
16800 1.2351252
16900 1.0612869
17000 1.1623647
17100 1.0809917
17200 1.0361942
17300 1.3949009
17400 1.2620975
17500 1.4030355
17600 1.5273198
17700 1.5962116
17800 1.0228283
17900 1.4954036
18000 1.2329425
18100 0.9776137
18200 1.2132931
18300 0.9828719
18400 1.2107154
18500 0.8581739
18600 1.1096004
18700 1.1149621
18800 1.1963204
18900 1.2486386
19000 1.2576361
19100 1.0597273
19200 1.1150936
19300 1.4679258
19400 1.2642566
19500 1.0432084
19600 1.3704829
19700 0.8351918
19800 1.1277161
19900 0.9942352
20000 1.0828174
20100 1.0821892
20200 1.1498393
20300 1.2604145
20400 0.90377486
20500 1.0571154
20600 0.8365243
20700 1.2004892
20800 1.0022838
20900 1.373908
21000 1.0114999
21100 1.5879626
21200 1.2045479
21300 1.0887096
21400 1.0702915
21500 1.0762147
21600 1.317016
21700 0.9838231
21800 1.2977816
21900 1.243631
22000 0.99231625
22100 1.1446173
22200 1.1500767
22300 1.5772396
22400 1.227531
22500 1.5266616
22600 1.4503669
22700 0.97416013
22800 1.03937
22900 0.9883659
23000 1.4835808
23100 1.1374232
23200 0.9825916
23300 1.0577257
23400 1.0731703
23500 0.93553454
23600 1.1402406
23700 1.0330489
23800 0.9294665
23900 1.1006463
24000 1.0639704
24100 1.1389247
24200 0.8934377
24300 1.0496945
24400 0.98408574
24500 1.3453655
24600 0.77241105
24700 1.3028536
24800 0.9452619
24900 0.9153104
25000 1.2683603
25100 1.1988221
25200 0.76535565
25300 1.2903378
25400 0.8284072
25500 1.3982887
25600 0.9528145
25700 1.2429283
25800 1.2565367
25900 1.1605928
