0 2.3044407
100 2.2307565
200 1.6739025
300 1.7246478
400 1.7042959
500 1.9377968
600 1.5528886
700 1.7060796
800 1.609165
900 1.5305742
1000 1.3398392
1100 1.4592081
1200 1.4536521
1300 1.4346838
1400 1.4548831
1500 1.5660775
1600 1.4295312
1700 1.8228383
1800 1.2733641
1900 1.3041912
2000 1.8371925
2100 1.6300521
2200 1.5546767
2300 1.2747264
2400 1.5064844
2500 1.268954
2600 1.3616383
2700 1.0680164
2800 1.5990553
2900 1.3616016
3000 1.3921939
3100 1.2793698
3200 1.6951944
3300 1.1695738
3400 1.4062893
3500 1.3356097
3600 1.2097241
3700 1.1280142
3800 1.4030902
3900 1.1049107
4000 1.1834451
4100 1.552583
4200 1.341032
4300 1.4630347
4400 1.4915385
4500 1.4842741
4600 1.1834632
4700 1.3435799
4800 1.2316254
4900 1.4873245
5000 1.323383
5100 1.4534403
5200 1.3718112
5300 1.2755065
5400 1.3842444
5500 1.4560792
5600 0.94443035
5700 1.3717566
5800 1.082926
5900 1.2850517
6000 1.5673106
6100 1.2937294
6200 1.39906
6300 1.4641289
6400 1.105794
6500 0.835461
6600 1.2295175
6700 0.89275366
6800 0.90850055
6900 1.0821302
7000 1.2825847
7100 1.401684
7200 0.9611408
7300 1.0202394
7400 1.4472984
7500 1.1681461
7600 0.9993316
7700 1.0954826
7800 1.1142734
7900 1.4004403
8000 1.0634642
8100 0.9075002
8200 1.1123362
8300 0.8123215
8400 1.238236
8500 0.920083
8600 0.80147874
8700 1.2146881
8800 1.6074555
8900 1.0561829
9000 1.1425384
9100 1.3069086
9200 0.8760151
9300 1.1142856
9400 1.0979617
9500 1.1383255
9600 1.0898244
9700 1.1944594
9800 1.1334567
9900 1.0128853
10000 0.8580413
10100 0.9486837
10200 1.1049559
10300 1.6255447
10400 0.9148668
10500 1.3408008
10600 0.87092155
10700 1.2419655
10800 1.1622794
10900 0.8264347
11000 0.9780988
11100 0.88206923
11200 1.0278554
11300 1.0695157
11400 1.1524115
11500 1.1613617
11600 1.1711545
11700 0.9314926
11800 0.8452828
11900 1.0887372
12000 0.7870022
12100 0.95896804
12200 1.1416409
12300 0.8712215
12400 1.0123838
12500 0.86790526
12600 1.2982533
12700 1.1358864
12800 0.724596
12900 1.0377052
13000 1.0385861
13100 0.73282325
13200 0.82109207
13300 1.3176676
13400 1.0780456
13500 1.1072409
13600 0.9235087
13700 0.8341253
13800 1.0576124
13900 0.88719916
14000 0.8324524
14100 0.65059125
14200 0.7776478
14300 0.9142535
14400 0.97965556
14500 0.71183527
14600 1.0062032
14700 0.97899747
14800 0.7863563
14900 0.69704604
15000 0.9421052
15100 0.9627
15200 1.1110123
15300 0.8352405
15400 0.94965
15500 0.87474954
15600 0.8001161
15700 0.6722574
15800 0.76614857
15900 0.6456914
16000 0.8140905
16100 1.0588008
16200 0.8741606
16300 1.1645999
16400 0.88098323
16500 1.1970401
16600 0.8983939
16700 0.8825449
16800 0.85612357
16900 0.735628
17000 0.8056899
17100 0.7492864
17200 0.71823514
17300 0.9668716
17400 0.87481934
17500 0.97251016
17600 1.0586574
17700 1.1064095
17800 0.70897055
17900 1.0365348
18000 0.85461056
18100 0.6776302
18200 0.84099066
18300 0.6812749
18400 0.83920395
18500 0.5948408
18600 0.7691164
18700 0.7728329
18800 0.82922614
18900 0.8654903
19000 0.8717269
19100 0.734547
19200 0.77292395
19300 1.0174886
19400 0.8763159
19500 0.72309697
19600 0.9499464
19700 0.5789108
19800 0.7816732
19900 0.68915135
20000 0.7505519
20100 0.7501164
20200 0.79700786
20300 0.87365276
20400 0.626449
20500 0.7327366
20600 0.57983446
20700 0.83211565
20800 0.69473016
20900 0.95232046
21000 0.7011183
21100 1.1006918
21200 0.834929
21300 0.754636
21400 0.74186957
21500 0.74597514
21600 0.9128859
21700 0.68193424
21800 0.89955366
21900 0.8620193
22000 0.6878212
22100 0.79338825
22200 0.7971724
22300 1.0932592
22400 0.85085964
22500 1.0582012
22600 1.0053177
22700 0.67523634
22800 0.72043633
22900 0.68508303
23000 1.0283399
23100 0.78840166
23200 0.68108064
23300 0.73315954
23400 0.743865
23500 0.64846313
23600 0.7903545
23700 0.7160549
23800 0.64425707
23900 0.7629099
24000 0.7374881
24100 0.7894425
24200 0.6192838
24300 0.7275928
24400 0.68211627
24500 0.93253636
24600 0.53539455
24700 0.90306926
24800 0.6552056
24900 0.63444483
25000 0.87916034
25100 0.83096015
25200 0.5305041
25300 0.89439404
25400 0.57420814
25500 0.9692199
25600 0.6604407
25700 0.8615322
25800 0.8709649
25900 0.8044616
