0 9.996445
100 8.552462
200 6.612282
300 6.3553066
400 6.100412
500 6.1111097
600 5.4413257
700 5.202324
800 6.252082
900 5.2285585
1000 5.2658873
1100 5.420003
1200 5.547061
1300 5.139778
1400 5.3391476
1500 5.3664246
1600 4.889881
1700 5.3914633
1800 4.1138005
1900 5.0223017
2000 4.705875
2100 5.1974707
2200 4.882946
2300 4.8580675
2400 4.7869444
2500 4.9105134
2600 4.475731
2700 4.244532
2800 4.504706
2900 5.0713096
3000 4.1427135
3100 5.0246973
3200 4.621683
3300 4.0810046
3400 4.4275293
3500 3.9287944
3600 4.077258
3700 4.014515
3800 4.757044
3900 4.2928004
4000 4.260707
4100 4.3268332
4200 4.3538513
4300 3.8631644
4400 4.303466
4500 4.616156
4600 4.464365
4700 4.2903795
4800 4.491992
4900 4.3559766
5000 4.440567
5100 3.994861
5200 3.9953136
5300 4.221475
5400 4.7012463
5500 4.0492573
5600 4.285482
5700 3.6668332
5800 4.0975432
5900 3.8496418
6000 4.380109
6100 3.7532554
6200 3.8288121
6300 4.168124
6400 3.5046022
6500 3.8382616
6600 3.9353075
6700 3.4630136
6800 4.042672
6900 4.1472425
7000 3.6816735
7100 3.4874673
7200 3.5566602
7300 3.6453524
7400 4.855685
7500 4.2708874
7600 3.607315
7700 3.9974084
7800 3.7256167
7900 3.9750743
8000 3.845375
8100 3.7047272
8200 3.7136867
8300 3.4479356
8400 3.7892463
8500 3.6355357
8600 3.5239592
8700 3.7228966
8800 3.9418218
8900 3.84727
9000 3.9884768
9100 4.160554
9200 3.1680381
9300 3.7128134
9400 4.0587454
9500 4.5047917
9600 3.6057649
9700 4.2927027
9800 3.848218
9900 3.7462246
10000 3.7392807
10100 3.1122022
10200 3.5583909
10300 4.1607356
10400 3.6668348
10500 3.4125214
10600 3.153619
10700 4.110171
10800 3.6619897
10900 2.7755988
11000 3.6323283
11100 3.2562125
11200 3.909723
11300 3.2325027
11400 3.4120727
11500 3.5268416
11600 3.3590493
11700 3.3601913
11800 3.3512955
11900 3.0771222
12000 2.907271
12100 3.5475929
12200 3.5134325
12300 3.219995
12400 3.174432
12500 3.0556908
12600 3.7266688
12700 3.6153605
12800 3.573122
12900 3.3072257
13000 3.2860548
13100 3.2108133
13200 2.9078288
13300 3.3443534
13400 2.963295
13500 3.7375646
13600 3.1312647
13700 3.3322341
13800 3.5813208
13900 3.5186276
14000 3.0860043
14100 3.3161185
14200 3.182108
14300 3.4412913
14400 2.9335616
14500 3.2103066
14600 3.3818183
14700 3.3277543
14800 3.606849
14900 2.9372642
15000 3.5870085
15100 3.3638773
15200 3.458527
15300 3.4232564
15400 3.577514
15500 3.03438
15600 2.7567627
15700 3.015618
15800 3.2573829
15900 2.983526
16000 3.102047
16100 3.546113
16200 3.134124
16300 3.6329703
16400 3.0686345
16500 3.790153
16600 2.9762635
16700 2.8170803
16800 3.2381065
16900 3.2223663
17000 3.5441804
17100 3.009976
17200 2.8213263
17300 3.626576
17400 2.64741
17500 3.178874
17600 3.3952308
17700 3.5301356
17800 2.9849005
17900 3.3370895
18000 3.4017425
18100 3.0648756
18200 3.1715436
18300 2.73202
18400 3.3879948
18500 3.051121
18600 3.05891
18700 3.1732132
18800 3.0914664
18900 3.3396304
19000 2.9924884
19100 3.3530445
19200 3.1953638
19300 3.039407
19400 2.9774237
19500 3.3441415
19600 3.4227302
19700 2.9327807
19800 3.0505526
19900 2.908535
20000 3.227007
20100 2.7343156
20200 3.132265
20300 3.4766903
20400 2.9753177
20500 2.7245324
20600 2.602449
20700 3.2021987
20800 2.9575877
20900 2.997506
21000 3.1017337
21100 3.2601323
21200 3.367653
21300 3.2359936
21400 2.9697006
21500 3.0308194
21600 3.1874437
21700 2.8747025
21800 2.8949776
21900 3.2879946
22000 2.8455076
22100 2.9659834
22200 2.661621
22300 4.0467052
22400 3.0613732
22500 3.4778986
22600 3.7560859
22700 3.3127983
22800 3.0092225
22900 2.7085466
23000 3.1988647
23100 3.2901025
23200 3.3134987
23300 2.8440745
23400 3.1567564
23500 3.317211
23600 3.2461991
23700 3.1577868
23800 2.7383196
23900 3.261881
24000 3.0155864
24100 3.2760248
24200 3.0887308
24300 3.1286497
24400 3.0823848
24500 3.459904
24600 2.6206417
24700 3.0665672
24800 3.227759
24900 2.9883041
25000 3.0663543
25100 3.0499635
25200 2.6536918
25300 3.2231398
25400 2.7822711
25500 3.0670767
25600 3.2396638
25700 3.6466775
25800 2.8821673
25900 2.7771258
