0 0.0
100 0.875
200 0.78125
300 0.96875
400 0.96875
500 0.90625
600 0.9375
700 1.0
800 0.96875
900 0.96875
1000 0.9375
1100 0.96875
1200 1.0
1300 1.0
1400 0.90625
1500 1.0
1600 0.96875
1700 1.0
1800 1.0
1900 1.0
2000 0.96875
2100 1.0
2200 0.96875
2300 0.9375
2400 1.0
2500 0.96875
2600 1.0
2700 0.96875
2800 1.0
2900 0.96875
3000 0.96875
3100 1.0
3200 1.0
3300 1.0
3400 1.0
3500 1.0
3600 1.0
3700 1.0
3800 1.0
3900 0.96875
4000 0.96875
4100 0.96875
4200 1.0
4300 1.0
4400 1.0
4500 1.0
4600 0.96875
4700 1.0
4800 0.96875
4900 1.0
5000 1.0
5100 1.0
5200 1.0
5300 0.96875
5400 1.0
5500 1.0
5600 1.0
5700 1.0
5800 1.0
5900 1.0
6000 0.96875
6100 0.96875
6200 1.0
6300 1.0
6400 1.0
6500 1.0
6600 1.0
6700 1.0
6800 0.96875
6900 1.0
7000 1.0
7100 1.0
7200 0.96875
7300 1.0
7400 1.0
7500 1.0
7600 1.0
7700 1.0
7800 0.96875
7900 1.0
8000 1.0
8100 1.0
8200 1.0
8300 1.0
8400 1.0
8500 0.96875
8600 1.0
8700 1.0
8800 1.0
8900 1.0
9000 1.0
9100 1.0
9200 1.0
9300 0.96875
9400 1.0
9500 1.0
9600 1.0
9700 1.0
9800 1.0
9900 1.0
10000 1.0
10100 1.0
10200 1.0
10300 1.0
10400 1.0
10500 1.0
10600 1.0
10700 1.0
10800 1.0
10900 1.0
11000 1.0
11100 1.0
11200 1.0
11300 1.0
11400 1.0
11500 1.0
11600 1.0
11700 1.0
11800 1.0
11900 1.0
12000 1.0
12100 1.0
12200 1.0
12300 1.0
12400 1.0
12500 1.0
12600 1.0
12700 0.96875
12800 1.0
12900 1.0
13000 1.0
13100 1.0
13200 1.0
13300 1.0
13400 1.0
13500 1.0
13600 1.0
13700 1.0
13800 1.0
13900 1.0
14000 1.0
14100 1.0
14200 1.0
14300 1.0
14400 1.0
14500 1.0
14600 1.0
14700 1.0
14800 1.0
14900 1.0
15000 1.0
