0 4.9376235
100 0.59495443
200 1.0724455
300 0.14821535
400 0.07739037
500 0.3191357
600 0.3652422
700 0.07914457
800 0.11164873
900 0.12202545
1000 0.25624272
1100 0.09388758
1200 0.08869756
1300 0.09773484
1400 0.26833856
1500 0.01938435
1600 0.060882714
1700 0.07303491
1800 0.035870012
1900 0.014484704
2000 0.12507269
2100 0.0453835
2200 0.09220983
2300 0.37171134
2400 0.044427436
2500 0.09140565
2600 0.04137618
2700 0.19571622
2800 0.023804376
2900 0.16738169
3000 0.10585285
3100 0.0062079215
3200 0.0075925845
3300 0.032127112
3400 0.033305917
3500 0.03774064
3600 0.0042312033
3700 0.03782453
3800 0.0144988
3900 0.1064033
4000 0.05060784
4100 0.07216138
4200 0.0406805
4300 0.002148214
4400 0.012457272
4500 0.03879691
4600 0.07095196
4700 0.0010284793
4800 0.08797388
4900 0.008830416
5000 0.017657373
5100 0.0066936156
5200 0.021127123
5300 0.15644671
5400 0.016236259
5500 0.020348627
5600 0.018456604
5700 0.0036899298
5800 0.03152515
5900 0.019008916
6000 0.09591258
6100 0.1842233
6200 0.0144250505
6300 0.057533823
6400 0.013280187
6500 0.004795913
6600 0.0035358507
6700 0.0031551486
6800 0.18551934
6900 0.012154876
7000 0.014733409
7100 0.0037248358
7200 0.12422079
7300 0.018460209
7400 0.019577026
7500 0.00579576
7600 0.0031226964
7700 0.008865364
7800 0.082324535
7900 0.02711215
8000 0.0038203862
8100 0.008896621
8200 0.0016871105
8300 0.010112227
8400 0.0042577907
8500 0.043323107
8600 0.009183363
8700 0.0027489518
8800 0.0018257481
8900 0.004220863
9000 0.0031357072
9100 0.0045333165
9200 0.0024978435
9300 0.08361227
9400 0.0013411432
9500 0.002224034
9600 0.0127799865
9700 0.006770343
9800 0.008438195
9900 0.0022631318
10000 0.0020096854
10100 0.02029613
10200 0.058770265
10300 0.0022259858
10400 0.001908948
10500 0.0047722957
10600 0.003254341
10700 0.0040002763
10800 0.005773399
10900 0.008486817
11000 0.0017187963
11100 0.004450688
11200 0.001600069
11300 0.0022052128
11400 0.01784909
11500 0.0004485562
11600 0.00492305
11700 0.0012570762
11800 0.000849862
11900 0.0024457548
12000 0.00062860374
12100 0.0025205782
12200 0.008526042
12300 0.01707627
12400 0.0004228442
12500 0.005600315
12600 0.0026054047
12700 0.043692607
12800 0.0030648569
12900 0.0035453008
13000 0.002946543
13100 0.0042080176
13200 0.0013301366
13300 0.0036720512
13400 0.007485261
13500 0.00039540505
13600 0.0061490503
13700 0.00016983805
13800 0.005121426
13900 0.0034759387
14000 0.0018811936
14100 0.0022944957
14200 0.0024357238
14300 0.0013618708
14400 0.0005665611
14500 0.0014391928
14600 0.00084002153
14700 0.004892535
14800 0.0049370346
14900 0.0036515228
15000 0.0051529137
