0 3.4224997
100 0.41239098
200 0.74336255
300 0.10273506
400 0.05364292
500 0.221208
600 0.25316662
700 0.054858834
800 0.077389
900 0.0845816
1000 0.17761391
1100 0.065077916
1200 0.061480463
1300 0.06774463
1400 0.18599813
1500 0.013436208
1600 0.04220068
1700 0.050623946
1800 0.024863198
1900 0.010040032
2000 0.086693786
2100 0.031457447
2200 0.063914984
2300 0.25765067
2400 0.03079475
2500 0.06335757
2600 0.028679784
2700 0.13566014
2800 0.016499937
2900 0.11602014
3000 0.073371604
3100 0.004303003
3200 0.0052627786
3300 0.022268817
3400 0.023085902
3500 0.02615982
3600 0.0029328465
3700 0.026217967
3800 0.010049802
3900 0.07375315
4000 0.035078682
4100 0.050018456
4200 0.028197575
4300 0.0014890286
4400 0.008634723
4500 0.02689197
4600 0.04918015
4700 0.0007128875
4800 0.060978845
4900 0.0061207777
5000 0.012239158
5100 0.004639661
5200 0.014644206
5300 0.10844059
5400 0.011254117
5500 0.014104594
5600 0.012793143
5700 0.0025576644
5800 0.02185157
5900 0.013175976
6000 0.06648154
6100 0.12769386
6200 0.009998683
6300 0.039879408
6400 0.009205124
6500 0.0033242735
6600 0.002450865
6700 0.0021869824
6800 0.12859221
6900 0.008425118
7000 0.0102124205
7100 0.0025818595
7200 0.08610329
7300 0.012795642
7400 0.013569761
7500 0.004017315
7600 0.0021644882
7700 0.0061450023
7800 0.05706302
7900 0.018792711
8000 0.00264809
8100 0.0061666677
8200 0.0011694159
8300 0.0070092618
8400 0.0029512756
8500 0.03002929
8600 0.006365422
8700 0.0019054282
8800 0.0012655122
8900 0.0029256793
9000 0.0021735067
9100 0.0031422556
9200 0.0017313731
9300 0.057955608
9400 0.00092960964
9500 0.0015415829
9600 0.008858412
9700 0.004692844
9800 0.005848911
9900 0.0015686834
10000 0.0013930077
10100 0.014068205
10200 0.040736444
10300 0.0015429357
10400 0.0013231819
10500 0.0033079032
10600 0.0022557373
10700 0.0027727801
10800 0.0040018153
10900 0.005882613
11000 0.0011913788
11100 0.0030849818
11200 0.0011090833
11300 0.0015285371
11400 0.012372046
11500 0.00031091546
11600 0.003412398
11700 0.00087133877
11800 0.00058907946
11900 0.0016952681
12000 0.0004357149
12100 0.0017471317
12200 0.005909802
12300 0.011836369
12400 0.00029309327
12500 0.0038818426
12600 0.001805929
12700 0.030285409
12800 0.0021243969
12900 0.0024574152
13000 0.002042388
13100 0.0029167754
13200 0.0009219804
13300 0.002545272
13400 0.005188388
13500 0.0002740739
13600 0.004262197
13700 0.00011772277
13800 0.0035499022
13900 0.002409337
14000 0.001303944
14100 0.0015904233
14200 0.0016883151
14300 0.0009439769
14400 0.00039271027
14500 0.0009975724
14600 0.00058225857
14700 0.003391247
14800 0.0034220917
14900 0.0025310428
15000 0.0035717278
