0 4.805177
100 1.3662565
200 1.5849855
300 1.2770833
400 1.1587243
500 1.3097029
600 1.299936
700 1.1745062
800 1.2149341
900 1.2509694
1000 1.4066085
1100 1.165668
1200 1.2248914
1300 1.2556674
1400 1.2741435
1500 1.0769018
1600 1.0990324
1700 1.198016
1800 1.1335533
1900 1.051914
2000 1.1142076
2100 1.1271222
2200 1.1815484
2300 1.2311288
2400 1.1146472
2500 1.1438106
2600 1.1091913
2700 1.0372751
2800 1.0884626
2900 1.1568484
3000 1.2063639
3100 1.0230074
3200 1.0309031
3300 1.112427
3400 1.1070794
3500 1.0941753
3600 1.017579
3700 1.0763586
3800 1.0565277
3900 1.1621406
4000 1.1006441
4100 1.1375794
4200 1.0933256
4300 1.0111141
4400 1.0480808
4500 1.1033623
4600 1.1216078
4700 1.005688
4800 1.0731426
4900 1.030818
5000 1.0531986
5100 1.0265114
5200 1.0647483
5300 1.0295744
5400 1.0589135
5500 1.0608321
5600 1.0658021
5700 1.0156903
5800 1.0905528
5900 1.0439477
6000 1.1660391
6100 1.0499754
6200 1.036733
6300 1.1905847
6400 1.050348
6500 1.0199491
6600 1.015147
6700 1.0133989
6800 1.0462375
6900 1.0447894
7000 1.0425599
7100 1.0160255
7200 1.0949899
7300 1.0545828
7400 1.0477139
7500 1.0213081
7600 1.0143498
7700 1.0315765
7800 1.0460541
7900 1.0624559
8000 1.0166901
8100 1.0325756
8200 1.0072154
8300 1.0350316
8400 1.0188342
8500 1.077922
8600 1.027346
8700 1.0113192
8800 1.0083978
8900 1.0149026
9000 1.012722
9100 1.0188469
9200 1.0100887
9300 1.0343037
9400 1.0062864
9500 1.0089979
9600 1.0349715
9700 1.0191317
9800 1.0209141
9900 1.0106335
10000 1.0078299
10100 1.0410343
10200 1.1148148
10300 1.0105524
10400 1.0083301
10500 1.0172884
10600 1.0122926
10700 1.0151484
10800 1.0216297
10900 1.0312074
11000 1.0078168
11100 1.0185583
11200 1.0079751
11300 1.0101333
11400 1.0435127
11500 1.002459
11600 1.0183859
11700 1.0057552
11800 1.0045664
11900 1.0109742
12000 1.003564
12100 1.0114489
12200 1.0305202
12300 1.0325913
12400 1.0022911
12500 1.0166235
12600 1.0116026
12700 1.0551436
12800 1.0129019
12900 1.0136182
13000 1.0119547
13100 1.0165151
13200 1.0058477
13300 1.0143585
13400 1.0283108
13500 1.0022942
13600 1.0180548
13700 1.0010946
13800 1.0187917
13900 1.0121361
14000 1.0079248
14100 1.0097078
14200 1.0089216
14300 1.0058937
14400 1.0028421
14500 1.006614
14600 1.0040903
14700 1.0205128
14800 1.0198641
14900 1.0142423
15000 1.017795
