0 3.3176632
100 0.38480726
200 0.42281505
300 0.10749758
400 0.14900914
500 0.2376596
600 0.21593228
700 0.24008928
800 0.13751587
900 0.1738018
1000 0.3588895
1100 0.13221884
1200 0.38860852
1300 0.110954836
1400 0.03251469
1500 0.57196695
1600 0.06371492
1700 0.13192706
1800 0.15834145
1900 0.13441148
2000 0.15047807
2100 0.11102295
2200 0.13377532
2300 0.062842146
2400 0.043995168
2500 0.4418403
2600 0.033142004
2700 0.018914608
2800 0.03000762
2900 0.010602265
3000 0.18333071
3100 0.15589146
3200 0.057087254
3300 0.04934696
3400 0.017006757
3500 0.08003276
3600 0.03588357
3700 0.032133657
3800 0.08287223
3900 0.010321143
4000 0.038059298
4100 0.14314684
4200 0.013080002
4300 0.03826932
4400 0.33393094
4500 0.41505617
4600 0.01741546
4700 0.108695455
4800 0.60346377
4900 0.002829601
5000 0.24898371
5100 0.0866551
5200 0.04394509
5300 0.0020623412
5400 0.12422624
5500 0.023663506
5600 0.017398842
5700 0.0022426927
5800 0.009664791
5900 0.09664837
6000 0.24182098
6100 0.074989915
6200 0.0006382276
6300 0.0062038326
6400 0.009175222
6500 0.03077998
6600 0.008943607
6700 0.036586367
6800 0.037433796
6900 0.0037949716
7000 0.0003432452
7100 0.0036247773
7200 0.038748614
7300 0.0047406233
7400 0.00063628115
7500 0.15010327
7600 0.0367139
7700 0.0040947357
7800 0.070234954
7900 0.11927072
8000 0.07356304
8100 0.004766108
8200 0.0019748241
8300 0.0013961986
8400 0.0028333922
8500 0.024350973
8600 0.0018977694
8700 0.00084779446
8800 0.000353907
8900 0.00056297093
9000 0.0007565017
9100 0.013135298
9200 0.001635004
9300 5.6312405e-05
9400 0.004481067
9500 7.875546e-05
9600 0.002175586
9700 0.0007140386
9800 0.01377421
9900 0.10182156
10000 0.002023076
10100 0.005344277
10200 0.004349408
10300 0.0004380758
10400 0.0015055742
10500 0.0036496946
10600 0.0003951748
10700 0.00030492185
10800 0.007608534
10900 0.00020650834
11000 0.0035898369
11100 0.0015278538
11200 0.0010555853
11300 9.346472e-05
11400 0.00035163746
11500 0.00041705195
11600 0.00027861065
11700 0.005175863
11800 0.004800307
11900 0.0070120953
12000 0.019167561
12100 0.0019681116
12200 0.00019395577
12300 0.004439272
12400 0.001308039
12500 0.004065166
12600 0.0004012352
12700 0.00269721
12800 0.0023780947
12900 0.0002736964
13000 0.0063771578
13100 0.0035472547
13200 0.0006009132
13300 0.008219285
13400 0.0016350285
13500 0.00027199028
13600 8.404745e-05
13700 0.00017458499
13800 0.0007358826
13900 0.0004987018
14000 0.00079499366
14100 0.00044254024
14200 0.0038264713
14300 0.0009980785
14400 0.0003594154
14500 0.0006191939
14600 0.0010705548
14700 0.000107888955
14800 0.00015601216
14900 0.0014414957
15000 0.0012929012
15100 0.00044284223
15200 0.0016429224
15300 0.00026200915
15400 0.0005723618
15500 0.00020214978
15600 0.0024509716
15700 0.0015123998
15800 0.00015437341
15900 0.0036544788
16000 0.00046408107
16100 0.0001260745
16200 3.564558e-05
