0 2.299629
100 0.26672807
200 0.29307306
300 0.07451165
400 0.10328526
500 0.16473308
600 0.14967285
700 0.16641721
800 0.095318735
900 0.120470226
1000 0.24876325
1100 0.09164712
1200 0.2693629
1300 0.07690803
1400 0.022537466
1500 0.39645728
1600 0.04416382
1700 0.091444865
1800 0.10975393
1900 0.09316694
2000 0.10430344
2100 0.076955244
2200 0.09272599
2300 0.04355886
2400 0.030495126
2500 0.30626035
2600 0.022972286
2700 0.013110608
2800 0.020799696
2900 0.00734893
3000 0.12707517
3100 0.10805573
3200 0.03956987
3300 0.034204707
3400 0.011788186
3500 0.055474482
3600 0.024872595
3700 0.022273354
3800 0.05744265
3900 0.0071540712
4000 0.026380695
4100 0.099221826
4200 0.009066367
4300 0.02652627
4400 0.2314633
4500 0.28769502
4600 0.012071477
4700 0.07534195
4800 0.4182892
4900 0.00196133
5000 0.17258236
5100 0.06006474
5200 0.030460414
5300 0.001429506
5400 0.08610707
5500 0.016402293
5600 0.012059959
5700 0.0015545161
5800 0.0066991225
5900 0.066991545
6000 0.16761753
6100 0.05197905
6200 0.00044238567
6300 0.004300169
6400 0.0063597797
6500 0.021335056
6600 0.006199236
6700 0.025359737
6800 0.025947131
6900 0.0026304738
7000 0.00023791943
7100 0.002512504
7200 0.026858492
7300 0.0032859498
7400 0.0004410365
7500 0.104043655
7600 0.025448136
7700 0.0028382544
7800 0.048683163
7900 0.082672164
8000 0.050990015
8100 0.0033036142
8200 0.0013688438
8300 0.00096777116
8400 0.001963958
8500 0.016878808
8600 0.0013154335
8700 0.0005876463
8800 0.00024530964
8900 0.0003902217
9000 0.00052436703
9100 0.009104695
9200 0.0011332984
9300 3.9032784e-05
9400 0.0031060388
9500 5.4589123e-05
9600 0.0015080014
9700 0.00049493386
9800 0.009547555
9900 0.07057732
10000 0.0014022894
10100 0.0037043705
10200 0.00301478
10300 0.000303651
10400 0.0010435845
10500 0.0025297755
10600 0.0002739143
10700 0.00021135573
10800 0.005273834
10900 0.00014314067
11000 0.0024882853
11100 0.0010590275
11200 0.000731676
11300 6.478481e-05
11400 0.00024373652
11500 0.0002890784
11600 0.00019311819
11700 0.0035876348
11800 0.0033273194
11900 0.004860414
12000 0.0132859405
12100 0.001364191
12200 0.00013443989
12300 0.0030770688
12400 0.0009066635
12500 0.0028177584
12600 0.00027811504
12700 0.0018695635
12800 0.0016483697
12900 0.0001897119
13000 0.004420309
13100 0.0024587696
13200 0.00041652127
13300 0.005697174
13400 0.0011333154
13500 0.0001885293
13600 5.8257254e-05
13700 0.000121013094
13800 0.00051007495
13900 0.00034567376
14000 0.0005510476
14100 0.00030674553
14200 0.0026523077
14300 0.00069181534
14400 0.00024912777
14500 0.0004291925
14600 0.00074205204
14700 7.4782925e-05
14800 0.000108139386
14900 0.0009991687
15000 0.00089617085
15100 0.00030695484
15200 0.001138787
15300 0.0001816109
15400 0.000396731
15500 0.00014011955
15600 0.0016988841
15700 0.0010483157
15800 0.0001070035
15900 0.0025330917
16000 0.0003216765
16100 8.738819e-05
16200 2.4707631e-05
