0 9.77898
100 1.5025535
200 1.3308272
300 1.2367736
400 1.15092
500 1.2601507
600 1.138407
700 1.315999
800 1.1946536
900 1.1792452
1000 1.2902215
1100 1.2196085
1200 1.2564911
1300 1.2287014
1400 1.0798583
1500 1.0876412
1600 1.1054273
1700 1.083287
1800 1.0859737
1900 1.111474
2000 1.0523629
2100 1.0537839
2200 1.1616384
2300 1.1571609
2400 1.1346636
2500 1.2110614
2600 1.0876992
2700 1.0612667
2800 1.0931213
2900 1.0370916
3000 1.0494978
3100 1.0747395
3200 1.1003063
3300 1.09548
3400 1.0476222
3500 1.0547647
3600 1.071562
3700 1.0581031
3800 1.0826417
3900 1.0328591
4000 1.06005
4100 1.0300202
4200 1.0460061
4300 1.0409174
4400 1.0610895
4500 1.1647961
4600 1.0503917
4700 1.1296391
4800 1.0552211
4900 1.010809
5000 1.0830159
5100 1.1005853
5200 1.0824265
5300 1.0088296
5400 1.1004465
5500 1.0419773
5600 1.0485129
5700 1.009513
5800 1.0258219
5900 1.045014
6000 1.1861591
6100 1.1000469
6200 1.0028987
6300 1.0225681
6400 1.0326903
6500 1.034975
6600 1.0257564
6700 1.0465177
6800 1.0752273
6900 1.011866
7000 1.001847
7100 1.0151174
7200 1.0807123
7300 1.0157824
7400 1.003191
7500 1.0681844
7600 1.0689104
7700 1.0141599
7800 1.0251982
7900 1.0147605
8000 1.0870371
8100 1.0190101
8200 1.0083364
8300 1.0062606
8400 1.0107641
8500 1.046504
8600 1.0077932
8700 1.0039918
8800 1.0020107
8900 1.0029734
9000 1.0031532
9100 1.0245156
9200 1.0065398
9300 1.000373
9400 1.0138357
9500 1.0004963
9600 1.0077722
9700 1.0038486
9800 1.0296302
9900 1.1221006
10000 1.0081551
10100 1.0136604
10200 1.0128787
10300 1.0023049
10400 1.0066869
10500 1.015228
10600 1.0021412
10700 1.0016899
10800 1.0236348
10900 1.0011895
11000 1.0112345
11100 1.0065252
11200 1.0044473
11300 1.0005803
11400 1.0018797
11500 1.0021287
11600 1.0014555
11700 1.0134122
11800 1.0158589
11900 1.0225658
12000 1.0434387
12100 1.0082318
12200 1.0011009
12300 1.0121524
12400 1.0059097
12500 1.013279
12600 1.0019064
12700 1.0094659
12800 1.0083133
12900 1.0015742
13000 1.0160571
13100 1.01091
13200 1.0030074
13300 1.0216668
13400 1.0061547
13500 1.0015554
13600 1.0004432
13700 1.0010214
13800 1.0033658
13900 1.0025593
14000 1.0030323
14100 1.0020324
14200 1.0141592
14300 1.004353
14400 1.0016971
14500 1.0028677
14600 1.0046017
14700 1.0005975
14800 1.0009284
14900 1.0069481
15000 1.0057075
15100 1.0019732
15200 1.0066146
15300 1.0012554
15400 1.0027783
15500 1.0010922
15600 1.0090721
15700 1.0058482
15800 1.0008466
15900 1.0124724
16000 1.0022979
16100 1.0007832
16200 1.0002537
