0 0.15625
100 0.5
200 0.3125
300 0.4375
400 0.4375
500 0.34375
600 0.59375
700 0.40625
800 0.53125
900 0.4375
1000 0.5625
1100 0.4375
1200 0.5
1300 0.59375
1400 0.46875
1500 0.3125
1600 0.5625
1700 0.40625
1800 0.59375
1900 0.5
2000 0.625
2100 0.375
2200 0.5
2300 0.625
2400 0.4375
2500 0.59375
2600 0.6875
2700 0.5
2800 0.46875
2900 0.5
3000 0.46875
3100 0.59375
3200 0.5625
3300 0.5
3400 0.53125
3500 0.5
3600 0.40625
3700 0.625
3800 0.625
3900 0.65625
4000 0.53125
4100 0.46875
4200 0.53125
4300 0.53125
4400 0.53125
4500 0.59375
4600 0.4375
4700 0.65625
4800 0.46875
4900 0.71875
5000 0.625
5100 0.65625
5200 0.5
5300 0.59375
5400 0.625
5500 0.5625
5600 0.65625
5700 0.59375
5800 0.65625
5900 0.5
6000 0.5
6100 0.75
6200 0.65625
6300 0.65625
6400 0.6875
6500 0.5625
6600 0.46875
6700 0.625
6800 0.5625
6900 0.65625
7000 0.6875
7100 0.65625
7200 0.65625
7300 0.6875
7400 0.59375
7500 0.65625
7600 0.53125
7700 0.6875
7800 0.5
7900 0.65625
8000 0.4375
8100 0.71875
8200 0.71875
8300 0.5
8400 0.5
8500 0.75
8600 0.6875
8700 0.65625
8800 0.65625
8900 0.59375
9000 0.8125
9100 0.65625
9200 0.65625
9300 0.40625
9400 0.53125
9500 0.6875
9600 0.59375
9700 0.4375
9800 0.65625
9900 0.625
10000 0.53125
10100 0.65625
10200 0.5625
10300 0.5625
10400 0.5
10500 0.625
10600 0.71875
10700 0.53125
10800 0.6875
10900 0.5625
11000 0.6875
11100 0.5625
11200 0.71875
11300 0.71875
11400 0.59375
11500 0.6875
11600 0.71875
11700 0.6875
11800 0.75
11900 0.78125
12000 0.78125
12100 0.59375
12200 0.65625
12300 0.625
12400 0.59375
12500 0.59375
12600 0.6875
12700 0.8125
12800 0.84375
12900 0.71875
13000 0.71875
13100 0.6875
13200 0.71875
13300 0.71875
13400 0.75
13500 0.6875
13600 0.71875
13700 0.6875
13800 0.6875
13900 0.625
14000 0.65625
14100 0.625
14200 0.6875
14300 0.78125
14400 0.8125
14500 0.59375
14600 0.65625
14700 0.71875
14800 0.59375
14900 0.78125
15000 0.71875
15100 0.8125
15200 0.65625
15300 0.75
15400 0.71875
15500 0.71875
15600 0.75
15700 0.65625
15800 0.8125
15900 0.71875
16000 0.78125
16100 0.71875
16200 0.6875
16300 0.65625
16400 0.59375
16500 0.625
16600 0.71875
16700 0.8125
16800 0.84375
16900 0.8125
17000 0.65625
17100 0.90625
17200 0.78125
17300 0.78125
17400 0.78125
17500 0.65625
17600 0.78125
17700 0.71875
17800 0.71875
17900 0.65625
18000 0.78125
18100 0.65625
18200 0.71875
18300 0.90625
18400 0.625
18500 0.65625
18600 0.75
18700 0.78125
18800 0.59375
18900 0.71875
19000 0.6875
19100 0.8125
19200 0.53125
19300 0.78125
19400 0.6875
19500 0.8125
19600 0.75
19700 0.78125
19800 0.71875
19900 0.8125
20000 0.75
20100 0.71875
20200 0.71875
20300 0.84375
20400 0.78125
20500 0.75
20600 0.8125
20700 0.78125
20800 0.8125
20900 0.84375
21000 0.71875
21100 0.71875
21200 0.78125
21300 0.65625
21400 0.78125
21500 0.8125
21600 0.65625
21700 0.625
21800 0.71875
21900 0.78125
22000 0.8125
22100 0.75
22200 0.625
22300 0.71875
22400 0.6875
22500 0.71875
22600 0.84375
22700 0.8125
22800 0.65625
22900 0.75
23000 0.71875
23100 0.6875
23200 0.78125
23300 0.84375
23400 0.71875
23500 0.75
23600 0.71875
23700 0.75
23800 0.71875
23900 0.75
24000 0.75
24100 0.90625
24200 0.625
24300 0.71875
24400 0.71875
24500 0.9375
24600 0.71875
24700 0.84375
24800 0.78125
24900 0.6875
25000 0.78125
25100 0.6875
25200 0.75
25300 0.78125
25400 0.875
25500 0.78125
25600 0.8125
25700 0.6875
25800 0.75
25900 0.78125
26000 0.8125
26100 0.71875
26200 0.65625
26300 0.78125
26400 0.65625
26500 0.78125
26600 0.75
26700 0.65625
26800 0.8125
26900 0.875
27000 0.78125
27100 0.65625
27200 0.90625
27300 0.84375
27400 0.84375
27500 0.9375
27600 0.84375
27700 0.71875
27800 0.8125
27900 0.75
28000 0.71875
28100 0.5625
28200 0.75
28300 0.8125
