0 3.2995167
100 2.260513
200 3.0901854
300 2.3742218
400 2.5200462
500 2.6068647
600 1.7801735
700 2.128239
800 2.0479057
900 2.4738028
1000 2.3253
1100 2.044786
1200 1.9141086
1300 1.8081825
1400 2.242988
1500 2.4137099
1600 1.7276541
1700 2.2662332
1800 1.7445688
1900 1.5991123
2000 1.7539386
2100 2.4442315
2200 1.9249655
2300 1.7642925
2400 1.9471693
2500 1.8832692
2600 1.502127
2700 2.1956885
2800 1.9832522
2900 1.9556639
3000 2.007258
3100 1.6280156
3200 1.9265906
3300 1.5166366
3400 2.0425816
3500 1.8434846
3600 2.4098492
3700 2.007102
3800 1.7996837
3900 1.5185107
4000 1.7609448
4100 1.8402374
4200 1.6449862
4300 1.9714103
4400 2.0207438
4500 2.049565
4600 2.3128746
4700 1.4821764
4800 2.0043898
4900 1.1803906
5000 1.6553643
5100 1.7115961
5200 2.0816073
5300 1.7733145
5400 1.7509468
5500 2.1994476
5600 1.774238
5700 1.4663306
5800 1.7505392
5900 1.9861473
6000 1.6593773
6100 1.443831
6200 1.5541334
6300 1.4977134
6400 1.6279943
6500 1.6035607
6600 2.2128625
6700 1.797949
6800 1.5301636
6900 1.6528764
7000 1.5356816
7100 2.0311303
7200 1.350757
7300 1.0846719
7400 1.4439142
7500 1.5346767
7600 2.0772574
7700 1.6005342
7800 1.608107
7900 1.51501
8000 1.8230416
8100 1.2289616
8200 1.198048
8300 1.721385
8400 1.809617
8500 1.2650828
8600 1.4455558
8700 1.3796554
8800 1.5834423
8900 1.7550018
9000 1.0573229
9100 1.4610741
9200 1.6194063
9300 1.7196392
9400 1.6533219
9500 1.4330251
9600 1.6267763
9700 2.2261176
9800 1.3077711
9900 1.3274199
10000 1.8378886
10100 1.2359499
10200 1.6321173
10300 1.5977111
10400 1.6616014
10500 1.9241081
10600 1.5162466
10700 1.65353
10800 1.267045
10900 1.609093
11000 1.6548016
11100 1.7687949
11200 0.96956426
11300 1.2232999
11400 1.3249079
11500 1.3618594
11600 1.0531801
11700 1.5673672
11800 1.2490636
11900 1.2247225
12000 1.3091872
12100 1.755872
12200 1.6466001
12300 1.5080119
12400 1.5649259
12500 1.6100869
12600 1.4688536
12700 1.0671049
12800 1.0487977
12900 1.5322373
13000 1.3976823
13100 1.2759736
13200 1.159928
13300 1.496492
13400 1.4474854
13500 1.4499516
13600 1.1160977
13700 1.5793988
13800 1.3412774
13900 1.5679018
14000 1.548097
14100 1.1659414
14200 1.4064795
14300 1.1263374
14400 0.9827042
14500 1.6426424
14600 1.4015702
14700 1.3171654
14800 1.3601222
14900 1.060529
15000 1.4175891
15100 0.99226725
15200 1.4501482
15300 1.1472487
15400 1.0846303
15500 1.0268046
15600 1.1009377
15700 1.5144379
15800 1.0219582
15900 1.3218937
16000 1.0019635
16100 1.0482823
16200 1.3463074
16300 1.3315507
16400 1.5316379
16500 1.1690412
16600 0.996381
16700 1.142988
16800 0.91808856
16900 1.0800085
17000 1.5497862
17100 0.8299969
17200 1.148804
17300 1.2412363
17400 1.204641
17500 1.4095219
17600 0.9316012
17700 1.231435
17800 1.1606048
17900 1.357712
18000 1.1665106
18100 1.0941495
18200 1.1546278
18300 0.7340365
18400 1.4374568
18500 1.2477552
18600 1.2929702
18700 1.1025345
18800 1.7115617
18900 0.9144991
19000 1.1029661
19100 1.1909673
19200 1.4069017
19300 0.999393
19400 1.5452727
19500 1.0581676
19600 1.0077406
19700 1.1104983
19800 1.2856956
19900 0.89759445
20000 1.1378357
20100 1.1310318
20200 1.2778311
20300 0.7696188
20400 1.1161312
20500 0.99136215
20600 0.90452605
20700 0.9107248
20800 0.92108715
20900 0.7701671
21000 1.1202446
21100 1.5001713
21200 1.2022883
21300 1.2984784
21400 1.0456053
21500 1.1359754
21600 1.0339974
21700 1.3742799
21800 0.8972729
21900 0.97765857
22000 1.1051033
22100 1.1682686
22200 1.454056
22300 1.241494
22400 1.2713323
22500 1.2284434
22600 1.0290418
22700 0.99313307
22800 1.7215587
22900 0.98385537
23000 1.1684424
23100 1.3002334
23200 1.1184806
23300 0.8708904
23400 1.3209972
23500 1.0425684
23600 1.3008991
23700 1.1604334
23800 1.153593
23900 1.2885745
24000 1.1290201
24100 0.9380345
24200 1.6900427
24300 1.0523956
24400 1.404834
24500 0.8148753
24600 1.1381167
24700 0.9908959
24800 1.1407863
24900 1.330189
25000 1.0534935
25100 1.2770729
25200 1.2209088
25300 1.3256214
25400 0.92046875
25500 0.96638536
25600 0.95373446
25700 1.0716888
25800 1.2022955
25900 0.8668524
26000 0.98662055
26100 1.5835991
26200 1.4746634
26300 1.0570887
26400 1.3124944
26500 0.9269308
26600 1.2834011
26700 1.3105522
26800 1.3368821
26900 0.78374505
27000 1.4007095
27100 1.3399063
27200 0.81243
27300 1.0397536
27400 0.97238266
27500 0.77995205
27600 0.84183764
27700 1.8513621
27800 0.90387166
27900 1.2575469
28000 1.2037982
28100 1.3987867
28200 1.2844789
28300 1.0408417
