0 2.2870507
100 1.5668683
200 2.1419532
300 1.6456851
400 1.746763
500 1.8069409
600 1.2339222
700 1.4751828
800 1.4195001
900 1.7147095
1000 1.6117752
1100 1.4173377
1200 1.326759
1300 1.2533365
1400 1.5547209
1500 1.6730561
1600 1.1975186
1700 1.5708332
1800 1.2092429
1900 1.1084201
2000 1.2157376
2100 1.6942122
2200 1.3342844
2300 1.2229143
2400 1.3496749
2500 1.3053827
2600 1.0411952
2700 1.5219352
2800 1.3746856
2900 1.3555629
3000 1.3913251
3100 1.1284544
3200 1.3354108
3300 1.0512524
3400 1.4158096
3500 1.2778062
3600 1.6703801
3700 1.3912171
3800 1.2474457
3900 1.0525514
4000 1.2205939
4100 1.2755554
4200 1.1402175
4300 1.3664775
4400 1.4006729
4500 1.4206502
4600 1.6031625
4700 1.0273664
4800 1.3893372
4900 0.81818444
5000 1.1474111
5100 1.186388
5200 1.4428602
5300 1.2291679
5400 1.2136638
5500 1.5245409
5600 1.2298081
5700 1.0163829
5800 1.2133813
5900 1.3766924
6000 1.1501927
6100 1.0007874
6200 1.0772432
6300 1.0381359
6400 1.1284397
6500 1.1115036
6600 1.5338395
6700 1.2462432
6800 1.0606287
6900 1.1456866
7000 1.0644534
7100 1.4078723
7200 0.9362734
7300 0.75183725
7400 1.0008451
7500 1.0637568
7600 1.4398451
7700 1.1094058
7800 1.1146548
7900 1.0501249
8000 1.2636361
8100 0.8518513
8200 0.8304236
8300 1.1931732
8400 1.254331
8500 0.87688863
8600 1.0019829
8700 0.95630425
8800 1.0975586
8900 1.2164745
9000 0.73288035
9100 1.0127394
9200 1.122487
9300 1.1919631
9400 1.1459954
9500 0.99329734
9600 1.1275954
9700 1.5430272
9800 0.9064778
9900 0.92009735
10000 1.2739273
10100 0.8566952
10200 1.1312975
10300 1.1074489
10400 1.1517344
10500 1.3336902
10600 1.050982
10700 1.1461396
10800 0.8782487
10900 1.1153382
11000 1.147021
11100 1.2260352
11200 0.6720507
11300 0.84792686
11400 0.9183562
11500 0.943969
11600 0.7300088
11700 1.0864161
11800 0.8657849
11900 0.84891295
12000 0.90745944
12100 1.2170777
12200 1.1413362
12300 1.0452743
12400 1.084724
12500 1.1160272
12600 1.0181317
12700 0.73966074
12800 0.72697115
12900 1.062066
13000 0.9687996
13100 0.88443744
13200 0.8040008
13300 1.0372893
13400 1.0033205
13500 1.0050299
13600 0.77362
13700 1.0947558
13800 0.92970264
13900 1.0867867
14000 1.0730591
14100 0.808169
14200 0.97489727
14300 0.7807176
14400 0.68115866
14500 1.138593
14600 0.97149444
14700 0.9129895
14800 0.9427649
14900 0.73510265
15000 0.9825978
15100 0.68778723
15200 1.0051662
15300 0.7952122
15400 0.7518084
15500 0.71172667
15600 0.7631119
15700 1.0497284
15800 0.70836747
15900 0.9162669
16000 0.6945082
16100 0.7266139
16200 0.93318915
16300 0.92296064
16400 1.0616505
16500 0.8103176
16600 0.69063866
16700 0.79225886
16800 0.6363705
16900 0.74860483
17000 1.07423
17100 0.57531
17200 0.7962902
17300 0.86035943
17400 0.8349935
17500 0.97700614
17600 0.64573675
17700 0.8535657
17800 0.80446994
17900 0.9410943
18000 0.80856353
18100 0.75840664
18200 0.800327
18300 0.5087953
18400 0.9963691
18500 0.864878
18600 0.89621866
18700 0.7642187
18800 1.1863642
18900 0.63388246
19000 0.7645178
19100 0.8255156
19200 0.9751899
19300 0.69272643
19400 1.0711014
19500 0.73346585
19600 0.69851255
19700 0.7697388
19800 0.8911762
19900 0.6221651
20000 0.78868765
20100 0.7839715
20200 0.885725
20300 0.5334591
20400 0.7736432
20500 0.6871599
20600 0.6269697
20700 0.63126636
20800 0.63844895
20900 0.53383917
21000 0.77649444
21100 1.0398395
21200 0.8333627
21300 0.90003663
21400 0.7247584
21500 0.7873981
21600 0.71671236
21700 0.95257825
21800 0.62194216
21900 0.6776613
22000 0.7659992
22100 0.809782
22200 1.0078748
22300 0.8605381
22400 0.88122034
22500 0.85149205
22600 0.7132774
22700 0.6883874
22800 1.1932936
22900 0.6819566
23000 0.80990255
23100 0.9012531
23200 0.77527165
23300 0.6036552
23400 0.9156455
23500 0.7226534
23600 0.90171456
23700 0.80435115
23800 0.79960966
23900 0.8931717
24000 0.7825771
24100 0.65019596
24200 1.1714483
24300 0.729465
24400 0.9737568
24500 0.5648285
24600 0.7888824
24700 0.6868367
24800 0.7907328
24900 0.92201674
25000 0.73022604
25100 0.8851995
25200 0.8462694
25300 0.9188507
25400 0.63802034
25500 0.6698473
25600 0.66107833
25700 0.742838
25800 0.83336776
25900 0.6008563
26000 0.68387324
26100 1.0976672
26200 1.0221587
26300 0.7327181
26400 0.9097518
26500 0.64249945
26600 0.88958585
26700 0.9084056
26800 0.92665607
26900 0.5432507
27000 0.97089785
27100 0.9287523
27200 0.5631336
27300 0.72070223
27400 0.6740043
27500 0.5406216
27600 0.5835174
27700 1.2832664
27800 0.6265161
27900 0.8716651
28000 0.8344093
28100 0.96956503
28200 0.89033294
28300 0.7214565
