0 9.499046
100 6.0808854
200 5.636429
300 4.972369
400 5.625196
500 5.2656674
600 4.5067444
700 5.150961
800 4.9383936
900 4.7802305
1000 4.892181
1100 4.970082
1200 4.102193
1300 4.8352385
1400 4.1822777
1500 5.0631866
1600 4.748563
1700 5.052058
1800 3.9315107
1900 4.1560564
2000 4.1438217
2100 4.615814
2200 4.4376407
2300 3.7867637
2400 4.728941
2500 4.4345174
2600 4.3525696
2700 4.3735065
2800 4.121318
2900 4.4627504
3000 4.6811285
3100 4.31123
3200 3.8966732
3300 3.757617
3400 4.820671
3500 4.1447506
3600 4.89148
3700 4.2934437
3800 4.787552
3900 4.130844
4000 4.1406536
4100 4.1694136
4200 4.2411995
4300 4.355798
4400 3.5342226
4500 4.1855216
4600 4.3819356
4700 3.5007849
4800 4.543836
4900 3.7292423
5000 4.3122168
5100 2.980518
5200 4.1014833
5300 3.926952
5400 4.1478157
5500 4.4633493
5600 4.2682886
5700 3.8608637
5800 3.6332998
5900 3.2979128
6000 3.5300255
6100 4.208253
6200 4.3086457
6300 3.9502666
6400 3.8432493
6500 4.050333
6600 4.486994
6700 4.373224
6800 4.046501
6900 3.919879
7000 3.647246
7100 3.8343325
7200 3.7447903
7300 3.2207763
7400 3.7983515
7500 4.0378704
7600 4.0557923
7700 3.8094606
7800 3.8638306
7900 3.5886776
8000 3.6161652
8100 3.6149306
8200 3.8049078
8300 3.9726818
8400 3.7101872
8500 3.4100852
8600 3.7941802
8700 3.6808867
8800 3.8192968
8900 4.255211
9000 3.396296
9100 3.7368362
9200 3.6947846
9300 4.094862
9400 3.6783996
9500 3.4519522
9600 3.4817493
9700 4.165086
9800 3.2673564
9900 3.4333205
10000 3.7050447
10100 3.4899762
10200 4.0716457
10300 3.8967333
10400 3.978264
10500 3.722035
10600 3.5862522
10700 4.0061026
10800 3.495883
10900 3.5888991
11000 4.1322274
11100 3.6319673
11200 2.8554401
11300 3.4505148
11400 3.3834019
11500 3.5264788
11600 3.3075876
11700 3.2006087
11800 3.329383
11900 3.6298885
12000 3.1055813
12100 3.7767363
12200 3.7679772
12300 3.7349837
12400 3.801032
12500 3.681758
12600 2.9514475
12700 3.4291196
12800 3.2346025
12900 3.500965
13000 3.2714553
13100 3.6405458
13200 3.288299
13300 3.8425362
13400 3.7684457
13500 4.0267925
13600 3.422521
13700 3.9975965
13800 3.696809
13900 3.3682156
14000 3.6240544
14100 3.4752817
14200 3.7998848
14300 3.2648342
14400 3.417212
14500 4.064927
14600 3.7371078
14700 3.3345644
14800 3.878015
14900 3.4567337
15000 3.8605003
15100 3.4514613
15200 3.6818626
15300 3.0502853
15400 3.009891
15500 3.3779507
15600 3.8413274
15700 3.7861729
15800 2.9883313
15900 3.8277302
16000 3.314555
16100 3.1818638
16200 3.4967945
16300 3.307384
16400 3.3409886
16500 3.2214093
16600 2.912043
16700 3.350068
16800 3.2957544
16900 3.2588172
17000 3.9647317
17100 3.115751
17200 3.5455825
17300 3.742436
17400 3.7075903
17500 2.7814858
17600 2.9110081
17700 3.6888187
17800 3.5632958
17900 3.6968505
18000 3.475109
18100 3.3414936
18200 3.3713121
18300 2.8882446
18400 3.5083735
18500 3.2660506
18600 3.5490503
18700 3.3520575
18800 3.7773812
18900 3.0529194
19000 3.186665
19100 3.6889927
19200 3.850972
19300 3.3144896
19400 3.4842594
19500 3.7052834
19600 3.1712663
19700 3.1716166
19800 3.4058523
19900 3.351983
20000 3.5565972
20100 3.4244695
20200 3.1418138
20300 2.8598037
20400 2.980523
20500 3.0552335
20600 2.719687
20700 3.1516433
20800 2.8213224
20900 3.0450249
21000 3.0025492
21100 3.845326
21200 3.4080105
21300 3.1449103
21400 3.0028548
21500 3.4104373
21600 2.9069762
21700 3.6179354
21800 2.9051852
21900 3.453864
22000 3.3394246
22100 3.5295434
22200 3.0998454
22300 3.2311475
22400 3.7214913
22500 3.2943583
22600 3.3473341
22700 2.945988
22800 3.8465633
22900 2.4330506
23000 3.5737717
23100 3.7319663
23200 3.1661463
23300 2.6902854
23400 3.5737844
23500 3.3434806
23600 4.004342
23700 3.8504648
23800 3.5265145
23900 3.2555099
24000 3.2809854
24100 3.0463228
24200 3.6490703
24300 3.21895
24400 3.537066
24500 3.131911
24600 3.6549978
24700 3.0605445
24800 3.1437435
24900 3.6791725
25000 3.2289715
25100 3.4710338
25200 3.3080459
25300 3.2661445
25400 3.1984282
25500 3.481515
25600 3.3479147
25700 3.290975
25800 3.375296
25900 2.8943038
26000 3.5764952
26100 3.666836
26200 3.666648
26300 3.19975
26400 3.737948
26500 2.8991134
26600 3.3914442
26700 2.9851458
26800 3.3287423
26900 2.602582
27000 3.549518
27100 3.2426124
27200 2.919119
27300 3.5073829
27400 3.4568586
27500 3.0397468
27600 2.6969097
27700 3.832005
27800 3.3160102
27900 3.1601095
28000 3.1199937
28100 3.5967817
28200 3.7218618
28300 3.1992328
