0 3.522657
100 0.34345147
200 0.5757096
300 0.34710518
400 0.37326434
500 0.20488286
600 0.2745208
700 0.47965795
800 0.26934445
900 0.20742828
1000 0.062428188
1100 0.14260356
1200 0.3462897
1300 0.31838387
1400 0.06077072
1500 0.19428267
1600 0.24773787
1700 0.30448025
1800 0.032949902
1900 0.11251339
2000 0.12542754
2100 0.16346459
2200 0.25384787
2300 0.7349233
2400 0.015455573
2500 0.028668446
2600 0.102564625
2700 0.038456332
2800 0.012459719
2900 0.10988188
3000 0.16588604
3100 0.14641272
3200 0.0090293335
3300 0.15646358
3400 0.27443856
3500 0.032799404
3600 0.43997875
3700 0.02072823
3800 0.046034563
3900 0.29470113
4000 0.11495675
4100 0.045994606
4200 0.21216509
4300 0.0016599554
4400 0.076286815
4500 0.2692223
4600 0.26369563
4700 0.013951199
4800 0.3063094
4900 0.0020108428
5000 0.11157762
5100 0.2255203
5200 0.0036588844
5300 0.03807679
5400 0.04834857
5500 0.001084508
5600 0.031188438
5700 0.08893245
5800 0.0065694484
5900 0.17292766
6000 0.24022917
6100 0.10309639
6200 0.055295605
6300 0.15243989
6400 0.20940574
6500 0.006257042
6600 0.019826367
6700 0.33397406
6800 0.17326158
6900 0.004406973
7000 0.027571902
7100 0.07728503
7200 0.0017825277
7300 0.04911649
7400 0.10598872
7500 0.084973834
7600 0.0007967124
7700 0.03526739
7800 0.0039872695
7900 0.026883364
8000 0.0006547592
8100 0.09464533
8200 0.11008174
8300 0.014490171
8400 0.00063253567
8500 0.02963197
8600 0.00040969226
8700 0.0014920916
8800 0.004529342
8900 0.16291834
9000 0.00045244428
9100 0.0002955029
9200 0.026154544
9300 0.009913156
9400 0.0050986297
9500 0.0005372921
9600 0.0014716416
9700 0.0027117922
9800 0.31679612
9900 0.00033049355
10000 0.03596248
10100 0.0025520993
10200 0.13223223
10300 0.0012049583
10400 0.0010594307
10500 0.0005517836
10600 0.00059552706
10700 0.00030498588
10800 9.1095884e-05
10900 0.0007257806
11000 0.0006630667
11100 0.00042664722
11200 0.000799807
11300 0.002300415
11400 0.0058336305
11500 0.00019666838
11600 0.002295399
11700 0.0042660544
11800 0.0032386277
11900 0.002741296
12000 0.00028247683
12100 0.15960096
12200 0.0058481786
12300 0.00017543192
12400 0.012906887
12500 0.013612948
12600 0.01948715
12700 0.00043163513
12800 0.0011237086
12900 0.00023626043
13000 0.00324324
13100 0.010458101
13200 9.98496e-05
13300 4.576769e-05
13400 0.0014164889
13500 0.00019300368
13600 0.0007066668
13700 0.0388361
13800 0.0014637227
13900 0.00092573743
14000 0.00017100413
14100 8.4776446e-05
14200 0.0006422538
14300 4.378562e-05
14400 7.738729e-05
14500 0.0006810981
14600 0.0012893011
14700 0.00087958167
14800 7.104891e-05
14900 3.1948322e-05
15000 0.001281456
15100 0.00021367335
15200 8.3235354e-05
15300 0.00020678018
15400 0.0011143817
15500 0.00072487595
15600 3.783948e-05
15700 0.0013830997
15800 0.0025687723
15900 0.0012274978
16000 0.0019532219
16100 0.0010597281
16200 0.0002516919
16300 0.00027997617
16400 0.003286464
16500 0.00070226775
16600 0.008702001
16700 0.0007387825
16800 0.00012785397
16900 0.0017186131
17000 0.00012512355
17100 0.00012815461
17200 0.0014776251
17300 0.0006572615
17400 0.00014277747
17500 0.00066364324
17600 0.0009154135
17700 0.0030651842
17800 0.0011850325
17900 0.0008245623
18000 0.001670192
18100 0.010234238
18200 0.00056572637
18300 0.0012318422
18400 1.0458252e-05
18500 0.005700152
18600 0.00011776256
18700 0.0028759527
18800 0.0010357682
18900 0.0026125957
19000 0.001590013
19100 0.0008362091
19200 0.0015550341
19300 3.0414676e-05
19400 0.0014847064
19500 0.0004360754
19600 0.00054922205
19700 0.0026172989
19800 0.0010886929
19900 0.0020321258
20000 0.0010228098
20100 0.0007661886
20200 0.0016833543
20300 0.0037539618
20400 0.0011450193
20500 0.0012562593
