0 2.4417198
100 0.23806241
200 0.39905146
300 0.24059497
400 0.25872713
500 0.14201398
600 0.19028333
700 0.33247355
800 0.18669534
900 0.14377832
1000 0.04327192
1100 0.09884526
1200 0.24002972
1300 0.22068688
1400 0.042123053
1500 0.13466649
1600 0.1717188
1700 0.21104963
1800 0.02283913
1900 0.07798834
2000 0.086939745
2100 0.113305025
2200 0.17595394
2300 0.50941
2400 0.010712987
2500 0.019871453
2600 0.07109238
2700 0.0266559
2800 0.008636419
2900 0.07616431
3000 0.11498344
3100 0.10148556
3200 0.006258657
3300 0.10845229
3400 0.19022632
3500 0.022734813
3600 0.30497003
3700 0.0143677145
3800 0.03190873
3900 0.20427126
4000 0.07968195
4100 0.03188103
4200 0.14706163
4300 0.0011505934
4400 0.052877992
4500 0.18661067
4600 0.18277988
4700 0.009670234
4800 0.2123175
4900 0.00139381
5000 0.077339716
5100 0.15631875
5200 0.0025361455
5300 0.026392817
5400 0.033512674
5500 0.00075172365
5600 0.021618178
5700 0.061643273
5800 0.0045535946
5900 0.11986432
6000 0.16651417
6100 0.07146097
6200 0.038327992
6300 0.10566328
6400 0.14514899
6500 0.004337051
6600 0.01374259
6700 0.23149319
6800 0.12009578
6900 0.0030546808
7000 0.019111386
7100 0.0535699
7200 0.001235554
7300 0.034044955
7400 0.07346578
7500 0.058899373
7600 0.00055223895
7700 0.024445493
7800 0.0027637645
7900 0.018634127
8000 0.0004538445
8100 0.065603144
8200 0.07630285
8300 0.010043821
8400 0.0004384403
8500 0.020539317
8600 0.00028397705
8700 0.0010342391
8800 0.0031395007
8900 0.11292639
9000 0.00031361048
9100 0.000204827
9200 0.018128948
9300 0.006871276
9400 0.003534101
9500 0.0003724225
9600 0.0010200642
9700 0.0018796711
9800 0.21958634
9900 0.00022908067
10000 0.024927292
10100 0.0017689804
10200 0.0916564
10300 0.00083521346
10400 0.00073434133
10500 0.00038246723
10600 0.00041278792
10700 0.0002114001
10800 6.3142856e-05
10900 0.0005030728
11000 0.0004596028
11100 0.00029572932
11200 0.00055438397
11300 0.0015945261
11400 0.0040435647
11500 0.00013632013
11600 0.0015910494
11700 0.0029570037
11800 0.0022448457
11900 0.0019001217
12000 0.00019579803
12100 0.11062696
12200 0.0040536486
12300 0.00012160014
12400 0.008946372
12500 0.009435777
12600 0.013507463
12700 0.00029918668
12800 0.0007788954
12900 0.00016376325
13000 0.0022480427
13100 0.007249003
13200 6.921047e-05
13300 3.1723746e-05
13400 0.0009818353
13500 0.00013377996
13600 0.0004898241
13700 0.026919132
13800 0.0010145752
13900 0.0006416723
14000 0.00011853103
14100 5.8762555e-05
14200 0.0004451764
14300 3.034988e-05
14400 5.3640782e-05
14500 0.0004721012
14600 0.00089367543
14700 0.00060967956
14800 4.9247352e-05
14900 2.214489e-05
15000 0.0008882376
15100 0.00014810708
15200 5.7694353e-05
15300 0.0001433291
15400 0.00077243056
15500 0.00050244574
15600 2.6228328e-05
15700 0.0009586917
15800 0.0017805373
15900 0.00085083663
16000 0.0013538703
16100 0.00073454756
16200 0.00017445954
16300 0.00019406469
16400 0.0022780031
16500 0.0004867749
16600 0.006031767
16700 0.00051208504
16800 8.862162e-05
16900 0.0011912518
17000 8.672904e-05
17100 8.8830006e-05
17200 0.0010242116
17300 0.00045557896
17400 9.89658e-05
17500 0.00046000243
17600 0.0006345163
17700 0.0021246239
17800 0.00082140195
17900 0.000571543
18000 0.0011576889
18100 0.007093833
18200 0.00039213162
18300 0.00085384795
18400 7.2491084e-06
18500 0.0039510443
18600 8.1626786e-05
18700 0.0019934585
18800 0.0007179398
18900 0.0018109133
19000 0.001102113
19100 0.000579616
19200 0.0010778675
19300 2.1081847e-05
19400 0.0010291201
19500 0.00030226444
19600 0.00038069172
19700 0.0018141733
19800 0.00075462443
19900 0.0014085623
20000 0.00070895767
20100 0.00053108146
20200 0.0011668123
20300 0.002602048
20400 0.0007936669
20500 0.0008707726
