0 9.638381
100 1.4822888
200 1.4539337
300 1.3717983
400 1.1759195
500 1.14657
600 1.1645564
700 1.2744229
800 1.1348889
900 1.2776706
1000 1.138968
1100 1.1330148
1200 1.1835533
1300 1.184804
1400 1.1700636
1500 1.2019589
1600 1.2115722
1700 1.0687551
1800 1.0820961
1900 1.0790572
2000 1.1925426
2100 1.1589952
2200 1.2131271
2300 1.1313047
2400 1.0594143
2500 1.0756991
2600 1.0230339
2700 1.1142329
2800 1.045479
2900 1.1829485
3000 1.0956516
3100 1.0570052
3200 1.027627
3300 1.109493
3400 1.1238782
3500 1.0873163
3600 1.0744231
3700 1.0501332
3800 1.0759134
3900 1.1267788
4000 1.1288685
4100 1.0325333
4200 1.0497963
4300 1.0073409
4400 1.1585064
4500 1.0751247
4600 1.0945482
4700 1.0400217
4800 1.0786519
4900 1.0092127
5000 1.1985612
5100 1.0456897
5200 1.0131304
5300 1.0441662
5400 1.0372314
5500 1.0051471
5600 1.0367247
5700 1.0983849
5800 1.0206544
5900 1.0251615
6000 1.0093989
6100 1.1180961
6200 1.0583928
6300 1.0815313
6400 1.0706117
6500 1.0241581
6600 1.0485034
6700 1.066255
6800 1.0422533
6900 1.014979
7000 1.0688119
7100 1.066695
7200 1.008307
7300 1.0469571
7400 1.0143292
7500 1.0292158
7600 1.0038002
7700 1.0641165
7800 1.0133216
7900 1.0500063
8000 1.0033592
8100 1.0204027
8200 1.0953496
8300 1.0419848
8400 1.0033581
8500 1.0354198
8600 1.0021996
8700 1.0056849
8800 1.0127232
8900 1.0480392
9000 1.002309
9100 1.0016497
9200 1.0385989
9300 1.0293221
9400 1.0185405
9500 1.0025641
9600 1.0066687
9700 1.0100989
9800 1.0014461
9900 1.001763
10000 1.0801085
10100 1.0085754
10200 1.0287063
10300 1.0050073
10400 1.0043662
10500 1.0025938
10600 1.0027491
10700 1.0017972
10800 1.0005379
10900 1.0031652
11000 1.0028807
11100 1.0022166
11200 1.0034323
11300 1.0092367
11400 1.0183043
11500 1.001128
11600 1.0089715
11700 1.0112332
11800 1.0115042
11900 1.0105977
12000 1.0014111
12100 1.0368176
12200 1.014389
12300 1.0009993
12400 1.037075
12500 1.0349443
12600 1.0389979
12700 1.0019875
12800 1.0039926
12900 1.0012552
13000 1.011493
13100 1.0266633
13200 1.0005656
13300 1.000317
13400 1.0047491
13500 1.0010697
13600 1.0028484
13700 1.0861105
13800 1.0068681
13900 1.0038
14000 1.0008544
14100 1.0005616
14200 1.0031486
14300 1.0002942
14400 1.0004761
14500 1.0034497
14600 1.0046384
14700 1.0033163
14800 1.0004169
14900 1.0002246
15000 1.0050554
15100 1.0012503
15200 1.0005497
15300 1.0009866
15400 1.0049843
15500 1.0033062
15600 1.0002397
15700 1.0054648
15800 1.0094948
15900 1.0052485
16000 1.0068977
16100 1.0044916
16200 1.0012813
16300 1.0013912
16400 1.0128622
16500 1.0030392
16600 1.0289245
16700 1.0032151
16800 1.0007609
16900 1.0065117
17000 1.0006657
17100 1.0008342
17200 1.0054538
17300 1.0026844
17400 1.0008684
17500 1.002631
17600 1.0038397
17700 1.0106764
17800 1.0049763
17900 1.004123
18000 1.0064282
18100 1.0221775
18200 1.0027266
18300 1.0046685
18400 1.0000813
18500 1.0163914
18600 1.0006816
18700 1.0106317
18800 1.0042711
18900 1.008343
19000 1.0061846
19100 1.0039124
19200 1.0066766
19300 1.0002079
19400 1.0061644
19500 1.0020025
19600 1.0025607
19700 1.0103016
19800 1.0049286
19900 1.0079381
20000 1.0042081
20100 1.0034463
20200 1.0060511
20300 1.0136511
20400 1.005068
20500 1.0050358
