0 4.7072244
100 0.9908573
200 0.36380273
300 0.20298122
400 0.11180333
500 0.11695599
600 0.8061604
700 0.2882572
800 0.18846604
900 0.20691672
1000 0.4414722
1100 0.043775886
1200 0.03898873
1300 0.7309947
1400 0.26076916
1500 0.08577738
1600 0.021948753
1700 0.1447692
1800 0.0261784
1900 0.046839226
2000 0.020627089
2100 0.034971125
2200 0.08162043
2300 0.09808218
2400 0.0038682576
2500 0.10159034
2600 0.052085526
2700 0.0139405215
2800 0.10885994
2900 0.07504419
3000 0.06583106
3100 0.02222341
3200 0.1877753
3300 0.047323316
3400 0.12877564
3500 0.47594985
3600 0.0058909454
3700 0.07599487
3800 0.00871739
3900 0.00551601
4000 0.005375505
4100 0.0040256944
4200 0.06926831
4300 0.036040578
4400 0.0027200417
4500 0.029990558
4600 0.008493543
4700 0.024231108
4800 0.23679803
4900 0.12404856
5000 0.024370901
5100 0.023539884
5200 0.007156874
5300 0.2616159
5400 0.0114443265
5500 0.01453598
5600 0.060978834
5700 0.07297869
5800 0.13931665
5900 0.00401228
6000 0.05106478
6100 0.03043319
6200 0.015737042
6300 0.022202635
6400 0.0047839354
6500 0.030882575
6600 0.024145924
6700 0.004010808
6800 0.104793705
6900 0.030408232
7000 0.022271784
7100 0.0023733738
7200 0.0022605911
7300 0.003305298
7400 0.00090980163
7500 0.010584635
7600 0.011774966
7700 0.0021687918
7800 0.0076105297
7900 0.041829016
8000 0.0034203415
8100 0.0033560288
8200 0.075973414
8300 0.015681786
8400 0.067096055
8500 0.0033236516
8600 0.007080908
8700 0.010549549
8800 0.09806821
8900 0.026398415
9000 0.009002072
9100 0.009175485
9200 0.08785411
9300 0.005083552
9400 0.016935248
9500 0.0016052048
9600 0.031853013
9700 0.008048275
9800 0.0016965433
9900 0.01720215
10000 0.0029619336
10100 0.013595409
10200 0.0020772622
10300 0.009627989
10400 0.0044246367
10500 0.007905953
10600 0.0021012982
10700 0.0019500831
10800 0.0009048805
10900 0.0007369287
11000 0.008059458
11100 0.00827396
11200 0.010412875
11300 0.0011161143
11400 0.03605466
11500 0.0055432515
11600 0.003969171
11700 0.0012188182
11800 0.0045679878
11900 0.0066139987
12000 0.022268644
12100 0.000962928
12200 0.004608858
12300 0.0007549899
12400 0.0017055187
12500 0.0043736272
12600 0.00095932785
12700 0.004642419
12800 0.004708808
12900 0.0017123137
13000 0.0029694245
13100 0.0011149979
13200 0.0019722397
13300 0.0054608877
13400 0.0033145156
13500 0.0023129915
13600 0.00057726394
13700 0.0039506033
13800 0.0010765314
13900 0.0017601195
14000 0.0024905342
14100 0.00072181487
14200 0.0072115404
14300 0.0022465563
14400 0.00068361824
14500 0.004985624
14600 0.00047884136
14700 0.0035566452
14800 0.0012210872
14900 0.00045646462
15000 0.0019007914
15100 0.0036243987
15200 0.008525514
15300 0.0045550694
15400 0.0028083418
15500 9.7065196e-05
15600 0.00024831246
15700 0.0010014039
15800 0.00010906287
15900 0.0006023174
16000 0.00046477027
16100 0.0039543374
16200 0.0011395164
16300 0.0013675466
16400 0.00060153013
16500 0.005020253
