0 3.2627993
100 0.68680996
200 0.25216883
300 0.14069586
400 0.07749616
500 0.08106771
600 0.5587878
700 0.19980468
800 0.13063471
900 0.14342374
1000 0.3060052
1100 0.030343132
1200 0.027024928
1300 0.5066869
1400 0.1807514
1500 0.05945635
1600 0.015213716
1700 0.10034637
1800 0.018145483
1900 0.03246648
2000 0.014297608
2100 0.024240138
2200 0.05657497
2300 0.067985386
2400 0.0026812719
2500 0.07041706
2600 0.036102936
2700 0.009662833
2800 0.07545596
2900 0.052016668
3000 0.04563061
3100 0.015404094
3200 0.13015592
3300 0.032802023
3400 0.089260474
3500 0.3299033
3600 0.004083292
3700 0.05267563
3800 0.006042434
3900 0.0038234068
4000 0.003726016
4100 0.002790399
4200 0.048013132
4300 0.024981424
4400 0.0018853892
4500 0.02078787
4600 0.005887275
4700 0.016795725
4800 0.16413589
4900 0.08598391
5000 0.016892621
5100 0.016316604
5200 0.004960767
5300 0.18133833
5400 0.007932602
5500 0.010075574
5600 0.042267308
5700 0.050584972
5800 0.09656694
5900 0.0027811006
6000 0.03539541
6100 0.02109468
6200 0.010908086
6300 0.015389694
6400 0.0033159712
6500 0.02140617
6600 0.016736679
6700 0.0027800803
6800 0.07263746
6900 0.02107738
7000 0.015437624
7100 0.0016450974
7200 0.0015669224
7300 0.002291058
7400 0.00063062645
7500 0.0073367096
7600 0.008161784
7700 0.001503292
7800 0.0052752174
7900 0.028993664
8000 0.0023708001
8100 0.002326222
8200 0.052660756
8300 0.010869786
8400 0.04650744
8500 0.0023037798
8600 0.0049081114
8700 0.0073123905
8800 0.0679757
8900 0.018297987
9000 0.0062397607
9100 0.006359962
9200 0.06089583
9300 0.0035236499
9400 0.011738619
9500 0.0011126432
9600 0.022078827
9700 0.005578639
9800 0.0011759542
9900 0.011923622
10000 0.002053056
10100 0.009423619
10200 0.0014398484
10300 0.006673613
10400 0.0030669244
10500 0.0054799886
10600 0.0014565089
10700 0.0013516946
10800 0.00062721537
10900 0.00051080005
11000 0.0055863904
11100 0.005735072
11200 0.0072176545
11300 0.0007736315
11400 0.024991186
11500 0.003842289
11600 0.0027512198
11700 0.0008448204
11800 0.003166288
11900 0.0045844745
12000 0.015435448
12100 0.00066745083
12200 0.0031946169
12300 0.0005233191
12400 0.0011821755
12500 0.0030315674
12600 0.0006649554
12700 0.0032178797
12800 0.0032638968
12900 0.0011868854
13000 0.0020582483
13100 0.00077285763
13200 0.0013670523
13300 0.003785199
13400 0.002297447
13500 0.0016032435
13600 0.00040012886
13700 0.0027383496
13800 0.0007461947
13900 0.0012200219
14000 0.0017263067
14100 0.00050032395
14200 0.004998659
14300 0.0015571942
14400 0.00047384808
14500 0.0034557711
14600 0.00033190753
14700 0.0024652786
14800 0.0008463932
14900 0.00031639717
15000 0.0013175282
15100 0.0025122417
15200 0.005909436
15300 0.0031573335
15400 0.0019465942
15500 6.728047e-05
15600 0.00017211707
15700 0.0006941203
15800 7.5596625e-05
15900 0.00041749462
16000 0.0003221542
16100 0.002740938
16200 0.0007898525
16300 0.0009479111
16400 0.00041694893
16500 0.003479774
