0 5.356613
100 1.6022081
200 1.3995695
300 1.3024493
400 1.2273452
500 1.2878271
600 1.4719021
700 1.3177376
800 1.181381
900 1.2661328
1000 1.2091607
1100 1.1350758
1200 1.0968059
1300 1.2790393
1400 1.2812675
1500 1.1771201
1600 1.0737745
1700 1.2666285
1800 1.0902416
1900 1.1220014
2000 1.0743737
2100 1.080484
2200 1.1235535
2300 1.1454484
2400 1.0169084
2500 1.1382046
2600 1.1310279
2700 1.0481578
2800 1.1508132
2900 1.1756259
3000 1.1832306
3100 1.0739206
3200 1.1274695
3300 1.1281421
3400 1.0783304
3500 1.197902
3600 1.0248685
3700 1.1364071
3800 1.0326836
3900 1.0251809
4000 1.0211895
4100 1.0176694
4200 1.0836438
4300 1.0895789
4400 1.0124764
4500 1.0762517
4600 1.0337644
4700 1.0493894
4800 1.0429475
4900 1.054724
5000 1.0744927
5100 1.0687798
5200 1.0281439
5300 1.0325778
5400 1.0389006
5500 1.0511672
5600 1.0703957
5700 1.1282881
5800 1.1484267
5900 1.0175834
6000 1.045063
6100 1.0840966
6200 1.056243
6300 1.0666473
6400 1.0205486
6500 1.0788814
6600 1.0693761
6700 1.0178204
6800 1.1841463
6900 1.041394
7000 1.0649707
7100 1.010299
7200 1.0103425
7300 1.0130177
7400 1.0045344
7500 1.030837
7600 1.0279462
7700 1.0095015
7800 1.0232366
7900 1.0609033
8000 1.0137944
8100 1.0149252
8200 1.0903637
8300 1.0488979
8400 1.1359501
8500 1.0128398
8600 1.0269806
8700 1.0363908
8800 1.0337945
8900 1.0436313
9000 1.0321128
9100 1.0359883
9200 1.0913666
9300 1.0183331
9400 1.0498458
9500 1.0070657
9600 1.1024885
9700 1.0252028
9800 1.0079427
9900 1.0651859
10000 1.0130187
10100 1.0419486
10200 1.0086912
10300 1.027187
10400 1.0169286
10500 1.0289365
10600 1.0085014
10700 1.0094151
10800 1.0046905
10900 1.0039053
11000 1.0279423
11100 1.0277022
11200 1.0307863
11300 1.0048988
11400 1.04403
11500 1.0228293
11600 1.0154908
11700 1.0053668
11800 1.0170466
11900 1.023211
12000 1.065093
12100 1.0048646
12200 1.0133951
12300 1.003892
12400 1.0059189
12500 1.014591
12600 1.0044872
12700 1.0176133
12800 1.0180111
12900 1.0080189
13000 1.0104189
13100 1.0045369
13200 1.0089538
13300 1.0198632
13400 1.0146478
13500 1.010266
13600 1.0032096
13700 1.0170844
13800 1.0057085
13900 1.0075811
14000 1.0100226
14100 1.0036618
14200 1.0255938
14300 1.0103115
14400 1.0033215
14500 1.0183282
14600 1.0024292
14700 1.0131128
14800 1.0053682
14900 1.0024356
15000 1.0085851
15100 1.0151157
15200 1.0269452
15300 1.0190262
15400 1.0122612
15500 1.000637
15600 1.0014073
15700 1.0047101
15800 1.0006865
15900 1.0028491
16000 1.002305
16100 1.015533
16200 1.005433
16300 1.0062819
16400 1.0031753
16500 1.0197331
