0 0.0625
100 0.25
200 0.4375
300 0.28125
400 0.46875
500 0.34375
600 0.28125
700 0.3125
800 0.4375
900 0.34375
1000 0.46875
1100 0.34375
1200 0.46875
1300 0.40625
1400 0.46875
1500 0.53125
1600 0.46875
1700 0.3125
1800 0.46875
1900 0.53125
2000 0.4375
2100 0.34375
2200 0.25
2300 0.375
2400 0.34375
2500 0.34375
2600 0.40625
2700 0.375
2800 0.3125
2900 0.34375
3000 0.375
3100 0.375
3200 0.3125
3300 0.40625
3400 0.46875
3500 0.5625
3600 0.46875
3700 0.5
3800 0.625
3900 0.375
4000 0.5
4100 0.4375
4200 0.59375
4300 0.375
4400 0.5
4500 0.34375
4600 0.59375
4700 0.59375
4800 0.5
4900 0.46875
5000 0.5
5100 0.5625
5200 0.5625
5300 0.59375
5400 0.53125
5500 0.59375
5600 0.46875
5700 0.46875
5800 0.4375
5900 0.625
6000 0.59375
6100 0.65625
6200 0.625
6300 0.625
6400 0.53125
6500 0.5625
6600 0.5
6700 0.65625
6800 0.53125
6900 0.8125
7000 0.5625
7100 0.5625
7200 0.65625
7300 0.53125
7400 0.59375
7500 0.5625
7600 0.5625
7700 0.65625
7800 0.59375
7900 0.5625
8000 0.4375
8100 0.65625
8200 0.6875
8300 0.59375
8400 0.59375
8500 0.8125
8600 0.5
8700 0.53125
8800 0.59375
8900 0.65625
9000 0.59375
9100 0.5
9200 0.59375
9300 0.6875
9400 0.5625
9500 0.53125
9600 0.625
9700 0.59375
9800 0.5625
9900 0.65625
10000 0.59375
10100 0.65625
10200 0.59375
10300 0.59375
10400 0.46875
10500 0.65625
10600 0.59375
10700 0.40625
10800 0.625
10900 0.75
11000 0.75
11100 0.6875
11200 0.5625
11300 0.71875
11400 0.71875
11500 0.71875
11600 0.71875
11700 0.5625
11800 0.5625
11900 0.5625
12000 0.65625
12100 0.5625
12200 0.75
12300 0.65625
12400 0.8125
12500 0.75
12600 0.46875
12700 0.625
12800 0.78125
12900 0.75
13000 0.75
13100 0.71875
13200 0.78125
13300 0.6875
13400 0.5625
13500 0.75
13600 0.84375
13700 0.71875
13800 0.78125
13900 0.59375
14000 0.65625
14100 0.75
14200 0.71875
14300 0.71875
14400 0.75
14500 0.75
14600 0.71875
14700 0.6875
14800 0.625
14900 0.78125
15000 0.8125
15100 0.75
15200 0.6875
15300 0.71875
15400 0.90625
15500 0.8125
15600 0.75
15700 0.59375
15800 0.8125
15900 0.6875
16000 0.78125
16100 0.875
16200 0.8125
16300 0.78125
16400 0.75
16500 0.71875
16600 0.8125
16700 0.6875
16800 0.875
16900 0.71875
17000 0.84375
17100 0.875
17200 0.75
17300 0.875
17400 0.78125
17500 0.71875
17600 0.71875
17700 0.71875
17800 0.8125
17900 0.6875
18000 0.84375
18100 0.84375
18200 0.71875
18300 0.75
18400 0.8125
18500 0.90625
18600 0.84375
18700 0.90625
18800 0.84375
18900 0.875
19000 0.84375
19100 0.84375
19200 0.78125
19300 0.84375
19400 0.875
19500 0.78125
19600 0.78125
19700 0.78125
19800 0.75
19900 0.90625
20000 0.84375
20100 0.84375
20200 0.875
20300 0.875
20400 0.875
20500 0.84375
20600 0.8125
20700 0.875
20800 0.8125
20900 0.9375
21000 0.8125
21100 0.8125
21200 0.90625
21300 0.75
21400 0.75
21500 0.8125
21600 1.0
21700 0.84375
21800 0.84375
21900 0.9375
22000 0.84375
22100 0.8125
22200 0.875
22300 0.90625
22400 0.8125
22500 0.8125
22600 0.71875
22700 0.875
22800 0.875
22900 0.875
23000 0.78125
23100 0.84375
23200 0.84375
23300 0.9375
23400 0.84375
23500 0.875
23600 0.8125
23700 0.90625
23800 0.90625
