0 3.4436572
100 4.9486613
200 3.4255798
300 3.6624641
400 2.4648337
500 2.4755857
600 3.5906537
700 2.9680705
800 2.8477979
900 2.3378782
1000 2.3270164
1100 3.2670588
1200 1.994928
1300 2.969307
1400 2.7063084
1500 3.0701535
1600 2.4482114
1700 3.8312523
1800 2.1652339
1900 2.64725
2000 3.2159064
2100 3.4620585
2200 4.316845
2300 4.673211
2400 4.327264
2500 2.7674425
2600 2.9862757
2700 2.8782656
2800 2.6288295
2900 2.8522704
3000 3.158768
3100 2.913913
3200 3.6447582
3300 2.7129471
3400 2.2630131
3500 2.0499086
3600 2.4465127
3700 2.2800357
3800 2.1097152
3900 3.1151066
4000 2.1635163
4100 2.2261384
4200 2.0176125
4300 2.5930994
4400 2.381065
4500 2.7521665
4600 1.9403696
4700 1.6841298
4800 2.029455
4900 1.7772138
5000 2.4120557
5100 2.3411531
5200 1.7839584
5300 2.2079096
5400 1.6228273
5500 1.9759637
5600 2.6066334
5700 2.1666868
5800 1.7743124
5900 1.598911
6000 1.613913
6100 1.6836632
6200 1.4521438
6300 1.82955
6400 1.8143506
6500 2.247686
6600 1.8786838
6700 1.5605878
6800 2.0030568
6900 1.2113005
7000 1.6932174
7100 1.520883
7200 1.7654603
7300 1.7868907
7400 1.7688243
7500 2.3685942
7600 1.6188455
7700 1.702868
7800 1.6513267
7900 1.804372
8000 2.1052027
8100 1.416756
8200 1.432676
8300 1.9193348
8400 1.7022678
8500 1.0419763
8600 1.986278
8700 1.7756449
8800 1.4136527
8900 1.6677581
9000 1.7697713
9100 1.9551703
9200 1.7028714
9300 1.1716076
9400 1.4526068
9500 1.401527
9600 1.8382273
9700 1.402885
9800 1.807767
9900 1.4909816
10000 2.131914
10100 1.82034
10200 1.6904635
10300 1.3957552
10400 1.755084
10500 2.3319407
10600 1.8087903
10700 2.0393193
10800 1.2943119
10900 1.2893617
11000 1.2022071
11100 1.4043453
11200 1.4653804
11300 1.5125672
11400 1.3397143
11500 1.2477119
11600 0.9747951
11700 1.4665004
11800 1.7927763
11900 1.4982628
12000 1.3444972
12100 1.857135
12200 0.9266369
12300 1.4534539
12400 0.7527309
12500 1.3654135
12600 1.5867673
12700 1.4075282
12800 1.1675336
12900 1.0658721
13000 1.040098
13100 1.3362888
13200 0.92072916
13300 1.1665127
13400 1.3425882
13500 1.0861074
13600 0.9379497
13700 1.0881344
13800 0.97574323
13900 1.3153228
14000 1.2580024
14100 0.9563827
14200 1.1598316
14300 1.226554
14400 0.9067027
14500 1.2593675
14600 0.8752916
14700 1.4091954
14800 1.1535466
14900 1.130629
15000 0.84793913
15100 0.9242953
15200 0.90493536
15300 1.0919784
15400 0.6321066
15500 0.7582678
15600 1.0474381
15700 1.258353
15800 0.62743795
15900 1.0614289
16000 0.8292854
16100 0.7805305
16200 0.8516772
16300 0.9224697
16400 1.2015872
16500 0.9723471
16600 0.9809041
16700 1.0601422
16800 0.893705
16900 1.0042098
17000 0.7497277
17100 0.55601484
17200 1.1861647
17300 0.57464653
17400 1.0131931
17500 1.1899589
17600 1.182097
17700 1.2559948
17800 1.0804722
17900 1.07067
18000 0.78160954
18100 0.8209818
18200 1.1047312
18300 1.0957279
18400 0.7714913
18500 0.5823018
18600 1.0440552
18700 0.70960104
18800 0.65470845
18900 0.65375954
19000 0.5739553
19100 0.8265596
19200 0.997083
19300 0.8656212
19400 0.62987304
19500 0.8281364
19600 0.8057205
19700 0.782222
19800 0.84598136
19900 0.7608908
20000 0.65601885
20100 0.95222974
20200 0.8068983
20300 0.65364206
20400 0.7014626
20500 0.8102542
20600 0.69885397
20700 0.63779265
20800 0.8746597
20900 0.53196007
21000 0.9524174
21100 0.71291333
21200 0.5564791
21300 1.0185148
21400 0.90903956
21500 0.7038858
21600 0.52139926
21700 0.57283396
21800 0.6920907
21900 0.55256623
22000 0.9095428
22100 0.93876535
22200 0.64378345
22300 0.74804574
22400 0.9269819
22500 0.7891969
22600 1.0399697
22700 0.70835614
22800 0.74556416
22900 0.7380804
23000 0.9625315
23100 0.6306872
23200 0.95768607
23300 0.43874046
23400 0.92659867
23500 0.6648556
23600 0.8540227
23700 0.6604252
23800 0.61779976
