0 2.3869612
100 3.4301507
200 2.374431
300 2.5386267
400 1.7084926
500 1.7159452
600 2.4888515
700 2.0573096
800 1.973943
900 1.6204937
1000 1.6129649
1100 2.2645526
1200 1.3827788
1300 2.0581667
1400 1.87587
1500 2.1280682
1600 1.6969708
1700 2.6556218
1800 1.5008258
1900 1.8349339
2000 2.2290964
2100 2.3997161
2200 2.992209
2300 3.2392232
2400 2.9994307
2500 1.918245
2600 2.0699286
2700 1.9950616
2800 1.8221657
2900 1.9770432
3000 2.189491
3100 2.0197706
3200 2.5263538
3300 1.8804716
3400 1.5686011
3500 1.4208884
3600 1.6957934
3700 1.5804003
3800 1.4623431
3900 2.1592274
4000 1.4996352
4100 1.5430415
4200 1.3985023
4300 1.7973995
4400 1.6504284
4500 1.9076564
4600 1.3449618
4700 1.1673498
4800 1.406711
4900 1.2318708
5000 1.6719097
5100 1.6227638
5200 1.2365458
5300 1.5304064
5400 1.1248581
5500 1.3696337
5600 1.8067807
5700 1.5018328
5800 1.2298596
5900 1.1082807
6000 1.1186793
6100 1.1670264
6200 1.0065494
6300 1.2681475
6400 1.257612
6500 1.5579771
6600 1.3022044
6700 1.081717
6800 1.3884132
6900 0.8396095
7000 1.1736488
7100 1.0541958
7200 1.2237238
7300 1.2385783
7400 1.2260556
7500 1.6417843
7600 1.1220982
7700 1.1803381
7800 1.1446124
7900 1.2506953
8000 1.4592153
8100 0.98202044
8200 0.99305534
8300 1.3303815
8400 1.1799221
8500 0.72224295
8600 1.376783
8700 1.2307832
8800 0.97986937
8900 1.1560018
9000 1.226712
9100 1.3552208
9200 1.1803405
9300 0.8120965
9400 1.0068703
9500 0.9714645
9600 1.274162
9700 0.9724058
9800 1.2530487
9900 1.0334697
10000 1.47773
10100 1.2617636
10200 1.17174
10300 0.96746373
10400 1.2165315
10500 1.6163781
10600 1.253758
10700 1.4135485
10800 0.8971486
10900 0.89371747
11000 0.8333065
11100 0.973418
11200 1.0157243
11300 1.0484316
11400 0.92861915
11500 0.864848
11600 0.67567647
11700 1.0165006
11800 1.2426579
11900 1.0385166
12000 0.9319345
12100 1.2872679
12200 0.6422957
12300 1.0074575
12400 0.5217533
12500 0.9464326
12600 1.0998633
12700 0.9756242
12800 0.80927265
12900 0.73880625
13000 0.72094095
13100 0.92624485
13200 0.6382008
13300 0.808565
13400 0.93061125
13500 0.7528323
13600 0.6501372
13700 0.7542373
13800 0.67633367
13900 0.9117122
14000 0.8719808
14100 0.662914
14200 0.80393404
14300 0.8501825
14400 0.6284784
14500 0.872927
14600 0.6067059
14700 0.9767799
14800 0.79957753
14900 0.7836923
15000 0.5877466
15100 0.6406727
15200 0.6272534
15300 0.75690174
15400 0.4381429
15500 0.5255912
15600 0.7260288
15700 0.8722238
15800 0.43490684
15900 0.7357265
16000 0.5748168
16100 0.54102254
16200 0.59033763
16300 0.6394073
16400 0.83287674
16500 0.67397964
16600 0.6799109
16700 0.73483455
16800 0.6194691
16900 0.6960652
17000 0.5196717
17100 0.38540012
17200 0.8221867
17300 0.39831463
17400 0.70229197
17500 0.8248167
17600 0.8193672
17700 0.87058926
17800 0.7489263
17900 0.7421319
18000 0.54177046
18100 0.5690612
18200 0.76574135
18300 0.75950074
18400 0.534757
18500 0.40362087
18600 0.72368395
18700 0.49185795
18800 0.45380932
18900 0.45315158
19000 0.3978355
19100 0.5729275
19200 0.6911253
19300 0.6000029
19400 0.43659472
19500 0.5740204
19600 0.5584829
19700 0.54219496
19800 0.5863896
19900 0.5274093
20000 0.4547176
20100 0.6600354
20200 0.5592993
20300 0.45307016
20400 0.48621684
20500 0.5616254
20600 0.48440868
20700 0.4420842
20800 0.6062679
20900 0.36872664
21000 0.6601654
21100 0.4941539
21200 0.38572192
21300 0.7059806
21400 0.6300982
21500 0.48789644
21600 0.36140642
21700 0.39705825
21800 0.4797207
21900 0.38300973
22000 0.63044703
22100 0.65070254
22200 0.4462367
22300 0.5185058
22400 0.6425349
22500 0.5470296
22600 0.720852
22700 0.49099508
22800 0.5167857
22900 0.51159835
23000 0.667176
23100 0.43715903
23200 0.6638174
23300 0.30411172
23400 0.64226925
23500 0.4608428
23600 0.5919634
23700 0.45777187
23800 0.42822617
