0 9.677727
100 3.4134588
200 4.095289
300 3.9128208
400 3.952549
500 3.8911633
600 3.28573
700 3.7257438
800 3.7792106
900 3.6405585
1000 4.0913267
1100 3.866515
1200 3.8099742
1300 3.3234215
1400 3.2959445
1500 3.5434299
1600 3.380344
1700 2.9722524
1800 3.0292726
1900 3.3137207
2000 2.9154625
2100 2.6494908
2200 3.433725
2300 2.6991704
2400 3.0127769
2500 3.054553
2600 3.5874891
2700 3.166319
2800 3.69059
2900 3.6033692
3000 3.1565397
3100 3.3030787
3200 2.7435882
3300 3.6534863
3400 3.32296
3500 3.060692
3600 3.3141341
3700 3.941543
3800 2.8502655
3900 3.1190271
4000 3.3222542
4100 4.007706
4200 3.038856
4300 3.0960987
4400 3.1772819
4500 3.703607
4600 3.3184972
4700 3.5566406
4800 3.147882
4900 2.8746524
5000 3.4441943
5100 3.0465305
5200 3.204751
5300 3.066193
5400 3.4606829
5500 2.7037377
5600 2.7995234
5700 3.6746616
5800 3.9868813
5900 3.2764418
6000 3.2676992
6100 3.533636
6200 3.0746222
6300 3.6872172
6400 3.2585516
6500 3.4487052
6600 3.2425833
6700 3.2043087
6800 3.181598
6900 3.2966118
7000 3.4865317
7100 3.3604908
7200 3.3809505
7300 3.584197
7400 3.548211
7500 3.6209016
7600 3.474467
7700 3.137614
7800 3.1924636
7900 3.084473
8000 3.7197354
8100 3.2899494
8200 3.2702603
8300 3.4362102
8400 3.1842966
8500 2.8019176
8600 3.0308309
8700 3.049613
8800 3.4426494
8900 2.7054737
9000 2.8034022
9100 3.7111795
9200 2.891717
9300 2.894508
9400 3.4214044
9500 3.1347623
9600 2.6637826
9700 2.5228708
9800 3.1032164
9900 3.1040838
10000 3.2767532
10100 2.9866219
10200 2.8563547
10300 3.1459367
10400 3.2687514
10500 2.905434
10600 3.263823
10700 2.9267697
10800 2.8486485
10900 3.1318734
11000 2.7182584
11100 3.105032
11200 3.5899858
11300 3.0312386
11400 2.8496368
11500 3.0533357
11600 2.9047492
11700 2.900137
11800 3.1088295
11900 3.1329498
12000 2.7973208
12100 2.9592988
12200 2.8590336
12300 3.5838337
12400 2.770265
12500 2.93484
12600 3.1725273
12700 2.7278836
12800 2.9299126
12900 2.765237
13000 2.883737
13100 3.1265368
13200 2.5986557
13300 3.2635636
13400 3.0887113
13500 2.9912612
13600 2.741245
13700 2.3937888
13800 2.7199526
13900 2.8460114
14000 2.7684808
14100 2.995907
14200 2.7188072
14300 3.119059
14400 2.8050723
14500 2.8611112
14600 2.344946
14700 2.8591404
14800 2.5441678
14900 2.7007573
15000 2.709898
15100 2.8725424
15200 2.5083027
15300 2.6370285
15400 2.6421115
15500 2.5251505
15600 3.1065984
15700 2.9716291
15800 2.113407
15900 2.9266474
16000 2.6035395
16100 2.6946337
16200 2.457749
16300 2.61796
16400 3.0434625
16500 2.8332443
16600 2.5710115
16700 2.656067
16800 2.769775
16900 2.569824
17000 2.3533773
17100 2.1803246
17200 2.8007464
17300 2.343234
17400 2.315084
17500 2.8759594
17600 2.8592393
17700 2.6835248
17800 2.8208585
17900 2.9167318
18000 2.374191
18100 2.556467
18200 3.1197727
18300 2.2100239
18400 2.3814538
18500 2.5038948
18600 2.6042547
18700 2.8402033
18800 2.456068
18900 2.127618
19000 2.010379
19100 2.582628
19200 2.8387177
19300 2.8622317
19400 2.4251046
19500 2.4307466
19600 2.2258363
19700 2.4404926
19800 2.634444
19900 2.6799016
20000 2.3574753
20100 2.7664769
20200 2.3088107
20300 2.213123
20400 2.5952122
20500 2.5356853
20600 2.3743582
20700 2.4569836
20800 2.5626078
20900 2.2094243
21000 2.7283206
21100 2.3979926
21200 2.147173
21300 2.7361214
21400 2.5863137
21500 2.4645777
21600 2.4547696
21700 2.1912827
21800 2.1396778
21900 2.3749213
22000 2.663141
22100 2.355816
22200 2.3229597
22300 2.5411263
22400 2.776798
22500 2.5678923
22600 2.5085874
22700 2.353148
22800 2.316826
22900 2.5762296
23000 2.5723648
23100 2.5257564
23200 2.4895563
23300 2.1630995
23400 2.5068793
23500 2.7534223
23600 2.5611444
23700 2.258663
23800 2.481081
