0 4.9812455
100 0.58129126
200 0.2337768
300 0.08622474
400 0.040380456
500 0.11773616
600 0.07177036
700 0.0941467
800 0.20450012
900 0.052426286
1000 0.010914337
1100 0.16556406
1200 0.068342134
1300 0.14989296
1400 0.07927301
1500 0.2367585
1600 0.036349725
1700 0.013140485
1800 0.057221673
1900 0.02604898
2000 0.12291233
2100 0.18491717
2200 0.018860208
2300 0.008751587
2400 0.10238412
2500 0.21761006
2600 0.02093672
2700 0.0082568955
2800 0.011357799
2900 0.027028795
3000 0.012852519
3100 0.019580647
3200 0.04740969
3300 0.0074689686
3400 0.03610802
3500 0.0381666
3600 0.016185159
3700 0.010008822
3800 0.015526438
3900 0.08761751
4000 0.033088796
4100 0.0108643705
4200 0.031781927
4300 0.005197156
4400 0.10087761
4500 0.013809666
4600 0.01002041
4700 0.12562975
4800 0.12657273
4900 0.10783427
5000 0.02940151
5100 0.2431695
5200 0.004265768
5300 0.021173567
5400 0.010375478
5500 0.025090672
5600 0.016011115
5700 0.023827644
5800 0.0026755007
5900 0.0030061624
6000 0.05039511
6100 0.0070086024
6200 0.0014715869
6300 0.0038928392
6400 0.010267104
6500 0.026809953
6600 0.010092767
6700 0.0196505
6800 0.008438332
6900 0.0038232568
7000 0.0033893515
7100 0.0075567784
7200 0.005950546
7300 0.12566797
7400 0.021377333
7500 0.0011638857
7600 0.019633444
7700 0.0004601297
7800 0.02628925
7900 0.019595176
8000 0.0033166318
8100 0.008591929
8200 0.025423676
8300 0.01614746
8400 0.0076655895
8500 0.016041078
8600 0.0047613857
8700 0.0017486154
8800 0.0072075007
8900 0.010324118
9000 0.0030744264
9100 0.002135772
9200 0.003132228
9300 0.0015640814
9400 0.0027579896
9500 0.00155523
9600 0.0011918376
9700 0.0044750627
9800 0.0022817648
9900 0.024009181
10000 0.003351007
10100 0.0017334148
10200 0.022835659
10300 0.24396864
10400 0.003846234
10500 0.008781435
10600 0.0016589192
10700 0.0019431058
10800 0.011785223
10900 0.0023103699
11000 0.0006705834
11100 0.0061814277
11200 0.0004079817
11300 0.012518498
11400 0.012126226
11500 0.0034086572
11600 0.0015404206
