0 3.1484103
100 1.862838
200 1.5090891
300 1.366445
400 1.1491568
500 1.3712796
600 1.2454035
700 1.1988692
800 1.4801767
900 1.1889536
1000 1.0628668
1100 1.219151
1200 1.2537909
1300 1.3847507
1400 1.1170835
1500 1.212206
1600 1.1376892
1700 1.0683622
1800 1.2347085
1900 1.1149285
2000 1.0407943
2100 1.0758489
2200 1.0987501
2300 1.0519215
2400 1.1972246
2500 1.1161649
2600 1.0935143
2700 1.0402155
2800 1.0557764
2900 1.104538
3000 1.0677333
3100 1.0819569
3200 1.1545641
3300 1.0454676
3400 1.1390717
3500 1.089376
3600 1.0732303
3700 1.0526987
3800 1.0749714
3900 1.0883731
4000 1.1402853
4100 1.0575284
4200 1.1185926
4300 1.0292053
4400 1.2143744
4500 1.0575836
4600 1.0480428
4700 1.0720029
4800 1.075964
4900 1.0607555
5000 1.0808905
5100 1.07658
5200 1.0240363
5300 1.0816123
5400 1.0347862
5500 1.0507916
5600 1.0591002
5700 1.1074076
5800 1.017259
5900 1.0153065
6000 1.16376
6100 1.0382522
6200 1.0096594
6300 1.0231581
6400 1.05018
6500 1.0578682
6600 1.0515438
6700 1.0730156
6800 1.0417624
6900 1.0174992
7000 1.0194988
7100 1.0420161
7200 1.0345507
7300 1.0662545
7400 1.0986165
7500 1.0082358
7600 1.0760616
7700 1.0038192
7800 1.0492889
7900 1.0842936
8000 1.0194736
8100 1.0482198
8200 1.0835025
8300 1.0592778
8400 1.0372789
8500 1.0807589
8600 1.0249546
8700 1.0099169
8800 1.041938
8900 1.0486597
9000 1.0185819
9100 1.0140371
9200 1.0183786
9300 1.0099866
9400 1.015095
9500 1.0104234
9600 1.0080335
9700 1.0233564
9800 1.0142522
9900 1.0587339
10000 1.0159141
10100 1.0103111
10200 1.0625017
10300 1.0771717
10400 1.0233018
10500 1.0282755
10600 1.0105402
10700 1.0118241
10800 1.0557355
10900 1.0138465
11000 1.0050337
11100 1.0293164
11200 1.0033959
11300 1.0575173
11400 1.0539478
11500 1.0182722
11600 1.0101571
