0 0.0
100 0.21875
200 0.375
300 0.4375
400 0.34375
500 0.46875
600 0.40625
700 0.40625
800 0.34375
900 0.46875
1000 0.46875
1100 0.5
1200 0.46875
1300 0.375
1400 0.53125
1500 0.34375
1600 0.5625
1700 0.5625
1800 0.5
1900 0.59375
2000 0.625
2100 0.46875
2200 0.46875
2300 0.53125
2400 0.53125
2500 0.4375
2600 0.46875
2700 0.40625
2800 0.40625
2900 0.625
3000 0.5
3100 0.5625
3200 0.4375
3300 0.5625
3400 0.53125
3500 0.625
3600 0.34375
3700 0.625
3800 0.46875
3900 0.625
4000 0.71875
4100 0.5625
4200 0.5625
4300 0.5
4400 0.59375
4500 0.6875
4600 0.6875
4700 0.625
4800 0.71875
4900 0.71875
5000 0.625
5100 0.65625
5200 0.78125
5300 0.71875
5400 0.65625
5500 0.4375
5600 0.65625
5700 0.75
5800 0.65625
5900 0.53125
6000 0.59375
6100 0.5625
6200 0.5625
6300 0.59375
6400 0.59375
6500 0.625
6600 0.46875
6700 0.59375
6800 0.5625
6900 0.71875
7000 0.625
7100 0.40625
7200 0.6875
7300 0.4375
7400 0.53125
7500 0.4375
7600 0.59375
7700 0.5625
7800 0.6875
7900 0.65625
8000 0.6875
8100 0.5
8200 0.59375
8300 0.5625
8400 0.71875
8500 0.78125
8600 0.5625
8700 0.8125
8800 0.625
8900 0.78125
9000 0.6875
9100 0.71875
9200 0.78125
9300 0.59375
9400 0.59375
9500 0.625
9600 0.6875
9700 0.65625
9800 0.65625
9900 0.59375
10000 0.71875
10100 0.71875
10200 0.5625
10300 0.59375
10400 0.625
10500 0.6875
10600 0.65625
10700 0.75
10800 0.65625
10900 0.5625
11000 0.75
11100 0.59375
11200 0.65625
11300 0.59375
11400 0.65625
11500 0.6875
11600 0.75
11700 0.53125
11800 0.6875
11900 0.75
12000 0.5625
12100 0.6875
12200 0.71875
12300 0.75
12400 0.6875
12500 0.75
12600 0.71875
12700 0.6875
12800 0.65625
12900 0.75
13000 0.71875
13100 0.625
13200 0.65625
13300 0.625
13400 0.65625
13500 0.71875
13600 0.625
13700 0.75
13800 0.75
13900 0.6875
14000 0.8125
14100 0.75
14200 0.65625
14300 0.78125
14400 0.625
14500 0.625
14600 0.5625
14700 0.75
14800 0.78125
14900 0.625
15000 0.78125
15100 0.71875
15200 0.5625
15300 0.59375
15400 0.75
15500 0.75
15600 0.75
15700 0.71875
15800 0.75
15900 0.8125
16000 0.875
16100 0.84375
16200 0.625
16300 0.78125
16400 0.78125
16500 0.84375
16600 0.84375
16700 0.75
16800 0.6875
16900 0.59375
17000 0.75
17100 0.78125
17200 0.75
17300 0.75
17400 0.8125
17500 0.65625
17600 0.65625
17700 0.625
17800 0.71875
17900 0.71875
18000 0.6875
18100 0.71875
18200 0.78125
18300 0.65625
18400 0.78125
18500 0.8125
18600 0.8125
18700 0.71875
18800 0.71875
18900 0.75
19000 0.84375
19100 0.8125
19200 0.65625
19300 0.75
19400 0.625
19500 0.6875
19600 0.84375
