0 3.467273
100 3.544572
200 2.672574
300 2.3578525
400 2.268442
500 2.0171542
600 2.3839688
700 2.4519129
800 2.3776546
900 2.1150084
1000 2.2792485
1100 1.9339836
1200 2.1637597
1300 2.6125891
1400 1.9026525
1500 2.6378517
1600 1.8754834
1700 2.1709328
1800 2.0991542
1900 2.104733
2000 1.6770326
2100 2.3029935
2200 1.9542258
2300 1.5694638
2400 2.056028
2500 2.2568066
2600 2.500071
2700 2.1270006
2800 2.275971
2900 1.3887686
3000 1.8367912
3100 1.8168502
3200 2.0287411
3300 2.0531435
3400 1.8899105
3500 1.4616202
3600 2.3962963
3700 2.013853
3800 2.1668835
3900 1.6098183
4000 1.5286558
4100 1.7904899
4200 1.7893102
4300 1.9883745
4400 2.0106754
4500 1.8142722
4600 1.7883705
4700 1.473472
4800 1.3581411
4900 1.4422334
5000 1.6052684
5100 1.2890822
5200 1.3525226
5300 1.2145892
5400 1.6065247
5500 2.1130173
5600 1.685119
5700 1.4640484
5800 1.8947504
5900 1.7690271
6000 1.8679161
6100 1.7986203
6200 1.8872597
6300 1.6791397
6400 1.5004638
6500 1.4812238
6600 1.9341537
6700 1.9391776
6800 1.5980356
6900 1.7961102
7000 1.9637058
7100 2.324668
7200 1.3069564
7300 1.9056714
7400 1.7162933
7500 2.0562387
7600 1.563959
7700 1.5021764
7800 1.4097981
7900 1.6159018
8000 1.6803441
8100 1.8647263
8200 1.5847169
8300 1.5953822
8400 1.4198331
8500 1.2646126
8600 1.5826733
8700 1.0512594
8800 1.7286329
8900 1.0340511
9000 1.5198728
9100 1.279228
9200 1.1235517
9300 1.3555229
9400 1.5226213
9500 1.5992868
9600 1.1544776
9700 1.4695355
9800 1.7465923
9900 1.5328981
10000 1.4754932
10100 1.4217409
10200 1.7634063
10300 1.7551435
10400 1.515653
10500 1.2414764
10600 1.5189867
10700 1.0597488
10800 1.3528416
10900 1.7747147
11000 1.0669817
11100 1.5766308
11200 1.4676688
11300 1.4316634
11400 1.516682
11500 1.47821
11600 1.287618
11700 1.9420878
11800 1.2782036
11900 1.0920209
12000 1.5920244
12100 1.5525432
12200 1.4098523
12300 1.3080997
12400 1.3180486
12500 0.94929004
12600 1.1205348
12700 1.2149407
12800 1.3413724
12900 1.1346925
13000 1.3386612
13100 1.489968
13200 1.3355086
13300 1.5862483
13400 1.3880411
13500 1.5039986
13600 1.6824031
13700 1.3398464
13800 1.193651
13900 1.4114091
14000 0.8957312
14100 1.0473173
14200 1.3691754
14300 1.0589488
14400 1.3017377
14500 1.4671978
14600 1.3599843
14700 1.2475351
14800 1.0563865
14900 1.3703594
15000 1.0300851
15100 1.3006517
15200 1.5924771
15300 1.3835739
15400 1.3318474
15500 1.3738265
15600 1.1565274
15700 1.2730123
15800 1.0491849
15900 0.9028886
16000 1.0968891
16100 1.0457116
16200 1.4882197
16300 0.8349018
16400 1.0944743
16500 1.1769552
16600 0.87982816
16700 1.2954665
16800 1.1093564
16900 1.6732613
17000 1.1458023
17100 1.1089351
17200 1.0348283
17300 1.6411412
17400 1.0140613
17500 1.4657372
17600 1.4476712
17700 1.223111
17800 1.4429338
17900 1.309601
18000 1.5428987
18100 1.107175
18200 0.9368023
18300 1.3585675
18400 0.99794704
18500 0.97792107
18600 1.081311
18700 1.1091073
18800 1.1842998
18900 1.3075087
19000 0.8797695
19100 1.0325365
19200 1.2469124
19300 0.9517855
19400 1.3007665
19500 1.4082782
19600 0.96274537
