0 2.4033306
100 2.4569101
200 1.8524872
300 1.6343389
400 1.5723641
500 1.3981848
600 1.6524413
700 1.6995364
800 1.6480645
900 1.466012
1000 1.5798547
1100 1.3405353
1200 1.4998039
1300 1.8109088
1400 1.3188182
1500 1.8284194
1600 1.299986
1700 1.504776
1800 1.4550228
1900 1.4588897
2000 1.1624304
2100 1.5963135
2200 1.3545661
2300 1.0878694
2400 1.42513
2500 1.5642991
2600 1.7329172
2700 1.4743245
2800 1.5775828
2900 0.962621
3000 1.2731667
3100 1.2593446
3200 1.4062161
3300 1.4231306
3400 1.3099861
3500 1.0131179
3600 1.660986
3700 1.3958966
3800 1.5019691
3900 1.115841
4000 1.0595834
4100 1.241073
4200 1.2402554
4300 1.3782362
4400 1.393694
4500 1.2575576
4600 1.239604
4700 1.021333
4800 0.94139165
4900 0.99968004
5000 1.1126872
5100 0.89352363
5200 0.93749726
5300 0.84188914
5400 1.113558
5500 1.464632
5600 1.1680355
5700 1.014801
5800 1.3133409
5900 1.2261962
6000 1.2947408
6100 1.2467086
6200 1.3081487
6300 1.163891
6400 1.0400423
6500 1.0267061
6600 1.3406532
6700 1.3441355
6800 1.1076739
6900 1.2449687
7000 1.3611372
7100 1.6113371
7200 0.9059131
7300 1.3209107
7400 1.1896439
7500 1.425276
7600 1.0840538
7700 1.0412294
7800 0.97719765
7900 1.1200578
8000 1.1647258
8100 1.2925298
8200 1.0984421
8300 1.1058347
8400 0.9841533
8500 0.8765626
8600 1.0970255
8700 0.72867745
8800 1.198197
8900 0.71674955
9000 1.0534955
9100 0.88669324
9200 0.7787867
9300 0.93957686
9400 1.0554006
9500 1.1085411
9600 0.80022293
9700 1.0186044
9800 1.2106456
9900 1.062524
10000 1.0227339
10100 0.9854757
10200 1.2223
10300 1.2165728
10400 1.0505706
10500 0.8605259
10600 1.0528814
10700 0.73456186
10800 0.93771833
10900 1.2301385
11000 0.7395753
11100 1.0928372
11200 1.0173105
11300 0.99235344
11400 1.0512838
11500 1.0246171
11600 0.8925088
11700 1.3461527
11800 0.8859832
11900 0.7569312
12000 1.1035073
12100 1.0761409
12200 0.97723514
12300 0.9067057
12400 0.9136017
12500 0.6579977
12600 0.7766955
12700 0.8421327
12800 0.92976844
12900 0.786509
13000 0.9278892
13100 1.032767
13200 0.925704
13300 1.0995035
13400 0.9621168
13500 1.0424924
13600 1.166153
13700 0.9287107
13800 0.82737577
13900 0.9783143
14000 0.6208736
14100 0.725945
14200 0.94904006
14300 0.73400736
14400 0.9022958
14500 1.016984
14600 0.9426693
14700 0.8647254
14800 0.7322313
14900 0.94986075
15000 0.7140006
15100 0.901543
15200 1.103821
15300 0.9590204
15400 0.9231663
15500 0.952264
15600 0.8016437
15700 0.8823849
15800 0.7272396
15900 0.6258347
16000 0.7603056
16100 0.72483206
16200 1.0315553
16300 0.57870984
16400 0.75863177
16500 0.81580323
16600 0.6098504
16700 0.897949
16800 0.7689473
16900 1.1598164
17000 0.7942096
17100 0.76865524
17200 0.7172883
17300 1.1375524
17400 0.70289373
17500 1.0159717
17600 1.0034492
17700 0.84779596
17800 1.0001655
17900 0.9077462
18000 1.0694559
18100 0.7674352
18200 0.6493419
18300 0.9416872
18400 0.6917242
18500 0.6778432
18600 0.74950767
18700 0.76877457
18800 0.8208941
18900 0.906296
19000 0.60980976
19100 0.7156998
19200 0.86429375
19300 0.65972745
19400 0.90162265
19500 0.9761441
19600 0.66732424
