0 9.697137
100 5.339926
200 5.3652916
300 5.199754
400 4.977269
500 4.9034266
600 5.1953487
700 5.0187206
800 4.456598
900 4.7116528
1000 4.705495
1100 3.765144
1200 5.6942215
1300 5.0897675
1400 4.49832
1500 5.2450433
1600 4.695284
1700 4.4866595
1800 4.573702
1900 4.1554737
2000 4.4815583
2100 5.182014
2200 4.163211
2300 3.7767081
2400 4.773234
2500 4.2556868
2600 4.758502
2700 4.243864
2800 5.055855
2900 3.9350977
3000 4.5832105
3100 4.6187463
3200 4.460456
3300 3.3281467
3400 3.9691288
3500 3.8231971
3600 4.7996683
3700 3.9452872
3800 4.858246
3900 3.4372292
4000 4.2698364
4100 4.0090113
4200 3.8576515
4300 4.2924194
4400 3.8836398
4500 3.6657925
4600 4.098571
4700 3.665843
4800 3.6992698
4900 4.1757946
5000 3.643912
5100 3.5201845
5200 4.2131634
5300 3.9258232
5400 4.2546353
5500 4.3916407
5600 4.0441685
5700 3.868921
5800 3.8843012
5900 3.970252
6000 4.0184674
6100 3.808384
6200 4.1795025
6300 3.9829097
6400 3.4798925
6500 3.3339293
6600 4.273654
6700 4.491126
6800 3.6710382
6900 3.7335582
7000 4.305855
7100 4.3963823
7200 3.538532
7300 4.3759766
7400 3.966528
7500 3.9491706
7600 4.074362
7700 4.0983906
7800 4.030527
7900 3.1828952
8000 4.0716343
8100 4.376877
8200 3.8294501
8300 4.3887963
8400 3.2157094
8500 3.8013828
8600 3.7407606
8700 3.173523
8800 4.319335
8900 3.7389493
9000 4.009469
9100 4.0874376
9200 3.390104
9300 3.5933871
9400 3.67469
9500 4.6098304
9600 3.2523773
9700 3.6127753
9800 3.3656216
9900 3.9093487
10000 3.3676605
10100 3.275227
10200 3.1083102
10300 4.2307563
10400 3.5759459
10500 2.850208
10600 3.71349
10700 3.0464225
10800 3.146688
10900 3.505309
11000 3.547491
11100 3.5762868
11200 3.652784
11300 3.1717842
11400 3.593646
11500 3.2695525
11600 3.6119895
11700 3.732963
11800 3.5394855
11900 2.7799356
12000 3.6190925
12100 4.069036
12200 3.6586902
12300 3.516215
12400 3.6994615
12500 3.2997496
12600 3.0112321
12700 3.086012
12800 3.1430745
12900 3.721753
13000 3.3833277
13100 3.868001
13200 3.26657
13300 3.6635096
13400 3.9226437
13500 3.5974517
13600 4.0045724
13700 3.7369745
13800 2.626696
13900 3.4102747
14000 2.9685245
14100 3.1401973
14200 4.14202
14300 3.0087824
14400 3.1338031
14500 3.3966455
14600 3.8169508
14700 3.2398143
14800 3.5108578
14900 3.5253599
15000 3.2777379
15100 2.9666867
15200 3.7444527
15300 3.5960584
15400 3.3619685
15500 3.1204257
15600 3.3465018
15700 2.995573
15800 2.911036
15900 2.8840208
16000 3.3840697
16100 3.3565106
16200 3.3426628
16300 2.9898796
16400 3.1700187
16500 2.8713713
16600 3.2867799
16700 3.2029338
16800 3.0266557
16900 3.7254014
17000 3.5608654
17100 3.359746
17200 3.047068
17300 3.3773289
17400 3.3571212
17500 3.3972325
17600 3.3208141
17700 3.6059256
17800 3.4125543
17900 2.7955785
18000 3.3822584
18100 2.8224564
18200 2.888835
18300 3.2730126
18400 3.185739
18500 2.888578
18600 3.0353863
18700 3.021173
18800 2.7638273
18900 3.2618384
19000 2.8515992
19100 3.354375
19200 3.2698133
19300 2.8396895
19400 3.2746396
19500 3.1773481
19600 2.8258798
