0 0.01875
100 0.36562502
200 0.38750002
300 0.46874997
400 0.46875
500 0.47812498
600 0.5187501
700 0.478125
800 0.45937502
900 0.47187504
1000 0.4875
1100 0.446875
1200 0.490625
1300 0.46875
1400 0.515625
1500 0.553125
1600 0.43749997
1700 0.42500004
1800 0.48125002
1900 0.496875
2000 0.5
2100 0.490625
2200 0.48437503
2300 0.571875
2400 0.5375
2500 0.49374998
2600 0.50624996
2700 0.503125
2800 0.521875
2900 0.54375
3000 0.484375
3100 0.50624996
3200 0.48749998
3300 0.58437496
3400 0.496875
3500 0.521875
3600 0.50937504
3700 0.50625
3800 0.471875
3900 0.45625
4000 0.546875
4100 0.515625
4200 0.540625
4300 0.5749999
4400 0.53749996
4500 0.503125
4600 0.56562495
4700 0.53437495
4800 0.634375
4900 0.50625
5000 0.61875
5100 0.48125
5200 0.425
5300 0.50625
5400 0.50624996
5500 0.578125
5600 0.53749996
5700 0.52812505
5800 0.484375
5900 0.49375
6000 0.46875
6100 0.50624996
6200 0.503125
6300 0.55937505
6400 0.49062502
6500 0.534375
6600 0.6062499
6700 0.52500004
6800 0.47812507
6900 0.57500005
7000 0.515625
7100 0.52812505
7200 0.55
7300 0.559375
7400 0.50312495
7500 0.50312495
7600 0.453125
7700 0.553125
7800 0.54375
7900 0.528125
8000 0.54687506
8100 0.553125
8200 0.559375
8300 0.565625
8400 0.546875
8500 0.5
8600 0.596875
8700 0.55937505
8800 0.46875003
8900 0.49687496
9000 0.55625
9100 0.55625004
9200 0.534375
9300 0.53749996
9400 0.49375
9500 0.54687506
9600 0.590625
9700 0.575
9800 0.53125
9900 0.52187496
10000 0.478125
10100 0.528125
10200 0.5875
10300 0.5875
10400 0.4875
10500 0.521875
10600 0.515625
10700 0.503125
10800 0.603125
10900 0.54062504
11000 0.57812494
11100 0.534375
11200 0.515625
11300 0.48125
11400 0.528125
11500 0.5
11600 0.55312496
11700 0.48125
11800 0.48437503
11900 0.55
12000 0.55625004
12100 0.49687502
12200 0.51875
12300 0.540625
12400 0.503125
12500 0.45312506
12600 0.5375
12700 0.528125
12800 0.50625
12900 0.490625
13000 0.484375
13100 0.534375
13200 0.603125
13300 0.5
13400 0.53125006
13500 0.52500004
13600 0.521875
13700 0.50937504
13800 0.5125
13900 0.49375
14000 0.559375
14100 0.5125
14200 0.46562502
14300 0.56874996
14400 0.55625004
14500 0.48437503
14600 0.52812505
14700 0.52187496
14800 0.5625
14900 0.553125
15000 0.51874995
15100 0.55
15200 0.596875
15300 0.56875
15400 0.54375005
15500 0.5
15600 0.54375005
15700 0.553125
15800 0.471875
15900 0.51875
16000 0.59062505
16100 0.53749996
16200 0.546875
16300 0.42812502
16400 0.534375
16500 0.546875
16600 0.56249994
16700 0.503125
16800 0.55
16900 0.47499996
17000 0.546875
17100 0.565625
17200 0.49375
17300 0.515625
17400 0.515625
