0 4.82927
100 3.0973399
200 2.8775811
300 2.45106
400 2.5253732
500 2.3396723
600 2.2681797
700 2.5150814
800 2.525398
900 2.5841367
1000 2.4198966
1100 2.6034226
1200 2.5053296
1300 2.5751543
1400 2.4072664
1500 2.3283825
1600 2.3819385
1700 2.53457
1800 2.3249447
1900 2.253423
2000 2.322537
2100 2.4300199
2200 2.470569
2300 2.1599874
2400 2.179626
2500 2.4653022
2600 2.4009395
2700 2.2788005
2800 2.3284178
2900 2.1554377
3000 2.4380102
3100 2.3475623
3200 2.3476405
3300 1.896455
3400 2.3093998
3500 2.2675874
3600 2.4393733
3700 2.2504373
3800 2.3932827
3900 2.565373
4000 2.204952
4100 2.2645774
4200 2.1289074
4300 1.9898658
4400 2.250464
4500 2.2313166
4600 2.0058844
4700 2.171564
4800 1.8774061
4900 2.107208
5000 1.8215634
5100 2.3481011
5200 2.572951
5300 2.446774
5400 2.2173784
5500 1.9597365
5600 2.161069
5700 2.076365
5800 2.3367097
5900 2.3091512
6000 2.4494386
6100 2.340513
6200 2.354633
6300 2.2134945
6400 2.3655033
6500 2.1506474
6600 1.9016101
6700 2.1794937
6800 2.3649137
6900 2.038963
7000 2.3533857
7100 2.1192515
7200 2.1746666
7300 2.2912338
7400 2.3443491
7500 2.3348715
7600 2.5786605
7700 2.0312858
7800 1.9875282
7900 2.2854407
8000 2.0762506
8100 2.1650786
8200 2.1300473
8300 2.1250544
8400 2.068784
8500 2.334761
8600 2.055599
8700 2.136945
8800 2.533995
8900 2.3164062
9000 2.1685004
9100 2.209089
9200 2.3268583
9300 2.222522
9400 2.6026492
9500 2.1177025
9600 2.00593
9700 2.0144057
9800 2.0874104
9900 2.323538
10000 2.293663
10100 2.2003274
10200 1.89901
10300 1.9234768
10400 2.2284112
10500 2.4589605
10600 2.2336376
10700 2.298311
10800 1.9542682
10900 2.173912
11000 2.0518527
11100 2.2195108
11200 2.171626
11300 2.4933345
11400 2.3043196
11500 2.361896
11600 2.2144833
11700 2.3688416
11800 2.3887823
11900 2.1902282
12000 2.0775418
12100 2.2295203
12200 2.153562
12300 2.1653857
12400 2.3199608
12500 2.4941401
12600 2.3482945
12700 2.097065
12800 2.2082245
12900 2.4760315
13000 2.490254
13100 2.3100152
13200 1.9524127
13300 2.3742876
13400 2.2058957
13500 2.211556
13600 2.203126
13700 2.32385
13800 2.2673974
13900 2.3312433
14000 2.141056
14100 2.1500506
14200 2.4540286
14300 2.033542
14400 2.3058026
14500 2.4260142
14600 2.2726305
14700 2.1387274
14800 2.0738065
14900 2.240676
15000 2.219283
15100 2.166638
15200 1.8305616
15300 2.0911226
15400 2.308154
15500 2.473192
15600 2.175625
15700 2.1924953
15800 2.5558686
15900 2.3455305
16000 1.9685358
16100 2.1900148
16200 2.3324142
16300 2.656611
16400 2.2324014
16500 2.1042452
16600 2.0124078
16700 2.3350916
16800 2.1554804
16900 2.4042187
17000 2.1262102
17100 2.1088738
17200 2.3311374
17300 2.2536066
17400 2.1824768
