0 26.337889
100 10.408794
200 8.348669
300 8.197175
400 7.5723996
500 7.009535
600 7.014515
700 7.3435254
800 7.2073774
900 7.595825
1000 6.4880586
1100 7.1648216
1200 7.5237575
1300 6.931433
1400 6.9928937
1500 6.58181
1600 6.96319
1700 7.1135225
1800 6.701832
1900 6.4045935
2000 6.8477383
2100 6.955867
2200 6.8284974
2300 6.3318505
2400 6.4325023
2500 7.00612
2600 6.2875767
2700 6.5084248
2800 6.472257
2900 6.2349734
3000 6.527487
3100 6.5147696
3200 6.2179465
3300 6.2293487
3400 6.6546197
3500 6.693314
3600 6.3090754
3700 6.1476083
3800 6.8819923
3900 6.500141
4000 6.590423
4100 6.5612507
4200 6.2710986
4300 6.307708
4400 6.4823136
4500 6.483301
4600 5.6250334
4700 6.020462
4800 6.0263147
4900 6.169664
5000 5.94315
5100 6.5289164
5200 6.568551
5300 6.627338
5400 6.0806036
5500 6.0665393
5600 6.162914
5700 6.567637
5800 6.2337003
5900 6.0147414
6000 7.001602
6100 6.366674
6200 6.370286
6300 5.989828
6400 6.403135
6500 6.0950646
6600 6.145416
6700 6.7081165
6800 6.4465294
6900 6.5347977
7000 6.4257455
7100 6.294515
7200 6.4524455
7300 6.456993
7400 6.263045
7500 6.1839194
7600 7.0092793
7700 6.145623
7800 6.110343
7900 6.3317776
8000 5.944048
8100 6.0515165
8200 6.3631797
8300 6.289843
8400 5.78144
8500 6.379018
8600 6.350897
8700 6.5098796
8800 6.4085846
8900 6.246198
9000 6.507174
9100 6.0246673
9200 6.2180357
9300 6.729757
9400 6.533656
9500 6.235924
9600 6.089334
9700 6.156028
9800 6.066786
9900 6.6380563
10000 6.5389004
10100 6.278384
10200 6.0637813
10300 5.526353
10400 6.4672394
10500 6.712434
10600 6.5717006
10700 6.509743
10800 5.940648
10900 6.601757
11000 6.1336846
11100 6.399185
11200 6.346274
11300 6.5934954
11400 6.214608
11500 6.5202413
11600 6.0173874
11700 6.5150023
11800 6.37362
11900 5.969034
12000 6.434031
12100 6.26425
12200 5.7879543
12300 6.393588
12400 6.019556
12500 6.649357
12600 5.9710536
12700 5.7550406
12800 6.3359904
12900 6.1054497
13000 6.9169965
13100 6.3082914
13200 6.068042
13300 6.736599
13400 6.4212
13500 6.566513
13600 6.183893
13700 6.123797
13800 6.2774515
13900 5.921918
14000 6.032894
14100 6.218532
14200 6.810216
14300 6.3581815
14400 5.6918015
14500 6.68621
14600 6.400508
14700 6.080752
14800 6.2121954
14900 6.4759254
15000 6.459118
15100 5.4670873
15200 5.9470053
15300 6.0217094
15400 6.69372
15500 6.5567117
15600 6.227743
15700 6.3876123
15800 6.9633894
15900 6.60174
16000 6.024111
16100 6.224038
16200 6.097663
16300 7.390627
16400 6.268757
16500 6.442293
16600 6.072757
16700 6.2844915
16800 6.647373
16900 7.122036
17000 6.0353293
17100 6.2740407
17200 6.209741
17300 6.714373
17400 6.612387
