0 0.034375
100 0.35
200 0.39687502
300 0.4375
400 0.45625
500 0.49062502
600 0.50937504
700 0.45937496
800 0.4375
900 0.49062505
1000 0.48437503
1100 0.44375002
1200 0.48437497
1300 0.45625
1400 0.51562494
1500 0.54375005
1600 0.471875
1700 0.46875
1800 0.521875
1900 0.50625
2000 0.5187501
2100 0.49374998
2200 0.48437497
2300 0.565625
2400 0.540625
2500 0.48125005
2600 0.534375
2700 0.50624996
2800 0.546875
2900 0.578125
3000 0.48125005
3100 0.471875
3200 0.49687505
3300 0.56875
3400 0.528125
3500 0.50625
3600 0.54375005
3700 0.521875
3800 0.471875
3900 0.453125
4000 0.54062504
4100 0.534375
4200 0.53125
4300 0.590625
4400 0.58125
4500 0.48125005
4600 0.55625004
4700 0.571875
4800 0.609375
4900 0.54375
5000 0.63437504
5100 0.509375
5200 0.49687502
5300 0.503125
5400 0.5500001
5500 0.59375
5600 0.53437495
5700 0.521875
5800 0.50000006
5900 0.515625
6000 0.46875
6100 0.534375
6200 0.50625
6300 0.51250005
6400 0.5
6500 0.5375
6600 0.5625
6700 0.50937504
6800 0.46875006
6900 0.56562495
7000 0.484375
7100 0.53749996
7200 0.5375
7300 0.52500004
7400 0.5125
7500 0.546875
7600 0.4875
7700 0.553125
7800 0.5625
7900 0.51250005
8000 0.5875
8100 0.55
8200 0.54375
8300 0.58125
8400 0.57812494
8500 0.5125
8600 0.57187504
8700 0.51562506
8800 0.4875
8900 0.528125
9000 0.578125
9100 0.53125
9200 0.54687494
9300 0.52812505
9400 0.50625
9500 0.559375
9600 0.58124995
9700 0.578125
9800 0.553125
9900 0.53749996
10000 0.5
10100 0.534375
10200 0.596875
10300 0.575
10400 0.509375
10500 0.509375
10600 0.528125
10700 0.490625
10800 0.640625
10900 0.58125
11000 0.55625
11100 0.525
11200 0.48125002
11300 0.49062496
11400 0.521875
11500 0.53749996
11600 0.5500001
11700 0.515625
11800 0.51875
11900 0.546875
12000 0.51875
12100 0.525
12200 0.51562506
12300 0.56250006
12400 0.50624996
12500 0.46875003
12600 0.57187504
12700 0.5625
12800 0.5531251
12900 0.534375
13000 0.4875
13100 0.521875
13200 0.590625
13300 0.528125
13400 0.52500004
13500 0.546875
13600 0.553125
13700 0.521875
13800 0.528125
13900 0.51562506
14000 0.55937505
14100 0.53437495
14200 0.48125
14300 0.584375
14400 0.553125
14500 0.475
14600 0.57187504
14700 0.525
14800 0.56250006
14900 0.53125
15000 0.546875
15100 0.55625
15200 0.5968751
15300 0.56874996
15400 0.521875
15500 0.54375005
15600 0.584375
15700 0.5625
15800 0.5
15900 0.528125
16000 0.578125
16100 0.559375
16200 0.534375
16300 0.47187504
16400 0.57812494
16500 0.559375
16600 0.5875
16700 0.51250005
16800 0.534375
16900 0.51562506
17000 0.54375
17100 0.596875
17200 0.5125
17300 0.54375005
17400 0.5375
17500 0.54375005
17600 0.6125
17700 0.55625
17800 0.56874996
17900 0.50312495
18000 0.559375
18100 0.49375
18200 0.54375005
18300 0.484375
18400 0.546875
18500 0.6125001
18600 0.509375
18700 0.540625
18800 0.59687495
18900 0.596875
19000 0.57500005
19100 0.528125
19200 0.60312504
19300 0.54687506
19400 0.515625
19500 0.55937505
19600 0.5625
19700 0.578125
19800 0.63125
19900 0.59062505
20000 0.54375
20100 0.559375
20200 0.50937504
20300 0.5625
20400 0.575
20500 0.565625
20600 0.54375
20700 0.58125
20800 0.546875
20900 0.521875
21000 0.584375
21100 0.56874996
21200 0.52187496
21300 0.54375
21400 0.578125
21500 0.6
21600 0.49375004
21700 0.6125
21800 0.565625
21900 0.6
22000 0.55312496
22100 0.534375
22200 0.54687506
22300 0.5343751
22400 0.521875
22500 0.56249994
22600 0.6125
22700 0.54062504
22800 0.578125
22900 0.51250005
23000 0.49687502
23100 0.58750004
23200 0.52187496
23300 0.53749996
23400 0.609375
23500 0.59375
23600 0.52812505
23700 0.58125
23800 0.5625
23900 0.56875
24000 0.51874995
24100 0.578125
24200 0.578125
24300 0.57500005
24400 0.51875
24500 0.61249995
24600 0.55625004
24700 0.55625004
24800 0.546875
24900 0.509375
25000 0.56562495
25100 0.55625004
25200 0.58125
25300 0.590625
25400 0.5875
25500 0.55937505
25600 0.57187504
25700 0.53125
25800 0.54999995
25900 0.55625004
26000 0.51875
26100 0.5656251
26200 0.55
26300 0.553125
26400 0.534375
26500 0.55
26600 0.559375
26700 0.534375
26800 0.59375
26900 0.553125
27000 0.56874996
27100 0.6
27200 0.54375
27300 0.6125001
27400 0.56875
27500 0.57187504
27600 0.534375
27700 0.59062505
27800 0.565625
27900 0.5625
28000 0.59062505
28100 0.54375
28200 0.478125
28300 0.57187504
28400 0.45625
28500 0.55625
28600 0.5375
28700 0.58125
28800 0.54375005
28900 0.49062502
29000 0.5375
29100 0.55625
29200 0.56875
29300 0.528125
29400 0.578125
29500 0.5625
29600 0.49687502
29700 0.646875
29800 0.57500005
29900 0.575
30000 0.52500004
30100 0.5812501
30200 0.5375
30300 0.571875
30400 0.49375004
30500 0.5375
30600 0.5375
30700 0.515625
30800 0.50312495
30900 0.553125
31000 0.528125
31100 0.55625004
31200 0.54999995
31300 0.53125
31400 0.56874996
31500 0.6
31600 0.55
31700 0.578125
31800 0.55625004
31900 0.54687494
32000 0.515625
32100 0.51562494
32200 0.54375
32300 0.6
32400 0.57187504
32500 0.60625
32600 0.56874996
32700 0.51875
32800 0.49687502
32900 0.578125
33000 0.58125
33100 0.521875
33200 0.5812501
33300 0.55
33400 0.55
33500 0.503125
33600 0.534375
33700 0.521875
33800 0.55625004
33900 0.575
34000 0.55625
34100 0.59062505
34200 0.58125
34300 0.57187504
34400 0.559375
34500 0.5625
34600 0.528125
34700 0.546875
34800 0.553125
34900 0.5875
35000 0.584375
35100 0.596875
35200 0.58750004
35300 0.59062505
35400 0.56875
35500 0.6
35600 0.575
35700 0.55937505
35800 0.571875
35900 0.50312495
36000 0.54375
36100 0.59687495
36200 0.54375
36300 0.571875
36400 0.54062504
36500 0.60312504
36600 0.521875
36700 0.603125
36800 0.58124995
36900 0.596875
37000 0.6
37100 0.571875
37200 0.61875
37300 0.553125
37400 0.60312504
37500 0.58124995
37600 0.59375
37700 0.52812505
37800 0.55
37900 0.584375
38000 0.546875
38100 0.48750004
38200 0.546875
38300 0.56249994
38400 0.571875
38500 0.52500004
38600 0.521875
38700 0.55625004
38800 0.478125
38900 0.53125
39000 0.55
39100 0.603125
39200 0.53125
39300 0.478125
39400 0.53437495
39500 0.5812501
39600 0.53125
39700 0.60625
39800 0.55
39900 0.54375005
40000 0.571875
40100 0.52187496
40200 0.59062505
40300 0.53125
40400 0.54375005
40500 0.565625
40600 0.546875
40700 0.58437496
40800 0.521875
40900 0.55937505
41000 0.53437495
41100 0.55625
41200 0.58125
41300 0.528125
41400 0.60312504
41500 0.528125
41600 0.521875
41700 0.5
41800 0.54375
41900 0.546875
42000 0.5375
42100 0.540625
42200 0.578125
42300 0.56562495
42400 0.57187504
42500 0.56250006
42600 0.55312496
42700 0.559375
42800 0.55625
42900 0.60625
43000 0.6000001
43100 0.578125
43200 0.55625004
43300 0.51562506
43400 0.60625005
43500 0.54062504
43600 0.540625
43700 0.54375
43800 0.6125
43900 0.63124996
44000 0.584375
44100 0.55625
44200 0.55312496
44300 0.52500004
44400 0.571875
44500 0.640625
44600 0.59375
44700 0.58125
44800 0.5625
44900 0.55
45000 0.546875
45100 0.546875
45200 0.53749996
45300 0.56562495
45400 0.534375
