0 4.7630587
100 3.2291975
200 2.9439113
300 2.6011314
400 2.5801978
500 2.3906918
600 2.352081
700 2.566098
800 2.5975583
900 2.4934695
1000 2.3944933
1100 2.6635468
1200 2.4621587
1300 2.5664287
1400 2.3819292
1500 2.3005338
1600 2.4024386
1700 2.5865216
1800 2.26336
1900 2.2411876
2000 2.3279035
2100 2.363693
2200 2.5368316
2300 2.044632
2400 2.1411877
2500 2.5403154
2600 2.2211487
2700 2.2603762
2800 2.2710588
2900 2.0493255
3000 2.4180338
3100 2.3535185
3200 2.333519
3300 1.9423054
3400 2.2081163
3500 2.3540757
3600 2.3521724
3700 2.2760682
3800 2.4020507
3900 2.446964
4000 2.3013287
4100 2.3842394
4200 2.115699
4300 1.9314128
4400 2.1260362
4500 2.293492
4600 1.9435192
4700 2.0863643
4800 1.8764799
4900 2.0384445
5000 1.8596743
5100 2.217444
5200 2.436713
5300 2.3187397
5400 2.2298574
5500 1.9400575
5600 2.2209396
5700 2.1139307
5800 2.2493794
5900 2.293765
6000 2.4243033
6100 2.3194888
6200 2.308923
6300 2.3302243
6400 2.3778205
6500 2.1808257
6600 1.877746
6700 2.259774
6800 2.4141717
6900 2.1122684
7000 2.4204867
7100 2.094781
7200 2.130961
7300 2.3221848
7400 2.3415184
7500 2.1702929
7600 2.4838364
7700 2.0783315
7800 2.029224
7900 2.2556167
8000 2.01684
8100 2.085183
8200 2.1761525
8300 2.1181967
8400 2.0139892
8500 2.3316545
8600 2.051362
8700 2.1989567
8800 2.493734
8900 2.2401302
9000 2.097681
9100 2.1795244
9200 2.1870646
9300 2.206745
9400 2.5949259
9500 2.1612935
9600 2.119228
9700 2.0099883
9800 2.0224967
9900 2.3044097
10000 2.2900398
10100 2.1822596
10200 1.9007485
10300 1.9358487
10400 2.178684
10500 2.4678867
10600 2.2123916
10700 2.3763616
10800 1.8543473
10900 2.1379097
11000 2.0747244
11100 2.2847543
11200 2.2222574
11300 2.4520948
11400 2.4009535
11500 2.1888897
11600 2.1997077
11700 2.3370516
11800 2.2996902
11900 2.2235441
12000 2.131228
12100 2.2268293
12200 2.104624
12300 2.1468627
12400 2.3105917
12500 2.3973608
12600 2.148874
12700 1.9622531
12800 2.1657922
12900 2.282141
13000 2.4195554
13100 2.265676
13200 1.8994945
13300 2.3700657
13400 2.2747371
13500 2.1567068
13600 2.1606708
13700 2.3174398
13800 2.2082326
13900 2.2028697
14000 2.0751917
14100 2.126662
14200 2.4060168
14300 2.0632648
14400 2.2040496
14500 2.4278083
14600 2.1467843
14700 2.0959766
14800 2.0397267
14900 2.1740217
15000 2.1367164
15100 2.1685238
15200 1.815729
15300 2.0381618
15400 2.2423172
15500 2.2871134
15600 2.0778406
15700 2.1469214
15800 2.5011454
15900 2.223329
16000 1.9672945
16100 2.0385213
16200 2.2543688
16300 2.667906
16400 2.1487877
16500 2.1066794
16600 2.061125
16700 2.3330297
16800 2.1403627
16900 2.2566743
17000 2.1269066
17100 2.0016692
17200 2.15676
17300 2.1562457
17400 2.095503
17500 1.933184
17600 1.8176067
17700 2.0476556
17800 2.1385393
17900 2.1688917
18000 2.1691601
18100 2.3557973
18200 2.1409087
18300 2.29574
18400 2.1510463
18500 1.8845185
18600 2.255237
18700 2.1858485
18800 1.9483553
18900 1.8740954
19000 1.9373051
19100 2.1129265
19200 1.9927628
19300 2.2125275
19400 2.1499267
19500 2.1200826
19600 2.1248422
19700 2.0376718
19800 1.7645642
19900 1.9205977
20000 2.2746305
20100 2.062604
20200 2.1465926
20300 1.9333249
20400 1.9561872
20500 2.043025
20600 2.228806
20700 1.8950738
20800 2.0495028
20900 2.2264986
21000 1.9661593
21100 2.1947677
21200 2.171212
21300 2.1706865
21400 2.022888
21500 1.8899738
21600 2.222906
21700 1.8218762
21800 2.0405822
21900 1.9679986
22000 2.2373028
22100 2.073028
22200 2.1116614
22300 2.1167393
22400 2.1853294
22500 1.9351263
22600 1.8749276
22700 2.1149354
22800 1.9172224
22900 2.298518
23000 2.494331
23100 1.955364
23200 2.1956773
23300 2.1848936
23400 1.8874785
23500 1.8731191
23600 2.176274
23700 1.9766462
23800 2.1680784
23900 2.0341396
24000 2.210636
24100 2.1325989
24200 1.9601371
24300 2.0386693
24400 2.3148334
24500 1.7417022
24600 2.0729606
24700 1.992557
24800 2.0887282
24900 2.2082407
25000 2.0356703
25100 2.1761312
25200 1.9500778
25300 1.9135026
25400 1.9577196
25500 2.163164
25600 2.091863
25700 2.1895833
25800 2.0857503
25900 2.1606872
26000 2.1806135
26100 2.1142762
26200 1.9592246
26300 2.0962815
26400 2.1388872
26500 2.025698
26600 2.1473234
26700 2.173155
26800 1.9117682
26900 2.0916042
27000 2.0605452
27100 1.9672376
27200 2.1787686
27300 1.9880507
27400 2.1084523
27500 1.9610198
27600 2.2361813
27700 1.9619424
27800 2.1190927
27900 2.065147
28000 1.9568275
28100 2.1038177
28200 2.3242874
28300 1.977968
28400 2.50305
28500 2.045987
28600 2.1830432
28700 1.9762418
28800 2.3062224
28900 2.4127445
29000 2.0070703
29100 2.1415913
29200 1.9929731
29300 2.1007109
29400 1.8832653
29500 2.0749412
29600 2.3027413
29700 1.79339
29800 2.0816185
29900 2.0371468
30000 2.1871598
30100 1.8409952
30200 2.1101718
30300 1.9361428
30400 2.3145144
30500 2.147705
30600 2.0698357
30700 2.2339642
30800 2.4664104
30900 1.9358798
31000 2.338667
31100 1.9980191
31200 2.192123
31300 2.1987422
31400 2.1294632
31500 2.006762
31600 2.1251502
31700 2.0190506
31800 2.1772134
31900 2.0173535
32000 2.2522469
32100 2.2534184
32200 2.2121038
32300 1.9087859
32400 2.0370016
32500 1.8907267
32600 1.8946264
32700 2.3280666
32800 2.2169025
32900 2.088433
33000 1.8600441
33100 2.2109923
33200 1.9627353
33300 2.086585
33400 2.1223865
33500 2.2936254
33600 2.1111329
33700 2.2520616
33800 2.0335245
33900 2.001205
34000 2.1247342
34100 2.0089765
34200 1.9327317
34300 2.0036936
34400 1.9649204
34500 1.9632356
34600 2.2544515
34700 2.1516123
34800 2.085436
34900 2.011938
35000 1.9940732
35100 1.9354862
35200 1.9510913
35300 1.9076651
35400 2.0621228
35500 1.8922755
35600 1.9209613
35700 1.9720752
35800 2.020582
35900 2.354753
36000 2.12573
36100 1.8840272
36200 2.125774
36300 2.0453486
36400 2.1484866
36500 1.8753666
36600 2.322695
36700 1.9350805
36800 1.8043491
36900 1.8117568
37000 1.8691568
37100 2.0254655
37200 1.7577497
37300 1.9913952
37400 2.0124424
37500 1.9722227
37600 1.9398088
37700 2.324899
37800 1.8735516
37900 1.8972
38000 2.0894623
38100 2.39354
38200 2.1979742
38300 2.005376
38400 2.0473576
38500 2.327726
38600 2.325924
38700 2.2156396
38800 2.391575
38900 2.2542152
39000 2.1280131
39100 1.8753399
39200 2.1679716
39300 2.2670972
39400 2.1690981
39500 2.17897
39600 2.1329193
39700 1.804649
39800 2.1908793
39900 2.1586444
40000 2.0996597
40100 2.3196
40200 2.1214604
40300 2.2011857
40400 2.138606
40500 1.9589626
40600 2.094588
40700 1.877142
40800 2.2709048
40900 2.1416185
41000 2.155048
41100 2.0520341
41200 1.925524
41300 2.2173824
41400 1.8948997
41500 2.2854605
41600 2.2515013
41700 2.395733
41800 2.15357
41900 2.152067
42000 2.0907865
42100 2.0900044
42200 1.9956826
42300 2.1094232
42400 1.9266644
42500 2.2072637
42600 1.870932
42700 2.103301
42800 2.0591998
42900 2.0649247
43000 1.9244989
43100 2.1245906
43200 2.2728498
43300 2.1912746
43400 1.9163344
43500 2.1483934
43600 2.0855484
43700 2.171384
43800 1.7261459
43900 1.6556252
44000 1.9437321
44100 2.2105174
44200 2.1488047
44300 2.202817
44400 1.909258
44500 1.7361456
44600 1.8846203
44700 2.085952
44800 2.019741
44900 1.9672328
45000 2.029935
45100 2.1894457
45200 2.1620767
45300 1.9953622
45400 2.3345418
