0 3.3015006
100 2.2383091
200 2.0405638
300 1.802967
400 1.7884569
500 1.6571013
600 1.6303383
700 1.7786837
800 1.8004901
900 1.7283413
1000 1.6597363
1100 1.84623
1200 1.7066383
1300 1.7789128
1400 1.6510274
1500 1.5946084
1600 1.6652436
1700 1.7928401
1800 1.5688417
1900 1.5534729
2000 1.6135798
2100 1.6383872
2200 1.7583977
2300 1.4172308
2400 1.4841583
2500 1.7608124
2600 1.539583
2700 1.5667734
2800 1.574178
2900 1.4204842
3000 1.6760533
3100 1.6313348
3200 1.6174722
3300 1.3463036
3400 1.5305496
3500 1.6317209
3600 1.6304017
3700 1.5776502
3800 1.6649747
3900 1.6961062
4000 1.5951595
4100 1.6526289
4200 1.4664909
4300 1.3387533
4400 1.473656
4500 1.5897275
4600 1.3471448
4700 1.4461576
4800 1.3006767
4900 1.412942
5000 1.289028
5100 1.5370151
5200 1.6890007
5300 1.6072278
5400 1.5456195
5500 1.3447454
5600 1.5394381
5700 1.465265
5800 1.559151
5900 1.5899168
6000 1.680399
6100 1.6077471
6200 1.6004235
6300 1.6151884
6400 1.6481797
6500 1.5116332
6600 1.3015543
6700 1.566356
6800 1.6733763
6900 1.464113
7000 1.6777534
7100 1.4519914
7200 1.4770695
7300 1.6096158
7400 1.6230168
7500 1.5043323
7600 1.7216642
7700 1.4405897
7800 1.4065509
7900 1.5634743
8000 1.397967
8100 1.4453387
8200 1.5083939
8300 1.4682221
8400 1.395991
8500 1.6161798
8600 1.4218959
8700 1.5242007
8800 1.7285247
8900 1.55274
9000 1.4540017
9100 1.5107312
9200 1.5159577
9300 1.529599
9400 1.7986655
9500 1.4980944
9600 1.4689368
9700 1.3932178
9800 1.4018879
9900 1.597295
10000 1.5873346
10100 1.5126271
10200 1.3174984
10300 1.3418281
10400 1.5101486
10500 1.7106087
10600 1.5335131
10700 1.6471683
10800 1.2853357
10900 1.481886
11000 1.4380894
11100 1.583671
11200 1.5403514
11300 1.6996626
11400 1.6642143
11500 1.5172228
11600 1.5247213
11700 1.6199207
11800 1.5940238
11900 1.5412433
12000 1.4772546
12100 1.5435205
12200 1.4588143
12300 1.4880918
12400 1.6015801
12500 1.6617239
12600 1.489486
12700 1.3601302
12800 1.5012128
12900 1.5818596
13000 1.677108
13100 1.570447
13200 1.3166293
13300 1.6428044
13400 1.5767276
13500 1.4949152
13600 1.4976628
13700 1.6063269
13800 1.5306302
13900 1.5269129
14000 1.4384133
14100 1.4740899
14200 1.6677238
14300 1.4301462
14400 1.5277308
14500 1.6828284
14600 1.4880375
14700 1.4528203
14800 1.4138308
14900 1.506917
15000 1.481059
15100 1.5031061
15200 1.2585675
15300 1.4127461
15400 1.5542558
15500 1.5853063
15600 1.4402493
15700 1.4881326
15800 1.7336619
15900 1.5410943
16000 1.3636246
16100 1.4129953
16200 1.5626093
16300 1.8492515
16400 1.4894261
16500 1.4602389
16600 1.428663
16700 1.617133
16800 1.4835864
16900 1.5642074
17000 1.4742594
17100 1.3874513
17200 1.4949521
17300 1.4945956
17400 1.452492
17500 1.3399811
17600 1.259869
17700 1.4193267
17800 1.4823226
17900 1.5033612
18000 1.5035473
18100 1.6329143
18200 1.4839649
18300 1.5912857
18400 1.4909916
18500 1.3062487
18600 1.5632113
18700 1.5151148
18800 1.350497
18900 1.299024
19000 1.3428376
19100 1.464569
19200 1.3812779
19300 1.5336072
19400 1.4902155
19500 1.4695293
19600 1.4728284
19700 1.4124064
19800 1.2231027
19900 1.3312569
20000 1.5766537
20100 1.4296881
20200 1.4879047
20300 1.3400787
20400 1.3559257
20500 1.4161171
20600 1.5448906
20700 1.313565
20800 1.4206071
20900 1.5432912
21000 1.3628378
21100 1.521297
21200 1.5049695
21300 1.5046053
21400 1.4021591
21500 1.31003
21600 1.5408012
21700 1.2628284
21800 1.4144238
21900 1.3641127
22000 1.55078
22100 1.4369136
22200 1.4636922
22300 1.4672118
22400 1.514755
22500 1.3413273
22600 1.2996008
22700 1.4659616
22800 1.3289173
22900 1.5932112
23000 1.7289383
23100 1.355355
23200 1.5219275
23300 1.5144528
23400 1.3083004
23500 1.2983472
23600 1.5084782
23700 1.3701067
23800 1.5027975
23900 1.4099581
24000 1.5322961
24100 1.478205
24200 1.3586636
24300 1.4130979
24400 1.6045203
24500 1.207256
24600 1.4368669
24700 1.3811353
24800 1.447796
24900 1.5306358
25000 1.4110191
25100 1.5083792
25200 1.3516909
25300 1.3263389
25400 1.3569878
25500 1.499391
25600 1.4499688
25700 1.5177034
25800 1.445732
25900 1.4976742
26000 1.5114862
26100 1.4655045
26200 1.358031
26300 1.4530317
26400 1.4825636
26500 1.4041069
26600 1.4884112
26700 1.5063163
26800 1.3251368
26900 1.4497896
27000 1.428261
27100 1.3635852
27200 1.5102074
27300 1.3780117
27400 1.4614677
27500 1.3592753
27600 1.5500027
27700 1.3599149
27800 1.4688431
27900 1.4314507
28000 1.3563695
28100 1.4582553
28200 1.6110733
28300 1.3710229
28400 1.7349821
28500 1.41817
28600 1.5131702
28700 1.3698264
28800 1.5985515
28900 1.672387
29000 1.391195
29100 1.4844381
29200 1.3814237
29300 1.4561019
29400 1.30538
29500 1.4382397
29600 1.5961387
29700 1.2430832
29800 1.4428681
29900 1.4120425
30000 1.5160236
30100 1.2760806
30200 1.4626597
30300 1.342032
30400 1.6042991
30500 1.4886757
30600 1.4347007
30700 1.548466
30800 1.7095854
30900 1.3418497
31000 1.6210403
31100 1.3849213
31200 1.5194638
31300 1.5240519
31400 1.4760314
31500 1.3909814
31600 1.4730419
31700 1.3994993
31800 1.5091293
31900 1.3983229
32000 1.5611386
32100 1.5619506
32200 1.5333135
32300 1.3230696
32400 1.411942
32500 1.3105519
32600 1.313255
32700 1.6136928
32800 1.5366397
32900 1.4475914
33000 1.2892843
33100 1.5325432
33200 1.3604645
33300 1.4463105
33400 1.4711262
33500 1.5898199
33600 1.4633259
33700 1.5610101
33800 1.4095317
33900 1.3871295
34000 1.4727535
34100 1.3925164
34200 1.3396676
34300 1.3888546
34400 1.361979
34500 1.3608112
34600 1.5626667
34700 1.491384
34800 1.4455142
34900 1.3945692
35000 1.3821862
35100 1.3415768
35200 1.3523934
35300 1.3222927
35400 1.4293547
35500 1.3116254
35600 1.3315089
35700 1.3669384
35800 1.4005606
35900 1.6321903
36000 1.4734439
36100 1.3059082
36200 1.4734741
36300 1.4177276
36400 1.4892174
36500 1.2999051
36600 1.6099695
36700 1.3412956
36800 1.2506795
36900 1.2558142
37000 1.2956008
37100 1.4039457
37200 1.2183793
37300 1.38033
37400 1.3949187
37500 1.3670406
37600 1.344573
37700 1.6114972
37800 1.298647
37900 1.3150388
38000 1.4483049
38100 1.6590755
38200 1.5235196
38300 1.3900207
38400 1.4191202
38500 1.6134566
38600 1.6122075
38700 1.5357643
38800 1.6577135
38900 1.5625029
39000 1.4750264
39100 1.2998866
39200 1.5027233
39300 1.5714321
39400 1.5035043
39500 1.510347
39600 1.4784269
39700 1.2508874
39800 1.5186019
39900 1.4962584
40000 1.4553732
40100 1.6078243
40200 1.4704843
40300 1.5257456
40400 1.4823687
40500 1.3578494
40600 1.4518578
40700 1.3011357
40800 1.5740713
40900 1.4844568
41000 1.4937654
41100 1.4223616
41200 1.3346715
41300 1.5369724
41400 1.3134444
41500 1.5841606
41600 1.5606217
41700 1.6605957
41800 1.4927409
41900 1.4916991
42000 1.4492228
42100 1.4486806
42200 1.3833017
42300 1.4621408
42400 1.335462
42500 1.5299586
42600 1.2968313
42700 1.4578972
42800 1.4273286
42900 1.4312967
43000 1.333961
43100 1.472654
43200 1.5754194
43300 1.5188758
43400 1.3283018
43500 1.4891528
43600 1.4455919
43700 1.5050887
43800 1.1964731
43900 1.147592
44000 1.3472924
44100 1.5322139
44200 1.4894379
44300 1.5268763
44400 1.3233968
44500 1.2034044
44600 1.3063192
44700 1.4458717
44800 1.3999778
44900 1.3635819
45000 1.4070437
45100 1.5176082
45200 1.4986373
45300 1.3830796
45400 1.6181811
