0 26.350496
100 10.656194
200 9.304271
300 8.418894
400 8.343699
500 7.5371943
600 7.1912794
700 7.6845655
800 7.56499
900 7.379029
1000 6.7272687
1100 7.522455
1200 7.560302
1300 7.042668
1400 7.405317
1500 7.0491858
1600 7.0405164
1700 7.1454353
1800 6.800148
1900 6.4617505
2000 6.7237415
2100 6.8016753
2200 6.996764
2300 6.0112505
2400 6.158865
2500 7.514984
2600 6.2597947
2700 6.737651
2800 6.462077
2900 6.142427
3000 6.744461
3100 6.797345
3200 6.4738317
3300 6.009477
3400 6.5734844
3500 6.831656
3600 5.987756
3700 6.372935
3800 7.023662
3900 6.3462
4000 6.7762694
4100 6.6702213
4200 6.4675407
4300 6.090729
4400 6.3856077
4500 6.4025974
4600 5.6243033
4700 6.123174
4800 5.883502
4900 6.0391583
5000 6.186912
5100 6.3891783
5200 6.735162
5300 6.3395762
5400 6.1125298
5500 5.9812646
5600 6.1497784
5700 6.479705
5800 6.0932074
5900 5.8981133
6000 6.7629633
6100 6.452212
6200 6.5293984
6300 6.04605
6400 6.500257
6500 6.18475
6600 5.691654
6700 6.799137
6800 6.489352
6900 6.645499
7000 6.351619
7100 6.176682
7200 6.482707
7300 6.1445827
7400 6.4777994
7500 6.059705
7600 6.6352696
7700 6.364431
7800 5.9577436
7900 5.9766455
8000 6.044626
8100 6.2551403
8200 6.06665
8300 6.3934193
8400 5.7662187
8500 6.3189383
8600 6.131797
8700 6.479054
8800 6.5726223
8900 6.239888
9000 6.279871
9100 5.943556
9200 6.1750145
9300 6.6994033
9400 6.321012
9500 6.066003
9600 6.0561705
9700 6.0101295
9800 5.823743
9900 6.660556
10000 6.55491
10100 6.166055
10200 6.16457
10300 5.598559
10400 6.214205
10500 6.6279874
10600 6.6995573
10700 6.3887954
10800 5.6256948
10900 6.32125
11000 6.268038
11100 6.4590015
11200 6.3463783
11300 6.5671253
11400 6.321115
11500 6.490569
11600 6.0760603
11700 6.284066
11800 6.29491
11900 6.0411215
12000 6.1238856
12100 6.1446714
12200 5.7548776
12300 5.842275
12400 6.236247
12500 6.693098
12600 5.8914165
12700 5.71358
12800 6.1728125
12900 6.1536036
13000 6.819495
13100 6.2933164
13200 6.026273
13300 6.51075
13400 6.1866064
13500 6.5657177
13600 6.0796833
13700 6.2737885
13800 6.398418
13900 6.0005636
14000 5.9147243
14100 6.174133
14200 6.807772
14300 6.2558255
14400 5.489395
14500 6.3388915
14600 6.2103424
14700 5.767348
14800 6.2441688
14900 6.4365826
15000 6.1596484
15100 5.3447566
15200 5.970746
15300 6.024556
15400 6.695397
15500 6.5586543
15600 6.1459336
15700 6.3990555
15800 6.639828
15900 6.6301317
16000 5.922222
16100 5.970866
16200 6.138003
16300 7.4034204
16400 6.2273855
16500 6.4420815
16600 6.0675535
16700 6.436903
16800 6.541204
16900 6.9789023
17000 5.946187
17100 6.261037
17200 5.9647512
17300 6.732289
17400 6.558024
17500 6.038249
17600 5.673778
17700 6.2214656
17800 6.3769226
17900 6.1128707
18000 5.948114
18100 6.5944805
18200 6.071722
18300 6.414301
18400 6.219916
18500 5.9749784
18600 6.2330074
18700 6.12803
18800 5.9830837
18900 5.7963915
19000 6.206371
19100 6.3469462
19200 6.4503713
19300 6.3198915
19400 6.6719127
19500 6.5567636
19600 5.7957444
19700 6.172297
19800 5.7104506
19900 6.5479336
20000 6.681565
20100 6.531211
20200 6.357993
20300 6.0243754
20400 5.964417
20500 6.335717
20600 6.392581
20700 6.1481667
20800 6.0290303
20900 6.702438
21000 6.271643
21100 6.118023
21200 6.3710475
21300 6.32515
21400 6.2148685
21500 6.144495
21600 6.673228
21700 5.780418
21800 6.3091817
21900 5.972304
22000 6.50824
22100 6.2943244
22200 6.3700633
22300 6.219133
22400 6.4101996
22500 6.0529256
22600 6.100932
22700 6.275231
22800 6.1632047
22900 6.4048595
23000 6.382576
23100 6.2878942
23200 6.7582507
23300 6.0681815
23400 5.6699715
23500 6.012451
23600 6.5304747
23700 6.2593355
23800 6.1028585
23900 6.320013
24000 6.4706883
24100 6.3626237
24200 6.3632717
24300 6.522405
24400 6.0759163
24500 6.076059
24600 6.236352
24700 6.14565
24800 6.3511887
24900 6.425671
25000 5.828573
25100 6.43206
25200 5.683145
25300 5.8761535
25400 6.0394197
25500 6.282383
25600 6.1871843
25700 6.2301397
25800 6.335509
25900 6.46139
26000 6.3046536
26100 6.2274694
26200 5.882236
26300 6.0358205
26400 6.230817
26500 6.0489078
26600 6.287765
26700 6.3983564
26800 6.350775
26900 6.0206165
27000 6.298919
27100 5.967122
27200 6.1981106
27300 6.4310474
27400 6.506563
27500 6.255115
27600 6.514957
27700 6.1298885
27800 5.875089
27900 6.123795
28000 6.3452134
28100 6.641897
28200 6.625467
28300 6.2003393
28400 7.2014866
28500 6.2567554
28600 6.3785753
28700 6.136367
28800 6.853176
28900 6.85763
29000 6.1853547
29100 6.431223
29200 6.5096464
29300 6.3004417
29400 6.118972
29500 6.138197
29600 5.9965596
29700 6.1069055
29800 6.2772217
29900 6.3102374
30000 6.6245337
30100 6.0147285
30200 6.22328
30300 6.1095285
30400 6.4516683
30500 6.336992
30600 6.461759
30700 6.70146
30800 6.5297375
30900 6.073931
31000 6.348039
31100 6.102439
31200 6.494787
31300 6.784663
31400 6.278568
31500 6.256565
31600 6.0745606
31700 5.9059505
31800 6.1615868
31900 6.6761193
32000 6.439137
32100 6.1588
32200 6.289661
32300 5.889632
32400 6.2283897
32500 5.7932205
32600 6.127831
32700 6.8156996
32800 6.4298143
32900 6.15252
33000 5.9549894
33100 6.7682314
33200 5.9372516
33300 5.854996
33400 6.265734
33500 6.3625383
33600 6.3909616
33700 6.627732
33800 5.9674234
33900 5.877361
34000 6.1174655
34100 6.076047
34200 5.9425883
34300 6.0895233
34400 5.882516
34500 6.0925484
34600 6.388269
34700 6.262321
34800 6.227248
34900 6.3191347
35000 6.0588355
35100 5.9373755
35200 6.068203
35300 6.1523147
35400 6.2922354
35500 5.8371696
35600 6.073321
35700 5.6651144
35800 6.3682837
35900 5.710491
36000 5.932706
36100 6.1648746
36200 6.1652927
36300 6.290428
36400 6.6717954
36500 6.192105
36600 6.62502
36700 5.7924457
36800 5.665755
36900 5.956281
37000 6.194194
37100 6.046995
37200 5.6487265
37300 6.2911625
37400 5.957771
37500 6.3530216
37600 6.1859517
37700 6.0954666
37800 5.778329
37900 5.96122
38000 6.0166707
38100 6.1710386
38200 6.12914
38300 6.007873
38400 6.0714273
38500 6.5285554
38600 6.3572836
38700 6.3785686
38800 6.3959312
38900 6.4486847
39000 5.9152284
39100 5.7300634
39200 6.3633995
39300 6.278081
39400 6.1710825
39500 5.957411
39600 6.42769
39700 6.0082498
39800 6.170742
39900 6.446092
40000 5.958711
40100 5.99063
40200 6.140524
40300 6.40439
40400 6.402346
40500 6.264134
40600 6.400831
40700 6.0424066
40800 6.306548
40900 6.20094
41000 6.303691
41100 5.959337
41200 6.275657
41300 6.1090302
41400 6.1020145
41500 6.791885
41600 6.421275
41700 6.5581503
41800 6.418125
41900 6.342177
42000 6.3940077
42100 5.8214664
42200 6.0378704
42300 6.061511
42400 6.012842
42500 6.5961103
42600 5.8274746
42700 6.2401342
42800 6.1336665
42900 5.9729714
43000 5.8558307
43100 6.129197
43200 6.1452866
43300 6.240358
43400 6.255597
43500 6.03505
43600 6.1791115
43700 6.04408
43800 5.484951
43900 5.631563
44000 6.191533
44100 6.342108
44200 6.170297
44300 6.660547
44400 6.0810533
44500 5.916662
44600 5.910385
44700 6.1419907
44800 6.104672
44900 5.958007
45000 6.3392825
45100 6.3081017
45200 6.224834
45300 6.0848017
45400 6.5679283
