0 1.8817053
100 1.6016841
200 1.5328395
300 1.4026833
400 1.3147459
500 1.3551126
600 1.2985821
700 1.1590325
800 1.2868903
900 1.2872617
1000 1.1016979
1100 1.474941
1200 1.1811467
1300 1.2239307
1400 1.2093344
1500 1.24848
1600 1.0647709
1700 1.2730637
1800 1.0946331
1900 1.1070731
2000 1.2515585
2100 1.0318823
2200 1.1706557
2300 1.1732603
2400 1.225695
2500 1.1018946
2600 1.1873504
2700 1.0737934
2800 1.0852282
2900 1.0270048
3000 1.090122
3100 1.3068097
3200 1.0680503
3300 1.0843438
3400 1.0357965
3500 1.0822082
3600 1.1477952
3700 1.0878801
3800 1.0824444
3900 1.0260484
4000 1.216384
4100 1.0179416
4200 1.0342506
4300 1.0479541
4400 1.0744188
4500 1.0296998
4600 1.1206136
4700 1.0241935
4800 1.0816615
4900 1.0595434
5000 1.2181448
5100 1.0153022
5200 1.0631654
5300 1.052857
5400 1.064876
5500 1.0681647
5600 1.0686549
5700 1.0914435
5800 1.0786918
5900 1.025431
6000 1.0443377
6100 1.0970889
6200 1.0311203
6300 1.0237299
6400 1.0039756
6500 1.0189891
6600 1.0327437
6700 1.052733
6800 1.071997
6900 1.0458012
7000 1.0073102
7100 1.0185571
7200 1.0355568
7300 1.1077224
7400 1.0238392
7500 1.0183411
7600 1.0585966
7700 1.0501629
7800 1.0395384
7900 1.0279663
8000 1.0607185
8100 1.0328605
8200 1.075284
8300 1.0465475
8400 1.0054002
8500 1.0222142
8600 1.0749418
8700 1.0592673
8800 1.0375378
8900 1.0222657
9000 1.031075
9100 1.073386
9200 1.0128658
9300 1.0063471
9400 1.0349286
9500 1.0152712
9600 1.0352843
9700 1.0285852
9800 1.031748
9900 1.0203769
10000 1.0524384
10100 1.0169485
10200 1.0192153
10300 1.0171539
10400 1.0349956
10500 1.0024002
10600 1.0080407
10700 1.013125
10800 1.0207373
10900 1.0230894
11000 1.0074145
11100 1.0066593
11200 1.0364599
11300 1.0209264
11400 1.0425775
11500 1.0224631
11600 1.0049322
11700 1.0059268
11800 1.0147326
11900 1.0582049
12000 1.031236
12100 1.0170023
12200 1.0162644
12300 1.0115023
12400 1.0320266
12500 1.0176901
12600 1.0037076
12700 1.0111867
12800 1.0205916
12900 1.0259666
13000 1.0123789
13100 1.0281999
13200 1.032835
13300 1.0256221
13400 1.0142108
13500 1.0849339
13600 1.0363032
13700 1.0156114
13800 1.0123276
13900 1.0143217
14000 1.0139914
14100 1.013277
14200 1.0155056
14300 1.0236853
14400 1.0171967
14500 1.0214387
14600 1.006078
14700 1.0084871
14800 1.0177324
14900 1.0156977
15000 1.0246164
15100 1.0170944
15200 1.01601
15300 1.0198987
