0 0.0125
100 0.36874998
200 0.41562504
300 0.45937502
400 0.446875
500 0.49375
600 0.515625
700 0.47187504
800 0.446875
900 0.51250005
1000 0.496875
1100 0.45625004
1200 0.4625
1300 0.46875
1400 0.5
1500 0.51250005
1600 0.45
1700 0.453125
1800 0.5
1900 0.5375
2000 0.50937504
2100 0.49375
2200 0.48125
2300 0.54999995
2400 0.50937504
2500 0.43125004
2600 0.52812505
2700 0.52500004
2800 0.5375
2900 0.55
3000 0.478125
3100 0.46562502
3200 0.51250005
3300 0.57187504
3400 0.503125
3500 0.46875
3600 0.540625
3700 0.54375005
3800 0.484375
3900 0.4625
4000 0.521875
4100 0.503125
4200 0.565625
4300 0.57500005
4400 0.56875
4500 0.51875
4600 0.53125
4700 0.546875
4800 0.5875
4900 0.53749996
5000 0.63125
5100 0.484375
5200 0.44375
5300 0.5125
5400 0.534375
5500 0.59999996
5600 0.5125
5700 0.51875
5800 0.50625
5900 0.48125
6000 0.50937504
6100 0.503125
6200 0.51562494
6300 0.525
6400 0.47812504
6500 0.546875
6600 0.596875
6700 0.525
6800 0.48750004
6900 0.584375
7000 0.5
7100 0.5
7200 0.53749996
7300 0.540625
7400 0.53125006
7500 0.5
7600 0.45312503
7700 0.55312496
7800 0.58750004
7900 0.54375
8000 0.596875
8100 0.559375
8200 0.546875
8300 0.553125
8400 0.553125
8500 0.48749998
8600 0.54375
8700 0.559375
8800 0.515625
8900 0.5
9000 0.578125
9100 0.515625
9200 0.515625
9300 0.525
9400 0.50312495
9500 0.525
9600 0.57500005
9700 0.6
9800 0.57187504
9900 0.5125
10000 0.5
10100 0.525
10200 0.60625005
10300 0.584375
10400 0.49062502
10500 0.503125
10600 0.525
10700 0.49062502
10800 0.60625
10900 0.56875
11000 0.55937505
11100 0.525
11200 0.49375
11300 0.47187495
11400 0.515625
11500 0.49375
11600 0.5625
11700 0.503125
11800 0.503125
11900 0.56874996
12000 0.5375
12100 0.521875
12200 0.55937505
12300 0.56875
12400 0.5125
12500 0.48125
12600 0.55
12700 0.55
12800 0.53125
12900 0.51250005
13000 0.50625
13100 0.54375005
13200 0.58124995
13300 0.51875
13400 0.509375
13500 0.521875
13600 0.55
13700 0.51875
13800 0.515625
13900 0.503125
14000 0.571875
14100 0.54375
14200 0.471875
14300 0.565625
14400 0.5625
14500 0.496875
14600 0.540625
14700 0.5687501
14800 0.58125
14900 0.540625
15000 0.528125
15100 0.55312496
15200 0.58125
15300 0.55625004
15400 0.521875
15500 0.5375
15600 0.578125
15700 0.553125
15800 0.47187504
15900 0.49687496
16000 0.578125
16100 0.57187504
16200 0.546875
16300 0.48125002
16400 0.578125
16500 0.53125
16600 0.59062505
16700 0.546875
16800 0.54062504
16900 0.4875
17000 0.59062505
17100 0.5875
17200 0.5375
17300 0.55937505
17400 0.53125
17500 0.55
17600 0.59375
17700 0.58125
17800 0.54375
17900 0.55
18000 0.56875
18100 0.51562506
18200 0.55625
18300 0.50625
18400 0.54375
18500 0.634375
18600 0.51875
18700 0.546875
18800 0.60625
18900 0.621875
19000 0.56875
19100 0.56250006
19200 0.58437496
19300 0.540625
19400 0.534375
19500 0.52187496
19600 0.58437496
19700 0.55
19800 0.575
19900 0.61875004
20000 0.52812505
20100 0.6
20200 0.528125
20300 0.58437496
20400 0.57187504
20500 0.5625
20600 0.525
20700 0.58124995
20800 0.571875
20900 0.49375004
21000 0.59375
21100 0.55625004
21200 0.5343751
21300 0.5625
21400 0.565625
21500 0.575
21600 0.50625
21700 0.615625
21800 0.55937505
21900 0.609375
22000 0.55
22100 0.565625
22200 0.559375
22300 0.55625004
22400 0.540625
22500 0.5625
22600 0.59375
22700 0.51875
22800 0.59375
22900 0.534375
23000 0.48437503
23100 0.59062505
23200 0.553125
23300 0.565625
23400 0.60312504
23500 0.61875004
23600 0.528125
23700 0.56875
23800 0.57500005
23900 0.578125
24000 0.540625
24100 0.578125
24200 0.578125
24300 0.571875
24400 0.51875
24500 0.61875
24600 0.571875
24700 0.5625
24800 0.55
24900 0.490625
25000 0.57500005
25100 0.53125
25200 0.58124995
25300 0.58437496
25400 0.596875
25500 0.54375
25600 0.57500005
25700 0.51562506
25800 0.578125
25900 0.53437495
26000 0.53125
26100 0.56875
26200 0.55937505
26300 0.5812501
26400 0.5625
26500 0.565625
26600 0.559375
26700 0.575
26800 0.60312504
26900 0.559375
27000 0.584375
27100 0.6125
27200 0.55312496
27300 0.62812495
27400 0.546875
27500 0.58125
27600 0.553125
27700 0.5625
27800 0.565625
27900 0.609375
28000 0.60312504
28100 0.534375
28200 0.50625
28300 0.56875
28400 0.5
28500 0.57187504
28600 0.5375
28700 0.60312504
28800 0.540625
28900 0.49687508
29000 0.546875
29100 0.55625
29200 0.58125
29300 0.540625
29400 0.60625
29500 0.55312496
29600 0.5125
29700 0.61875004
29800 0.603125
29900 0.559375
30000 0.559375
30100 0.571875
30200 0.5375
30300 0.5625
30400 0.503125
30500 0.51875
30600 0.546875
30700 0.5375
30800 0.5
30900 0.54375
31000 0.52812505
31100 0.57812494
31200 0.54062504
31300 0.51875
31400 0.55
31500 0.56875
31600 0.54687506
31700 0.59375
31800 0.521875
31900 0.5125
32000 0.54375005
32100 0.521875
32200 0.546875
32300 0.590625
32400 0.584375
32500 0.621875
32600 0.57187504
32700 0.52812505
32800 0.53125006
32900 0.5625
33000 0.55937505
33100 0.546875
33200 0.584375
33300 0.57187504
33400 0.54375
33500 0.5031251
33600 0.54062504
33700 0.5531251
33800 0.54687494
33900 0.55625
34000 0.55312496
34100 0.6
34200 0.6125001
34300 0.56250006
34400 0.58437496
34500 0.578125
34600 0.55312496
34700 0.55312496
34800 0.565625
34900 0.59999996
35000 0.553125
35100 0.6125
35200 0.58125
35300 0.559375
35400 0.5656251
35500 0.6125001
35600 0.59375
35700 0.571875
35800 0.56875
35900 0.53124994
36000 0.54375
36100 0.6
36200 0.565625
36300 0.584375
36400 0.53437495
36500 0.60937506
36600 0.490625
36700 0.59375
36800 0.609375
36900 0.5875
37000 0.596875
37100 0.56874996
37200 0.65312505
37300 0.54062504
37400 0.59375
37500 0.57812494
37600 0.59375
37700 0.54062504
37800 0.6125
37900 0.58124995
38000 0.534375
38100 0.49375
38200 0.57500005
38300 0.56562495
38400 0.565625
38500 0.534375
38600 0.52500004
38700 0.56250006
38800 0.50937504
38900 0.5
39000 0.509375
39100 0.6125
39200 0.534375
39300 0.49687502
39400 0.54062504
39500 0.58125
39600 0.55
39700 0.59375
39800 0.55625
39900 0.534375
40000 0.590625
40100 0.50625
40200 0.56875
40300 0.571875
40400 0.5375
40500 0.578125
40600 0.546875
40700 0.590625
40800 0.503125
40900 0.5375
41000 0.525
41100 0.575
41200 0.5875
41300 0.525
41400 0.615625
41500 0.54375005
41600 0.546875
41700 0.51875
41800 0.553125
41900 0.53125
42000 0.546875
42100 0.56249994
42200 0.61249995
42300 0.55625
42400 0.5843751
42500 0.534375
42600 0.55625
42700 0.578125
42800 0.565625
42900 0.60625005
43000 0.60625
43100 0.565625
43200 0.503125
43300 0.546875
43400 0.59375
43500 0.54375
43600 0.54375
43700 0.565625
43800 0.63125
43900 0.646875
44000 0.5749999
44100 0.525
44200 0.57812506
44300 0.50625
44400 0.56875
44500 0.61875
44600 0.57500005
44700 0.56875
