0 4.784738
100 3.0972064
200 2.8735502
300 2.4928734
400 2.5490482
500 2.3214533
600 2.2816293
700 2.5425322
800 2.5505276
900 2.5432997
1000 2.409498
1100 2.6208603
1200 2.478735
1300 2.627852
1400 2.3876238
1500 2.3321383
1600 2.439499
1700 2.6003556
1800 2.2990472
1900 2.2455356
2000 2.2613807
2100 2.3452241
2200 2.462044
2300 2.0300171
2400 2.2282162
2500 2.518767
2600 2.2752867
2700 2.2815619
2800 2.3266642
2900 2.1068647
3000 2.3397295
3100 2.4615052
3200 2.4149816
3300 1.9555277
3400 2.310068
3500 2.3845448
3600 2.3813071
3700 2.1905348
3800 2.468018
3900 2.4916751
4000 2.1990054
4100 2.3414087
4200 2.1344776
4300 1.946801
4400 2.1637177
4500 2.22382
4600 2.0191793
4700 2.1780145
4800 1.8656977
4900 2.0207603
5000 1.8704437
5100 2.3067102
5200 2.63654
5300 2.3719845
5400 2.2329187
5500 1.9448414
5600 2.296859
5700 2.1243353
5800 2.2753663
5900 2.298934
6000 2.3585439
6100 2.3491006
6200 2.281672
6300 2.3270986
6400 2.3520768
6500 2.2371964
6600 1.8362231
6700 2.2269287
6800 2.2623534
6900 1.9929549
7000 2.3295028
7100 2.179955
7200 2.1775556
7300 2.2473943
7400 2.2699838
7500 2.255115
7600 2.566021
7700 2.0971293
7800 1.972566
7900 2.141768
8000 2.0215995
8100 2.0614321
8200 2.1668544
8300 2.1348991
8400 2.046881
8500 2.3995602
8600 2.0600479
8700 2.167382
8800 2.4274511
8900 2.290439
9000 2.2002854
9100 2.3170257
9200 2.2588646
9300 2.2549965
9400 2.499767
9500 2.291264
9600 2.0335097
9700 1.9005963
9800 2.1054528
9900 2.2525043
10000 2.2982113
10100 2.202651
10200 1.9046394
10300 1.9383454
10400 2.2259107
10500 2.4606473
10600 2.2585468
10700 2.3212762
10800 1.9110459
10900 2.097936
11000 2.1153638
11100 2.2940342
11200 2.189132
11300 2.4379935
11400 2.4152634
11500 2.340455
11600 2.1692462
11700 2.341982
11800 2.3470893
11900 2.227292
12000 2.1388004
12100 2.1516964
12200 2.0548208
12300 2.016499
12400 2.2563348
12500 2.3645782
12600 2.1461766
12700 1.9916672
12800 2.1853924
12900 2.3571115
13000 2.3779335
13100 2.2943861
13200 1.8950304
13300 2.3247464
13400 2.2748337
13500 2.1371927
13600 2.150504
13700 2.2730548
13800 2.2083004
13900 2.2530835
14000 2.0005484
14100 2.1647248
14200 2.4404695
14300 2.0469275
14400 2.129787
14500 2.4364476
14600 2.193971
14700 2.0407617
14800 2.0328686
14900 2.1952577
15000 2.118227
15100 2.1387308
15200 1.861314
15300 2.0150511
15400 2.2026622
15500 2.3913915
15600 2.061094
15700 2.081784
15800 2.5177221
15900 2.2699232
16000 1.9810406
16100 2.0937753
16200 2.1689813
16300 2.6583993
16400 2.163242
16500 2.1675372
16600 1.9903228
16700 2.3164907
16800 2.0853324
16900 2.265219
17000 2.0123935
17100 2.0187073
17200 2.1691487
17300 2.1041553
17400 2.0942419
17500 1.8748137
17600 1.8658845
17700 2.0234947
17800 2.1166456
17900 2.139022
18000 2.142509
18100 2.3149037
18200 2.1171696
18300 2.312569
18400 2.16017
18500 1.8154987
18600 2.1964004
18700 2.2419865
18800 1.9890046
18900 1.8689556
19000 1.9390541
19100 2.0782292
19200 2.0355186
19300 2.2115743
19400 2.1609316
19500 2.2659764
19600 2.0426297
19700 2.0660229
19800 1.800195
19900 1.9028606
20000 2.2557867
20100 2.0267243
20200 2.111663
20300 1.9526018
20400 1.9785844
20500 2.0634134
20600 2.2122142
20700 1.8816344
20800 2.0614853
20900 2.2264328
21000 1.9784169
21100 2.1387382
21200 2.1594384
21300 2.1694896
21400 2.046443
21500 1.8993359
21600 2.1983337
21700 1.8552649
21800 2.0684302
21900 1.853723
22000 2.2313833
22100 2.0628514
22200 2.068018
22300 2.064459
22400 2.172031
22500 1.9508288
22600 1.9376065
22700 2.2089756
22800 1.8710334
22900 2.196887
23000 2.4474485
23100 1.917999
23200 2.1520822
23300 2.1326325
23400 1.8378679
23500 1.7916309
23600 2.182771
23700 2.024666
23800 2.093847
23900 1.9661078
24000 2.1702425
24100 2.1389623
24200 1.9154569
24300 1.9990327
24400 2.309815
24500 1.820185
24600 2.1131694
24700 1.9538536
24800 2.001312
24900 2.1715043
25000 1.9212068
25100 2.1108644
25200 1.9702262
25300 1.9128721
25400 1.9711014
25500 2.1192768
25600 2.0153053
25700 2.2959886
25800 2.0625002
25900 2.129463
26000 2.1917238
26100 2.053068
26200 2.0391393
26300 2.004052
26400 2.0552926
26500 1.9945091
26600 2.1608584
26700 2.0671709
26800 1.9618875
26900 2.162612
27000 2.031964
27100 1.8894011
27200 2.134895
27300 1.9256994
27400 2.1336932
27500 2.0026894
27600 2.1515849
27700 1.9508343
27800 2.1015854
27900 1.9689437
28000 1.9563353
28100 2.10662
28200 2.295224
28300 1.8901467
28400 2.4409456
28500 2.0776174
28600 2.1554961
28700 1.9038647
28800 2.2888074
28900 2.4375014
29000 1.9646677
29100 2.124692
29200 1.9636234
29300 2.0996993
29400 1.8332884
29500 2.1452723
29600 2.2552266
29700 1.8241632
29800 1.9734244
29900 1.9849797
30000 2.1816874
30100 1.9033743
30200 2.1283352
30300 1.8849219
30400 2.2601871
30500 2.1332197
30600 2.0636384
30700 2.1559591
30800 2.429025
30900 1.9471717
31000 2.2722132
31100 1.9785141
31200 2.1834652
31300 2.2409687
31400 2.1330864
31500 2.028035
31600 2.1358802
31700 1.911066
31800 2.1286974
31900 2.0578375
32000 2.184935
32100 2.2817926
32200 2.190368
32300 1.9063661
32400 1.9499248
32500 1.8314373
32600 1.9000655
32700 2.261804
32800 2.126657
32900 2.1052988
33000 1.8618802
33100 2.1664593
33200 1.9232496
33300 2.072623
33400 2.0074584
33500 2.2741864
33600 2.1051931
33700 2.19176
33800 2.0278914
33900 2.0117455
34000 2.088624
34100 1.9605392
34200 1.9178078
34300 2.022558
34400 1.940765
34500 1.942995
34600 2.126871
34700 2.0849264
34800 2.0472136
34900 1.9877988
35000 2.0279233
35100 1.9169823
35200 1.9455683
35300 1.9493755
35400 2.0208807
35500 1.7998768
35600 1.8987215
35700 1.8935897
35800 2.0063746
35900 2.3062236
36000 2.098836
36100 1.8568176
36200 2.0719051
36300 1.983396
36400 2.162462
36500 1.864527
36600 2.3480113
36700 1.9440625
36800 1.7701072
36900 1.8960615
37000 1.878987
37100 1.9553841
37200 1.711752
37300 2.0206475
37400 1.9945799
37500 1.9610219
37600 1.8806485
37700 2.2285516
37800 1.8054909
37900 1.9105613
38000 2.1330507
38100 2.3714433
38200 2.154653
38300 2.0412993
38400 2.0546908
38500 2.229684
38600 2.333073
38700 2.2118182
38800 2.3479724
38900 2.3105624
39000 2.0991
39100 1.8225043
39200 2.2426677
39300 2.2357967
39400 2.2386632
39500 2.0773861
39600 2.1570106
39700 1.829695
39800 2.1239464
39900 2.168013
40000 2.09207
40100 2.4503717
40200 2.1354754
40300 2.0194728
40400 2.133966
40500 1.9231213
40600 2.121163
40700 1.8679034
40800 2.322895
40900 2.0976956
41000 2.1444576
41100 1.9753213
41200 1.9501253
41300 2.199236
41400 1.8784858
41500 2.2122169
41600 2.165818
41700 2.3703594
41800 2.069086
41900 2.2164085
42000 2.1349335
42100 2.008355
42200 1.9747828
42300 2.0696297
42400 1.9566127
42500 2.2425432
42600 1.9010986
42700 2.0826743
42800 2.018229
42900 2.0717342
43000 1.8271941
43100 2.11949
43200 2.2413826
43300 2.1351702
43400 1.9216318
43500 2.1692176
43600 2.0614822
43700 2.1213143
43800 1.7136047
43900 1.6519606
44000 1.9403633
44100 2.2220247
44200 2.0819864
44300 2.2201047
44400 1.9051584
44500 1.7486728
44600 1.881211
44700 2.139979
