0 3.3165278
100 2.1468198
200 1.9917932
300 1.7279282
400 1.7668655
500 1.6091088
600 1.581505
700 1.762349
800 1.7678909
900 1.7628809
1000 1.6701368
1100 1.8166419
1200 1.7181282
1300 1.8214881
1400 1.6549747
1500 1.616515
1600 1.6909318
1700 1.8024292
1800 1.5935781
1900 1.5564866
2000 1.5674696
2100 1.6255854
2200 1.706559
2300 1.4071007
2400 1.5444818
2500 1.7458763
2600 1.5771086
2700 1.5814582
2800 1.6127207
2900 1.4603673
3000 1.6217769
3100 1.7061853
3200 1.6739377
3300 1.3554685
3400 1.601217
3500 1.6528405
3600 1.6505963
3700 1.518363
3800 1.7106998
3900 1.7270976
4000 1.5242344
4100 1.6229409
4200 1.4795071
4300 1.3494196
4400 1.4997748
4500 1.5414345
4600 1.3995885
4700 1.5096847
4800 1.2932031
4900 1.4006842
5000 1.2964928
5100 1.5988897
5200 1.8275102
5300 1.6441343
5400 1.5477414
5500 1.3480613
5600 1.5920614
5700 1.4724771
5800 1.5771638
5900 1.5934995
6000 1.6348181
6100 1.6282725
6200 1.5815345
6300 1.6130219
6400 1.6303355
6500 1.5507064
6600 1.2727729
6700 1.5435894
6800 1.5681438
6900 1.3814111
7000 1.6146883
7100 1.5110296
7200 1.5093665
7300 1.557775
7400 1.5734328
7500 1.5631266
7600 1.7786303
7700 1.4536192
7800 1.3672786
7900 1.4845605
8000 1.401266
8100 1.4288759
8200 1.501949
8300 1.4797994
8400 1.4187897
8500 1.6632484
8600 1.4279164
8700 1.5023148
8800 1.682581
8900 1.5876112
9000 1.5251217
9100 1.6060399
9200 1.5657257
9300 1.5630445
9400 1.7327065
9500 1.5881832
9600 1.4095215
9700 1.317393
9800 1.4593887
9900 1.561317
10000 1.5929987
10100 1.5267613
10200 1.3201954
10300 1.3435587
10400 1.5428838
10500 1.7055907
10600 1.5655054
10700 1.608986
10800 1.3246361
10900 1.4541783
11000 1.4662585
11100 1.5901034
11200 1.5173906
11300 1.6898884
11400 1.6741331
11500 1.6222799
11600 1.5036069
11700 1.6233382
11800 1.6268783
11900 1.5438412
12000 1.4825035
12100 1.4914423
12200 1.4242933
12300 1.3977307
12400 1.5639721
12500 1.6390008
12600 1.4876163
12700 1.3805184
12800 1.5147986
12900 1.6338252
13000 1.648258
13100 1.5903473
13200 1.313535
13300 1.6113914
13400 1.5767946
13500 1.481389
13600 1.4906158
13700 1.5755615
13800 1.5306772
13900 1.5617185
14000 1.3866745
14100 1.5004729
14200 1.6916046
14300 1.4188219
14400 1.4762559
14500 1.6888168
14600 1.5207448
14700 1.4145482
14800 1.4090772
14900 1.5216366
15000 1.468243
15100 1.4824553
15200 1.2901646
15300 1.396727
15400 1.5267692
15500 1.6575863
15600 1.4286416
15700 1.4429827
15800 1.745152
15900 1.5733908
16000 1.3731527
16100 1.4512944
16200 1.5034232
16300 1.8426621
16400 1.4994452
16500 1.5024223
16600 1.3795867
16700 1.6056689
16800 1.4454422
16900 1.5701302
17000 1.394885
17100 1.3992612
17200 1.5035393
17300 1.4584893
17400 1.4516178
17500 1.2995218
17600 1.2933326
17700 1.4025797
17800 1.467147
17900 1.4826572
18000 1.485074
18100 1.604569
18200 1.4675101
18300 1.6029506
18400 1.4973158
18500 1.2584078
18600 1.5224288
18700 1.5540266
18800 1.378673
18900 1.2954613
19000 1.3440499
19100 1.4405187
19200 1.4109141
19300 1.5329466
19400 1.4978436
19500 1.5706552
19600 1.415843
19700 1.4320579
19800 1.2478001
19900 1.3189625
20000 1.5635922
20100 1.4048183
20200 1.4636934
20300 1.3534404
20400 1.3714502
20500 1.4302491
20600 1.53339
20700 1.3042495
20800 1.4289128
20900 1.5432457
21000 1.3713341
21100 1.4824604
21200 1.4968086
21300 1.5037756
21400 1.4184861
21500 1.3165193
21600 1.5237689
21700 1.2859716
21800 1.4337265
21900 1.2849029
22000 1.5466771
22100 1.4298596
22200 1.4334408
22300 1.430974
22400 1.5055372
22500 1.3522115
22600 1.3430464
22700 1.5311452
22800 1.2969016
22900 1.5227661
23000 1.696442
23100 1.3294556
23200 1.4917097
23300 1.4782282
23400 1.2739129
23500 1.2418638
23600 1.5129815
23700 1.4033916
23800 1.4513443
23900 1.3628021
24000 1.5042975
24100 1.4826157
24200 1.3276936
24300 1.3856239
24400 1.6010417
24500 1.261656
24600 1.4647374
24700 1.3543081
24800 1.3872038
24900 1.5051721
25000 1.3316791
25100 1.4631398
25200 1.3656567
25300 1.3259019
25400 1.3662634
25500 1.4689708
25600 1.3969032
25700 1.5914581
25800 1.4296162
25900 1.4760313
26000 1.5191872
26100 1.4230783
26200 1.4134237
26300 1.3891029
26400 1.4246203
26500 1.3824884
26600 1.497793
26700 1.4328537
26800 1.3598768
26900 1.4990084
27000 1.4084501
27100 1.309633
27200 1.4797965
27300 1.3347931
27400 1.4789635
27500 1.3881586
27600 1.491365
27700 1.3522153
27800 1.456708
27900 1.3647678
28000 1.3560283
28100 1.4601977
28200 1.590928
28300 1.3101499
28400 1.6919346
28500 1.4400946
28600 1.4940761
28700 1.3196585
28800 1.5864804
28900 1.6895472
29000 1.3618039
29100 1.4727243
29200 1.36108
29300 1.4554007
29400 1.2707387
29500 1.4869894
29600 1.5632039
29700 1.2644136
29800 1.3678735
29900 1.3758831
30000 1.5122304
30100 1.3193185
30200 1.4752496
30300 1.3065283
30400 1.5666423
30500 1.4786352
30600 1.4304051
30700 1.4943969
30800 1.6836717
30900 1.3496766
31000 1.5749782
31100 1.3714014
31200 1.5134628
31300 1.5533211
31400 1.4785428
31500 1.4057267
31600 1.4804794
31700 1.32465
31800 1.4755006
31900 1.4263842
32000 1.5144815
32100 1.5816182
32200 1.5182474
32300 1.3213923
32400 1.3515849
32500 1.2694557
32600 1.3170251
32700 1.5677631
32800 1.4740863
32900 1.4592819
33000 1.290557
33100 1.5016752
33200 1.3330951
33300 1.4366328
33400 1.3914642
33500 1.5763458
33600 1.4592087
33700 1.5192124
33800 1.4056273
33900 1.3944356
34000 1.4477239
34100 1.3589423
34200 1.329323
34300 1.4019303
34400 1.3452358
34500 1.3467815
34600 1.4742347
34700 1.4451609
34800 1.4190203
34900 1.3778372
35000 1.4056494
35100 1.3287508
35200 1.3485652
35300 1.3512042
35400 1.4007677
35500 1.2475796
35600 1.3160934
35700 1.3125364
35800 1.3907129
35900 1.5985525
36000 1.4548023
36100 1.2870479
36200 1.4361352
36300 1.3747854
36400 1.4989045
36500 1.2923917
36600 1.6275173
36700 1.3475214
36800 1.2269448
36900 1.3142498
37000 1.3024145
37100 1.355369
37200 1.1864961
37300 1.4006062
37400 1.3825375
37500 1.3592768
37600 1.3035662
37700 1.5447142
37800 1.2514709
37900 1.3243002
38000 1.4785181
38100 1.6437593
38200 1.4934918
38300 1.4149209
38400 1.4242032
38500 1.5454993
38600 1.617163
38700 1.5331155
38800 1.6274904
38900 1.6015599
39000 1.4549854
39100 1.2632637
39200 1.5544988
39300 1.5497361
39400 1.5517231
39500 1.4399344
39600 1.4951258
39700 1.268248
39800 1.4722075
39900 1.5027522
40000 1.4501125
40100 1.6984682
40200 1.4801987
40300 1.399792
40400 1.4791526
40500 1.3330061
40600 1.470278
40700 1.294732
40800 1.6101081
40900 1.4540118
41000 1.4864247
41100 1.3691884
41200 1.3517239
41300 1.5243942
41400 1.3020672
41500 1.533392
41600 1.5012306
41700 1.643008
41800 1.4341812
41900 1.5362973
42000 1.4798231
42100 1.3920856
42200 1.3688152
42300 1.4345579
42400 1.3562206
42500 1.5544125
42600 1.3177412
42700 1.4435998
42800 1.3989297
42900 1.4360167
43000 1.2665144
43100 1.4691185
43200 1.5536081
43300 1.4799871
43400 1.3319737
43500 1.503587
43600 1.4289106
43700 1.470383
43800 1.1877803
43900 1.1450518
44000 1.3449574
44100 1.5401902
44200 1.4431231
44300 1.5388594
44400 1.3205552
44500 1.2120876
44600 1.3039562
44700 1.4833204
