0 26.362923
100 10.2893095
200 8.234921
300 7.911271
400 7.5820303
500 7.1321464
600 7.0307355
700 7.343031
800 7.18049
900 7.6355658
1000 6.528258
1100 7.2003865
1200 7.7877994
1300 6.983715
1400 7.328154
1500 6.7423744
1600 6.9469023
1700 6.9390574
1800 6.4225245
1900 6.3659143
2000 6.573991
2100 6.9499764
2200 6.573263
2300 6.22447
2400 6.594853
2500 6.911667
2600 6.4059353
2700 6.647486
2800 6.468713
2900 6.2620854
3000 6.486327
3100 6.2927437
3200 6.191842
3300 6.247325
3400 6.833433
3500 6.537466
3600 6.254205
3700 6.2028246
3800 6.839947
3900 6.375362
4000 6.6804547
4100 6.7278395
4200 6.121333
4300 6.2770205
4400 6.288929
4500 6.4373035
4600 5.6381807
4700 6.055937
4800 5.9595146
4900 6.1276827
5000 6.0175776
5100 6.5714154
5200 6.5075846
5300 6.5676365
5400 6.210647
5500 6.0996375
5600 6.2937994
5700 6.660342
5800 6.148466
5900 6.125307
6000 6.9861565
6100 6.566566
6200 6.256025
6300 6.0642915
6400 6.458084
6500 6.1192746
6600 6.1735406
6700 6.5230045
6800 6.556772
6900 6.38535
7000 6.6415286
7100 6.200863
7200 6.44869
7300 6.247615
7400 6.2793407
7500 6.252474
7600 6.754215
7700 6.2902813
7800 6.10095
7900 6.292185
8000 5.8120723
8100 6.11486
8200 6.1947265
8300 6.2285347
8400 5.7333417
8500 6.3801417
8600 6.26927
8700 6.4064064
8800 6.4746523
8900 6.166195
9000 6.40629
9100 6.096734
9200 6.3357587
9300 6.603607
9400 6.5633507
9500 6.211715
9600 5.9830894
9700 6.076334
9800 6.006603
9900 6.6627946
10000 6.44264
10100 6.144104
10200 6.092429
10300 5.7136884
10400 6.302058
10500 6.6998096
10600 6.7057037
10700 6.4887867
10800 5.870611
10900 6.5764318
11000 6.1295624
11100 6.3864374
11200 6.406737
11300 6.491643
11400 6.2784185
11500 6.565859
11600 6.176408
11700 6.6723733
11800 6.335005
11900 6.0298715
12000 6.285028
12100 6.33149
12200 5.8162804
12300 6.114003
12400 6.086364
12500 6.5897684
12600 5.9883027
12700 5.707915
12800 6.3501744
12900 6.3893766
13000 6.920404
13100 6.210233
13200 5.94103
13300 6.658457
13400 6.370571
13500 6.526474
13600 6.099172
13700 6.305307
13800 6.359333
13900 5.9156637
14000 5.9172688
14100 6.02048
14200 6.7381744
14300 6.449404
14400 5.597762
14500 6.683181
14600 6.310431
14700 5.967887
14800 6.2160764
14900 6.398138
15000 6.0790854
15100 5.590739
15200 5.9322085
15300 5.8708444
15400 6.638933
15500 6.5354385
15600 6.0722656
15700 6.3381605
15800 6.8422503
15900 6.6352725
16000 6.0083647
16100 6.080169
16200 6.2822156
16300 7.264078
16400 6.078224
16500 6.5490847
16600 5.952215
16700 6.2698784
16800 6.580588
16900 7.064598
17000 6.0555515
17100 6.1951675
17200 6.080707
17300 6.5844145
17400 6.602712
17500 5.8788743
17600 5.784272
17700 6.2213717
17800 6.4433217
17900 5.981046
18000 5.918007
18100 6.538135
18200 6.0561113
18300 6.4800496
18400 6.0812554
18500 5.960637
18600 6.2537746
18700 6.071788
18800 5.9911737
18900 5.7019544
19000 6.0813513
19100 6.2477746
19200 6.355775
19300 6.404929
19400 6.6040616
19500 6.702799
19600 5.529368
19700 6.350361
19800 5.7698665
19900 6.3840094
20000 6.6495214
20100 6.3660216
20200 6.237212
20300 5.844503
20400 5.998492
20500 6.204328
20600 6.335845
20700 6.156391
20800 6.057068
20900 6.4425554
21000 6.392429
21100 5.959712
21200 6.2898016
21300 6.3035746
21400 6.2011423
21500 6.1380525
21600 6.5152116
21700 5.748023
21800 6.341485
21900 5.950836
22000 6.4388685
22100 6.340177
22200 6.268438
22300 6.1584716
22400 6.4687276
22500 5.958628
22600 6.142854
22700 6.374161
22800 6.010225
22900 6.1822953
23000 6.3470964
23100 6.1247463
23200 6.612149
23300 6.006176
23400 5.6042023
23500 5.9064035
23600 6.3229055
23700 6.171487
23800 5.8210077
23900 6.2270393
24000 6.3364816
24100 6.210931
24200 6.229683
24300 6.5573397
24400 6.173938
24500 6.1086326
24600 6.255844
24700 6.1077514
24800 6.2155175
24900 6.4216485
25000 5.757748
25100 6.339949
25200 5.639822
25300 5.6978035
25400 5.89108
25500 6.267138
25600 6.088332
25700 6.171556
25800 6.2660956
25900 6.45476
26000 6.414425
26100 6.250124
26200 5.9107847
26300 6.0597982
26400 6.1816325
26500 6.134564
26600 6.118064
26700 6.310367
26800 6.3022056
26900 5.99951
27000 6.340342
27100 5.987364
27200 6.1266103
27300 6.310177
27400 6.5707808
27500 6.253414
27600 6.500166
27700 6.1287723
27800 5.772467
27900 6.118236
28000 6.354035
28100 6.5929356
28200 6.6336503
28300 6.103566
28400 7.1985097
28500 6.3191757
28600 6.3522534
28700 5.9518266
28800 6.791218
28900 6.743049
29000 6.0450463
29100 6.2548428
29200 6.4442677
29300 6.301244
29400 5.9654913
29500 6.2836494
29600 5.998908
29700 6.018845
29800 6.2643385
29900 6.3100533
30000 6.558774
30100 5.9251547
30200 6.0105805
30300 6.007563
30400 6.477327
30500 6.273147
30600 6.4452996
30700 6.5996513
30800 6.5160346
30900 5.9937267
31000 6.2018948
31100 6.105912
31200 6.4348364
31300 6.7779903
31400 6.161054
31500 6.179058
31600 6.0021224
31700 5.8019714
31800 5.982332
31900 6.510387
32000 6.358379
32100 6.0514154
32200 6.286378
32300 5.756511
32400 6.2876167
32500 5.576407
32600 6.020663
32700 6.547365
32800 6.2260814
32900 5.986713
33000 5.9214296
33100 6.5107193
33200 5.7121887
33300 5.9162855
33400 6.1871986
33500 6.2326694
33600 6.3411684
33700 6.6227508
33800 5.842863
33900 5.748419
34000 6.016715
34100 6.1616583
34200 5.965749
34300 5.946536
34400 5.746377
34500 5.960918
34600 6.3436794
34700 6.028721
34800 6.1549926
34900 6.209221
35000 6.0600986
35100 5.7871556
35200 6.0631824
35300 5.855741
35400 6.1804667
35500 5.7338095
35600 5.9896016
35700 5.62439
35800 6.3130684
35900 5.713552
36000 5.9084883
36100 6.080147
36200 6.155304
36300 5.9837685
36400 6.606089
36500 6.0215697
36600 6.494849
36700 5.614883
36800 5.6967506
36900 5.95764
37000 6.1060114
37100 5.970771
37200 5.5249624
37300 6.175628
37400 5.814067
37500 6.34
37600 6.1072164
37700 5.9802814
37800 5.7583165
37900 5.9588575
38000 6.0276203
38100 6.1958394
38200 6.2660017
38300 6.056853
38400 5.886362
38500 6.4994545
38600 6.321895
38700 6.236278
38800 6.235016
38900 6.392217
39000 5.962205
39100 5.582878
39200 6.359996
39300 6.290211
39400 6.0955296
39500 5.853584
39600 6.282875
39700 6.035003
39800 6.187057
39900 6.34704
40000 6.0783463
40100 5.980322
40200 5.9456363
40300 6.2358904
40400 6.3988457
40500 6.1409636
40600 6.561285
40700 6.081517
40800 6.346793
40900 6.0237603
41000 6.356454
41100 5.770998
41200 6.0827494
41300 6.12927
41400 6.255083
41500 6.817161
41600 6.347538
41700 6.4958854
41800 6.343732
41900 6.337227
42000 6.344157
42100 5.731118
42200 5.870418
42300 6.142858
42400 6.1026464
42500 6.578576
42600 5.722285
42700 6.225512
42800 6.123476
42900 6.017413
43000 5.835641
43100 6.030151
43200 6.0262628
43300 6.3259454
43400 6.085907
43500 6.0347443
43600 6.256941
43700 6.020031
43800 5.402484
43900 5.5431
44000 6.1614895
44100 6.3292003
44200 6.119825
44300 6.6083527
44400 6.0176764
44500 5.908852
44600 5.968958
44700 6.2159615
