0 6.789689
100 0.2741908
200 0.54720587
300 0.29094744
400 0.18064028
500 0.28941682
600 0.1076541
700 0.21456932
800 0.24392761
900 0.25181103
1000 0.8786402
1100 0.07119623
1200 0.03475859
1300 0.19966945
1400 0.22536685
1500 0.05070475
1600 0.123332165
1700 0.11950224
1800 0.07429576
1900 0.04292364
2000 0.17290364
2100 0.03603021
2200 0.1643404
2300 0.26746923
2400 0.20855027
2500 0.23705414
2600 0.13471887
2700 0.081154026
2800 0.023557512
2900 0.028245503
3000 0.020830104
3100 0.16922683
3200 0.04532177
3300 0.0500342
3400 0.12200117
3500 0.029694224
3600 0.035795167
3700 0.029978573
3800 0.04135451
3900 0.0072688735
4000 0.21154828
4100 0.030902319
4200 0.011468569
4300 0.078001514
4400 0.025008067
4500 0.053554483
4600 0.08831146
4700 0.06436407
4800 0.12573569
4900 0.04111715
5000 0.008300972
5100 0.085993774
5200 0.016091157
5300 0.00832412
5400 0.06608965
5500 0.07770459
5600 0.072750695
5700 0.0075510214
5800 0.038698133
5900 0.015897034
6000 0.015531622
6100 0.00924779
6200 0.011589194
6300 0.09789846
6400 0.019875672
6500 0.005966671
6600 0.01074037
6700 0.02678513
6800 0.008363331
6900 0.0018103855
7000 0.021719247
7100 0.0034371195
7200 0.0021038537
7300 0.04985772
7400 0.0048673
7500 0.024689123
7600 0.008592406
7700 0.015193544
7800 0.012299627
7900 0.09494281
8000 0.20477855
8100 0.013285289
8200 0.07485185
8300 0.0074547906
8400 0.0048083253
8500 0.015591957
8600 0.011119424
8700 0.0038341868
8800 0.013463848
8900 0.025496475
9000 0.006184373
9100 0.001284629
9200 0.007570544
9300 0.01920304
9400 0.028384315
9500 0.003964857
9600 0.018700825
9700 0.025772767
9800 0.018031832
9900 0.013460491
10000 0.0018467086
10100 0.015418156
10200 0.0007169329
10300 0.049973354
10400 0.0028927529
10500 0.0030446327
10600 0.0047887005
10700 0.0021039553
10800 0.0031816256
10900 0.004774808
11000 0.0030597367
11100 0.022238519
11200 0.008435253
11300 0.003504048
11400 0.0070520546
11500 0.008629045
11600 0.0027486274
11700 0.0012154137
11800 0.0007759711
11900 0.006152272
12000 0.004517525
12100 0.004709191
12200 0.003807821
12300 0.0028607508
12400 0.003568763
12500 0.008892628
12600 0.0051944274
12700 0.006674942
12800 0.0020055776
12900 0.001280982
13000 0.008063765
13100 0.013358555
13200 0.0018771231
13300 0.0015330698
13400 0.00069093634
13500 0.0040080994
13600 0.006102538
13700 0.008819688
13800 0.00052477996
13900 0.003954245
14000 0.0036017154
14100 0.008603752
14200 0.0071206065
14300 0.005218121
14400 0.00036578364
14500 0.007112726
14600 0.003938773
14700 0.00032966008
14800 0.0035854082
14900 0.0060974318
15000 0.03302749
15100 0.0051943115
15200 0.00131096
15300 0.0004061414
15400 0.0018843005
15500 0.0030481534
15600 0.006019501
15700 0.0020400842
15800 0.00095862674
15900 0.00082126126
16000 0.0017463628
16100 0.0031351417
16200 0.002474529
16300 0.009605868
16400 0.004787096
16500 0.0021174315
16600 0.0067275004
16700 0.0013933106
16800 0.0007675535
