0 4.706254
100 0.1900546
200 0.3792942
300 0.2016694
400 0.1252103
500 0.20060846
600 0.074620135
700 0.14872812
800 0.16907774
900 0.1745421
1000 0.60902697
1100 0.049349464
1200 0.02409282
1300 0.13840032
1400 0.15621239
1500 0.035145856
1600 0.08548734
1700 0.08283264
1800 0.051497895
1900 0.0297524
2000 0.11984767
2100 0.024974238
2200 0.11391209
2300 0.18539554
2400 0.14455603
2500 0.1643134
2600 0.093380004
2700 0.056251686
2800 0.016328823
2900 0.019578291
3000 0.014438327
3100 0.1172991
3200 0.031414658
3300 0.034681063
3400 0.08456477
3500 0.020582467
3600 0.02481132
3700 0.020779563
3800 0.028664762
3900 0.0050383992
4000 0.1466341
4100 0.021419855
4200 0.007949406
4300 0.054066528
4400 0.017334271
4500 0.03712114
4600 0.06121284
4700 0.04461377
4800 0.08715334
4900 0.028500237
5000 0.0057537956
5100 0.05960634
5200 0.01115354
5300 0.0057698404
5400 0.045809858
5500 0.05386072
5600 0.050426938
5700 0.005233969
5800 0.026823502
5900 0.011018984
6000 0.0107657
6100 0.0064100795
6200 0.008033017
6300 0.06785804
6400 0.013776765
6500 0.004135781
6600 0.007444657
6700 0.018566037
6800 0.005797019
6900 0.0012548636
7000 0.015054635
7100 0.0023824298
7200 0.0014582803
7300 0.03455874
7400 0.0033737554
7500 0.017113196
7600 0.0059558023
7700 0.010531362
7800 0.008525452
7900 0.06580934
8000 0.14194168
8100 0.009208661
8200 0.051883347
8300 0.0051672673
8400 0.0033328773
8500 0.010807521
8600 0.0077073975
8700 0.0026576559
8800 0.009332429
8900 0.01767281
9000 0.004286681
9100 0.00089043693
9200 0.005247501
9300 0.013310534
9400 0.019674508
9500 0.0027482295
9600 0.012962424
9700 0.01786432
9800 0.012498714
9900 0.009330101
10000 0.0012800408
10100 0.010687051
10200 0.00049694
10300 0.03463889
10400 0.0020051035
10500 0.0021103786
10600 0.0033192744
10700 0.0014583507
10800 0.0022053348
10900 0.0033096445
11000 0.0021208478
11100 0.015414567
11200 0.005846872
11300 0.002428821
11400 0.0048881117
11500 0.0059811985
11600 0.0019052034
11700 0.0008424606
11800 0.0005378622
11900 0.00426443
12000 0.0031313098
12100 0.0032641627
12200 0.0026393805
12300 0.0019829213
12400 0.002473678
12500 0.0061639003
12600 0.0036005029
12700 0.0046267174
12800 0.0013901604
12900 0.0008879091
13000 0.005589376
13100 0.009259445
13200 0.0013011226
13300 0.001062643
13400 0.00047892059
13500 0.0027782028
13600 0.0042299572
13700 0.006113342
13800 0.00036374974
13900 0.0027408735
14000 0.002496519
14100 0.005963666
14200 0.0049356283
14300 0.003616926
14400 0.0002535419
14500 0.004930166
14600 0.0027301495
14700 0.00022850295
14800 0.0024852157
14900 0.0042264177
15000 0.022892911
15100 0.0036004225
15200 0.0009086883
15300 0.00028151576
15400 0.0013060976
15500 0.0021128189
15600 0.0041724
15700 0.0014140786
15800 0.00066446944
15900 0.0005692549
16000 0.0012104864
16100 0.0021731146
16200 0.0017152128
16300 0.0066582803
16400 0.003318162
16500 0.0014676917
16600 0.004663148
16700 0.00096576934
16800 0.00053202757
