0 3.0865786
100 1.4922569
200 1.366542
300 1.4442945
400 1.3423612
500 1.3333681
600 1.2440239
700 1.3229367
800 1.255227
900 1.1661783
1000 1.2733839
1100 1.1139935
1200 1.06528
1300 1.2768672
1400 1.2546706
1500 1.1377842
1600 1.2102556
1700 1.1949847
1800 1.1828786
1900 1.1296391
2000 1.2192883
2100 1.1039453
2200 1.1947773
2300 1.2100215
2400 1.057055
2500 1.2789371
2600 1.159885
2700 1.0653441
2800 1.0851109
2900 1.0839279
3000 1.0676937
3100 1.1040087
3200 1.1210802
3300 1.0964262
3400 1.1216853
3500 1.0802622
3600 1.0761051
3700 1.0747193
3800 1.0993583
3900 1.0295992
4000 1.1396847
4100 1.0981784
4200 1.0374823
4300 1.1712148
4400 1.0614923
4500 1.1216552
4600 1.0514499
4700 1.1144934
4800 1.0587661
4900 1.1409092
5000 1.0340545
5100 1.2084204
5200 1.0553339
5300 1.0336416
5400 1.1404536
5500 1.035209
5600 1.0990326
5700 1.0281622
5800 1.0764828
5900 1.0521973
6000 1.0535437
6100 1.029544
6200 1.0418494
6300 1.1617804
6400 1.0508552
6500 1.0251716
6600 1.0352329
6700 1.0524058
6800 1.0301473
6900 1.0096204
7000 1.068995
7100 1.0152984
7200 1.0102682
7300 1.0578747
7400 1.0193173
7500 1.060513
7600 1.0333104
7700 1.0524596
7800 1.0379425
7900 1.0295484
8000 1.1029125
8100 1.0427393
8200 1.0698175
8300 1.0283756
8400 1.0192358
8500 1.0357234
8600 1.0383666
8700 1.0159016
8800 1.0431002
8900 1.057972
9000 1.0234296
9100 1.0052904
9200 1.0275373
9300 1.0577798
9400 1.052225
9500 1.0166678
9600 1.0592729
9700 1.0410619
9800 1.0617397
9900 1.0442766
10000 1.0085201
10100 1.0498061
10200 1.0041347
10300 1.0730437
10400 1.0135012
10500 1.0125232
10600 1.0207195
10700 1.009791
10800 1.0123398
10900 1.0180297
11000 1.0107224
11100 1.0543165
11200 1.0294065
11300 1.0119426
11400 1.0219507
11500 1.0262638
11600 1.0106125
11700 1.0057487
11800 1.0040363
11900 1.0242021
12000 1.0196049
12100 1.015672
12200 1.0162847
12300 1.0117121
12400 1.0152531
12500 1.027282
12600 1.0168852
12700 1.0233121
12800 1.0088536
12900 1.0060186
13000 1.0267125
13100 1.0403079
13200 1.0084695
13300 1.0078121
13400 1.003382
13500 1.016854
13600 1.020107
13700 1.0311773
13800 1.0029879
13900 1.0164373
14000 1.0105305
14100 1.0275038
14200 1.0248743
14300 1.0178971
14400 1.0020813
14500 1.0272157
14600 1.0159771
14700 1.0017426
14800 1.0127312
14900 1.0214484
15000 1.0640279
15100 1.0200619
15200 1.0059346
15300 1.0023677
15400 1.0065544
15500 1.0128094
15600 1.0199827
15700 1.0094264
15800 1.0047277
15900 1.0039783
16000 1.0072585
16100 1.0122385
16200 1.0095376
16300 1.0372738
16400 1.0159984
16500 1.0080261
16600 1.0248686
16700 1.0060008
16800 1.0036416
