0 0.03125
100 0.625
200 0.9375
300 0.96875
400 0.8125
500 0.875
600 0.90625
700 0.96875
800 0.90625
900 0.96875
1000 1.0
1100 0.90625
1200 0.96875
1300 1.0
1400 0.9375
1500 0.9375
1600 0.96875
1700 1.0
1800 1.0
1900 0.96875
2000 0.96875
2100 0.96875
2200 0.9375
2300 0.9375
2400 0.96875
2500 1.0
2600 1.0
2700 1.0
2800 1.0
2900 1.0
3000 0.96875
3100 0.96875
3200 0.96875
3300 0.9375
3400 1.0
3500 0.96875
3600 0.90625
3700 0.96875
3800 1.0
3900 1.0
4000 1.0
4100 1.0
4200 1.0
4300 1.0
4400 0.96875
4500 0.9375
4600 0.96875
4700 1.0
4800 0.875
4900 0.96875
5000 1.0
5100 1.0
5200 0.96875
5300 1.0
5400 1.0
5500 0.96875
5600 0.96875
5700 1.0
5800 1.0
5900 0.96875
6000 0.96875
6100 1.0
6200 1.0
6300 1.0
6400 1.0
6500 1.0
6600 0.96875
6700 1.0
6800 0.96875
6900 0.96875
7000 1.0
7100 0.96875
7200 1.0
7300 1.0
7400 1.0
7500 1.0
7600 0.96875
7700 1.0
7800 0.96875
7900 1.0
8000 1.0
8100 0.96875
8200 0.96875
8300 1.0
8400 1.0
8500 1.0
8600 1.0
8700 1.0
8800 1.0
8900 1.0
9000 1.0
9100 0.96875
9200 1.0
9300 1.0
9400 0.96875
9500 1.0
9600 0.96875
9700 1.0
9800 1.0
9900 1.0
10000 1.0
10100 0.96875
10200 1.0
10300 1.0
10400 1.0
10500 1.0
10600 0.96875
10700 0.96875
10800 1.0
10900 1.0
11000 1.0
11100 1.0
11200 1.0
11300 1.0
11400 1.0
11500 1.0
11600 1.0
11700 1.0
11800 1.0
11900 1.0
12000 1.0
12100 1.0
12200 1.0
12300 1.0
12400 1.0
12500 1.0
12600 1.0
12700 0.96875
12800 1.0
12900 0.96875
13000 1.0
13100 1.0
13200 1.0
13300 0.96875
13400 1.0
13500 1.0
13600 1.0
13700 1.0
13800 1.0
13900 1.0
14000 1.0
14100 1.0
14200 1.0
14300 1.0
14400 1.0
14500 1.0
14600 1.0
14700 1.0
14800 1.0
14900 1.0
15000 1.0
15100 1.0
15200 1.0
15300 1.0
15400 0.96875
15500 1.0
15600 1.0
15700 1.0
15800 1.0
15900 1.0
16000 1.0
16100 1.0
16200 0.96875
16300 1.0
16400 1.0
16500 1.0
16600 1.0
16700 1.0
16800 1.0
16900 1.0
17000 1.0
17100 1.0
17200 1.0
17300 1.0
17400 1.0
17500 1.0
17600 1.0
17700 1.0
17800 1.0
17900 0.96875
18000 1.0
18100 1.0
18200 1.0
18300 1.0
18400 1.0
18500 1.0
18600 1.0
18700 1.0
18800 1.0
18900 0.96875
19000 1.0
19100 1.0
19200 1.0
19300 1.0
19400 1.0
19500 1.0
19600 1.0
19700 1.0
19800 1.0
19900 1.0
20000 1.0
20100 1.0
20200 1.0
20300 1.0
20400 1.0
20500 1.0
20600 1.0
20700 1.0
20800 1.0
20900 1.0
21000 1.0
21100 1.0
21200 1.0
21300 1.0
21400 1.0
21500 1.0
21600 1.0
21700 1.0
21800 1.0
21900 1.0
22000 1.0
22100 1.0
22200 1.0
22300 1.0
22400 1.0
22500 1.0
22600 1.0
22700 1.0
22800 1.0
22900 1.0
23000 1.0
23100 1.0
23200 1.0
23300 1.0
23400 1.0
23500 1.0
23600 1.0
23700 1.0
23800 1.0
23900 1.0
24000 1.0
24100 1.0
24200 1.0
24300 1.0
24400 0.96875
