0 3.50397
100 1.57362
200 0.191736
300 0.174956
400 0.796148
500 0.400724
600 0.219992
700 0.252405
800 0.664892
900 0.136567
1000 0.0777605
1100 0.305312
1200 0.258501
1300 0.0141079
1400 0.221335
1500 0.142631
1600 0.0724913
1700 0.0242547
1800 0.0329904
1900 0.0472147
2000 0.0775968
2100 0.204779
2200 0.16588
2300 0.22989
2400 0.157056
2500 0.0307289
2600 0.000652351
2700 0.0150087
2800 0.0177392
2900 0.0427251
3000 0.150052
3100 0.495506
3200 0.059995
3300 0.576199
3400 0.00145495
3500 0.0766456
3600 0.28521
3700 0.0526891
3800 0.0380399
3900 0.0168227
4000 0.0162375
4100 0.0108229
4200 0.00982648
4300 0.010996
4400 0.0731137
4500 0.126168
4600 0.0597385
4700 0.00124384
4800 0.346789
4900 0.436301
5000 0.00628569
5100 0.000876246
5200 0.216864
5300 0.000562401
5400 0.00213412
5500 0.120646
5600 0.144802
5700 5.99264e-05
5800 0.0271838
5900 0.0409349
6000 0.106863
6100 0.0307434
6200 0.00170699
6300 0.00789316
6400 0.000452212
6500 0.0180858
6600 0.0817713
6700 0.00419535
6800 0.0458447
6900 0.0820558
7000 0.00231355
7100 0.0513893
7200 0.00740079
7300 0.00478042
7400 0.05506
7500 0.0058402
7600 0.0512714
7700 0.00324998
7800 0.116219
7900 0.00387764
8000 0.0209592
8100 0.0799916
8200 0.0500054
8300 0.00235012
8400 0.0262667
8500 0.000990841
8600 0.00571974
8700 0.000350555
8800 0.000674822
8900 6.593e-05
9000 0.00655244
9100 0.0498728
9200 0.0290498
9300 0.00080739
9400 0.252237
9500 0.00196838
9600 0.0482196
9700 0.0012121
9800 0.000183876
9900 0.00372251
10000 0.00882363
10100 0.115577
10200 0.00367673
10300 0.0014237
10400 0.00055798
10500 0.0156605
10600 0.30948
10700 0.0521707
10800 0.0109861
10900 0.00288279
11000 0.0100884
11100 0.00500649
11200 0.000498103
11300 0.000937388
11400 0.000212831
11500 0.00276466
11600 0.00237444
11700 0.000570069
11800 0.000639766
11900 0.00229079
12000 0.00550661
12100 0.00082067
12200 0.00136489
12300 0.000672654
12400 0.00272649
12500 0.00143037
12600 0.000691381
12700 0.103055
12800 0.00161533
12900 0.0435772
13000 0.000776693
13100 0.00189073
13200 0.000683256
13300 0.14424
13400 0.0137214
13500 0.000121244
13600 0.00647822
13700 0.0162692
13800 0.00137674
13900 0.00104508
14000 0.000456943
14100 0.00728642
14200 0.000649356
14300 0.00365572
14400 0.0218164
14500 0.00343264
14600 0.0106459
14700 0.0051488
14800 0.000775237
14900 0.0114632
15000 0.0013038
15100 0.000472601
15200 0.016896
15300 0.00104984
15400 0.157303
15500 0.0047064
15600 0.0096218
15700 0.00192798
15800 0.000598822
15900 0.00867883
16000 0.00691613
16100 0.000175728
16200 0.15811
16300 8.89006e-05
16400 0.000345486
16500 0.000946231
16600 0.00837423
16700 0.00182493
16800 7.08068e-05
16900 0.000336922
17000 0.00346453
17100 0.00361285
17200 0.000663097
17300 0.0210737
17400 5.78271e-06
17500 0.00347066
17600 0.00205172
17700 0.00044545
17800 0.00017113
17900 0.0669084
18000 0.000683468
18100 0.00272558
18200 0.000458152
18300 0.00378386
18400 0.000857398
18500 0.0033279
18600 0.000502343
18700 0.00494579
18800 0.00232888
18900 0.191314
19000 0.000780295
19100 0.0145928
19200 0.000814103
19300 3.80748e-05
19400 0.00829852
19500 0.0043342
19600 0.0172227
19700 0.00728531
19800 0.00133042
19900 0.000928689
20000 0.00910709
20100 0.000984779
20200 0.0160954
20300 0.00238202
20400 0.00227339
20500 0.000485094
20600 0.00089394
20700 0.0014745
20800 0.000838737
20900 0.00029457
21000 0.000498953
21100 0.00241481
21200 0.00395413
21300 0.0113707
21400 0.00043489
21500 0.0140487
21600 0.000715513
21700 0.000348921
21800 0.00125029
21900 0.00034247
22000 0.016275
22100 0.00749314
22200 0.000763021
22300 0.000724145
22400 0.000159904
22500 0.00131688
22600 0.0015506
22700 0.000905456
22800 0.00119005
22900 0.000554312
23000 0.00170012
23100 0.00261786
23200 0.000230011
23300 0.00405213
23400 0.000226053
23500 0.00234763
23600 0.000225281
23700 0.000900056
23800 0.00158864
23900 0.000144632
24000 0.000607969
24100 0.000365226
24200 0.000727433
24300 0.000617744
24400 0.212776
