0 2.42876
100 1.09075
200 0.132902
300 0.12127
400 0.551848
500 0.277761
600 0.152487
700 0.174954
800 0.460868
900 0.0946612
1000 0.0538995
1100 0.211626
1200 0.179179
1300 0.00977889
1400 0.153417
1500 0.0988644
1600 0.0502472
1700 0.0168121
1800 0.0228672
1900 0.0327267
2000 0.053786
2100 0.141942
2200 0.114979
2300 0.159348
2400 0.108863
2500 0.0212997
2600 0.000452175
2700 0.0104032
2800 0.0122959
2900 0.0296148
3000 0.104008
3100 0.343459
3200 0.0415854
3300 0.399391
3400 0.00100849
3500 0.0531267
3600 0.197692
3700 0.0365213
3800 0.0263672
3900 0.0116606
4000 0.011255
4100 0.00750188
4200 0.00681119
4300 0.00762185
4400 0.0506786
4500 0.0874531
4600 0.0414076
4700 0.000862166
4800 0.240376
4900 0.302421
5000 0.00435691
5100 0.000607368
5200 0.150318
5300 0.000389827
5400 0.00147926
5500 0.0836257
5600 0.100369
5700 4.15378e-05
5800 0.0188424
5900 0.0283739
6000 0.0740721
6100 0.0213097
6200 0.0011832
6300 0.00547112
6400 0.000313449
6500 0.0125361
6600 0.0566795
6700 0.002908
6800 0.0317771
6900 0.0568767
7000 0.00160363
7100 0.0356203
7200 0.00512984
7300 0.00331353
7400 0.0381647
7500 0.00404812
7600 0.0355386
7700 0.00225271
7800 0.0805568
7900 0.00268778
8000 0.0145278
8100 0.055446
8200 0.0346611
8300 0.00162898
8400 0.0182067
8500 0.000686799
8600 0.00396462
8700 0.000242986
8800 0.000467751
8900 4.56992e-05
9000 0.0045418
9100 0.0345692
9200 0.0201358
9300 0.00055964
9400 0.174837
9500 0.00136437
9600 0.0334233
9700 0.000840163
9800 0.000127453
9900 0.00258025
10000 0.00611607
10100 0.0801122
10200 0.00254851
10300 0.000986836
10400 0.000386762
10500 0.010855
10600 0.214515
10700 0.0361619
10800 0.00761497
10900 0.0019982
11000 0.00699271
11100 0.00347023
11200 0.000345259
11300 0.000649748
11400 0.000147523
11500 0.00191632
11600 0.00164583
11700 0.000395142
11800 0.000443452
11900 0.00158786
12000 0.00381689
12100 0.000568845
12200 0.000946067
12300 0.000466248
12400 0.00188986
12500 0.000991457
12600 0.000479229
12700 0.0714322
12800 0.00111966
12900 0.0302054
13000 0.000538362
13100 0.00131055
13200 0.000473597
13300 0.0999795
13400 0.00951096
13500 8.40401e-05
13600 0.00449036
13700 0.0112769
13800 0.000954287
13900 0.000724396
14000 0.000316728
14100 0.00505056
14200 0.000450099
14300 0.00253395
14400 0.015122
14500 0.00237932
14600 0.00737916
14700 0.00356887
14800 0.000537353
14900 0.00794567
15000 0.000903728
15100 0.000327582
15200 0.0117114
15300 0.000727697
15400 0.109034
15500 0.00326223
15600 0.00666932
15700 0.00133638
15800 0.000415072
15900 0.0060157
16000 0.0047939
16100 0.000121805
16200 0.109594
16300 6.16212e-05
16400 0.000239472
16500 0.000655877
16600 0.00580457
16700 0.00126495
16800 4.90795e-05
16900 0.000233536
17000 0.00240143
17100 0.00250423
17200 0.000459624
17300 0.0146072
17400 4.00827e-06
17500 0.00240568
17600 0.00142215
17700 0.000308762
17800 0.000118618
17900 0.0463773
18000 0.000473744
18100 0.00188923
18200 0.000317567
18300 0.00262277
18400 0.000594303
18500 0.00230672
18600 0.000348198
18700 0.00342816
18800 0.00161426
18900 0.132609
19000 0.000540859
19100 0.010115
19200 0.000564293
19300 2.63914e-05
19400 0.0057521
19500 0.00300424
19600 0.0119378
19700 0.00504979
19800 0.000922175
19900 0.000643718
20000 0.00631255
20100 0.000682597
20200 0.0111565
20300 0.00165109
20400 0.00157579
20500 0.000336242
20600 0.000619632
20700 0.00102204
20800 0.000581368
20900 0.000204181
21000 0.000345848
21100 0.00167382
21200 0.00274079
21300 0.00788159
21400 0.000301443
21500 0.00973779
21600 0.000495956
21700 0.000241853
21800 0.000866634
21900 0.000237382
22000 0.011281
22100 0.00519385
22200 0.000528886
22300 0.000501939
22400 0.000110837
22500 0.000912792
22600 0.00107479
22700 0.000627614
22800 0.000824879
22900 0.00038422
23000 0.00117843
23100 0.00181456
23200 0.000159431
23300 0.00280872
23400 0.000156688
23500 0.00162725
23600 0.000156153
23700 0.000623871
23800 0.00110116
23900 0.000100251
24000 0.000421412
24100 0.000253156
24200 0.000504218
24300 0.000428187
24400 0.147485
