0 9.72832
100 3.59104
200 1.45448
300 1.24051
400 1.24174
500 1.33098
600 1.25078
700 1.21636
800 1.09791
900 1.16344
1000 1.17855
1100 1.10539
1200 1.09184
1300 1.04748
1400 1.0829
1500 1.13624
1600 1.12782
1700 1.05692
1800 1.0525
1900 1.04424
2000 1.1359
2100 1.06848
2200 1.07837
2300 1.14177
2400 1.07855
2500 1.06342
2600 1.00344
2700 1.04484
2800 1.04475
2900 1.09084
3000 1.05072
3100 1.0794
3200 1.12041
3300 1.05135
3400 1.00708
3500 1.08256
3600 1.20694
3700 1.02844
3800 1.06514
3900 1.03581
4000 1.0436
4100 1.03873
4200 1.02224
4300 1.03054
4400 1.03029
4500 1.09046
4600 1.09059
4700 1.00593
4800 1.25318
4900 1.01624
5000 1.01784
5100 1.00408
5200 1.00583
5300 1.00297
5400 1.00871
5500 1.06919
5600 1.06601
5700 1.00034
5800 1.05019
5900 1.06121
6000 1.11137
6100 1.05777
6200 1.00738
6300 1.02431
6400 1.00231
6500 1.04561
6600 1.02187
6700 1.01456
6800 1.05531
6900 1.12825
7000 1.00896
7100 1.08128
7200 1.02212
7300 1.01537
7400 1.10151
7500 1.01796
7600 1.05474
7700 1.01045
7800 1.0507
7900 1.01048
8000 1.03239
8100 1.02289
8200 1.05292
8300 1.00895
8400 1.05566
8500 1.00438
8600 1.01701
8700 1.00159
8800 1.00296
8900 1.00041
9000 1.02126
9100 1.10338
9200 1.0611
9300 1.00359
9400 1.06492
9500 1.00675
9600 1.03327
9700 1.0051
9800 1.00112
9900 1.01113
10000 1.02599
10100 1.01832
10200 1.01305
10300 1.00566
10400 1.00261
10500 1.04155
10600 1.0145
10700 1.03432
10800 1.02368
10900 1.012
11000 1.02624
11100 1.01791
11200 1.00228
11300 1.00418
11400 1.00124
11500 1.01055
11600 1.00853
11700 1.00286
11800 1.00255
11900 1.00838
12000 1.01686
12100 1.00404
12200 1.00477
12300 1.00255
12400 1.01188
12500 1.00573
12600 1.00328
12700 1.02161
12800 1.00656
12900 1.03074
13000 1.00369
13100 1.00796
13200 1.00325
13300 1.14206
13400 1.03493
13500 1.00071
13600 1.01938
13700 1.03887
13800 1.00659
13900 1.0051
14000 1.00256
14100 1.0212
14200 1.00302
14300 1.01238
14400 1.06221
14500 1.01142
14600 1.03266
14700 1.01416
14800 1.00342
14900 1.02745
15000 1.00517
15100 1.00258
15200 1.04218
15300 1.00479
15400 1.06113
15500 1.01831
15600 1.02059
15700 1.00731
15800 1.00281
15900 1.02458
16000 1.02462
16100 1.00097
16200 1.00982
16300 1.00052
16400 1.00191
16500 1.00416
16600 1.02369
16700 1.00809
16800 1.00045
16900 1.00172
17000 1.01286
17100 1.01026
17200 1.00322
17300 1.02982
17400 1.00005
17500 1.0102
17600 1.00916
17700 1.00244
17800 1.00101
17900 1.0307
18000 1.00342
18100 1.01042
18200 1.00228
18300 1.01318
18400 1.00401
18500 1.01222
18600 1.00249
18700 1.01611
18800 1.01079
18900 1.02844
19000 1.00379
19100 1.04465
19200 1.00379
19300 1.00027
19400 1.02102
19500 1.01576
19600 1.03099
19700 1.0184
19800 1.00565
19900 1.00463
20000 1.02494
20100 1.00426
20200 1.03452
20300 1.00937
20400 1.00995
20500 1.00254
20600 1.00404
20700 1.00615
20800 1.00412
20900 1.00173
21000 1.00242
21100 1.01091
21200 1.01598
21300 1.0318
21400 1.00206
21500 1.04283
21600 1.00342
21700 1.00213
21800 1.00522
21900 1.00184
22000 1.03957
22100 1.02627
22200 1.00335
22300 1.00358
22400 1.00094
22500 1.00624
22600 1.00686
22700 1.00471
22800 1.00553
22900 1.00265
23000 1.00731
23100 1.00972
23200 1.00133
23300 1.01368
23400 1.00124
23500 1.00792
23600 1.00132
23700 1.00392
23800 1.00649
23900 1.00093
24000 1.00293
24100 1.00203
24200 1.00335
24300 1.0025
24400 1.01005
