0 0.0625
100 0.375
200 0.21875
300 0.4375
400 0.53125
500 0.46875
600 0.3125
700 0.4375
800 0.5
900 0.34375
1000 0.40625
1100 0.34375
1200 0.5625
1300 0.53125
1400 0.4375
1500 0.4375
1600 0.46875
1700 0.5625
1800 0.5
1900 0.5
2000 0.53125
2100 0.375
2200 0.46875
2300 0.46875
2400 0.53125
2500 0.5
2600 0.5625
2700 0.5625
2800 0.40625
2900 0.4375
3000 0.5
3100 0.53125
3200 0.625
3300 0.4375
3400 0.375
3500 0.65625
3600 0.625
3700 0.59375
3800 0.5625
3900 0.53125
4000 0.46875
4100 0.65625
4200 0.53125
4300 0.5
4400 0.53125
4500 0.5625
4600 0.75
4700 0.71875
4800 0.5
4900 0.5
5000 0.65625
5100 0.46875
5200 0.625
5300 0.6875
5400 0.5625
5500 0.59375
5600 0.625
5700 0.59375
5800 0.28125
5900 0.625
6000 0.53125
6100 0.6875
6200 0.65625
6300 0.65625
6400 0.5625
6500 0.59375
6600 0.625
6700 0.65625
6800 0.6875
6900 0.53125
7000 0.5625
7100 0.59375
7200 0.59375
7300 0.46875
7400 0.53125
7500 0.53125
7600 0.65625
7700 0.46875
7800 0.5625
7900 0.625
8000 0.65625
8100 0.71875
8200 0.65625
8300 0.71875
8400 0.59375
8500 0.53125
8600 0.75
8700 0.65625
8800 0.59375
8900 0.59375
9000 0.75
9100 0.65625
9200 0.78125
9300 0.59375
9400 0.5625
9500 0.59375
9600 0.78125
9700 0.6875
9800 0.625
9900 0.75
10000 0.59375
10100 0.78125
10200 0.6875
10300 0.78125
10400 0.65625
10500 0.59375
10600 0.71875
10700 0.84375
10800 0.6875
10900 0.53125
11000 0.65625
11100 0.8125
11200 0.8125
11300 0.78125
11400 0.65625
11500 0.59375
11600 0.78125
11700 0.75
11800 0.625
11900 0.71875
12000 0.78125
12100 0.6875
12200 0.78125
12300 0.84375
12400 0.8125
12500 0.78125
12600 0.75
12700 0.6875
12800 0.6875
12900 0.625
13000 0.5625
13100 0.78125
13200 0.8125
13300 0.59375
13400 0.75
13500 0.71875
13600 0.75
13700 0.75
13800 0.84375
13900 0.6875
14000 0.6875
14100 0.75
14200 0.84375
14300 0.71875
14400 0.625
14500 0.75
14600 0.75
14700 0.65625
14800 0.875
14900 0.75
15000 0.84375
15100 0.6875
15200 0.78125
15300 0.78125
15400 0.71875
15500 0.875
15600 0.84375
15700 0.8125
15800 0.71875
15900 0.75
16000 0.875
16100 0.8125
16200 0.71875
16300 0.75
16400 0.71875
16500 0.90625
16600 0.8125
16700 0.90625
16800 0.8125
16900 0.8125
17000 0.84375
17100 0.84375
17200 0.75
17300 0.78125
17400 0.84375
17500 0.84375
17600 0.71875
17700 0.75
17800 0.6875
17900 0.75
18000 0.8125
18100 0.8125
18200 0.8125
18300 0.71875
18400 0.71875
18500 0.84375
18600 0.84375
18700 0.875
18800 0.90625
18900 0.75
19000 0.75
19100 0.75
19200 0.90625
19300 0.6875
19400 0.84375
19500 0.8125
19600 0.75
19700 0.84375
19800 0.84375
19900 0.875
20000 0.78125
20100 0.78125
20200 0.78125
20300 0.96875
20400 0.875
20500 0.875
20600 0.71875
20700 0.71875
20800 0.90625
20900 0.875
21000 0.8125
21100 0.875
21200 0.625
21300 0.875
21400 0.8125
21500 0.75
21600 0.9375
21700 0.75
21800 0.71875
21900 0.78125
22000 0.78125
22100 0.8125
22200 0.71875
22300 0.84375
22400 0.78125
22500 0.75
