0 3.3823364
100 2.723601
200 2.8162496
300 2.3163126
400 1.9302869
500 2.216357
600 2.752613
700 2.371218
800 2.0707138
900 2.508928
1000 2.321017
1100 2.6387956
1200 2.2162411
1300 1.7099005
1400 2.1468174
1500 2.0593603
1600 1.9928766
1700 2.1848934
1800 1.9415271
1900 1.980267
2000 2.1342893
2100 2.0245683
2200 2.2499614
2300 2.3191705
2400 1.7717998
2500 2.3420222
2600 2.0034688
2700 2.1867254
2800 2.1690238
2900 2.2037182
3000 1.7563643
3100 2.2473145
3200 1.8711503
3300 2.3145792
3400 2.394037
3500 1.6107286
3600 1.7207762
3700 1.7024982
3800 1.6266897
3900 2.4538565
4000 2.280728
4100 1.6385512
4200 1.7421008
4300 1.865588
4400 1.945506
4500 1.6028023
4600 1.5488546
4700 1.4755299
4800 2.1703613
4900 1.7239296
5000 1.6387002
5100 2.20853
5200 1.7252792
5300 1.5374513
5400 1.6524369
5500 1.8587563
5600 1.6867508
5700 1.845503
5800 2.6594086
5900 1.6024475
6000 1.8584291
6100 1.4733903
6200 1.4139899
6300 1.6838009
6400 1.9620794
6500 1.774703
6600 1.7436055
6700 1.8661181
6800 1.4626327
6900 1.8654075
7000 1.8160516
7100 1.7947277
7200 1.5109594
7300 1.9143643
7400 2.311134
7500 1.8987067
7600 1.6308174
7700 1.8446786
7800 1.9440114
7900 1.6676917
8000 1.553393
8100 1.560432
8200 1.4561592
8300 1.3491305
8400 1.6414179
8500 1.7094718
8600 1.1670369
8700 1.1069412
8800 1.5950347
8900 1.6160265
9000 1.057677
9100 1.505683
9200 1.0265476
9300 1.4527282
9400 1.6465137
9500 1.5265887
9600 1.1899399
9700 1.2053319
9800 1.415128
9900 1.0977006
10000 1.7042226
10100 1.2404335
10200 1.2868223
10300 1.0193654
10400 1.5552292
10500 1.6420891
10600 1.2236766
10700 1.0326729
10800 1.2844689
10900 1.3745501
11000 1.3905065
11100 1.0583575
11200 0.9681893
11300 0.9523987
11400 1.5602559
11500 1.8193604
11600 0.94690704
11700 1.1888453
11800 1.4713478
11900 1.482466
12000 1.007795
12100 1.2228227
12200 0.80495447
12300 0.73903626
12400 1.00756
12500 1.1912512
12600 1.3749373
12700 1.3993974
12800 1.5073973
12900 1.1924956
13000 1.4588662
13100 1.3119724
13200 1.0143148
13300 1.543838
13400 0.94685304
13500 1.0248393
13600 1.4037583
13700 1.0268533
13800 0.73300797
13900 1.5717962
14000 1.1837671
14100 0.97947955
14200 0.779248
14300 0.9143898
14400 1.3277401
14500 1.0630193
14600 1.13281
14700 1.2104605
14800 0.66360915
14900 0.949005
15000 0.7902487
15100 1.3144572
15200 1.0281899
15300 0.9093627
15400 1.2089999
15500 0.6759319
15600 0.9748224
15700 0.9503945
15800 0.9743975
15900 1.1676333
16000 0.79593533
16100 0.77326137
16200 0.9640945
16300 1.1333715
16400 1.1647791
16500 0.5160383
16600 0.9343489
16700 0.7900411
16800 1.305018
16900 0.95196664
17000 0.7145555
17100 0.74880475
17200 1.238219
17300 0.967976
17400 1.1314282
17500 1.0897626
17600 0.9281082
17700 1.1706501
17800 1.3943146
17900 1.1509291
18000 0.99313563
18100 0.8188266
18200 0.9604685
18300 1.1945996
18400 1.0255054
18500 0.96539557
18600 1.1010213
18700 0.7094228
18800 0.6758949
18900 1.2957586
19000 0.955441
19100 0.9906512
19200 0.6958476
19300 1.2331724
19400 0.822294
19500 0.77706224
19600 0.93579215
19700 0.72944945
19800 0.6879772
19900 0.73750633
20000 0.9412426
20100 1.0337731
20200 0.78019583
20300 0.47544342
20400 1.0035903
20500 0.895454
20600 1.028496
20700 1.168381
20800 0.7078457
20900 0.68558794
21000 0.81751984
21100 0.5950333
21200 1.105378
21300 0.6684367
21400 1.3311902
21500 1.0325701
21600 0.90891075
21700 1.0951141
21800 1.0558363
21900 1.004287
22000 1.3040812
22100 0.933773
22200 1.2361816
22300 0.8816783
22400 0.86421317
22500 1.1495734
