0 2.344457
100 1.8878564
200 1.9520755
300 1.6055455
400 1.3379729
500 1.5362617
600 1.907966
700 1.6436031
800 1.4353094
900 1.7390563
1000 1.6088064
1100 1.8290738
1200 1.5361812
1300 1.1852127
1400 1.4880605
1500 1.4274397
1600 1.3813568
1700 1.5144527
1800 1.345764
1900 1.3726165
2000 1.4793766
2100 1.4033239
2200 1.5595543
2300 1.6075265
2400 1.2281181
2500 1.6233661
2600 1.3886987
2700 1.5157225
2800 1.5034528
2900 1.5275011
3000 1.217419
3100 1.5577197
3200 1.2969825
3300 1.604344
3400 1.65942
3500 1.116472
3600 1.1927512
3700 1.1800818
3800 1.1275353
3900 1.7008836
4000 1.5808803
4100 1.1357572
4200 1.2075323
4300 1.2931271
4400 1.348522
4500 1.1109779
4600 1.0735842
4700 1.0227594
4800 1.5043797
4900 1.194937
5000 1.1358604
5100 1.5308363
5200 1.1958724
5300 1.06568
5400 1.1453819
5500 1.2883917
5600 1.1691666
5700 1.2792052
5800 1.8433616
5900 1.110732
6000 1.2881649
6100 1.0212764
6200 0.98010314
6300 1.1671219
6400 1.3600098
6500 1.2301304
6600 1.2085752
6700 1.2934945
6800 1.0138197
6900 1.2930019
7000 1.2587911
7100 1.2440104
7200 1.0473173
7300 1.3269362
7400 1.601956
7500 1.3160832
7600 1.1303965
7700 1.2786338
7800 1.347486
7900 1.1559558
8000 1.07673
8100 1.081609
8200 1.0093327
8300 0.935146
8400 1.1377442
8500 1.1849155
8600 0.8089283
8700 0.7672732
8800 1.1055938
8900 1.1201442
9000 0.73312587
9100 1.0436599
9200 0.71154857
9300 1.0069544
9400 1.1412764
9500 1.0581506
9600 0.8248035
9700 0.83547246
9800 0.980892
9900 0.7608681
10000 1.181277
10100 0.85980296
10200 0.8919573
10300 0.70657027
10400 1.0780027
10500 1.1382095
10600 0.8481879
10700 0.7157943
10800 0.89032596
10900 0.9527655
11000 0.96382564
11100 0.7335975
11200 0.6710977
11300 0.6601525
11400 1.0814869
11500 1.2610846
11600 0.65634596
11700 0.82404476
11800 1.0198606
11900 1.0275671
12000 0.6985503
12100 0.8475961
12200 0.5579519
12300 0.5122609
12400 0.6983874
12500 0.8257124
12600 0.9530339
12700 0.96998835
12800 1.0448482
12900 0.826575
13000 1.011209
13100 0.90939
13200 0.7030694
13300 1.070107
13400 0.65630853
13500 0.71036446
13600 0.97301114
13700 0.7117605
13800 0.5080824
13900 1.0894861
14000 0.8205248
14100 0.6789235
14200 0.54013354
14300 0.6338067
14400 0.9203193
14500 0.7368288
14600 0.78520405
14700 0.8390273
14800 0.45997882
14900 0.65780014
15000 0.54775864
15100 0.9111123
15200 0.7126869
15300 0.63032216
15400 0.83801484
15500 0.46852028
15600 0.6756954
15700 0.6587633
15800 0.67540085
15900 0.8093417
16000 0.55170035
16100 0.5359839
16200 0.6682594
16300 0.7855933
16400 0.80736333
16500 0.3576905
16600 0.6476413
16700 0.54761475
16800 0.9045695
16900 0.659853
17000 0.49529213
17100 0.5190319
17200 0.858268
17300 0.6709498
17400 0.78424627
17500 0.75536585
17600 0.6433156
17700 0.81143284
17800 0.9664653
17900 0.7977633
18000 0.6883892
18100 0.56756735
18200 0.66574603
18300 0.8280333
18400 0.71082616
18500 0.6691612
18600 0.76316977
18700 0.49173442
18800 0.46849465
18900 0.8981514
19000 0.66226125
19100 0.6866671
19200 0.48232478
19300 0.85477
19400 0.5699708
19500 0.5386185
19600 0.6486417
19700 0.50561583
19800 0.47686946
19900 0.5112004
20000 0.6524196
20100 0.7165569
20200 0.54079056
20300 0.32955226
20400 0.6956358
20500 0.6206814
20600 0.7128991
20700 0.80986
20800 0.49064124
20900 0.47521335
21000 0.5666616
21100 0.41244566
21200 0.7661897
21300 0.46332502
21400 0.9227108
21500 0.71572304
21600 0.63000894
21700 0.7590752
21800 0.73184997
21900 0.6961187
22000 0.9039202
22100 0.6472421
22200 0.8568558
22300 0.6111328
22400 0.5990269
22500 0.7968236
