0 9.624049
100 6.9566307
200 6.430318
300 6.03015
400 5.4834404
500 5.7612257
600 5.2629576
700 4.7704883
800 4.75086
900 4.97616
1000 4.6168914
1100 4.8204517
1200 4.6330147
1300 5.0838757
1400 4.988562
1500 4.9034696
1600 5.0000467
1700 4.566199
1800 4.8791256
1900 4.2309237
2000 4.5300546
2100 4.491582
2200 4.707126
2300 4.9822636
2400 4.678265
2500 4.774528
2600 4.284178
2700 4.757184
2800 3.612949
2900 4.537512
3000 4.356189
3100 4.2055216
3200 4.994315
3300 4.0324464
3400 4.500592
3500 4.0001416
3600 4.333397
3700 4.2744546
3800 4.097932
3900 3.7386286
4000 4.4478345
4100 3.6212988
4200 3.7398343
4300 4.094477
4400 4.4156733
4500 3.6447377
4600 3.9053063
4700 3.7029192
4800 3.9604087
4900 3.7497127
5000 3.4579344
5100 4.26779
5200 4.334776
5300 3.9759343
5400 4.144883
5500 4.407337
5600 3.8084636
5700 3.8506253
5800 4.622858
5900 3.8048282
6000 3.239301
6100 3.4140558
6200 3.4451077
6300 3.6470861
6400 3.3482141
6500 3.5145006
6600 3.395093
6700 3.587174
6800 3.0227454
6900 3.7235942
7000 3.4553158
7100 3.4073968
7200 3.5199962
7300 3.3993232
7400 2.8926528
7500 3.478327
7600 3.4064238
7700 3.2823064
7800 3.8895118
7900 3.5001917
8000 3.3350525
8100 3.1490433
8200 3.7196894
8300 3.193429
8400 3.464707
8500 3.809222
8600 3.4150147
8700 3.0452986
8800 3.1522212
8900 3.524517
9000 2.8639596
9100 3.5777936
9200 3.3765159
9300 3.6289783
9400 3.347441
9500 3.633735
9600 3.2012763
9700 3.014391
9800 3.5391512
9900 3.292811
10000 3.4690728
10100 2.9739847
10200 3.4317045
10300 3.0956929
10400 2.9633002
10500 3.0789099
10600 3.2823389
10700 3.115655
10800 3.285975
10900 3.2954106
11000 3.5580707
11100 2.762736
11200 3.119553
11300 3.1651826
11400 3.6330194
11500 3.3348947
11600 3.0251007
11700 3.2043123
11800 2.9586997
11900 3.4687934
12000 3.329297
12100 2.9611151
12200 2.6958885
12300 2.587899
12400 3.0620465
12500 3.310894
12600 3.1055317
12700 3.8942733
12800 3.0918791
12900 3.0706882
13000 3.6349654
13100 3.3120944
13200 2.8395004
13300 3.1975482
13400 2.4555235
13500 2.888667
13600 3.485599
13700 2.9521775
13800 2.4482985
13900 3.0562148
14000 2.8784022
14100 3.1192818
14200 2.4179451
14300 2.6115146
14400 3.1309056
14500 3.0056658
14600 3.176264
14700 3.034131
14800 2.623089
14900 2.70088
15000 2.7496793
15100 2.9225044
15200 2.5335789
15300 2.719884
15400 3.4970875
15500 2.823747
15600 2.9754648
15700 2.8741808
15800 2.922001
15900 3.1082525
16000 2.916199
16100 2.3944247
16200 2.7893732
16300 3.1060953
16400 2.8239636
16500 2.368361
16600 3.1570063
16700 2.5718007
16800 3.1738455
16900 2.7860687
17000 2.5965312
17100 2.7547607
17200 3.326588
17300 2.9808767
17400 2.9118366
17500 3.1933606
17600 2.97224
17700 3.0808094
17800 3.2852416
17900 2.9168472
18000 2.9675035
18100 2.620267
18200 2.808857
18300 2.7960474
18400 3.148818
18500 2.9647784
18600 3.351331
18700 2.7535317
18800 2.5855343
18900 2.8501763
19000 3.1656852
19100 2.5625057
19200 2.6132464
19300 3.096331
19400 2.9307275
19500 2.9758978
19600 2.8990653
19700 2.5037026
19800 2.5867567
19900 2.5560403
20000 2.999659
20100 2.7029753
20200 2.6974277
20300 2.3379812
20400 2.7044966
20500 3.0570304
20600 3.085818
20700 2.7628543
20800 2.7569008
20900 2.698995
21000 2.6700172
21100 2.271334
21200 2.9546542
21300 2.2705283
21400 3.036485
21500 3.123205
21600 2.7017357
21700 2.9350877
21800 2.9105752
21900 2.6768808
22000 2.8992252
22100 2.8252168
22200 3.3687644
22300 3.1138365
22400 2.7459579
22500 3.0077932
