0 4.198536
100 0.28402317
200 0.6362915
300 0.56778204
400 0.29079494
500 0.39946926
600 0.46964774
700 0.14398363
800 0.15738685
900 0.17894697
1000 0.050780017
1100 0.07660953
1200 0.43450055
1300 0.073159054
1400 0.047885016
1500 0.42369318
1600 0.5328151
1700 0.018815195
1800 0.040382758
1900 0.12344806
2000 0.09364595
2100 0.04863832
2200 0.018413508
2300 0.10573233
2400 0.010722854
2500 0.2213605
2600 0.023919402
2700 0.013808409
2800 0.14472955
2900 0.018466443
3000 0.04194128
3100 0.25995028
3200 0.029876607
3300 0.24442953
3400 0.41881266
3500 0.02386906
3600 0.018376306
3700 0.041598897
3800 0.14455144
3900 0.20280816
4000 0.010128722
4100 0.09289946
4200 0.0023166395
4300 0.023117999
4400 0.07680265
4500 0.0027626527
4600 0.0118438555
4700 0.07494088
4800 0.06330516
4900 0.027837373
5000 0.07477162
5100 0.1718058
5200 0.0038592725
5300 0.08553265
5400 0.068843625
5500 0.036679987
5600 0.017494759
5700 0.05363237
5800 0.061814252
5900 0.0105904965
6000 0.0066915676
6100 0.015498625
6200 0.032848112
6300 0.032609336
6400 0.030470105
6500 0.14763688
6600 0.12643184
6700 0.014134949
6800 0.015621491
6900 0.021884862
7000 0.03814141
7100 0.0398388
7200 0.022616656
7300 0.0065088593
7400 0.02024336
7500 0.0055718576
7600 0.0058278684
7700 0.009074063
7800 0.04641358
7900 0.010896213
8000 0.0068011493
8100 0.023307253
8200 0.0008464818
8300 0.022705318
8400 0.028984854
8500 0.016866555
8600 0.006319964
8700 0.003058214
8800 0.0040758643
8900 0.008692577
9000 0.008184342
9100 0.010779976
9200 0.005835153
9300 0.0009758661
9400 0.018528234
9500 0.0045183576
9600 0.009636741
9700 0.008920101
9800 0.012535757
9900 0.0005160976
10000 0.004210795
10100 0.010569912
10200 0.009989483
10300 0.005402288
10400 0.0005178393
10500 0.006585175
10600 0.0014435055
10700 0.004850999
10800 0.0026564854
10900 0.0023492782
11000 0.0007400244
11100 0.017423473
11200 0.003455967
11300 0.00469186
11400 0.094008155
11500 0.0023429045
11600 0.026396345
11700 0.007760316
11800 0.00853652
11900 0.004005869
12000 0.0022472043
12100 0.0016574115
12200 0.004994747
12300 0.0031027903
12400 0.0029571108
12500 0.0023104085
12600 0.01135701
12700 0.00012390128
12800 0.0028162058
12900 0.0042159427
13000 0.005604902
13100 0.0020277766
13200 0.002538345
13300 0.00034700855
13400 0.0021456808
13500 0.00079269987
13600 0.0014141228
13700 0.001975416
13800 0.003286565
13900 0.0039025769
14000 0.00071987277
14100 0.0023189972
14200 0.0012474922
14300 0.0035965599
14400 0.0061413916
14500 0.002478811
14600 0.00049449765
14700 0.014234649
14800 0.00879674
14900 0.0033362636
15000 0.0018844159
15100 0.0047596833
15200 0.002412047
15300 0.008807652
15400 0.0035923119
15500 0.002818429
15600 0.004575816
15700 0.00093231414
15800 0.0016496517
15900 0.00086575
16000 0.0035683908
16100 0.00088726764
16200 0.0009604282
16300 0.0019202027
16400 0.0064298986
16500 0.0019100645
16600 0.014389819
16700 0.0007189261
16800 0.0020244098
16900 0.0036334964
17000 0.00024843466
17100 0.0003643438
17200 0.0026385018
17300 0.0017982625
17400 0.0005501067
17500 0.0010808862
17600 0.002411042
17700 0.00030368837
17800 0.0013242566
17900 0.0008377319
18000 0.0009684936
18100 0.00060218625
18200 0.0006624711
18300 0.0017963299
18400 0.00086220755
18500 0.0006720208
18600 0.00056465145
18700 0.005382398
18800 0.0027383447
18900 0.002926934
19000 0.0020668767
19100 0.0024429904
19200 0.00039000114
