0 2.9102032
100 0.19686987
200 0.44104367
300 0.39355654
400 0.2015637
500 0.276891
600 0.325535
700 0.09980185
800 0.10909225
900 0.12403659
1000 0.035198025
1100 0.05310168
1200 0.30117282
1300 0.050709993
1400 0.033191364
1500 0.29368174
1600 0.3693193
1700 0.013041699
1800 0.027991194
1900 0.085567676
2000 0.06491043
2100 0.033713516
2200 0.012763271
2300 0.07328807
2400 0.007432516
2500 0.15343541
2600 0.016579665
2700 0.00957126
2800 0.10031889
2900 0.012799962
3000 0.029071482
3100 0.1801838
3200 0.020708885
3300 0.16942564
3400 0.29029882
3500 0.016544772
3600 0.012737485
3700 0.028834159
3800 0.10019542
3900 0.1405759
4000 0.007020695
4100 0.064393
4200 0.0016057722
4300 0.016024176
4400 0.05323554
4500 0.001914925
4600 0.008209535
4700 0.05194506
4800 0.043879792
4900 0.019295396
5000 0.051827736
5100 0.119086705
5200 0.002675044
5300 0.059286714
5400 0.047718763
5500 0.02542463
5600 0.012126443
5700 0.037175126
5800 0.042846374
5900 0.007340773
6000 0.004638241
6100 0.010742828
6200 0.022768578
6300 0.022603069
6400 0.021120267
6500 0.10233408
6600 0.08763587
6700 0.0097976
6800 0.010827992
6900 0.0151694305
7000 0.02643761
7100 0.02761415
7200 0.015676672
7300 0.0045115976
7400 0.014031628
7500 0.0038621174
7600 0.0040395707
7700 0.0062896614
7800 0.032171443
7900 0.0075526796
8000 0.0047141975
8100 0.016155357
8200 0.0005867365
8300 0.015738128
8400 0.02009077
8500 0.011691006
8600 0.0043806653
8700 0.0021197924
8800 0.002825174
8900 0.006025235
9000 0.0056729536
9100 0.00747211
9200 0.00404462
9300 0.00067641883
9400 0.012842793
9500 0.0031318867
9600 0.00667968
9700 0.006182943
9800 0.008689125
9900 0.0003577316
10000 0.0029187005
10100 0.007326505
10200 0.006924182
10300 0.0037445808
10400 0.00035893882
10500 0.0045644958
10600 0.0010005618
10700 0.0033624563
10800 0.0018413353
10900 0.0016283955
11000 0.0005129458
11100 0.012077032
11200 0.0023954937
11300 0.0032521498
11400 0.06516149
11500 0.0016239777
11600 0.018296553
11700 0.005379041
11800 0.0059170653
11900 0.0027766568
12000 0.0015576433
12100 0.00114883
12200 0.0034620948
12300 0.0021506904
12400 0.002049713
12500 0.0016014532
12600 0.0078720795
12700 8.5881824e-05
12800 0.0019520451
12900 0.0029222688
13000 0.003885022
13100 0.0014055476
13200 0.0017594467
13300 0.000240528
13400 0.0014872726
13500 0.0005494577
13600 0.0009801952
13700 0.001369254
13800 0.0022780732
13900 0.0027050602
14000 0.0004989778
14100 0.0016074064
14200 0.00086469564
14300 0.0024929454
14400 0.0042568883
14500 0.0017181808
14600 0.00034275965
14700 0.009866707
14800 0.006097436
14900 0.0023125217
15000 0.0013061776
15100 0.003299161
15200 0.0016719037
15300 0.006104999
15400 0.0024900008
15500 0.001953586
15600 0.003171714
15700 0.00064623094
15800 0.0011434514
15900 0.0006000922
16000 0.00247342
16100 0.00061500707
16200 0.0006657181
16300 0.0013309831
16400 0.004456866
16500 0.0013239558
16600 0.009974263
16700 0.0004983216
16800 0.001403214
16900 0.0025185477
17000 0.00017220178
17100 0.0002525439
17200 0.0018288702
17300 0.0012464606
17400 0.0003813049
17500 0.0007492133
17600 0.001671207
17700 0.00021050074
17800 0.0009179048
17900 0.0005806715
18000 0.0006713086
18100 0.0004174037
18200 0.00045918996
18300 0.001245121
18400 0.00059763674
18500 0.0004658093
18600 0.00039138657
18700 0.0037307942
18800 0.0018980759
18900 0.0020287961
19000 0.0014326498
19100 0.001693352
19200 0.0002703282
