0 4.898549
100 1.6105149
200 1.5128505
300 1.441445
400 1.3072071
500 1.5237782
600 1.4352815
700 1.3360401
800 1.2084782
900 1.2614198
1000 1.1551166
1100 1.2060332
1200 1.2205119
1300 1.2641795
1400 1.1300968
1500 1.2625628
1600 1.2997668
1700 1.0767686
1800 1.1292963
1900 1.1974115
2000 1.1878531
2100 1.0812206
2200 1.0602195
2300 1.1708529
2400 1.0424218
2500 1.1287053
2600 1.0637983
2700 1.0483075
2800 1.1228602
2900 1.0559356
3000 1.1210427
3100 1.159641
3200 1.1016701
3300 1.1238244
3400 1.12282
3500 1.0742186
3600 1.0648115
3700 1.0747492
3800 1.0692475
3900 1.1636609
4000 1.0409291
4100 1.1199923
4200 1.0100613
4300 1.0576756
4400 1.1249007
4500 1.0126863
4600 1.0447404
4700 1.152085
4800 1.1686411
4900 1.0925977
5000 1.0637136
5100 1.038002
5200 1.0144455
5300 1.1196016
5400 1.0752015
5500 1.1107461
5600 1.0445005
5700 1.1110991
5800 1.1055839
5900 1.0387266
6000 1.0240438
6100 1.0413294
6200 1.0824578
6300 1.0957015
6400 1.0855765
6500 1.0703946
6600 1.0972519
6700 1.0457973
6800 1.0389843
6900 1.0809346
7000 1.0764096
7100 1.0607642
7200 1.0524933
7300 1.0257103
7400 1.0529475
7500 1.022773
7600 1.0231524
7700 1.0317686
7800 1.0472441
7900 1.0373539
8000 1.0237808
8100 1.0711219
8200 1.0046242
8300 1.0462258
8400 1.0694088
8500 1.0507997
8600 1.0248334
8700 1.0134091
8800 1.0175549
8900 1.0294328
9000 1.0233119
9100 1.0338151
9200 1.0204357
9300 1.0046117
9400 1.0521576
9500 1.0174932
9600 1.0365713
9700 1.0255586
9800 1.0348793
9900 1.0029757
10000 1.0169563
10100 1.0354264
10200 1.0301731
10300 1.0190794
10400 1.0029986
10500 1.0222149
10600 1.0071129
10700 1.0182492
10800 1.0113388
10900 1.010077
11000 1.003973
11100 1.0504382
11200 1.0137167
11300 1.016347
11400 1.0189048
11500 1.0106368
11600 1.0590442
11700 1.0283339
11800 1.0243769
11900 1.0154061
12000 1.0094736
12100 1.0073377
12200 1.0166671
12300 1.0125813
12400 1.0112379
12500 1.0101717
12600 1.0414233
12700 1.000768
12800 1.0121505
12900 1.0151079
13000 1.0217507
13100 1.0088493
13200 1.0105731
13300 1.0019019
13400 1.0083568
13500 1.0040419
13600 1.0058603
13700 1.0075247
13800 1.0118284
13900 1.0128005
14000 1.0038573
14100 1.0088062
14200 1.0058545
14300 1.0142336
14400 1.0226147
14500 1.0086414
14600 1.0027903
14700 1.0294981
14800 1.0345631
14900 1.0119336
15000 1.0086001
15100 1.0174506
15200 1.0108067
15300 1.0333893
15400 1.0149599
15500 1.0103225
15600 1.0182848
15700 1.0048273
15800 1.0069581
15900 1.0033923
16000 1.0138855
16100 1.0045516
16200 1.0041882
16300 1.00795
16400 1.0255072
16500 1.0083768
16600 1.0475755
16700 1.0035135
16800 1.0082868
16900 1.013047
17000 1.0014068
17100 1.0020802
17200 1.011038
17300 1.0070342
17400 1.0028574
17500 1.0047294
17600 1.008745
17700 1.0015367
17800 1.0065355
17900 1.0041866
18000 1.00493
18100 1.0029179
18200 1.0034602
18300 1.0071244
18400 1.004134
18500 1.0035797
18600 1.0029874
18700 1.02207
18800 1.0119962
18900 1.0112375
19000 1.0091724
19100 1.0106051
19200 1.0021875
