0 0.01875
100 0.365625
200 0.44375
300 0.43437502
400 0.44062498
500 0.49062502
600 0.49687502
700 0.47500002
800 0.4375
900 0.49375004
1000 0.47812504
1100 0.42812502
1200 0.49375004
1300 0.471875
1400 0.534375
1500 0.528125
1600 0.46875
1700 0.45937502
1800 0.521875
1900 0.484375
2000 0.496875
2100 0.525
2200 0.48125002
2300 0.584375
2400 0.525
2500 0.44375002
2600 0.534375
2700 0.51875
2800 0.53125
2900 0.5656251
3000 0.49062502
3100 0.478125
3200 0.484375
3300 0.553125
3400 0.49375004
3500 0.5
3600 0.540625
3700 0.515625
3800 0.4875
3900 0.46875
4000 0.5625
4100 0.528125
4200 0.525
4300 0.546875
4400 0.55625004
4500 0.528125
4600 0.5375
4700 0.53125
4800 0.62500006
4900 0.515625
5000 0.63125
5100 0.49375004
5200 0.475
5300 0.5125
5400 0.49687502
5500 0.60625
5600 0.546875
5700 0.515625
5800 0.515625
5900 0.50625
6000 0.48125
6100 0.503125
6200 0.503125
6300 0.5375
6400 0.44687504
6500 0.553125
6600 0.553125
6700 0.5375
6800 0.47187498
6900 0.58437496
7000 0.5125
7100 0.5
7200 0.54375
7300 0.515625
7400 0.5625
7500 0.509375
7600 0.471875
7700 0.55625
7800 0.58750004
7900 0.54375005
8000 0.578125
8100 0.553125
8200 0.55625
8300 0.565625
8400 0.553125
8500 0.528125
8600 0.5875
8700 0.54687506
8800 0.49375004
8900 0.53749996
9000 0.584375
9100 0.5375
9200 0.5625
9300 0.54375005
9400 0.50625
9500 0.55625004
9600 0.60937506
9700 0.596875
9800 0.55625004
9900 0.55625
10000 0.528125
10100 0.56875
10200 0.59375
10300 0.603125
10400 0.51874995
10500 0.53125
10600 0.528125
10700 0.49374998
10800 0.61875
10900 0.571875
11000 0.58125
11100 0.565625
11200 0.52500004
11300 0.49062502
11400 0.55312496
11500 0.5125
11600 0.57187504
11700 0.50937504
11800 0.53125006
11900 0.53749996
12000 0.534375
12100 0.52500004
12200 0.54375
12300 0.57812494
12400 0.51250005
12500 0.48125005
12600 0.571875
12700 0.56875
12800 0.5375
12900 0.5375
13000 0.484375
13100 0.534375
13200 0.6
13300 0.47499996
13400 0.509375
13500 0.546875
13600 0.540625
13700 0.52812505
13800 0.50937504
13900 0.50625
14000 0.575
14100 0.540625
14200 0.484375
14300 0.596875
14400 0.5500001
14500 0.49375
14600 0.5375
14700 0.565625
14800 0.578125
14900 0.559375
15000 0.559375
15100 0.57187504
15200 0.628125
15300 0.5625
15400 0.53125
15500 0.51875
15600 0.57500005
15700 0.55937505
15800 0.49375
15900 0.521875
16000 0.60625005
16100 0.59062505
16200 0.528125
16300 0.46875003
16400 0.559375
16500 0.58750004
16600 0.56562495
16700 0.5125
16800 0.55
16900 0.48125
17000 0.56562495
17100 0.6
17200 0.54375
17300 0.53125
17400 0.5125
17500 0.546875
17600 0.61875004
17700 0.578125
17800 0.565625
17900 0.53125
18000 0.56875
18100 0.51875
18200 0.57500005
18300 0.49375
18400 0.54375005
18500 0.60625005
18600 0.55
18700 0.54062504
18800 0.596875
18900 0.603125
19000 0.56875
19100 0.54375
19200 0.58124995
19300 0.54375
19400 0.515625
19500 0.53125006
19600 0.5625
19700 0.57187504
19800 0.6218749
19900 0.58125
20000 0.53125
20100 0.57187504
20200 0.50625
20300 0.5875
20400 0.5625
20500 0.56875
20600 0.521875
20700 0.578125
20800 0.5625
20900 0.54062504
21000 0.58750004
21100 0.58125
21200 0.540625
21300 0.54375005
21400 0.575
21500 0.60312504
21600 0.515625
21700 0.64374995
21800 0.559375
21900 0.56874996
22000 0.54062504
22100 0.54375005
22200 0.5625
22300 0.55312496
22400 0.53437495
22500 0.56874996
22600 0.58125
22700 0.540625
22800 0.578125
22900 0.51875
23000 0.4875
23100 0.575
23200 0.53125
23300 0.5656251
23400 0.61875
23500 0.596875
23600 0.5375
23700 0.565625
23800 0.57500005
23900 0.55625004
24000 0.52500004
24100 0.578125
24200 0.559375
24300 0.56874996
24400 0.50625
24500 0.61249995
24600 0.553125
24700 0.559375
24800 0.56250006
24900 0.515625
25000 0.57500005
25100 0.54062504
25200 0.559375
25300 0.596875
25400 0.58750004
25500 0.525
25600 0.57187504
25700 0.515625
25800 0.54375
25900 0.528125
26000 0.52500004
26100 0.59062505
26200 0.565625
26300 0.571875
26400 0.565625
26500 0.584375
26600 0.55937505
26700 0.53125
26800 0.6
26900 0.5625
27000 0.5375
27100 0.63750005
27200 0.56875
27300 0.609375
27400 0.57187504
27500 0.56874996
27600 0.515625
27700 0.57500005
27800 0.58750004
27900 0.57500005
28000 0.56875
28100 0.53749996
28200 0.496875
28300 0.55
28400 0.47812504
28500 0.521875
28600 0.52187496
28700 0.54687506
28800 0.53125
28900 0.49375
29000 0.54687506
29100 0.56875
29200 0.5625
29300 0.553125
29400 0.590625
29500 0.55
29600 0.50937504
29700 0.628125
29800 0.590625
29900 0.578125
30000 0.5062501
30100 0.57187504
30200 0.5125
30300 0.58125
30400 0.503125
30500 0.528125
30600 0.540625
30700 0.515625
30800 0.50312495
30900 0.53125
31000 0.503125
31100 0.56250006
31200 0.546875
31300 0.534375
31400 0.540625
31500 0.571875
31600 0.50625
31700 0.559375
31800 0.54375005
31900 0.53437495
32000 0.54375
32100 0.525
32200 0.53437495
32300 0.58437496
32400 0.57812494
32500 0.603125
32600 0.565625
32700 0.484375
32800 0.521875
32900 0.575
33000 0.5625
33100 0.51875
33200 0.5968751
33300 0.559375
33400 0.559375
33500 0.496875
33600 0.553125
33700 0.565625
33800 0.565625
33900 0.553125
34000 0.56562495
34100 0.59375
34200 0.58750004
34300 0.5749999
34400 0.54375
34500 0.55937505
34600 0.55
34700 0.55625004
34800 0.54687506
34900 0.578125
35000 0.546875
35100 0.5875
35200 0.578125
35300 0.575
35400 0.5625
35500 0.584375
35600 0.546875
35700 0.559375
35800 0.584375
35900 0.53749996
36000 0.54375005
36100 0.596875
36200 0.546875
36300 0.57500005
36400 0.54375
36500 0.575
36600 0.515625
36700 0.58125
36800 0.584375
36900 0.584375
37000 0.6125
37100 0.553125
37200 0.659375
37300 0.53749996
37400 0.565625
37500 0.5875
37600 0.58437496
37700 0.54375
37800 0.58125
37900 0.58124995
38000 0.55312496
38100 0.51250005
38200 0.55
38300 0.57500005
38400 0.565625
38500 0.51250005
38600 0.525
38700 0.553125
38800 0.496875
38900 0.49375
39000 0.53125
39100 0.60625005
39200 0.5375
39300 0.515625
39400 0.50937504
39500 0.54375
39600 0.54375005
39700 0.603125
39800 0.53125
39900 0.5375
40000 0.56250006
40100 0.50625
40200 0.58125
40300 0.55625
40400 0.559375
40500 0.559375
40600 0.55
40700 0.584375
40800 0.46562502
40900 0.565625
41000 0.515625
41100 0.58125
41200 0.565625
41300 0.53749996
41400 0.603125
41500 0.534375
41600 0.51875
41700 0.503125
41800 0.521875
41900 0.5375
42000 0.5375
42100 0.57812494
42200 0.578125
42300 0.5500001
42400 0.5843751
42500 0.534375
42600 0.571875
42700 0.56875
42800 0.56875
42900 0.5906249
43000 0.60312504
43100 0.55625004
43200 0.54375
43300 0.51875
43400 0.60625
43500 0.54375
43600 0.54375005
43700 0.5375
43800 0.6
43900 0.6437501
44000 0.54375
44100 0.5375
44200 0.546875
44300 0.50625
44400 0.59687495
44500 0.6125001
44600 0.5875
44700 0.575
44800 0.5625
44900 0.55312496
45000 0.559375
45100 0.51250005
45200 0.53125
45300 0.571875
45400 0.49062496
45500 0.534375
45600 0.553125
45700 0.58125
45800 0.575
45900 0.534375
46000 0.53125006
46100 0.509375
46200 0.61562496
46300 0.6281251
46400 0.51875
46500 0.603125
46600 0.515625
46700 0.503125
46800 0.615625
46900 0.590625
47000 0.53125
47100 0.52187496
47200 0.54999995
47300 0.559375
47400 0.575
47500 0.546875
47600 0.5687501
47700 0.590625
47800 0.51875
47900 0.559375
48000 0.54999995
48100 0.57500005
48200 0.50937504
48300 0.61875
48400 0.50625
48500 0.5
48600 0.52187496
48700 0.55312496
48800 0.559375
48900 0.50937504
49000 0.54062504
49100 0.55937505
49200 0.55625004
49300 0.49375004
49400 0.53125
49500 0.546875
49600 0.578125
49700 0.559375
49800 0.5875
49900 0.565625
50000 0.509375
50100 0.50312495
50200 0.51250005
50300 0.55625004
50400 0.56875
50500 0.5
50600 0.51874995
50700 0.590625
50800 0.578125
50900 0.55625004
51000 0.55
51100 0.52500004
51200 0.58750004
51300 0.603125
51400 0.575
51500 0.55312496
51600 0.54375
51700 0.603125
51800 0.55
51900 0.53749996
52000 0.51875
52100 0.5625
52200 0.55312496
52300 0.565625
52400 0.528125
52500 0.5625
52600 0.63125
52700 0.49375007
