0 4.82599
100 3.1298683
200 2.8499339
300 2.5329309
400 2.5602963
500 2.3626425
600 2.2812924
700 2.4494536
800 2.545679
900 2.546075
1000 2.401454
1100 2.6638446
1200 2.4293816
1300 2.6095293
1400 2.3470085
1500 2.2938557
1600 2.4741762
1700 2.5435908
1800 2.281237
1900 2.2961524
2000 2.239176
2100 2.4031897
2200 2.443216
2300 2.0632954
2400 2.266593
2500 2.5381787
2600 2.3133466
2700 2.246238
2800 2.310753
2900 2.076417
3000 2.3854115
3100 2.388267
3200 2.3713005
3300 1.937682
3400 2.2868617
3500 2.3189404
3600 2.4000058
3700 2.274014
3800 2.4366157
3900 2.4569752
4000 2.1769946
4100 2.271307
4200 2.2057161
4300 2.004521
4400 2.0897768
4500 2.2774377
4600 1.9936447
4700 2.1534553
4800 1.8884559
4900 2.1321478
5000 1.8814696
5100 2.2947419
5200 2.4794755
5300 2.3840523
5400 2.192786
5500 1.9061215
5600 2.1577656
5700 2.0695093
5800 2.2307987
5900 2.3132913
6000 2.4692504
6100 2.3279006
6200 2.3028414
6300 2.2927163
6400 2.4720042
6500 2.151978
6600 1.9159474
6700 2.152033
6800 2.3889658
6900 2.067923
7000 2.3376727
7100 2.1762586
7200 2.1361783
7300 2.3069017
7400 2.3128657
7500 2.2311225
7600 2.542788
7700 2.0034218
7800 1.9637697
7900 2.1241274
8000 2.0595179
8100 2.0855472
8200 2.206485
8300 2.0570524
8400 2.0021574
8500 2.2728958
8600 1.9822712
8700 2.069555
8800 2.4162772
8900 2.2100832
9000 2.1130567
9100 2.167618
9200 2.1358082
9300 2.224298
9400 2.3927934
9500 2.0944822
9600 1.9669528
9700 1.9357386
9800 2.0787513
9900 2.2273517
10000 2.3420887
10100 2.1045167
10200 1.8278526
10300 1.8247246
10400 2.152702
10500 2.4059904
10600 2.199774
10700 2.2489433
10800 1.8225423
10900 2.052327
11000 1.9993865
11100 2.164015
11200 2.1369517
11300 2.2957046
11400 2.283582
11500 2.264436
11600 2.1654944
11700 2.2532647
11800 2.330317
11900 2.1121125
12000 2.1146526
12100 2.081776
12200 2.0424476
12300 2.0581784
12400 2.244709
12500 2.3683274
12600 2.1502666
12700 1.9255937
12800 2.2050302
12900 2.3669481
13000 2.420032
13100 2.2894673
13200 1.886487
13300 2.383658
13400 2.26354
13500 2.1660585
13600 2.101585
13700 2.2627816
13800 2.2130451
13900 2.1597085
14000 1.9660798
14100 2.1149929
14200 2.332192
14300 1.9617379
14400 2.179499
14500 2.4106047
14600 2.1839173
14700 2.0857759
14800 2.0057664
14900 2.1283617
15000 2.1365213
15100 2.0336149
15200 1.7861894
15300 2.0573912
15400 2.1686628
15500 2.3799033
15600 2.078708
15700 2.0968475
15800 2.510629
15900 2.2325082
16000 1.9131455
16100 2.1223578
16200 2.2689629
16300 2.6636455
16400 2.1530497
16500 2.07163
16600 2.054803
16700 2.3685052
16800 2.089812
16900 2.3351405
17000 2.1094077
17100 2.012601
17200 2.1233337
17300 2.1468422
17400 2.086353
17500 1.884951
17600 1.8198284
17700 2.0483117
17800 2.1877093
17900 2.2773066
18000 2.0680904
18100 2.3884213
18200 2.0374863
18300 2.3072624
18400 2.1402016
18500 1.8813084
18600 2.1224828
18700 2.2233682
18800 1.9602154
18900 1.8368447
19000 1.9304786
19100 2.1157522
19200 1.9824442
19300 2.2597275
19400 2.2080286
19500 2.2852526
19600 2.0690906
19700 2.0235338
19800 1.7679113
19900 1.9211649
20000 2.2558742
20100 2.074718
20200 2.134371
20300 1.9609796
20400 1.9910806
20500 2.077755
20600 2.185968
20700 1.906503
20800 1.9669504
20900 2.1873033
21000 1.954507
21100 2.1133776
21200 2.1788452
21300 2.1563137
21400 2.0387354
21500 1.8598744
21600 2.2523537
21700 1.8887482
21800 2.0393279
21900 1.9982136
22000 2.261766
22100 2.004678
22200 2.1537173
22300 2.076928
22400 2.202844
22500 1.9349031
22600 1.9642544
22700 2.1438036
22800 1.930526
22900 2.2420702
23000 2.4968476
23100 1.9398061
23200 2.21065
23300 2.105166
23400 1.8145177
23500 1.8620102
23600 2.1300983
23700 2.0327282
23800 2.1104581
23900 2.0531363
24000 2.205836
24100 2.0625045
24200 1.9410673
24300 2.0777686
24400 2.397333
24500 1.7912092
24600 2.092683
24700 1.9562521
24800 2.002264
24900 2.2487116
25000 2.04434
25100 2.1225607
25200 1.979421
25300 1.8870701
25400 2.0269709
25500 2.2268155
25600 2.0840528
25700 2.218645
25800 2.060449
25900 2.1166916
26000 2.2296944
26100 2.0635185
26200 1.9899606
26300 2.0971823
26400 2.146293
26500 2.017536
26600 2.1392
26700 2.1085696
26800 1.9016876
26900 2.1276433
27000 2.1875026
27100 1.9622617
27200 2.096195
27300 1.9597361
27400 2.136032
27500 2.0510046
27600 2.3056352
27700 2.0002275
27800 2.0852165
27900 2.0216365
28000 1.9911537
28100 2.0955062
28200 2.3139372
28300 1.9532607
28400 2.522895
28500 2.0951316
28600 2.2049985
28700 1.9516925
28800 2.3073118
28900 2.4052
29000 2.0303655
29100 2.116674
29200 1.9760635
29300 2.1423414
29400 1.8811088
29500 2.118358
29600 2.2408185
29700 1.8486444
29800 2.0222058
29900 1.9867015
30000 2.2577882
30100 1.8707671
30200 2.1454318
30300 1.8737245
30400 2.3524249
30500 2.1171887
30600 2.0431106
30700 2.2201996
30800 2.4647267
30900 1.977835
31000 2.3453283
31100 1.9955548
31200 2.1650426
31300 2.2418354
31400 2.1491938
31500 2.112052
31600 2.1499176
31700 1.9941559
31800 2.1609626
31900 2.0606425
32000 2.2308512
32100 2.2564301
32200 2.1789038
32300 1.9243207
32400 1.9907423
32500 1.8989466
32600 1.9209571
32700 2.4547477
32800 2.2035563
32900 2.083195
33000 1.8819803
33100 2.2286391
33200 1.946911
33300 2.0517316
33400 2.0687625
33500 2.354638
33600 2.1111467
33700 2.2113595
33800 2.03463
33900 2.0650191
34000 2.1273937
34100 1.9701022
34200 1.9648596
34300 2.0274413
34400 2.0048823
34500 2.0110333
34600 2.1516707
34700 2.1259346
34800 2.1399755
34900 2.0290613
35000 2.0482123
35100 1.8851954
35200 1.9719672
35300 1.9461164
35400 2.1128838
35500 1.8872267
35600 1.909793
35700 1.9479932
35800 2.0090284
35900 2.3063662
36000 2.1121395
36100 1.8932418
36200 2.0942333
36300 2.0570521
36400 2.1601853
36500 1.9657487
36600 2.321207
36700 1.9227309
36800 1.8442993
36900 1.9181051
37000 1.8909944
37100 2.0132756
37200 1.7297814
37300 1.9976175
37400 1.9997163
37500 2.0092008
37600 1.9601929
37700 2.1858108
37800 1.8352126
37900 1.9482683
38000 2.058357
38100 2.3426614
38200 2.132717
38300 2.0320258
38400 2.0421433
38500 2.3137856
38600 2.2496028
38700 2.1917684
38800 2.4025707
38900 2.3386579
39000 2.126973
39100 1.8293527
39200 2.2372496
39300 2.2200978
39400 2.2165773
39500 2.1676843
39600 2.1411152
39700 1.8582698
39800 2.1833332
39900 2.1485817
40000 2.057532
40100 2.386955
40200 2.1158924
40300 2.0829113
40400 2.1742184
40500 1.9581002
40600 2.1258407
40700 1.8888363
40800 2.3367815
40900 2.0912175
41000 2.1835706
41100 2.009494
41200 1.9431696
41300 2.2389662
41400 1.9141166
41500 2.2560697
41600 2.2402754
41700 2.300471
41800 2.2087543
41900 2.1628506
42000 2.1251845
42100 2.0854764
42200 1.9831684
42300 2.1524265
42400 1.9885975
42500 2.2530568
42600 1.8286647
42700 2.148132
42800 2.0529656
42900 2.0585651
43000 1.8764862
43100 2.135932
43200 2.2231
43300 2.13657
43400 1.8671768
43500 2.1450484
43600 2.0892556
43700 2.2171228
43800 1.8154378
43900 1.6964618
44000 1.9786168
44100 2.2044125
44200 2.1105354
44300 2.2461216
44400 1.8483361
44500 1.7857057
44600 1.895263
44700 2.191224
44800 2.0577338
44900 1.9722207
45000 2.1065335
45100 2.2007236
45200 2.1203742
45300 1.9578745
45400 2.4245749
45500 2.0831032
45600 2.1560886
45700 1.9941536
45800 1.9847909
45900 2.0346112
46000 2.2439325
46100 2.3870575
46200 1.8821559
46300 1.8263216
46400 2.361705
46500 2.0040736
46600 2.1483126
46700 2.277016
46800 1.9488218
46900 1.9761496
47000 2.0943785
47100 2.4890087
47200 2.1391523
47300 2.1744375
47400 1.9353592
47500 2.1183121
47600 2.0595837
47700 1.8637868
47800 2.2964327
47900 2.1314068
48000 2.035041
48100 1.959096
48200 2.485774
48300 1.90189
48400 2.3123982
48500 2.3952675
48600 2.1859424
48700 2.187739
48800 2.1661782
48900 2.1629338
49000 2.200294
49100 2.0109448
49200 2.2825325
49300 2.3733037
49400 2.3146496
49500 2.2819512
49600 1.9674186
49700 2.0860023
49800 2.0862327
49900 2.0274866
50000 2.2287343
50100 2.5321631
50200 2.3223836
50300 2.1320777
50400 2.0563483
50500 2.2943118
50600 2.2426662
50700 2.035694
50800 2.1143966
50900 2.2229614
51000 2.2198746
51100 2.0216095
51200 1.8828373
51300 1.9907745
51400 1.8752407
51500 1.9997991
51600 2.0971165
51700 1.9339765
51800 2.0723138
51900 2.2314785
52000 2.3720844
52100 2.0641477
52200 2.1362305
52300 2.1452525
52400 2.0879757
52500 2.0853696
52600 1.8395463
52700 2.3234382
