0 3.3451216
100 2.1694593
200 1.9754236
300 1.7556939
400 1.7746621
500 1.637659
600 1.5812714
700 1.6978319
800 1.7645303
900 1.7648047
1000 1.664561
1100 1.8464364
1200 1.683919
1300 1.8087878
1400 1.6268224
1500 1.5899796
1600 1.7149682
1700 1.7630829
1800 1.5812329
1900 1.5915716
2000 1.5520786
2100 1.6657642
2200 1.6935083
2300 1.4301674
2400 1.5710826
2500 1.7593315
2600 1.6034896
2700 1.5569736
2800 1.6016921
2900 1.4392625
3000 1.6534413
3100 1.6554205
3200 1.6436603
3300 1.3430989
3400 1.5851316
3500 1.607367
3600 1.6635573
3700 1.5762265
3800 1.6889333
3900 1.7030455
4000 1.5089777
4100 1.5743501
4200 1.528886
4300 1.389428
4400 1.4485228
4500 1.5785996
4600 1.3818892
4700 1.4926615
4800 1.3089778
4900 1.4778922
5000 1.3041353
5100 1.5905939
5200 1.7186415
5300 1.6524991
5400 1.5199234
5500 1.3212228
5600 1.4956491
5700 1.4344745
5800 1.5462718
5900 1.6034514
6000 1.711554
6100 1.6135777
6200 1.5962081
6300 1.5891898
6400 1.7134627
6500 1.4916375
6600 1.3280336
6700 1.4916756
6800 1.655905
6900 1.4333751
7000 1.6203512
7100 1.5084676
7200 1.480686
7300 1.5990224
7400 1.6031563
7500 1.5464963
7600 1.7625264
7700 1.3886662
7800 1.3611814
7900 1.472333
8000 1.427549
8100 1.4455912
8200 1.5294188
8300 1.42584
8400 1.3877897
8500 1.5754513
8600 1.3740057
8700 1.4345062
8800 1.6748357
8900 1.531913
9000 1.4646592
9100 1.5024784
9200 1.4804294
9300 1.5417659
9400 1.658558
9500 1.4517844
9600 1.3633878
9700 1.3417517
9800 1.4408807
9900 1.5438826
10000 1.6234123
10100 1.4587399
10200 1.2669709
10300 1.2648027
10400 1.4921393
10500 1.6677054
10600 1.5247672
10700 1.5588487
10800 1.26329
10900 1.4225646
11000 1.3858691
11100 1.4999809
11200 1.481222
11300 1.5912611
11400 1.5828584
11500 1.5695875
11600 1.5010064
11700 1.5618441
11800 1.6152527
11900 1.4640049
12000 1.4657656
12100 1.4429771
12200 1.4157168
12300 1.4266206
12400 1.5559137
12500 1.6415994
12600 1.4904512
12700 1.3347199
12800 1.5284104
12900 1.6406435
13000 1.6774384
13100 1.5869379
13200 1.3076131
13300 1.6522257
13400 1.5689664
13500 1.5013974
13600 1.4567077
13700 1.5684407
13800 1.5339661
13900 1.4969959
14000 1.3627827
14100 1.4660014
14200 1.6165522
14300 1.359773
14400 1.5107135
14500 1.6709039
14600 1.5137761
14700 1.4457496
14800 1.3902913
14900 1.4752679
15000 1.4809238
15100 1.4095944
15200 1.2380922
15300 1.4260749
15400 1.5032026
15500 1.6496233
15600 1.4408505
15700 1.453424
15800 1.7402353
15900 1.5474567
16000 1.3260914
16100 1.4711063
16200 1.5727253
16300 1.8462983
16400 1.4923804
16500 1.4359444
16600 1.4242808
16700 1.6417228
16800 1.4485474
16900 1.6185961
17000 1.46213
17100 1.3950287
17200 1.4717827
17300 1.4880776
17400 1.4461497
17500 1.3065485
17600 1.2614089
17700 1.4197814
17800 1.5164046
17900 1.5785086
18000 1.4334911
18100 1.6555275
18200 1.4122778
18300 1.5992724
18400 1.4834747
18500 1.3040236
18600 1.471193
18700 1.5411214
18800 1.3587178
18900 1.2732037
19000 1.3381058
19100 1.4665277
19200 1.3741256
19300 1.5663238
19400 1.5304887
19500 1.5840164
19600 1.4341843
19700 1.4026067
19800 1.2254227
19900 1.33165
20000 1.5636529
20100 1.438085
20200 1.4794333
20300 1.3592474
20400 1.3801119
20500 1.4401901
20600 1.5151975
20700 1.3214872
20800 1.3633862
20900 1.516123
21000 1.354761
21100 1.4648818
21200 1.5102605
21300 1.4946427
21400 1.4131438
21500 1.2891667
21600 1.5612127
21700 1.3091805
21800 1.4135543
21900 1.3850561
22000 1.5677367
22100 1.389537
22200 1.492843
22300 1.4396167
22400 1.526895
22500 1.3411727
22600 1.3615174
22700 1.4859715
22800 1.3381387
22900 1.5540847
23000 1.7306828
23100 1.3445711
23200 1.5323058
23300 1.4591899
23400 1.2577279
23500 1.2906471
23600 1.4764717
23700 1.4089798
23800 1.4628581
23900 1.4231257
24000 1.528969
24100 1.4296192
24200 1.3454454
24300 1.4401994
24400 1.6617045
24500 1.2415717
24600 1.4505373
24700 1.3559706
24800 1.3878636
24900 1.558688
25000 1.4170284
25100 1.4712471
25200 1.3720301
25300 1.3080173
25400 1.4049891
25500 1.5435109
25600 1.4445553
25700 1.5378475
25800 1.4281944
25900 1.4671788
26000 1.5455064
26100 1.430322
26200 1.3793355
26300 1.453656
26400 1.4876969
26500 1.3984493
26600 1.4827805
26700 1.461549
26800 1.3181494
26900 1.47477
27000 1.5162613
27100 1.3601362
27200 1.4529716
27300 1.3583856
27400 1.4805846
27500 1.421648
27600 1.5981445
27700 1.386452
27800 1.445362
27900 1.4012916
28000 1.3801626
28100 1.4524943
28200 1.603899
28300 1.3538971
28400 1.7487377
28500 1.4522346
28600 1.5283885
28700 1.3528101
28800 1.5993067
28900 1.6671576
29000 1.4073421
29100 1.4671665
29200 1.3697028
29300 1.4849579
29400 1.3038852
29500 1.4683338
29600 1.553217
29700 1.2813827
29800 1.4016862
29900 1.3770765
30000 1.5649794
30100 1.2967169
30200 1.4871
30300 1.2987669
30400 1.6305766
30500 1.4675235
30600 1.4161764
30700 1.538925
30800 1.7084184
30900 1.3709308
31000 1.6256577
31100 1.3832132
31200 1.5006932
31300 1.5539218
31400 1.4897076
31500 1.4639628
31600 1.4902093
31700 1.3822435
31800 1.4978652
31900 1.4283285
32000 1.5463082
32100 1.5640383
32200 1.510301
32300 1.3338375
32400 1.3798774
32500 1.3162495
32600 1.331506
32700 1.7015015
32800 1.5273888
32900 1.4439608
33000 1.3044894
33100 1.5447749
33200 1.3494959
33300 1.4221519
33400 1.4339569
33500 1.6321108
33600 1.4633354
33700 1.5327976
33800 1.4102981
33900 1.4313622
34000 1.474597
34100 1.3655708
34200 1.3619369
34300 1.4053152
34400 1.3896786
34500 1.393942
34600 1.4914246
34700 1.4735856
34800 1.4833181
34900 1.4064381
35000 1.4197125
35100 1.3067179
35200 1.3668635
35300 1.3489451
35400 1.4645394
35500 1.3081259
35600 1.3237677
35700 1.350246
35800 1.3925524
35900 1.5986513
36000 1.4640235
36100 1.3122952
36200 1.4516119
36300 1.4258399
36400 1.4973264
36500 1.3625531
36600 1.6089381
36700 1.3327355
36800 1.2783709
36900 1.3295292
37000 1.3107375
37100 1.3954964
37200 1.1989931
37300 1.384643
37400 1.3860977
37500 1.392672
37600 1.3587022
37700 1.5150887
37800 1.2720724
37900 1.3504367
38000 1.4267443
38100 1.6238091
38200 1.4782866
38300 1.4084929
38400 1.4155059
38500 1.6037939
38600 1.5593058
38700 1.5192181
38800 1.665335
38900 1.6210341
39000 1.4743053
39100 1.2680107
39200 1.5507433
39300 1.5388546
39400 1.5364144
39500 1.5025243
39600 1.484108
39700 1.2880545
39800 1.5133712
39900 1.4892834
40000 1.4261726
40100 1.6545112
40200 1.4666249
40300 1.4437641
40400 1.5070534
40500 1.3572516
40600 1.4735205
40700 1.3092415
40800 1.6197336
40900 1.4495215
41000 1.5135359
41100 1.3928751
41200 1.3469025
41300 1.551933
41400 1.3267646
41500 1.5637883
41600 1.5528406
41700 1.594565
41800 1.5309918
41900 1.4991739
42000 1.4730657
42100 1.4455421
42200 1.3746276
42300 1.4919484
42400 1.3783908
42500 1.5617
42600 1.2675338
42700 1.4889717
42800 1.4230074
42900 1.4268887
43000 1.3006811
43100 1.4805152
43200 1.5409355
43300 1.4809575
43400 1.2942283
43500 1.4868343
43600 1.4481616
43700 1.5367924
43800 1.2583656
43900 1.1758977
44000 1.3714727
44100 1.5279822
44200 1.4629116
44300 1.5568929
44400 1.2811689
44500 1.2377568
44600 1.3136961
44700 1.5188408
44800 1.4263123
44900 1.3670392
45000 1.4601378
45100 1.5254253
45200 1.4697313
45300 1.3570952
45400 1.6805873
45500 1.4438971
45600 1.4944868
45700 1.382242
45800 1.3757522
45900 1.410285
46000 1.5553755
46100 1.6545823
46200 1.3046111
46300 1.2659097
46400 1.6370091
46500 1.389118
46600 1.4890969
46700 1.5783072
46800 1.3508203
46900 1.3697625
47000 1.4517126
47100 1.7252493
47200 1.4827474
47300 1.5072052
47400 1.3414888
47500 1.4683021
47600 1.4275945
47700 1.2918786
47800 1.5917659
47900 1.4773786
48000 1.410583
48100 1.3579419
48200 1.7230072
48300 1.3182898
48400 1.6028323
48500 1.660273
48600 1.5151799
48700 1.516425
48800 1.5014803
48900 1.4992315
49000 1.5251276
49100 1.3938807
49200 1.5821309
49300 1.6450487
49400 1.6043929
49500 1.5817281
49600 1.3637106
49700 1.4459066
49800 1.4460663
49900 1.4053466
50000 1.5448409
50100 1.7551618
50200 1.6097537
50300 1.4778436
50400 1.4253521
50500 1.5902958
50600 1.5544978
50700 1.4110355
50800 1.465588
50900 1.5408394
51000 1.5386999
51100 1.4012729
51200 1.3050834
51300 1.3798997
51400 1.2998178
51500 1.3861551
51600 1.4536103
51700 1.3405304
51800 1.4364184
51900 1.546743
52000 1.6442037
52100 1.4307581
52200 1.4807221
52300 1.4869757
52400 1.4472746
52500 1.4454681
52600 1.2750764
52700 1.6104846
