0 26.41612
100 10.623673
200 8.611157
300 8.365224
400 7.707185
500 7.1193256
600 7.094844
700 7.40954
800 7.386172
900 7.5333433
1000 6.322854
1100 7.5244484
1200 7.652846
1300 6.8183517
1400 7.180648
1500 6.6529193
1600 6.660097
1700 7.0663977
1800 6.479254
1900 6.5201044
2000 6.706482
2100 6.83897
2200 6.486783
2300 6.098952
2400 6.555031
2500 6.947866
2600 6.285674
2700 6.8178673
2800 6.430968
2900 6.1606393
3000 6.509986
3100 6.5191655
3200 6.3701625
3300 5.929596
3400 6.6903896
3500 6.686274
3600 6.080474
3700 6.103768
3800 6.6598024
3900 6.416669
4000 6.393428
4100 6.719133
4200 6.2977676
4300 6.2704253
4400 6.2897096
4500 6.29168
4600 5.516041
4700 5.9991713
4800 5.9545584
4900 6.122978
5000 5.9787097
5100 6.4536543
5200 6.439336
5300 6.508099
5400 6.012622
5500 6.0470533
5600 6.085764
5700 6.709419
5800 5.963979
5900 6.064127
6000 6.8081913
6100 6.4826493
6200 6.163037
6300 5.9845033
6400 6.334172
6500 6.1431417
6600 5.9454274
6700 6.514405
6800 6.4823203
6900 6.407247
7000 6.265813
7100 6.2701664
7200 6.3976345
7300 6.0824075
7400 6.1424384
7500 5.951425
7600 6.9596124
7700 6.2248473
7800 6.0379105
7900 6.0679593
8000 5.8173137
8100 5.9322796
8200 6.1817045
8300 6.0724893
8400 5.835146
8500 6.4357705
8600 6.2315917
8700 6.3047867
8800 6.374817
8900 6.0480876
9000 6.397058
9100 5.813577
9200 6.110117
9300 6.3429565
9400 6.337167
9500 6.0732927
9600 5.933044
9700 6.064386
9800 5.683768
9900 6.512958
10000 6.3131166
10100 6.113774
10200 6.0843496
10300 5.664316
10400 6.317786
10500 6.6009817
10600 6.559298
10700 6.241852
10800 5.831523
10900 6.4216585
11000 6.0636835
11100 6.3341084
11200 6.3750834
11300 6.347691
11400 6.252642
11500 6.3063917
11600 5.845345
11700 6.692647
11800 6.2440743
11900 6.0336313
12000 6.2003345
12100 6.2204676
12200 5.675858
12300 6.2071505
12400 6.224695
12500 6.6644382
12600 5.9486475
12700 5.6218247
12800 6.2289553
12900 6.3532166
13000 6.73586
13100 6.2458515
13200 5.8967853
13300 6.56353
13400 6.360621
13500 6.3885107
13600 6.08724
13700 6.162327
13800 6.20133
13900 5.998224
14000 5.907109
14100 6.149776
14200 6.6683464
14300 6.332205
14400 5.5218625
14500 6.5490313
14600 6.3400307
14700 5.961212
14800 6.199247
14900 6.443192
15000 6.2510295
15100 5.428078
15200 5.887584
15300 5.9662137
15400 6.632505
15500 6.589858
15600 6.213907
15700 6.1727185
15800 6.8913813
15900 6.816682
16000 6.012119
16100 5.9959927
16200 6.27208
16300 7.3014107
16400 6.173794
16500 6.532567
16600 6.0241985
16700 6.2788033
16800 6.5528336
16900 6.9245
17000 6.070971
17100 6.2418838
17200 6.111516
17300 6.6882305
17400 6.528976
17500 5.9045987
17600 5.775493
17700 6.144259
17800 6.3653946
17900 6.083507
18000 5.999857
18100 6.59088
18200 6.1272407
18300 6.6679015
18400 6.1024237
18500 5.9602847
18600 6.2514195
18700 6.1060276
18800 6.06804
18900 5.676077
19000 6.1083684
19100 6.3056803
19200 6.357384
19300 6.3207307
19400 6.780056
19500 6.6026654
19600 5.8470597
19700 6.4369235
19800 5.8348293
19900 6.555958
20000 6.701333
20100 6.5533056
20200 6.3071265
20300 5.995261
20400 6.1156435
20500 6.3750014
20600 6.4270124
20700 6.1781416
20800 6.0672474
20900 6.608461
21000 6.2867084
21100 6.0353103
21200 6.3669786
21300 6.384839
21400 6.202489
21500 6.1945
21600 6.5560455
21700 5.8131723
21800 6.249298
21900 5.8704677
22000 6.490759
22100 6.3269787
22200 6.2804675
22300 6.3127704
22400 6.3891187
22500 6.1205363
22600 6.0929794
22700 6.431293
22800 6.1780543
22900 6.3467665
23000 6.322986
23100 6.255816
23200 6.7166805
23300 6.0961018
23400 5.620697
23500 5.938386
23600 6.5340786
23700 6.191353
23800 5.950522
23900 6.270056
24000 6.342809
24100 6.344301
24200 6.287991
24300 6.6513243
24400 6.1993294
24500 6.037588
24600 6.2130613
24700 6.19765
24800 6.381568
24900 6.4318056
25000 5.887394
25100 6.4398484
25200 5.721756
25300 5.872232
25400 5.859505
25500 6.4318895
25600 6.143646
25700 6.1990485
25800 6.2194123
25900 6.3138623
26000 6.3384213
26100 6.2295785
26200 5.9574366
26300 6.0918245
26400 6.317041
26500 5.9499373
26600 6.2590327
26700 6.349449
26800 6.2795777
26900 6.0098624
27000 6.338014
27100 5.9701967
27200 6.1019983
27300 6.397087
27400 6.4348965
27500 6.251489
27600 6.57639
27700 6.069922
27800 5.807576
27900 6.0674214
28000 6.326405
28100 6.6872444
28200 6.5925727
28300 6.1008615
28400 7.2008686
28500 6.2826824
28600 6.45455
28700 6.017262
28800 6.7720933
28900 6.8845634
29000 6.0139976
29100 6.3743625
29200 6.5324254
29300 6.335991
29400 6.039644
29500 6.309633
29600 6.0966425
29700 6.144437
29800 6.1921453
29900 6.2944317
30000 6.729562
30100 6.0824246
30200 6.138152
30300 6.0186214
30400 6.4389906
30500 6.349962
30600 6.478964
30700 6.7177157
30800 6.586828
30900 6.060072
31000 6.3148375
31100 6.2080965
31200 6.5162
31300 6.776836
31400 6.332465
31500 6.2510176
31600 6.249017
31700 5.902167
31800 6.089591
31900 6.7667747
32000 6.4609065
32100 6.246938
32200 6.3107166
32300 5.8815866
32400 6.1258326
32500 5.7455344
32600 6.0735474
32700 6.684573
32800 6.2678013
32900 6.1632624
33000 5.913538
33100 6.57854
33200 5.7973566
33300 5.9285917
33400 6.3409967
33500 6.3800454
33600 6.3562202
33700 6.636864
33800 5.940829
33900 5.965325
34000 6.101037
34100 6.080639
34200 6.167482
34300 6.0728383
34400 5.733057
34500 6.0765758
34600 6.4936647
34700 6.2055745
34800 6.3752813
34900 6.3040466
35000 6.057479
35100 5.8803706
35200 6.243047
35300 6.0075603
35400 6.4325647
35500 5.741387
35600 6.0313745
35700 5.653488
35800 6.4224176
35900 5.686064
36000 6.033297
36100 6.1066847
36200 6.0724907
36300 6.136361
36400 6.5903573
36500 6.158949
36600 6.6400685
36700 5.7454524
36800 5.7222633
36900 6.047667
37000 6.1901956
37100 6.0670023
37200 5.6729436
37300 6.377422
37400 5.9474382
37500 6.4155946
37600 6.197872
37700 6.236909
37800 5.6656075
37900 5.8633385
38000 6.0787487
38100 6.264936
38200 6.285974
38300 6.077977
38400 6.168287
38500 6.38096
38600 6.3485985
38700 6.3916163
38800 6.3723183
38900 6.314734
39000 5.9430876
39100 5.6717415
39200 6.507101
39300 6.302843
39400 6.2333355
39500 5.880926
39600 6.427081
39700 5.9062786
39800 6.096042
39900 6.4176908
40000 6.123432
40100 6.157819
40200 6.0159893
40300 6.499207
40400 6.479658
40500 6.223989
40600 6.4072676
40700 6.2036824
40800 6.2825327
40900 6.1272264
41000 6.380247
41100 5.9302287
41200 6.1295533
41300 6.1836143
41400 6.218287
41500 6.8578854
41600 6.4898252
41700 6.538442
41800 6.437842
41900 6.4011908
42000 6.2789507
42100 5.871804
42200 6.02869
42300 6.1808844
42400 6.210179
42500 6.655199
42600 5.835131
42700 6.1178794
42800 6.0909643
42900 5.899567
43000 5.7994223
43100 6.0681477
43200 6.1065326
43300 6.412937
43400 6.1819706
43500 6.1476583
43600 6.2737927
43700 5.9900584
43800 5.4105797
43900 5.5842695
44000 6.1865497
44100 6.3121386
44200 6.1684523
44300 6.758198
44400 6.1368966
44500 5.9735403
44600 5.904544
44700 6.2536736
44800 5.962392
44900 5.9269285
45000 6.307028
45100 6.3318863
45200 6.149421
45300 5.958903
45400 6.6823225
45500 6.105009
45600 6.428049
45700 6.0708027
45800 5.799251
45900 6.058342
46000 6.1872525
46100 6.421136
46200 5.9469237
46300 5.9629817
46400 6.260559
46500 6.224885
46600 6.206006
46700 6.591703
46800 5.924874
46900 5.9111347
47000 6.7629523
47100 6.645001
47200 6.2703443
47300 6.383346
47400 5.9237194
47500 6.4659023
47600 6.2103033
47700 6.0650253
47800 6.3332486
47900 6.4760427
48000 6.0155077
48100 5.673866
48200 6.7689524
48300 5.90508
48400 6.3736286
48500 6.7108126
48600 6.440921
48700 6.280452
48800 6.021739
48900 6.20199
49000 6.1949873
49100 6.007284
49200 6.5988855
49300 6.76304
49400 6.4032803
49500 6.6755934
49600 5.8600216
49700 6.169798
49800 6.0772758
49900 6.4457674
50000 6.8720374
50100 6.6211243
50200 6.1780615
50300 6.4510803
50400 6.155571
50500 6.31375
50600 6.221856
50700 5.809665
50800 6.3815775
50900 6.872233
51000 6.4855595
51100 5.9166884
51200 5.935523
51300 6.186404
51400 5.8253913
51500 5.9403324
51600 6.177375
51700 6.2869587
51800 6.4417343
51900 6.0672727
52000 6.672655
52100 6.060065
52200 5.9683533
52300 6.212303
52400 6.3104315
52500 5.9806356
52600 6.3351507
52700 6.57683
