0 6.826854
100 0.37962544
200 0.2447292
300 0.1763823
400 0.29284588
500 0.19979829
600 0.57843566
700 0.22196636
800 0.051958118
900 0.16010188
1000 0.10256914
1100 0.19520685
1200 0.09915052
1300 0.08172875
1400 0.100420885
1500 0.008962275
1600 0.09057288
1700 0.13857827
1800 0.08764332
1900 0.18260358
2000 0.29509956
2100 0.273228
2200 0.05418048
2300 0.043139122
2400 0.122128054
2500 0.077000536
2600 0.047837738
2700 0.094494835
2800 0.17633343
2900 0.0601516
3000 0.05187052
3100 0.038354654
3200 0.09223158
3300 0.2976633
3400 0.08637712
3500 0.05570312
3600 0.0432213
3700 0.06155193
3800 0.033172283
3900 0.046781775
4000 0.07229559
4100 0.0060662883
4200 0.016917773
4300 0.011470957
4400 0.044607047
4500 0.06979763
4600 0.006090897
4700 0.010666495
4800 0.011993631
4900 0.002937011
5000 0.0058537815
5100 0.044006635
5200 0.020681905
5300 0.007458863
5400 0.016337363
5500 0.006077506
5600 0.026776256
5700 0.021363271
5800 0.007436727
5900 0.052594464
6000 0.0054409346
6100 0.0074848784
6200 0.042427987
6300 0.06069038
6400 0.0046436097
6500 0.010792111
6600 0.024795502
6700 0.011214709
6800 0.017738543
6900 0.0055285427
7000 0.04316015
7100 0.002432599
7200 0.004786085
7300 0.15088032
7400 0.0031634409
7500 0.0039043396
7600 0.027384862
7700 0.026699616
7800 0.045961805
7900 0.0041715004
8000 0.048607614
8100 0.0057377256
8200 0.0115321465
8300 0.0034589418
8400 0.038388524
8500 0.0025674528
8600 0.026741743
8700 0.0166116
8800 0.0014693838
8900 0.001241658
9000 0.0012605631
9100 0.011481399
9200 0.0036760045
9300 0.00025321986
9400 0.0029017625
9500 0.008931041
9600 0.0011088263
9700 0.028640348
9800 0.0036727341
9900 0.016669426
10000 0.0035253689
10100 0.0053776414
10200 0.005224827
10300 0.007583251
10400 0.012736027
10500 0.0012983838
10600 0.0049454444
10700 0.0049177064
10800 0.0010394658
10900 0.0017228831
11000 0.0014127397
11100 0.005772807
11200 0.009636939
11300 0.01067854
11400 0.004261954
11500 0.0043633482
11600 0.009269785
11700 0.00063131977
11800 0.009832295
11900 0.002650207
12000 0.0070040654
12100 0.0023196859
12200 0.0029351849
12300 0.0038055072
12400 0.008390274
12500 0.006891284
12600 0.008593619
12700 0.0027613773
12800 0.0018719875
12900 0.012604563
13000 0.004421405
13100 0.0055536567
13200 0.008150559
13300 0.0027397727
13400 0.0068732155
13500 0.011440645
13600 0.0055748564
13700 0.0040803924
13800 0.01411228
13900 0.0048522823
14000 0.002226761
14100 0.0019933009
14200 0.0014603359
14300 0.0024148736
14400 0.0049431897
14500 0.0033323392
14600 0.0014089555
14700 0.0028177202
14800 0.0076125143
14900 0.0033784148
15000 0.0026217627
15100 0.004685533
15200 0.011824556
15300 0.0046744756
15400 0.013584073
15500 0.0031008848
15600 0.006653106
15700 0.0012251104
15800 0.0068214936
15900 0.007655023
16000 0.008916754
16100 0.008108844
16200 0.006673142
16300 0.0075434796
16400 0.00783008
16500 0.0047425777
16600 0.0071170316
16700 0.0027481616
16800 0.013249228
