0 4.7320147
100 0.2631363
200 0.16963336
300 0.122258894
400 0.2029853
500 0.13848962
600 0.40094104
700 0.15385535
800 0.036014624
900 0.11097416
1000 0.07109551
1100 0.13530707
1200 0.06872591
1300 0.05665005
1400 0.06960645
1500 0.0062121763
1600 0.062780336
1700 0.096055135
1800 0.06074972
1900 0.12657116
2000 0.20454744
2100 0.1893872
2200 0.037555046
2300 0.029901762
2400 0.084652714
2500 0.053372703
2600 0.033158593
2700 0.06549883
2800 0.12222502
2900 0.04169391
3000 0.035953905
3100 0.02658542
3200 0.06393006
3300 0.20632449
3400 0.059872057
3500 0.03861046
3600 0.029958721
3700 0.042664547
3800 0.022993274
3900 0.032426655
4000 0.050111484
4100 0.0042048306
4200 0.011726506
4300 0.007951061
4400 0.03091925
4500 0.04838003
4600 0.0042218883
4700 0.0073934514
4800 0.008313351
4900 0.0020357808
5000 0.004057532
5100 0.030503076
5200 0.014335604
5300 0.0051700897
5400 0.011324197
5500 0.004212606
5600 0.018559886
5700 0.014807891
5800 0.0051547466
5900 0.036455706
6000 0.0037713684
6100 0.0051881224
6200 0.02940884
6300 0.042067368
6400 0.003218705
6500 0.0074805217
6600 0.017186932
6700 0.007773444
6800 0.012295421
6900 0.003832094
7000 0.029916339
7100 0.0016861492
7200 0.003317461
7300 0.10458227
7400 0.00219273
7500 0.002706282
7600 0.01898174
7700 0.018506764
7800 0.031858295
7900 0.0028914637
8000 0.03369223
8100 0.0039770883
8200 0.007993475
8300 0.0023975559
8400 0.026608897
8500 0.0017796226
8600 0.018535964
8700 0.011514284
8800 0.0010184993
8900 0.0008606517
9000 0.0008737558
9100 0.0079582995
9200 0.0025480122
9300 0.00017551862
9400 0.0020113485
9500 0.006190526
9600 0.0007685798
9700 0.019851977
9800 0.0025457453
9900 0.011554366
10000 0.0024435995
10100 0.003727497
10200 0.0036215743
10300 0.005256309
10400 0.0088279415
10500 0.0008999711
10600 0.0034279209
10700 0.0034086944
10800 0.0007205028
10900 0.0011942115
11000 0.0009792366
11100 0.004001405
11200 0.0066798166
11300 0.0074018
11400 0.0029541615
11500 0.0030244426
11600 0.0064253253
11700 0.0004375975
11800 0.006815227
11900 0.0018369835
12000 0.004854848
12100 0.0016078837
12200 0.0020345151
12300 0.0026377765
12400 0.0058156946
12500 0.0047766743
12600 0.005956643
12700 0.0019140409
12800 0.0012975628
12900 0.008736817
13000 0.0030646843
13100 0.0038495015
13200 0.005649537
13300 0.0018990657
13400 0.00476415
13500 0.007930051
13600 0.003864196
13700 0.0028283126
13800 0.009781887
13900 0.003363346
14000 0.0015434732
14100 0.0013816508
14200 0.0010122277
14300 0.0016738628
14400 0.003426358
14500 0.0023098015
14600 0.0009766136
14700 0.0019530947
14800 0.005276593
14900 0.0023417387
15000 0.0018172674
15100 0.0032477637
15200 0.008196157
15300 0.0032400996
15400 0.009415762
15500 0.0021493696
15600 0.0046115816
15700 0.0008491818
15800 0.004728299
15900 0.0053060576
16000 0.006180623
16100 0.0056206225
16200 0.0046254694
16300 0.0052287416
16400 0.005427398
16500 0.0032873044
16600 0.0049331505
16700 0.0019048804
16800 0.009183665
