0 2.6770167
100 1.6473703
200 1.4227057
300 1.2904768
400 1.362509
500 1.3519672
600 1.2790437
700 1.2249647
800 1.1339897
900 1.3699436
1000 1.34637
1100 1.1566155
1200 1.2057884
1300 1.1337407
1400 1.2444407
1500 1.0398217
1600 1.2207577
1700 1.15856
1800 1.2044623
1900 1.2026165
2000 1.207935
2100 1.1487916
2200 1.1510174
2300 1.1317093
2400 1.0891538
2500 1.1649483
2600 1.1386441
2700 1.1164527
2800 1.115202
2900 1.1903877
3000 1.1029496
3100 1.0880551
3200 1.1264763
3300 1.164308
3400 1.154876
3500 1.1885098
3600 1.1182597
3700 1.1382082
3800 1.100526
3900 1.1187778
4000 1.0752021
4100 1.0229254
4200 1.0567642
4300 1.0389216
4400 1.0868253
4500 1.0992181
4600 1.0259498
4700 1.0384524
4800 1.0441881
4900 1.0135369
5000 1.0211226
5100 1.0928028
5200 1.0669651
5300 1.0279272
5400 1.0474861
5500 1.0243118
5600 1.0735017
5700 1.0540767
5800 1.0281405
5900 1.1173184
6000 1.0234175
6100 1.0304389
6200 1.0885085
6300 1.1075859
6400 1.0205735
6500 1.0416963
6600 1.0803063
6700 1.0441306
6800 1.0550346
6900 1.0220747
7000 1.0788959
7100 1.0106326
7200 1.0202804
7300 1.0862813
7400 1.0140266
7500 1.0159137
7600 1.0759118
7700 1.0674415
7800 1.057308
7900 1.0178125
8000 1.0513635
8100 1.0225542
8200 1.0378463
8300 1.0144736
8400 1.0985208
8500 1.0127852
8600 1.0452275
8700 1.0447589
8800 1.0060587
8900 1.0062116
9000 1.0059745
9100 1.0407255
9200 1.0139781
9300 1.0015725
9400 1.0122782
9500 1.0293007
9600 1.00472
9700 1.0875683
9800 1.0158929
9900 1.048012
10000 1.0140699
10100 1.0164037
10200 1.0202196
10300 1.0260888
10400 1.0482938
10500 1.0071409
10600 1.020429
10700 1.0199881
10800 1.0053536
10900 1.0070269
11000 1.0066664
11100 1.0188725
11200 1.028012
11300 1.0344954
11400 1.0180225
11500 1.0182815
11600 1.0295547
11700 1.0032294
11800 1.0390785
11900 1.0103416
12000 1.0232451
12100 1.0095448
12200 1.0131378
12300 1.0154438
12400 1.0320067
12500 1.0233917
12600 1.0303712
12700 1.0133846
12800 1.00733
12900 1.046087
13000 1.0181241
13100 1.0216606
13200 1.0260482
13300 1.0133151
13400 1.0284696
13500 1.0342418
13600 1.0208255
13700 1.0152206
13800 1.0392768
13900 1.0187271
14000 1.0083838
14100 1.008935
14200 1.0066102
14300 1.0102036
14400 1.0178092
14500 1.0139962
14600 1.0067447
14700 1.0120543
14800 1.0270709
14900 1.0129434
15000 1.0118364
15100 1.0169195
15200 1.0391145
15300 1.0179279
15400 1.0421805
15500 1.0118523
15600 1.0227361
15700 1.0054362
15800 1.0273739
15900 1.0266011
16000 1.0331693
16100 1.029501
16200 1.0244789
16300 1.0270486
16400 1.0268056
16500 1.0185151
16600 1.024379
16700 1.0109823
16800 1.035547
