0 7.4433155
100 0.55400574
200 0.328392
300 0.2866149
400 0.28615648
500 0.13615586
600 0.36586386
700 0.17360608
800 0.15094031
900 0.15048684
1000 0.24088518
1100 0.08849689
1200 0.7489649
1300 0.08176266
1400 0.038288176
1500 0.050032903
1600 0.08201196
1700 0.34159005
1800 0.015269614
1900 0.02239903
2000 0.076723576
2100 0.05616005
2200 0.13875481
2300 0.17708974
2400 0.024215767
2500 0.14278331
2600 0.15074266
2700 0.08694968
2800 0.025817392
2900 0.025324231
3000 0.026628673
3100 0.01430991
3200 0.071933925
3300 0.08167118
3400 0.39453194
3500 0.0971581
3600 0.05949697
3700 0.22221495
3800 0.102752246
3900 0.10121289
4000 0.18719693
4100 0.018101202
4200 0.0856162
4300 0.021909414
4400 0.025540821
4500 0.029018875
4600 0.033254478
4700 0.008667818
4800 0.064293906
4900 0.04296695
5000 0.0061670304
5100 0.063820995
5200 0.011372527
5300 0.08505645
5400 0.12598705
5500 0.0063152723
5600 0.045834213
5700 0.041319534
5800 0.0015820499
5900 0.003241756
6000 0.0065578474
6100 0.14471893
6200 0.002352895
6300 0.016179044
6400 0.0027812757
6500 0.0038603535
6600 0.008342451
6700 0.018944368
6800 0.025992624
6900 0.003903532
7000 0.049340725
7100 0.0065047573
7200 0.0074014626
7300 0.007180839
7400 0.009971648
7500 0.006807097
7600 0.02632056
7700 0.016674833
7800 0.0041234256
7900 0.004113766
8000 0.082800984
8100 0.07139288
8200 0.014467777
8300 0.007450509
8400 0.013024153
8500 0.007525119
8600 0.0076033724
8700 0.0061545367
8800 0.0035261535
8900 0.0033503145
9000 0.004954928
9100 0.047891773
9200 0.013306657
9300 0.025291018
9400 0.009141873
9500 0.010734252
9600 0.012601751
9700 0.0012017968
9800 0.0040621283
9900 0.0010704247
10000 0.0052474705
10100 0.008828612
10200 0.03162071
10300 0.021965016
10400 0.004735772
10500 0.012450265
10600 0.014423479
10700 0.0041951477
10800 0.016522631
10900 0.0012576425
11000 0.0007399817
11100 0.0058498997
11200 0.0034160065
11300 0.00088553864
11400 0.008041111
11500 0.004444193
11600 0.0006343358
11700 0.010513887
11800 0.0025161866
11900 0.0018281117
12000 0.0019252122
12100 0.00025209208
12200 9.276193e-05
12300 0.0048352396
12400 0.0054072984
12500 0.0025807344
12600 0.0066083036
12700 0.005547815
12800 0.0014919394
12900 0.00065947475
13000 0.0024677026
13100 0.0007943698
13200 0.0017086292
13300 0.0024259987
13400 0.0019491815
13500 0.0002230283
13600 0.0054200673
13700 0.0051876297
13800 0.002340477
13900 0.0005009564
14000 0.00064219243
14100 0.00413019
14200 0.0013344171
14300 0.011782568
14400 0.00091331644
14500 0.0029278398
14600 0.0010700758
14700 0.0010935375
14800 0.0066515626
14900 0.0011763585
15000 0.0026379414
15100 0.023236278
15200 0.0030854058
15300 0.0040201824
15400 0.011263961
15500 0.00236113
15600 0.000885214
15700 0.0022897692
15800 0.012503889
15900 0.0017328206
16000 0.0030980797
16100 0.0018631701
16200 0.006803763
16300 0.0024567705
16400 0.0004613218
16500 0.0034448353
16600 0.00062671426
16700 0.00035682332
16800 0.00092816405
16900 0.005233927
17000 0.0014974772
17100 0.0044552824
17200 0.00072139443
17300 0.0022241133
17400 0.008192435
17500 0.005478604
17600 0.0029777386
17700 0.00084112363
17800 0.0028831621
17900 0.0031980006
18000 0.0026857287
18100 0.0038795588
18200 0.00098456
18300 0.0050332034
18400 0.001546559
18500 0.0019146777
