0 5.159313
100 0.3840075
200 0.227624
300 0.1986663
400 0.19834855
500 0.09437605
600 0.2535975
700 0.120334566
800 0.104623854
900 0.10430953
1000 0.16696888
1100 0.06134137
1200 0.5191429
1300 0.056673557
1400 0.026539342
1500 0.034680165
1600 0.056846358
1700 0.23677218
1800 0.01058409
1900 0.015525825
2000 0.05318073
2100 0.038927183
2200 0.09617751
2300 0.12274925
2400 0.01678509
2500 0.098969854
2600 0.10448685
2700 0.060268924
2800 0.017895253
2900 0.017553419
3000 0.01845759
3100 0.009918874
3200 0.049860798
3300 0.056610145
3400 0.2734687
3500 0.06734486
3600 0.041240156
3700 0.15402767
3800 0.07122243
3900 0.07015543
4000 0.12975502
4100 0.012546797
4200 0.05934463
4300 0.015186449
4400 0.017703548
4500 0.020114351
4600 0.023050249
4700 0.0060080737
4800 0.044565137
4900 0.029782422
5000 0.00427466
5100 0.04423734
5200 0.007882835
5300 0.058956634
5400 0.08732757
5500 0.004377413
5600 0.031769857
5700 0.02864052
5800 0.0010965934
5900 0.002247014
6000 0.0045455536
6100 0.10031152
6200 0.0016309025
6300 0.011214458
6400 0.0019278334
6500 0.0026757931
6600 0.005782547
6700 0.013131235
6800 0.018016715
6900 0.002705722
7000 0.034200385
7100 0.0045087542
7200 0.005130303
7300 0.004977378
7400 0.00691182
7500 0.00471832
7600 0.018244023
7700 0.011558114
7800 0.0028581407
7900 0.0028514452
8000 0.057393268
8100 0.049485773
8200 0.010028299
8300 0.005164299
8400 0.009027655
8500 0.005216015
8600 0.005270256
8700 0.004266
8800 0.0024441434
8900 0.002322261
9000 0.0034344944
9100 0.033196047
9200 0.009223471
9300 0.017530398
9400 0.0063366634
9500 0.0074404166
9600 0.008734868
9700 0.00083302206
9800 0.0028156526
9900 0.0007419618
10000 0.0036372694
10100 0.0061195274
10200 0.021917807
10300 0.015224989
10400 0.003282587
10500 0.008629866
10600 0.009997594
10700 0.0029078547
10800 0.011452615
10900 0.0008717314
11000 0.00051291625
11100 0.0040548416
11200 0.0023677952
11300 0.00061380863
11400 0.005573673
11500 0.0030804798
11600 0.00043968807
11700 0.0072876713
11800 0.0017440876
11900 0.0012671505
12000 0.0013344554
12100 0.00017473691
12200 6.4297674e-05
12300 0.0033515329
12400 0.0037480537
12500 0.0017888288
12600 0.004580527
12700 0.0038454523
12800 0.0010341336
12900 0.00045711308
13000 0.0017104811
13100 0.0005506152
13200 0.0011843315
13300 0.0016815742
13400 0.0013510697
13500 0.00015459144
13600 0.0037569045
13700 0.0035957908
13800 0.001622295
13900 0.0003472365
14000 0.0004451339
14100 0.0028628292
14200 0.0009249475
14300 0.008167054
14400 0.00063306274
14500 0.0020294238
14600 0.00074172
14700 0.0007579825
14800 0.004610512
14900 0.0008153896
15000 0.0018284817
15100 0.01610616
15200 0.0021386403
15300 0.0027865781
15400 0.007807583
15500 0.0016366106
15600 0.0006135836
15700 0.0015871471
15800 0.008667036
15900 0.0012010997
16000 0.0021474252
16100 0.001291451
16200 0.0047160094
16300 0.0017029035
16400 0.0003197639
16500 0.002387778
16600 0.00043440523
16700 0.00024733107
16800 0.0006433543
16900 0.0036278819
17000 0.001037972
17100 0.0030881665
17200 0.0005000325
17300 0.0015416379
17400 0.0056785634
17500 0.0037974792
17600 0.002064011
17700 0.0005830225
17800 0.0019984557
17900 0.002216685
18000 0.0018616053
18100 0.0026891052
18200 0.00068244495
18300 0.003488751
18400 0.001071993
18500 0.0013271534
