0 3.1508985
100 1.4988792
200 1.3847082
300 1.3995135
400 1.4853591
500 1.3012391
600 1.5369308
700 1.2329257
800 1.3790499
900 1.3473134
1000 1.1740735
1100 1.2313236
1200 1.2234724
1300 1.2378013
1400 1.1443722
1500 1.160986
1600 1.1435529
1700 1.0749648
1800 1.051899
1900 1.0683753
2000 1.160624
2100 1.1376027
2200 1.1712
2300 1.1465445
2400 1.0821402
2500 1.1218739
2600 1.1954113
2700 1.1871855
2800 1.1088982
2900 1.0789471
3000 1.0731618
3100 1.0413013
3200 1.0902573
3300 1.0842168
3400 1.2764834
3500 1.2254188
3600 1.0734086
3700 1.1665384
3800 1.101047
3900 1.1653112
4000 1.09749
4100 1.0561254
4200 1.0857975
4300 1.0639812
4400 1.0808687
4500 1.0498888
4600 1.0867108
4700 1.0340877
4800 1.119681
4900 1.1417869
5000 1.0253891
5100 1.105783
5200 1.0415092
5300 1.1717572
5400 1.0468862
5500 1.0251751
5600 1.1160029
5700 1.092038
5800 1.0075328
5900 1.0136052
6000 1.0213931
6100 1.1393919
6200 1.0115876
6300 1.0400696
6400 1.0127058
6500 1.0168064
6600 1.0273733
6700 1.0589826
6800 1.0808201
6900 1.0168685
7000 1.1483076
7100 1.0219015
7200 1.0308555
7300 1.0232136
7400 1.0325828
7500 1.0222812
7600 1.0408057
7700 1.044189
7800 1.0162857
7900 1.0154555
8000 1.0207732
8100 1.1291544
8200 1.0373285
8300 1.0303706
8400 1.034375
8500 1.0276811
8600 1.0298464
8700 1.0241599
8800 1.0155321
8900 1.0145602
9000 1.0195414
9100 1.037837
9200 1.0375311
9300 1.081907
9400 1.0314782
9500 1.037474
9600 1.0334247
9700 1.0060692
9800 1.0148706
9900 1.0050247
10000 1.0181148
10100 1.0287881
10200 1.0549409
10300 1.0494618
10400 1.017703
10500 1.0339948
10600 1.0417707
10700 1.01656
10800 1.057735
10900 1.0060668
11000 1.0038223
11100 1.0222745
11200 1.0131526
11300 1.0046813
11400 1.0287004
11500 1.0184066
11600 1.0032722
11700 1.0394189
11800 1.0106297
11900 1.0085602
12000 1.0069416
12100 1.0015675
12200 1.0006348
12300 1.0196462
12400 1.0205429
12500 1.011605
12600 1.020471
12700 1.0209138
12800 1.0062389
12900 1.0031934
13000 1.0104485
13100 1.0041208
13200 1.0079024
13300 1.0107412
13400 1.0068576
13500 1.0013459
13600 1.0163232
13700 1.0199234
13800 1.0101575
13900 1.0028042
14000 1.0034256
14100 1.0167146
14200 1.0064545
14300 1.0342689
14400 1.0045545
14500 1.0115476
14600 1.0051343
14700 1.0049789
14800 1.0223644
14900 1.0060245
15000 1.0113027
15100 1.0482204
15200 1.011396
15300 1.0149205
15400 1.0270576
15500 1.0086268
15600 1.0042912
15700 1.0093312
15800 1.0427456
15900 1.007403
16000 1.0112407
16100 1.0084774
16200 1.0242071
16300 1.0095091
16400 1.0023048
16500 1.0124493
16600 1.0035006
16700 1.0019181
16800 1.0047951
16900 1.0211941
17000 1.0054929
17100 1.0143187
17200 1.0034974
17300 1.0091441
17400 1.0281966
17500 1.0195011
17600 1.0117348
17700 1.0044006
17800 1.0115192
17900 1.0114447
18000 1.0111809
18100 1.0150945
18200 1.0044649
18300 1.0178983
18400 1.0068336
18500 1.0088997
