0 0.009375
100 0.34687504
200 0.40625
300 0.46875
400 0.471875
500 0.5
600 0.521875
700 0.47812504
800 0.44687498
900 0.515625
1000 0.49062505
1100 0.45312503
1200 0.49374998
1300 0.46562502
1400 0.53125
1500 0.525
1600 0.503125
1700 0.478125
1800 0.5125
1900 0.540625
2000 0.49687502
2100 0.52187496
2200 0.5
2300 0.55312496
2400 0.53125
2500 0.48125002
2600 0.52187496
2700 0.53125
2800 0.52812505
2900 0.546875
3000 0.49375004
3100 0.503125
3200 0.51875
3300 0.59375
3400 0.51875
3500 0.525
3600 0.534375
3700 0.55625
3800 0.5
3900 0.46875
4000 0.546875
4100 0.52500004
4200 0.5625
4300 0.58124995
4400 0.578125
4500 0.553125
4600 0.56875
4700 0.5625
4800 0.615625
4900 0.553125
5000 0.66249996
5100 0.4875
5200 0.509375
5300 0.50625
5400 0.5625
5500 0.6187501
5600 0.575
5700 0.553125
5800 0.50625
5900 0.521875
6000 0.49062502
6100 0.521875
6200 0.534375
6300 0.55
6400 0.521875
6500 0.571875
6600 0.58125
6700 0.49687502
6800 0.5
6900 0.553125
7000 0.521875
7100 0.528125
7200 0.5531251
7300 0.565625
7400 0.54062504
7500 0.52812505
7600 0.49375004
7700 0.55937505
7800 0.603125
7900 0.55625
8000 0.578125
8100 0.57500005
8200 0.5625
8300 0.59375006
8400 0.57500005
8500 0.515625
8600 0.58125
8700 0.54999995
8800 0.525
8900 0.528125
9000 0.57187504
9100 0.546875
9200 0.51874995
9300 0.53125
9400 0.48437506
9500 0.56874996
9600 0.57500005
9700 0.60312504
9800 0.56249994
9900 0.53125
10000 0.534375
10100 0.559375
10200 0.56562495
10300 0.6031251
10400 0.50625
10500 0.496875
10600 0.546875
10700 0.53125
10800 0.603125
10900 0.59062505
11000 0.5625
11100 0.575
11200 0.515625
11300 0.509375
11400 0.49687502
11500 0.51875
11600 0.58125
11700 0.51875
11800 0.521875
11900 0.54375
12000 0.54375
12100 0.525
12200 0.53125
12300 0.59062505
12400 0.53749996
12500 0.50937504
12600 0.565625
12700 0.55625
12800 0.53749996
12900 0.515625
13000 0.52812505
13100 0.54062504
13200 0.590625
13300 0.52812505
13400 0.54062504
13500 0.53749996
13600 0.55937505
13700 0.51875
13800 0.503125
13900 0.53125006
14000 0.56562495
14100 0.54062504
14200 0.5
14300 0.58750004
14400 0.5625
14500 0.49375
14600 0.55937505
14700 0.584375
14800 0.58124995
14900 0.55
15000 0.5375
15100 0.53749996
15200 0.61875004
15300 0.553125
15400 0.534375
15500 0.49687502
15600 0.596875
15700 0.565625
15800 0.50625
15900 0.521875
16000 0.584375
16100 0.57187504
16200 0.55312496
16300 0.45937502
16400 0.58125
16500 0.575
16600 0.59375
16700 0.53125
16800 0.565625
16900 0.4875
17000 0.56875
17100 0.5875
17200 0.534375
17300 0.55625
17400 0.546875
17500 0.578125
17600 0.640625
17700 0.5718751
17800 0.534375
17900 0.54375005
18000 0.584375
18100 0.503125
18200 0.575
18300 0.48125
18400 0.54999995
18500 0.60625
18600 0.5375
18700 0.53125
18800 0.5625
18900 0.6281251
19000 0.61875
19100 0.540625
19200 0.603125
19300 0.5625
19400 0.50625
19500 0.540625
19600 0.55625004
19700 0.6
19800 0.628125
19900 0.609375
20000 0.540625
20100 0.58437496
20200 0.53125
20300 0.58125
20400 0.56875
20500 0.58125
20600 0.528125
20700 0.609375
20800 0.54375
20900 0.50625
21000 0.59375
21100 0.5625
21200 0.52812505
21300 0.5375
21400 0.5625
21500 0.6
21600 0.54062504
21700 0.60625005
21800 0.58125
21900 0.58124995
22000 0.55
22100 0.55625
22200 0.565625
22300 0.54375005
22400 0.53125
22500 0.578125
22600 0.59062505
22700 0.5343751
22800 0.571875
22900 0.52812505
23000 0.484375
23100 0.59062505
23200 0.55
23300 0.546875
23400 0.615625
23500 0.59999996
23600 0.52500004
23700 0.575
23800 0.553125
23900 0.55625
24000 0.5375
24100 0.55
24200 0.58125
24300 0.571875
24400 0.525
24500 0.634375
24600 0.54375005
24700 0.5625
24800 0.53749996
24900 0.50625
25000 0.55937505
25100 0.55
25200 0.56874996
25300 0.590625
25400 0.575
25500 0.54375
25600 0.56875
25700 0.54375
25800 0.553125
25900 0.52187496
26000 0.534375
26100 0.58125
26200 0.559375
26300 0.57812494
26400 0.575
26500 0.578125
26600 0.559375
26700 0.54375
26800 0.55625
26900 0.5625
27000 0.54375
27100 0.603125
27200 0.57500005
27300 0.63750005
27400 0.56562495
27500 0.578125
27600 0.56562495
27700 0.590625
27800 0.57812494
27900 0.590625
28000 0.584375
28100 0.5375
28200 0.5125
28300 0.56875
28400 0.5
28500 0.58124995
28600 0.53125
28700 0.590625
28800 0.546875
28900 0.503125
29000 0.55625004
29100 0.57187504
29200 0.5875
29300 0.534375
29400 0.5875
29500 0.54375
29600 0.51874995
29700 0.62812495
29800 0.584375
29900 0.5625
30000 0.5500001
30100 0.596875
30200 0.53749996
30300 0.571875
30400 0.51562494
30500 0.54062504
30600 0.55
30700 0.534375
30800 0.47812498
30900 0.53749996
31000 0.528125
31100 0.55625
31200 0.55
31300 0.52500004
31400 0.55
31500 0.5812501
31600 0.54999995
31700 0.578125
31800 0.5375
31900 0.553125
32000 0.51875
32100 0.53125
32200 0.540625
32300 0.59062505
32400 0.559375
32500 0.590625
32600 0.5875
32700 0.515625
32800 0.51875
32900 0.553125
33000 0.5812501
33100 0.503125
33200 0.59375
33300 0.54999995
33400 0.5625
33500 0.53125
33600 0.528125
33700 0.540625
33800 0.5625
33900 0.57812494
34000 0.5625
34100 0.575
34200 0.6125
34300 0.58750004
34400 0.58125
34500 0.578125
34600 0.55625004
34700 0.546875
34800 0.546875
34900 0.58750004
35000 0.578125
35100 0.59375006
35200 0.584375
35300 0.57500005
35400 0.58125
35500 0.60625005
35600 0.5968751
35700 0.571875
35800 0.578125
35900 0.52812505
36000 0.565625
36100 0.60312504
36200 0.559375
36300 0.584375
36400 0.55
36500 0.6187501
36600 0.51875
36700 0.59687495
36800 0.6125
36900 0.58750004
37000 0.6
37100 0.575
37200 0.65625
37300 0.54999995
37400 0.59062505
37500 0.578125
37600 0.565625
37700 0.53749996
37800 0.578125
37900 0.584375
38000 0.546875
38100 0.5
38200 0.54999995
38300 0.55625
38400 0.584375
38500 0.51875
38600 0.51874995
38700 0.553125
38800 0.521875
38900 0.52812505
39000 0.53749996
39100 0.60625
39200 0.52500004
39300 0.49687502
39400 0.55
39500 0.56874996
39600 0.55
39700 0.59999996
39800 0.56874996
39900 0.55937505
40000 0.57187504
40100 0.525
40200 0.571875
40300 0.59687495
40400 0.54687494
40500 0.56250006
40600 0.546875
40700 0.54375
40800 0.4875
40900 0.578125
41000 0.540625
41100 0.6
41200 0.58124995
41300 0.5375
