0 4.7592154
100 3.192102
200 2.909208
300 2.4946775
400 2.5431108
500 2.3261423
600 2.2723129
700 2.4340127
800 2.4890034
900 2.5249894
1000 2.3673248
1100 2.5646996
1200 2.3658278
1300 2.6240237
1400 2.3056204
1500 2.228311
1600 2.3500483
1700 2.478956
1800 2.2391746
1900 2.2265205
2000 2.2093446
2100 2.2859867
2200 2.423388
2300 2.0197103
2400 2.1368673
2500 2.4721227
2600 2.2329214
2700 2.1518338
2800 2.2255201
2900 2.1185653
3000 2.2791102
3100 2.334778
3200 2.2610488
3300 1.8608596
3400 2.2548492
3500 2.2954671
3600 2.3271906
3700 2.1770816
3800 2.4092715
3900 2.4811134
4000 2.160146
4100 2.2630327
4200 2.013241
4300 1.9027159
4400 2.0462637
4500 2.1892958
4600 1.8662219
4700 2.0756283
4800 1.820007
4900 2.0098083
5000 1.8132384
5100 2.2375503
5200 2.3964255
5300 2.319402
5400 2.0810254
5500 1.8638184
5600 2.102599
5700 2.0422583
5800 2.2086275
5900 2.2440808
6000 2.3779082
6100 2.2985446
6200 2.203891
6300 2.2042062
6400 2.2604036
6500 2.0777748
6600 1.8661205
6700 2.1829376
6800 2.3302195
6900 2.041174
7000 2.2798636
7100 2.1240637
7200 2.0352306
7300 2.1759489
7400 2.2750876
7500 2.2251248
7600 2.459748
7700 1.978772
7800 1.939604
7900 2.1040032
8000 1.9887675
8100 2.0158312
8200 2.1311264
8300 2.0970562
8400 2.0095866
8500 2.3938665
8600 2.008944
8700 2.0684662
8800 2.3927195
8900 2.25146
9000 2.127944
9100 2.2101586
9200 2.2264895
9300 2.266698
9400 2.5320556
9500 2.0866191
9600 1.9702456
9700 1.8715729
9800 2.0034473
9900 2.2594852
10000 2.13508
10100 2.151834
10200 1.8966674
10300 1.8787822
10400 2.1423388
10500 2.4608006
10600 2.197714
10700 2.231462
10800 1.8360567
10900 2.0770493
11000 2.0342567
11100 2.1412039
11200 2.0955307
11300 2.391089
11400 2.349842
11500 2.276122
11600 2.1338122
11700 2.2816913
11800 2.3257349
11900 2.1695971
12000 2.0996969
12100 2.1056688
12200 2.090456
12300 1.9579443
12400 2.2107148
12500 2.3088467
12600 2.2083657
12700 1.9415877
12800 2.2492917
12900 2.3430092
13000 2.394958
13100 2.2510703
13200 1.8596358
13300 2.3720572
13400 2.1638944
13500 2.1141675
13600 2.090458
13700 2.2291245
13800 2.159582
13900 2.166269
14000 1.9964279
14100 2.1470165
14200 2.4353507
14300 1.981026
14400 2.2386959
14500 2.351993
14600 2.1398034
14700 2.004582
14800 1.9753853
14900 2.1153412
15000 2.151955
15100 2.1263201
15200 1.7806383
15300 2.053979
15400 2.1847672
15500 2.3939743
15600 2.087804
15700 2.1162548
15800 2.5271614
15900 2.236085
16000 1.9565698
16100 2.0843606
16200 2.2070627
16300 2.6737669
16400 2.1378477
16500 2.0074499
16600 1.9578643
16700 2.3144157
16800 2.0406468
16900 2.312469
17000 2.005443
17100 2.0222607
17200 2.114799
17300 2.1568077
17400 2.048704
17500 1.8434483
17600 1.8218277
17700 2.068152
17800 2.1921332
17900 2.205265
18000 2.1073248
18100 2.3404422
18200 2.032967
18300 2.3203936
18400 2.207811
18500 1.8617927
18600 2.1832826
18700 2.1822417
18800 2.004255
18900 1.8362799
19000 1.8446132
19100 2.053268
19200 1.98635
19300 2.1788342
19400 2.1892498
19500 2.2566864
19600 2.1221972
19700 1.9819298
19800 1.7846272
19900 1.8798424
20000 2.258311
20100 2.0129552
20200 2.0758364
20300 1.9341005
20400 1.9539193
20500 1.9857782
20600 2.2266555
20700 1.8401448
20800 2.0788817
20900 2.190437
21000 1.9712864
21100 2.1043396
21200 2.1469195
21300 2.155736
21400 1.9763502
21500 1.864019
21600 2.156079
21700 1.8227556
21800 2.040108
21900 1.9446859
22000 2.1782417
22100 1.967014
22200 2.0525355
22300 2.027262
22400 2.138946
22500 1.8965776
22600 1.9395342
22700 2.1454172
22800 1.8963385
22900 2.2071078
23000 2.4685907
23100 1.9442389
23200 2.1662245
23300 2.1189215
23400 1.8490762
23500 1.798869
23600 2.2078493
23700 2.00851
23800 2.0399203
23900 1.9900652
24000 2.212046
24100 2.1358378
24200 1.9882216
24300 2.0140212
24400 2.350568
24500 1.7953663
24600 2.0861082
24700 1.9795269
24800 2.0287235
24900 2.2274868
25000 1.9940739
25100 2.0934577
25200 1.9984964
25300 1.8737177
25400 1.9442602
25500 2.1478927
25600 2.0437305
25700 2.2607865
25800 2.0420523
25900 2.1062832
26000 2.2288687
26100 2.0546894
26200 2.0217648
26300 2.0160766
26400 2.0824685
26500 2.0023437
26600 2.0994914
26700 2.1445293
26800 1.9781059
26900 2.1632984
27000 2.156998
27100 2.0172815
27200 2.057294
27300 1.8712075
27400 2.1201112
27500 1.977492
27600 2.2187705
27700 1.9044454
27800 2.1319895
27900 2.0311005
28000 1.9147178
28100 2.0905457
28200 2.2848427
28300 1.8977691
28400 2.487093
28500 1.9828867
28600 2.167179
28700 1.9571906
28800 2.294423
28900 2.3911738
29000 1.9594817
29100 2.1408525
29200 1.9516275
29300 2.0918796
29400 1.806354
29500 2.1226628
29600 2.188576
29700 1.8150483
29800 2.06313
29900 1.9703388
30000 2.2261627
30100 1.8853786
30200 2.0929575
30300 1.9095072
30400 2.3089314
30500 2.1530135
30600 2.1037734
30700 2.2323577
30800 2.4607172
30900 1.9657029
31000 2.2523277
31100 2.0041506
31200 2.2377574
31300 2.210335
31400 2.1285977
31500 2.079248
31600 2.1275861
31700 1.9528594
31800 2.1388454
31900 2.0301669
32000 2.235209
32100 2.2420576
32200 2.20344
32300 1.8825183
32400 2.036908
32500 1.9074945
32600 1.8375775
32700 2.3760073
32800 2.2280505
32900 2.1209424
33000 1.8837082
33100 2.2058628
33200 1.8582629
33300 2.08976
33400 2.0202794
33500 2.2805831
33600 2.1577854
33700 2.1768513
33800 2.0078979
33900 1.9820902
34000 2.1185913
34100 1.978687
34200 1.8765512
34300 1.9651283
34400 1.9407778
34500 1.9397968
34600 2.1596668
34700 2.1346407
34800 2.07397
34900 2.0284548
35000 2.0103686
35100 1.8996974
35200 1.914143
35300 1.8968422
35400 2.0878875
35500 1.8898251
35600 1.8827292
35700 1.9271107
35800 1.9640832
35900 2.2901254
36000 2.0791397
36100 1.8686177
36200 2.0747843
36300 2.0271382
36400 2.1520176
36500 1.8154148
36600 2.275529
36700 1.8959286
36800 1.7806084
36900 1.9219208
37000 1.8164558
37100 2.030652
37200 1.7195307
37300 2.0684333
37400 2.001861
37500 1.9971315
37600 1.9481744
37700 2.1248233
37800 1.8408332
37900 1.9186229
38000 2.1126816
38100 2.3598447
38200 2.1450136
38300 1.9799923
38400 2.0081377
38500 2.3027008
38600 2.2996721
38700 2.2021172
38800 2.3747742
38900 2.3046901
39000 2.1432486
39100 1.8643563
39200 2.2359526
39300 2.2867541
39400 2.188872
39500 2.2255144
39600 2.105304
39700 1.8278731
39800 2.0630128
39900 2.131805
40000 2.0672517
40100 2.3959188
40200 2.1217518
40300 2.0416234
40400 2.1044517
40500 1.8915125
40600 2.13718
40700 1.9437987
40800 2.3923762
40900 2.0720553
41000 2.1199977
41100 1.9979876
41200 2.0085824
41300 2.2215943
