0 3.2988367
100 2.2125964
200 2.0165093
300 1.7291788
400 1.7627501
500 1.612359
600 1.5750473
700 1.687129
800 1.7252457
900 1.7501892
1000 1.6409045
1100 1.7777144
1200 1.6398668
1300 1.8188347
1400 1.5981343
1500 1.5445476
1600 1.6289294
1700 1.7182814
1800 1.5520775
1900 1.5433065
2000 1.531401
2100 1.5845252
2200 1.6797645
2300 1.3999565
2400 1.4811635
2500 1.7135448
2600 1.5477431
2700 1.4915375
2800 1.542613
2900 1.4684776
3000 1.5797588
3100 1.6183449
3200 1.5672395
3300 1.2898496
3400 1.5629424
3500 1.5910966
3600 1.6130856
3700 1.509038
3800 1.6699797
3900 1.7197767
4000 1.4972992
4100 1.5686147
4200 1.3954723
4300 1.3188622
4400 1.4183619
4500 1.5175042
4600 1.2935665
4700 1.4387159
4800 1.2615327
4900 1.393093
5000 1.2568411
5100 1.5509517
5200 1.6610756
5300 1.607687
5400 1.4424568
5500 1.2919005
5600 1.4574105
5700 1.4155855
5800 1.5309039
5900 1.5554783
6000 1.6482403
6100 1.5932298
6200 1.5276209
6300 1.5278393
6400 1.5667925
6500 1.4402037
6600 1.2934961
6700 1.513097
6800 1.6151851
6900 1.414834
7000 1.580281
7100 1.4722887
7200 1.4107144
7300 1.5082529
7400 1.5769706
7500 1.542339
7600 1.7049675
7700 1.3715802
7800 1.344431
7900 1.4583839
8000 1.3785086
8100 1.3972678
8200 1.4771843
8300 1.4535686
8400 1.3929393
8500 1.6593019
8600 1.3924938
8700 1.4337516
8800 1.6585068
8900 1.5605932
9000 1.4749784
9100 1.5319653
9200 1.5432849
9300 1.5711552
9400 1.7550871
9500 1.4463341
9600 1.3656702
9700 1.2972754
9800 1.3886838
9900 1.5661559
10000 1.4799248
10100 1.4915377
10200 1.3146696
10300 1.3022726
10400 1.484956
10500 1.7056971
10600 1.5233393
10700 1.5467316
10800 1.2726575
10900 1.4397008
11000 1.4100393
11100 1.4841695
11200 1.4525113
11300 1.6573766
11400 1.6287864
11500 1.5776876
11600 1.4790459
11700 1.581548
11800 1.6120766
11900 1.5038501
12000 1.455399
12100 1.4595385
12200 1.4489937
12300 1.3571435
12400 1.5323508
12500 1.6003705
12600 1.5307224
12700 1.345806
12800 1.5590903
12900 1.6240503
13000 1.6600584
13100 1.560323
13200 1.2890013
13300 1.6441848
13400 1.4998972
13500 1.4654292
13600 1.448995
13700 1.5451114
13800 1.4969082
13900 1.5015433
14000 1.3838184
14100 1.4881985
14200 1.6880565
14300 1.3731426
14400 1.5517457
14500 1.6302774
14600 1.4831988
14700 1.3894703
14800 1.3692328
14900 1.4662428
15000 1.4916215
15100 1.4738528
15200 1.2342445
15300 1.4237096
15400 1.5143652
15500 1.6593766
15600 1.4471555
15700 1.466876
15800 1.7516948
15900 1.549936
16000 1.3561908
16100 1.4447687
16200 1.5298194
16300 1.853314
16400 1.4818431
16500 1.3914582
16600 1.3570881
16700 1.6042308
16800 1.4144685
16900 1.6028813
17000 1.3900672
17100 1.4017243
17200 1.4658669
17300 1.4949852
17400 1.4200534
17500 1.277781
17600 1.2627947
17700 1.4335337
17800 1.5194709
17900 1.5285733
18000 1.4606862
18100 1.6222708
18200 1.4091455
18300 1.6083742
18400 1.530338
18500 1.2904963
18600 1.5133362
18700 1.5126146
18800 1.3892437
18900 1.2728122
19000 1.2785884
19100 1.4232169
19200 1.376833
19300 1.5102528
19400 1.5174723
19500 1.5642159
19600 1.470995
19700 1.373769
19800 1.2370093
19900 1.3030075
20000 1.565342
20100 1.3952743
20200 1.4388602
20300 1.3406163
20400 1.3543537
20500 1.3764366
20600 1.5434
20700 1.2754911
20800 1.440971
20900 1.5182953
21000 1.3663917
21100 1.4586171
21200 1.4881312
21300 1.4942423
21400 1.3699015
21500 1.2920395
21600 1.4944801
21700 1.2634379
21800 1.414095
21900 1.3479536
22000 1.509842
22100 1.3634301
22200 1.4227092
22300 1.405191
22400 1.4826044
22500 1.3146074
22600 1.3443826
22700 1.4870899
22800 1.3144417
22900 1.5298506
23000 1.7110968
23100 1.3476437
23200 1.5015124
23300 1.4687245
23400 1.2816819
23500 1.246881
23600 1.5303645
23700 1.3921932
23800 1.413965
23900 1.3794081
24000 1.5332735
24100 1.4804499
24200 1.3781302
24300 1.3960131
24400 1.6292896
24500 1.2444531
24600 1.4459801
24700 1.3721035
24800 1.406204
24900 1.5439763
25000 1.3821867
25100 1.4510744
25200 1.3852521
25300 1.2987621
25400 1.3476585
25500 1.4888058
25600 1.4166061
25700 1.5670578
25800 1.4154427
25900 1.4599643
26000 1.544934
26100 1.4242022
26200 1.4013805
26300 1.3974378
26400 1.4434572
26500 1.3879188
26600 1.4552565
26700 1.4864745
26800 1.3711185
26900 1.4994842
27000 1.495117
27100 1.398273
27200 1.4260075
27300 1.2970222
27400 1.4695492
27500 1.370693
27600 1.5379345
27700 1.320061
27800 1.4777825
27900 1.4078516
28000 1.3271812
28100 1.4490559
28200 1.5837322
28300 1.3154333
28400 1.7239215
28500 1.3744323
28600 1.5021741
28700 1.3566211
28800 1.5903729
28900 1.6574354
29000 1.3582093
29100 1.4839258
29200 1.3527651
29300 1.4499805
29400 1.2520692
29500 1.4713176
29600 1.5170053
29700 1.2580956
29800 1.4300528
29900 1.3657348
30000 1.5430584
30100 1.3068448
30200 1.4507276
30300 1.3235695
30400 1.6004293
30500 1.4923552
30600 1.4582245
30700 1.5473524
30800 1.7056391
30900 1.3625214
31000 1.5611947
31100 1.3891714
31200 1.5510952
31300 1.5320874
31400 1.4754316
31500 1.4412249
31600 1.4747303
31700 1.353619
31800 1.4825348
31900 1.4072044
32000 1.5493288
32100 1.554076
32200 1.5273082
32300 1.3048623
32400 1.411877
32500 1.3221744
32600 1.2737117
32700 1.6469228
32800 1.544367
32900 1.4701252
33000 1.3056871
33100 1.5289875
33200 1.2880497
33300 1.4485112
33400 1.400351
33500 1.5807798
33600 1.4956629
33700 1.5088784
33800 1.3917687
33900 1.3738803
34000 1.4684956
34100 1.3715214
34200 1.3007262
34300 1.3621231
34400 1.3452446
34500 1.3445647
34600 1.496967
34700 1.4796202
34800 1.4375665
34900 1.4060178
35000 1.3934813
35100 1.31677
35200 1.3267828
35300 1.3147908
35400 1.4472133
35500 1.309927
35600 1.3050084
35700 1.3357713
35800 1.3613987
35900 1.5873939
36000 1.4411498
36100 1.295227
36200 1.4381309
36300 1.4051052
36400 1.4916649
36500 1.2583497
36600 1.5772765
36700 1.3141576
36800 1.2342237
36900 1.332174
37000 1.2590712
37100 1.4075408
37200 1.1918879
37300 1.4337287
37400 1.3875843
37500 1.3843061
37600 1.3503716
37700 1.4728153
37800 1.2759683
37900 1.329888
38000 1.4643993
38100 1.6357198
38200 1.4868101
38300 1.372426
38400 1.391935
38500 1.5961106
38600 1.5940112
38700 1.5263913
38800 1.646068
38900 1.5974895
39000 1.4855868
39100 1.2922733
39200 1.5498443
39300 1.5850571
39400 1.5172106
39500 1.5426091
39600 1.4592855
39700 1.266985
39800 1.4299715
39900 1.4776546
40000 1.4329096
40100 1.6607244
40200 1.4706862
40300 1.4151455
40400 1.4586947
40500 1.3110965
40600 1.4813803
40700 1.3473386
40800 1.6582688
40900 1.4362394
41000 1.4694704
41100 1.3848995
41200 1.3922431
41300 1.5398918
