0 26.988224
100 11.146617
200 9.240574
300 8.32334
400 7.6458488
500 7.3680234
600 7.297721
700 7.67325
800 7.5998144
900 7.8190274
1000 6.9471264
1100 7.706527
1200 7.5244365
1300 6.975153
1400 7.230859
1500 6.9215975
1600 7.097403
1700 7.162126
1800 6.869825
1900 6.539651
2000 6.8115983
2100 6.75439
2200 6.777115
2300 6.2414093
2400 6.4175777
2500 7.2700324
2600 6.3879
2700 6.54843
2800 6.513702
2900 6.3636785
3000 6.643013
3100 6.5391483
3200 6.296857
3300 6.1603208
3400 6.67579
3500 6.491147
3600 6.1943154
3700 6.2202015
3800 6.9095974
3900 6.373693
4000 6.6563416
4100 6.838892
4200 6.3067684
4300 6.2772255
4400 6.438556
4500 6.235109
4600 5.6813
4700 6.1228595
4800 5.9062414
4900 6.047736
5000 6.014401
5100 6.403523
5200 6.495941
5300 6.247164
5400 6.091372
5500 5.953227
5600 6.2331266
5700 6.48797
5800 6.1745567
5900 5.9635925
6000 6.7753816
6100 6.4469543
6200 6.303742
6300 6.010334
6400 6.418209
6500 6.11887
6600 5.83519
6700 6.6614294
6800 6.6555934
6900 6.493477
7000 6.5399904
7100 6.2387595
7200 6.389037
7300 6.341018
7400 6.3352704
7500 6.222759
7600 6.8046494
7700 6.222411
7800 6.1313047
7900 6.1450615
8000 5.8489017
8100 5.998285
8200 6.2095165
8300 6.120953
8400 5.794394
8500 6.429427
8600 6.1029644
8700 6.4839644
8800 6.3666306
8900 6.247208
9000 6.2748303
9100 5.909887
9200 6.4264717
9300 6.58203
9400 6.469205
9500 6.252643
9600 6.070314
9700 6.1066093
9800 5.674956
9900 6.477685
10000 6.4060235
10100 6.0810037
10200 6.150027
10300 5.491441
10400 6.442771
10500 6.5953226
10600 6.7479835
10700 6.3810005
10800 5.7816677
10900 6.360928
11000 5.953984
11100 6.283975
11200 6.214178
11300 6.4689655
11400 6.277666
11500 6.394868
11600 6.0566273
11700 6.4198604
11800 6.221165
11900 5.8877563
12000 6.1810894
12100 6.2876387
12200 5.706254
12300 6.028634
12400 6.070002
12500 6.4885077
12600 5.9272366
12700 5.606387
12800 6.20671
12900 6.2650743
13000 6.739521
13100 6.2476025
13200 5.9188137
13300 6.3432198
13400 6.192148
13500 6.3816595
13600 6.109935
13700 6.16115
13800 6.380298
13900 5.9570293
14000 5.980273
14100 6.0534816
14200 6.6366434
14300 6.272651
14400 5.530673
14500 6.5351386
14600 6.314335
14700 5.864102
14800 6.1646686
14900 6.334406
15000 6.2047515
15100 5.4375677
15200 5.8771715
15300 5.871167
15400 6.5842915
15500 6.5461135
15600 6.1164155
15700 6.1566753
15800 6.7679024
15900 6.5962744
16000 5.883657
16100 6.0545363
16200 6.1746187
16300 7.3067284
16400 6.0345297
16500 6.461744
16600 6.034176
16700 6.2203646
16800 6.605853
16900 6.8653893
17000 6.063414
17100 6.2556505
17200 5.9289417
17300 6.611647
17400 6.5237956
17500 5.9244924
17600 5.7025185
17700 6.190449
17800 6.4863625
17900 6.08398
18000 5.838592
18100 6.624314
18200 6.0639663
18300 6.5956507
18400 6.127596
18500 5.945786
18600 6.271506
18700 6.2645073
18800 6.0090575
18900 5.6955633
19000 6.04616
19100 6.2426577
19200 6.3659606
19300 6.2201195
19400 6.6105423
19500 6.5935564
19600 5.8090563
19700 6.304922
19800 5.8133607
19900 6.3943453
20000 6.652046
20100 6.4641542
20200 6.291923
20300 5.9190083
20400 6.0751977
20500 6.327905
20600 6.330651
20700 6.161026
20800 6.1192365
20900 6.4505153
21000 6.1970415
21100 6.144614
21200 6.408555
21300 6.2361503
21400 6.134795
21500 6.0740066
21600 6.5333276
21700 5.7584424
21800 6.2351456
21900 5.887774
22000 6.28226
22100 6.164002
22200 6.3157473
22300 6.267353
22400 6.386753
22500 6.1292925
22600 6.0406084
22700 6.126682
22800 5.9913945
22900 6.2781754
23000 6.235088
23100 6.1994476
23200 6.713681
23300 6.0601597
23400 5.634897
23500 5.8705063
23600 6.3904104
23700 6.1670713
23800 5.88545
23900 6.0442348
24000 6.3861275
24100 6.3169937
24200 6.358021
24300 6.458267
24400 6.0735197
24500 6.0655127
24600 6.1094275
24700 6.0641704
24800 6.2398543
24900 6.3419304
25000 5.8373017
25100 6.358212
25200 5.678991
25300 5.788883
25400 5.850678
25500 6.378653
25600 6.1880965
25700 6.2086005
25800 6.267417
25900 6.430146
26000 6.219098
26100 6.2229495
26200 5.886968
26300 6.102153
26400 6.315811
26500 6.1262093
26600 6.137183
26700 6.2906337
26800 6.4159694
26900 5.9849963
27000 6.2848063
27100 5.942745
27200 6.054488
27300 6.227646
27400 6.4670005
27500 6.141886
27600 6.548904
27700 6.0765195
27800 5.8670816
27900 6.02777
28000 6.228612
28100 6.5082097
28200 6.547473
28300 6.0205846
28400 7.161319
28500 6.133758
28600 6.302474
28700 6.026683
28800 6.685224
28900 6.7615075
29000 6.0618954
29100 6.1254144
29200 6.442326
29300 6.351136
29400 5.9690957
29500 6.1820455
29600 5.8754745
29700 6.139739
29800 6.1443872
29900 6.37358
30000 6.496475
30100 5.9104376
30200 6.0878677
30300 6.0024776
30400 6.440347
30500 6.3607726
30600 6.4522524
30700 6.546724
30800 6.5228233
30900 6.0954785
31000 6.2251916
31100 6.0162563
31200 6.363985
31300 6.6575756
31400 6.2298703
31500 6.225914
31600 6.0893188
31700 5.874549
31800 5.9492817
31900 6.5573597
32000 6.5068154
32100 6.212568
32200 6.3560743
32300 5.883267
32400 6.1166697
32500 5.6431055
32600 5.982191
32700 6.782852
32800 6.114553
32900 6.1063085
33000 5.9102907
33100 6.543035
33200 5.793715
33300 5.9101734
33400 6.3327513
33500 6.326374
33600 6.2564816
33700 6.595855
33800 5.9238586
33900 5.6911235
34000 6.098161
34100 6.0091734
34200 5.8851833
34300 6.0009427
34400 5.6453056
34500 5.7886004
34600 6.4186535
34700 6.146478
34800 6.2166023
34900 6.342444
35000 6.102821
35100 5.8156886
35200 6.0797944
35300 5.936378
35400 6.259984
35500 5.7709928
35600 5.8994827
35700 5.6443834
35800 6.2369013
35900 5.750187
36000 5.928111
36100 6.015119
36200 6.0756273
36300 6.0965085
36400 6.678955
36500 6.0861573
36600 6.6220083
36700 5.7514787
36800 5.6316786
36900 5.9891033
37000 6.123313
37100 6.1346703
37200 5.575829
37300 6.385173
37400 5.9217024
37500 6.2872443
37600 6.2011003
37700 6.106444
37800 5.7393484
37900 5.89463
38000 6.0145283
38100 6.091438
38200 6.1446624
38300 6.0736365
38400 6.1623483
38500 6.4707193
38600 6.3233013
38700 6.2763977
38800 6.3193564
38900 6.360409
39000 6.0042696
39100 5.698205
39200 6.3708506
39300 6.2530046
39400 6.0348845
39500 5.788311
39600 6.2632833
39700 5.9653354
39800 6.0423837
39900 6.2439933
40000 5.958817
40100 5.8818073
40200 6.082533
40300 6.2502546
40400 6.486697
40500 6.1915836
40600 6.3258696
40700 6.077387
40800 6.2713747
40900 5.913097
41000 6.313092
41100 5.8886194
41200 6.106819
41300 6.0343595
