0 5.6375575
100 0.2129965
200 0.35611272
300 0.21862136
400 0.19792934
500 0.080863625
600 0.29493332
700 0.031269178
800 0.27542016
900 0.22622097
1000 0.27366704
1100 0.32292518
1200 0.07332394
1300 0.25818762
1400 0.055780925
1500 0.31558967
1600 0.4774723
1700 0.20011419
1800 0.022620868
1900 0.014715269
2000 0.15298077
2100 0.018619735
2200 0.010815958
2300 0.017248958
2400 0.015886601
2500 0.033938617
2600 0.009729839
2700 0.24370494
2800 0.01928653
2900 0.16832075
3000 0.06799983
3100 0.19016805
3200 0.005592364
3300 0.08479186
3400 0.019215062
3500 0.015612626
3600 0.001819137
3700 0.008128449
3800 0.032031067
3900 0.023691487
4000 0.0049284357
4100 0.048568264
4200 0.018792827
4300 0.022830859
4400 0.0051538832
4500 0.009910392
4600 0.024372146
4700 0.030778078
4800 0.011574398
4900 0.01277519
5000 0.06577197
5100 0.036654312
5200 0.0059581185
5300 0.05881687
5400 0.004569695
5500 0.046949353
5600 0.017023452
5700 0.0008412867
5800 0.004885288
5900 0.12022927
6000 0.008064498
6100 0.010014373
6200 0.0649462
6300 0.028407652
6400 0.014018025
6500 0.02494667
6600 0.052959245
6700 0.010031102
6800 0.036617532
6900 0.0047628568
7000 0.012112638
7100 0.054274738
7200 0.014691541
7300 0.01151029
7400 0.009089001
7500 0.00981295
7600 0.03395055
7700 0.011080122
7800 0.011930626
7900 0.007910815
8000 0.018819321
8100 0.022449197
8200 0.0027176903
8300 0.04222895
8400 0.0031545449
8500 0.00037265185
8600 0.00222648
8700 0.007213943
8800 0.008219082
8900 0.0017025254
9000 0.005413103
9100 0.020598896
9200 0.0034264347
9300 0.0087725315
9400 0.0026887637
9500 0.006285689
9600 0.0045300657
9700 0.004916692
9800 0.0017737503
9900 0.008986786
10000 0.005258819
10100 0.053576108
10200 0.009777868
10300 0.0050854133
10400 0.00088030746
10500 0.010255339
10600 0.0025757523
10700 0.008707468
10800 0.002009961
10900 0.0008482841
11000 0.0036528623
11100 0.0112172775
11200 0.0006685298
11300 0.010218111
11400 0.0057845516
11500 0.010303799
11600 0.017222866
11700 0.0032743667
11800 0.0009133701
11900 0.015687576
12000 0.0025041802
12100 0.0020447462
12200 0.009456782
12300 0.000999705
12400 0.0023783313
12500 0.0048520816
12600 0.015991235
12700 0.0011532775
12800 0.0046230014
12900 0.0031037002
13000 0.005289346
13100 0.0013084973
13200 0.0020393208
13300 0.0025851876
13400 0.002967499
13500 0.001456109
13600 0.0027197741
13700 0.0003819947
13800 0.0013226224
13900 0.0014511887
14000 0.0011954743
14100 0.0022090317
14200 0.0010648873
14300 0.0018686638
14400 0.0005468811
14500 0.0016291382
14600 0.00041249016
14700 0.0017805889
14800 0.0023725145
14900 0.00017603775
