0 3.0744882
100 1.5950513
200 1.6649011
300 1.4723334
400 1.3779144
500 1.2351644
600 1.2196469
700 1.1452677
800 1.2133551
900 1.2770078
1000 1.2805414
1100 1.1636894
1200 1.2110502
1300 1.1081305
1400 1.2297021
1500 1.3572693
1600 1.2087321
1700 1.1988186
1800 1.0741088
1900 1.0645409
2000 1.1220653
2100 1.0914611
2200 1.058903
2300 1.087048
2400 1.0799042
2500 1.1419363
2600 1.0440156
2700 1.1103243
2800 1.0879276
2900 1.0448865
3000 1.1614313
3100 1.3185542
3200 1.0313487
3300 1.1139553
3400 1.0873781
3500 1.087759
3600 1.0126145
3700 1.0379323
3800 1.0942899
3900 1.0868105
4000 1.0258377
4100 1.1433492
4200 1.0789135
4300 1.0714862
4400 1.0296199
4500 1.0498571
4600 1.087985
4700 1.1065086
4800 1.0613184
4900 1.0674994
5000 1.1287242
5100 1.1194118
5200 1.0298057
5300 1.0756195
5400 1.0254502
5500 1.0845122
5600 1.0687594
5700 1.0064743
5800 1.0282035
5900 1.0677825
6000 1.0375276
6100 1.0527446
6200 1.0451031
6300 1.1031092
6400 1.0594517
6500 1.0950985
6600 1.0481116
6700 1.0496473
6800 1.1075959
6900 1.0277302
7000 1.0499648
7100 1.0765805
7200 1.0561244
7300 1.0546087
7400 1.0456645
7500 1.048989
7600 1.0493557
7700 1.0481787
7800 1.0546452
7900 1.0445793
8000 1.0760717
8100 1.0945607
8200 1.0181909
8300 1.1458831
8400 1.0190498
8500 1.0031158
8600 1.0123339
8700 1.0377655
8800 1.0364372
8900 1.0100646
9000 1.0269082
9100 1.0745137
9200 1.0200217
9300 1.0447421
9400 1.0153704
9500 1.0295076
9600 1.0255635
9700 1.0246642
9800 1.0103233
9900 1.0425425
10000 1.0257368
10100 1.0393765
10200 1.0496975
10300 1.0278136
10400 1.0062637
10500 1.0498588
10600 1.0148351
10700 1.0331192
10800 1.0132291
10900 1.0057316
11000 1.0214
11100 1.0485122
11200 1.0052674
11300 1.04178
11400 1.028338
11500 1.0472089
11600 1.08254
11700 1.0170016
11800 1.0063221
11900 1.0387112
12000 1.0147945
12100 1.010731
12200 1.0506692
12300 1.0072656
12400 1.0126917
12500 1.02515
12600 1.0475177
12700 1.0074635
12800 1.0251067
12900 1.0168324
13000 1.0278853
13100 1.0079945
13200 1.0136666
13300 1.0137641
13400 1.0146885
13500 1.0093691
13600 1.0153515
13700 1.0031449
13800 1.00862
13900 1.0092725
14000 1.0079756
14100 1.0124013
14200 1.0069152
14300 1.0111951
14400 1.0039179
14500 1.0102202
14600 1.0031532
14700 1.0110425
14800 1.0144886
14900 1.0015157
