0 0.15625
100 0.28125
200 0.375
300 0.4375
400 0.4375
500 0.34375
600 0.375
700 0.28125
800 0.375
900 0.53125
1000 0.46875
1100 0.59375
1200 0.46875
1300 0.375
1400 0.4375
1500 0.59375
1600 0.4375
1700 0.53125
1800 0.5625
1900 0.5625
2000 0.5
2100 0.4375
2200 0.4375
2300 0.46875
2400 0.53125
2500 0.46875
2600 0.5625
2700 0.46875
2800 0.65625
2900 0.53125
3000 0.3125
3100 0.46875
3200 0.40625
3300 0.5625
3400 0.625
3500 0.4375
3600 0.46875
3700 0.5
3800 0.5
3900 0.5625
4000 0.53125
4100 0.53125
4200 0.5
4300 0.625
4400 0.5625
4500 0.5
4600 0.4375
4700 0.65625
4800 0.71875
4900 0.4375
5000 0.625
5100 0.5
5200 0.65625
5300 0.5625
5400 0.5625
5500 0.4375
5600 0.65625
5700 0.5625
5800 0.65625
5900 0.59375
6000 0.84375
6100 0.75
6200 0.71875
6300 0.75
6400 0.65625
6500 0.53125
6600 0.53125
6700 0.71875
6800 0.6875
6900 0.65625
7000 0.71875
7100 0.5
7200 0.34375
7300 0.625
7400 0.5625
7500 0.75
7600 0.53125
7700 0.6875
7800 0.53125
7900 0.625
8000 0.53125
8100 0.625
8200 0.5
8300 0.625
8400 0.5625
8500 0.5625
8600 0.6875
8700 0.6875
8800 0.59375
8900 0.59375
9000 0.625
9100 0.6875
9200 0.65625
9300 0.65625
9400 0.6875
9500 0.59375
9600 0.59375
9700 0.65625
9800 0.6875
9900 0.71875
10000 0.65625
10100 0.53125
10200 0.625
10300 0.53125
10400 0.5
10500 0.84375
10600 0.75
10700 0.71875
10800 0.6875
10900 0.84375
11000 0.75
11100 0.65625
11200 0.65625
11300 0.78125
11400 0.71875
11500 0.84375
11600 0.6875
11700 0.65625
11800 0.65625
11900 0.65625
12000 0.71875
12100 0.75
12200 0.71875
12300 0.78125
12400 0.84375
12500 0.84375
12600 0.71875
12700 0.59375
12800 0.8125
12900 0.71875
13000 0.71875
13100 0.8125
13200 0.6875
13300 0.71875
13400 0.78125
13500 0.78125
13600 0.6875
13700 0.5625
13800 0.65625
13900 0.78125
14000 0.625
14100 0.5625
14200 0.78125
14300 0.75
14400 0.8125
14500 0.78125
14600 0.75
14700 0.65625
14800 0.5625
14900 0.8125
15000 0.875
15100 0.625
15200 0.9375
15300 0.71875
15400 0.75
15500 0.8125
15600 0.71875
15700 0.71875
15800 0.78125
15900 0.78125
16000 0.71875
16100 0.8125
16200 0.9375
16300 0.75
16400 0.875
16500 0.78125
16600 0.8125
16700 0.8125
16800 0.6875
16900 0.8125
17000 0.78125
17100 0.8125
17200 0.75
17300 0.71875
17400 0.78125
17500 0.71875
17600 0.75
17700 0.78125
17800 0.8125
17900 0.6875
18000 0.78125
18100 0.84375
18200 0.78125
18300 0.84375
18400 0.78125
18500 0.8125
18600 0.90625
18700 0.6875
18800 0.8125
18900 0.59375
19000 0.71875
19100 0.75
19200 0.8125
19300 0.875
19400 0.75
19500 0.875
19600 0.78125
19700 0.84375
