0 3.31283
100 2.69245
200 2.62456
300 2.08576
400 2.55667
500 2.54436
600 2.38109
700 2.50495
800 2.84876
900 2.14071
1000 2.09118
1100 1.59012
1200 2.36952
1300 1.98322
1400 2.10768
1500 1.89181
1600 2.10474
1700 1.96086
1800 1.76308
1900 2.01023
2000 2.33542
2100 2.03522
2200 1.76037
2300 2.1131
2400 2.07833
2500 2.24206
2600 2.14404
2700 1.99788
2800 2.27193
2900 1.84607
3000 2.78802
3100 2.0946
3200 1.93867
3300 1.66745
3400 1.51079
3500 2.18578
3600 1.92572
3700 1.68249
3800 1.80673
3900 1.64761
4000 1.7871
4100 1.93289
4200 1.68077
4300 1.36888
4400 1.99981
4500 1.94966
4600 2.07873
4700 1.93272
4800 1.33167
4900 1.97829
5000 1.74119
5100 1.7533
5200 1.40275
5300 2.08482
5400 1.64624
5500 2.51495
5600 1.53403
5700 1.63061
5800 1.86018
5900 1.59009
6000 1.04913
6100 1.29641
6200 1.38278
6300 0.818201
6400 1.59863
6500 1.65068
6600 1.69495
6700 1.26706
6800 1.36562
6900 1.78139
7000 1.18729
7100 2.08373
7200 2.15255
7300 1.46138
7400 1.58859
7500 1.03073
7600 2.03489
7700 1.10663
7800 1.86412
7900 1.56289
8000 1.99007
8100 1.83161
8200 1.82825
8300 1.43051
8400 1.46494
8500 1.78153
8600 1.5566
8700 1.49451
8800 1.58638
8900 1.66473
9000 1.17623
9100 1.40395
9200 1.29336
9300 1.54715
9400 1.43455
9500 1.24756
9600 1.87755
9700 1.26871
9800 1.18641
9900 1.28602
10000 1.29741
10100 1.74983
10200 1.60201
10300 1.55394
10400 1.82173
10500 1.03232
10600 1.40516
10700 1.11142
10800 1.14306
10900 0.983223
11000 1.27946
11100 1.31068
11200 1.64556
11300 0.970628
11400 1.16885
11500 0.882975
11600 1.42434
11700 1.3715
11800 1.38735
11900 1.57117
12000 1.32928
12100 1.18442
12200 1.08479
12300 1.02951
12400 0.950671
12500 0.838728
12600 1.05796
12700 1.38815
12800 1.00766
12900 1.18955
13000 0.923389
13100 1.15251
13200 1.42784
13300 1.06807
13400 1.07654
13500 1.3665
13600 1.22391
13700 1.37736
13800 1.37437
13900 1.12168
14000 1.34067
14100 1.90693
14200 0.862537
14300 1.19217
14400 0.98279
14500 1.16906
14600 1.18808
14700 1.25159
14800 1.48215
14900 0.833351
15000 0.659704
15100 1.41087
15200 0.764759
15300 1.17176
15400 1.08838
15500 0.903463
15600 1.20588
15700 1.03503
15800 0.904484
15900 1.36451
16000 1.2392
16100 0.892473
16200 0.567323
16300 0.881348
16400 0.710991
16500 0.990085
16600 0.895158
16700 0.825006
16800 1.32437
16900 0.9761
17000 0.886076
17100 1.20193
17200 0.829091
17300 1.06287
17400 1.33273
17500 1.16891
17600 1.20371
17700 0.949954
17800 0.763792
17900 1.31228
18000 1.39062
18100 0.788937
18200 0.984018
18300 0.945171
18400 1.0937
18500 0.925365
18600 0.728298
18700 0.993637
18800 0.812204
18900 1.98655
19000 1.06055
19100 0.900763
19200 0.906314
19300 0.796036
19400 1.43869
19500 0.799976
19600 0.935828
19700 0.75625
