0 2.29628
100 1.86626
200 1.8192
300 1.44574
400 1.77215
500 1.76361
600 1.65045
700 1.7363
800 1.97461
900 1.48383
1000 1.4495
1100 1.10219
1200 1.64243
1300 1.37466
1400 1.46093
1500 1.3113
1600 1.4589
1700 1.35916
1800 1.22207
1900 1.39339
2000 1.61879
2100 1.41071
2200 1.22019
2300 1.46469
2400 1.44059
2500 1.55408
2600 1.48614
2700 1.38483
2800 1.57478
2900 1.2796
3000 1.93251
3100 1.45186
3200 1.34378
3300 1.15579
3400 1.0472
3500 1.51506
3600 1.33481
3700 1.16621
3800 1.25233
3900 1.14204
4000 1.23873
4100 1.33978
4200 1.16502
4300 0.948837
4400 1.38616
4500 1.3514
4600 1.44086
4700 1.33966
4800 0.923042
4900 1.37125
5000 1.2069
5100 1.2153
5200 0.972312
5300 1.44508
5400 1.14108
5500 1.74323
5600 1.06331
5700 1.13025
5800 1.28938
5900 1.10217
6000 0.727198
6100 0.898603
6200 0.958469
6300 0.567134
6400 1.10809
6500 1.14416
6600 1.17485
6700 0.878261
6800 0.946575
6900 1.23476
7000 0.822967
7100 1.44433
7200 1.49204
7300 1.01295
7400 1.10112
7500 0.714445
7600 1.41048
7700 0.76706
7800 1.29211
7900 1.08331
8000 1.37941
8100 1.26957
8200 1.26724
8300 0.991556
8400 1.01542
8500 1.23486
8600 1.07895
8700 1.03592
8800 1.09959
8900 1.1539
9000 0.815303
9100 0.973145
9200 0.896488
9300 1.0724
9400 0.994356
9500 0.864746
9600 1.30142
9700 0.879403
9800 0.822354
9900 0.891401
10000 0.899294
10100 1.21289
10200 1.11043
10300 1.07711
10400 1.26273
10500 0.715553
10600 0.973986
10700 0.770377
10800 0.792307
10900 0.681518
11000 0.886854
11100 0.908493
11200 1.14062
11300 0.672788
11400 0.810185
11500 0.612032
11600 0.987275
11700 0.950654
11800 0.961638
11900 1.08905
12000 0.921383
12100 0.82098
12200 0.751922
12300 0.713605
12400 0.658955
12500 0.581362
12600 0.733325
12700 0.962189
12800 0.698455
12900 0.824535
13000 0.640045
13100 0.798858
13200 0.9897
13300 0.740329
13400 0.746199
13500 0.947186
13600 0.848351
13700 0.954716
13800 0.952638
13900 0.77749
14000 0.929285
14100 1.32178
14200 0.597865
14300 0.826352
14400 0.681218
14500 0.810333
14600 0.823517
14700 0.867533
14800 1.02735
14900 0.577635
15000 0.457272
15100 0.977942
15200 0.53009
15300 0.812202
15400 0.75441
15500 0.626233
15600 0.835854
15700 0.717425
15800 0.626941
15900 0.945807
16000 0.85895
16100 0.618615
16200 0.393239
16300 0.610904
16400 0.492821
16500 0.686274
16600 0.620476
16700 0.57185
16800 0.91798
16900 0.676581
17000 0.614181
17100 0.833116
17200 0.574682
17300 0.736725
17400 0.923776
17500 0.810224
17600 0.834348
17700 0.658458
17800 0.52942
17900 0.909606
18000 0.963905
18100 0.546849
18200 0.68207
18300 0.655143
18400 0.758097
18500 0.641414
18600 0.504818
18700 0.688737
18800 0.562977
18900 1.37697
19000 0.735117
19100 0.624362
19200 0.628209
19300 0.55177
19400 0.997227
19500 0.554501
19600 0.648666
19700 0.524193
