0 9.99711
100 6.99829
200 5.89114
300 4.84701
400 6.26691
500 5.66265
600 4.97732
700 5.5843
800 4.6496
900 4.68982
1000 4.85851
1100 4.14089
1200 4.23602
1300 4.17352
1400 4.8467
1500 4.15245
1600 4.74687
1700 4.38178
1800 4.13214
1900 4.19975
2000 4.76566
2100 4.67915
2200 3.848
2300 4.27892
2400 4.50492
2500 3.9588
2600 3.85278
2700 4.14289
2800 4.14664
2900 4.2553
3000 4.40418
3100 3.89759
3200 4.12833
3300 4.28943
3400 3.93466
3500 3.87926
3600 4.45735
3700 3.58014
3800 3.59955
3900 3.59803
4000 3.49892
4100 3.50322
4200 3.92774
4300 3.49279
4400 3.40457
4500 4.11548
4600 4.25245
4700 3.41642
4800 3.28777
4900 4.04582
5000 3.30614
5100 3.74345
5200 3.91033
5300 3.73495
5400 3.69121
5500 3.88317
5600 3.78505
5700 3.3441
5800 3.29764
5900 3.29323
6000 2.88876
6100 3.34758
6200 2.89278
6300 2.62424
6400 3.08683
6500 3.91603
6600 3.37213
6700 3.14479
6800 3.35357
6900 3.1482
7000 3.48315
7100 3.53358
7200 3.86844
7300 3.39364
7400 3.51882
7500 3.06627
7600 3.35274
7700 3.03493
7800 3.46236
7900 3.95091
8000 3.6261
8100 3.60185
8200 3.49367
8300 3.06502
8400 3.53243
8500 2.942
8600 3.57072
8700 3.73445
8800 3.26466
8900 3.84499
9000 2.65095
9100 3.22257
9200 3.30509
9300 2.88566
9400 3.10546
9500 3.26983
9600 3.60504
9700 3.0459
9800 3.28298
9900 2.82863
10000 3.24517
10100 3.46555
10200 3.3107
10300 3.0179
10400 3.34722
10500 2.53286
10600 3.40484
10700 2.97315
10800 2.77261
10900 2.73604
11000 2.97225
11100 2.88363
11200 3.27321
11300 2.9762
11400 3.64816
11500 3.07097
11600 3.04886
11700 2.69965
11800 2.77782
11900 3.14334
12000 3.04198
12100 2.5011
12200 2.89109
12300 3.33234
12400 2.8306
12500 2.76887
12600 3.2553
12700 3.34584
12800 2.45573
12900 2.69774
13000 2.77394
13100 3.64575
13200 2.82555
13300 2.95847
13400 2.84373
13500 2.92669
13600 2.9889
13700 3.02388
13800 2.86575
13900 3.12528
14000 2.79587
14100 3.31391
14200 2.58022
14300 2.91209
14400 2.66587
14500 2.53988
14600 2.90244
14700 3.32865
14800 2.86282
14900 2.7588
15000 2.50559
15100 3.137
15200 2.76488
15300 2.52199
15400 2.8455
15500 2.63433
15600 2.78882
15700 2.78373
15800 2.92603
15900 3.02035
16000 3.20147
16100 2.56302
16200 2.62284
16300 2.24567
16400 2.75209
16500 2.13461
16600 2.78226
16700 2.57963
16800 2.64372
16900 2.81945
17000 2.36871
17100 3.07742
17200 2.90078
17300 3.016
17400 3.17664
17500 3.02915
17600 2.87904
17700 2.58631
17800 2.53533
17900 2.93048
18000 2.82297
18100 2.90143
18200 3.277
18300 2.70428
18400 3.0966
18500 2.40577
18600 2.27314
18700 2.74499
18800 2.42983
18900 3.31422
19000 3.08832
19100 2.86231
19200 2.66255
19300 2.5973
19400 2.8775
19500 2.84784
19600 2.95228
19700 2.55511
