0 3.321847
100 1.3278934
200 0.1893254
300 0.2966434
400 0.1567865
500 0.08904871
600 0.24647835
700 0.2983187
800 0.78629977
900 0.1665892
1000 0.1890392
1100 0.02564285
1200 0.0048754876
1300 0.02813343
1400 0.10620475
1500 0.021378655
1600 0.343198
1700 0.21190985
1800 0.034229737
1900 0.27051657
2000 0.51301444
2100 0.023616605
2200 0.058050722
2300 0.54271424
2400 0.112569705
2500 0.4008623
2600 0.019029208
2700 0.0063910917
2800 0.06351403
2900 0.20370144
3000 0.01202589
3100 0.003749803
3200 0.018200886
3300 0.012206934
3400 0.020979717
3500 0.059840806
3600 0.00209034
3700 0.19579661
3800 0.03094347
3900 0.012186579
4000 0.046355385
4100 0.2955859
4200 0.0022115067
4300 0.00436278
4400 0.14100493
4500 0.07871763
4600 0.39787507
4700 0.11343494
4800 0.08715673
4900 0.031034796
5000 0.015301143
5100 0.092413515
5200 0.09321974
5300 0.004090903
5400 0.006046101
5500 0.17893703
5600 0.044322032
5700 0.074608125
5800 0.046271004
5900 0.0003544185
6000 0.025468338
6100 0.006761534
6200 0.0014433983
6300 0.025907861
6400 0.17249654
6500 0.0018512526
6600 0.000110322035
6700 0.0022120876
6800 0.010066219
6900 0.05157765
7000 0.034059636
7100 0.11764064
7200 0.15152845
7300 0.01392308
7400 0.010492413
7500 0.025488501
7600 0.2769777
7700 0.010713061
7800 0.12530094
7900 0.05488377
8000 0.010854615
8100 0.1516698
8200 0.0006623657
8300 0.020900857
8400 6.2722014e-05
8500 0.0027830172
8600 0.0040808744
8700 0.16558558
8800 0.007503825
8900 0.0016006993
9000 0.08909916
9100 0.0001028106
9200 0.015684504
9300 0.025310267
9400 0.020366402
9500 0.0020510596
9600 0.0075906646
9700 0.00023401514
9800 0.0012410644
9900 0.020144371
10000 0.16823165
10100 0.035935674
10200 0.0028440985
10300 0.01878415
10400 0.006083308
10500 0.000100646146
10600 0.0007160452
10700 0.0033148192
10800 0.00034374133
10900 0.00081895996
11000 0.07625443
11100 0.0015287116
11200 0.0015682556
11300 0.0034221958
11400 0.002599412
11500 0.07432902
11600 0.0052252742
11700 0.0040114024
11800 0.0021624877
11900 0.07606682
12000 0.00038977843
12100 0.004841426
12200 0.00010648642
12300 0.005428281
12400 0.007555069
12500 0.0017508396
12600 0.0005982891
12700 2.4829658e-06
12800 0.0020949729
12900 0.000820194
13000 0.0014517831
13100 0.0004906563
13200 0.00051666336
13300 0.0002759111
13400 0.0004327445
13500 0.0051502287
13600 3.2322234e-05
13700 0.00024628727
13800 8.504787e-05
13900 0.0014447158
14000 1.5117041e-05
14100 0.0009078306
14200 1.852984e-05
14300 0.0004947888
14400 0.0001619406
14500 0.00080786983
14600 0.0041787177
14700 5.5244644e-05
14800 0.00044541134
14900 0.0044980696
15000 0.0006981262
15100 0.00046710236
15200 0.030732077
15300 0.00018376442
15400 0.00066701137
15500 0.0015092083
15600 0.004801419
15700 7.3086325e-05
15800 0.0019683067
15900 0.0003046984
16000 0.0006673251
16100 0.0001910605
16200 0.0017136254
16300 0.0015045555
16400 0.0016525119
16500 0.0001306194
16600 0.00091436267
16700 0.0017459213
16800 0.0004617227
16900 0.009975101
17000 0.0006478864
17100 8.03066e-05
17200 0.00025661098
17300 9.6550735e-05
17400 0.00046510508
17500 0.0011046213
17600 1.6799857e-05
17700 0.00028881803
17800 0.00019297408
17900 0.0009570988
18000 0.0005621712
18100 7.195841e-05
18200 0.013551395
18300 0.0012548363
18400 0.00039105085
18500 0.00039807643
18600 0.00042843603
18700 0.00020552683
18800 0.00034757875
18900 4.5083918e-05
19000 0.001983111
19100 0.00024339439
19200 0.00016894318
19300 0.0006776528
19400 0.00041082242
19500 0.00040103868
19600 0.0011147006
19700 0.0018382053
19800 0.0047858
19900 0.0029491903
20000 8.576477e-05
