0 2.3025289
100 0.92042553
200 0.13123037
300 0.20561755
400 0.10867612
500 0.061723866
600 0.17084578
700 0.20677878
800 0.5450215
900 0.115470834
1000 0.13103199
1100 0.017774269
1200 0.0033794306
1300 0.019500608
1400 0.07361552
1500 0.014818555
1600 0.23788673
1700 0.14688471
1800 0.023726245
1900 0.18750781
2000 0.35559452
2100 0.016369782
2200 0.040237695
2300 0.37618086
2400 0.078027375
2500 0.2778566
2600 0.013190041
2700 0.004429967
2800 0.04402457
2900 0.14119507
3000 0.008335711
3100 0.0025991653
3200 0.012615893
3300 0.0084612025
3400 0.014542032
3500 0.041478485
3600 0.0014489134
3700 0.13571587
3800 0.02144838
3900 0.008447093
4000 0.032131106
4100 0.20488453
4200 0.0015328997
4300 0.0030240489
4400 0.09773717
4500 0.0545629
4600 0.27578598
4700 0.07862711
4800 0.06041244
4900 0.021511681
5000 0.010605944
5100 0.064056166
5200 0.064615004
5300 0.0028355978
5400 0.004190838
5500 0.1240297
5600 0.030721692
5700 0.05171441
5800 0.032072615
5900 0.00024566418
6000 0.017653307
6100 0.0046867384
6200 0.0010004875
6300 0.017957961
6400 0.119565494
6500 0.0012831906
6600 7.6469405e-05
6700 0.0015333022
6800 0.006977371
6900 0.035750903
7000 0.023608342
7100 0.081542276
7200 0.10503151
7300 0.009650744
7400 0.0072727865
7500 0.017667282
7600 0.19198631
7700 0.0074257283
7800 0.086852
7900 0.03804253
8000 0.0075238454
8100 0.105129495
8200 0.0004591169
8300 0.01448737
8400 4.3475586e-05
8500 0.0019290405
8600 0.0028286465
8700 0.11477518
8800 0.005201255
8900 0.0011095202
9000 0.06175883
9100 7.1262875e-05
9200 0.010871669
9300 0.01754374
9400 0.014116914
9500 0.0014216863
9600 0.0052614477
9700 0.00016220694
9800 0.0008602403
9900 0.013963015
10000 0.1166093
10100 0.02490871
10200 0.001971379
10300 0.013020181
10400 0.0042166277
10500 6.9762595e-05
10600 0.00049632473
10700 0.0022976575
10800 0.00023826332
10900 0.0005676598
11000 0.05285554
11100 0.0010596222
11200 0.0010870319
11300 0.0023720853
11400 0.0018017752
11500 0.05152095
11600 0.0036218842
11700 0.0027804922
11800 0.0014989222
11900 0.0527255
12000 0.00027017383
12100 0.0033558207
12200 7.381076e-05
12300 0.003762598
12400 0.0052367747
12500 0.0012135896
12600 0.00041470237
12700 1.7210607e-06
12800 0.0014521246
12900 0.00056851516
13000 0.0010062994
13100 0.00034009703
13200 0.00035812374
13300 0.00019124699
13400 0.00029995563
13500 0.0035698665
13600 2.2404065e-05
13700 0.00017071332
13800 5.895069e-05
13900 0.0010014006
14000 1.0478334e-05
14100 0.0006292602
14200 1.2843906e-05
14300 0.0003429615
14400 0.000112248665
14500 0.0005599727
14600 0.0028964663
14700 3.829267e-05
14800 0.00030873562
14900 0.0031178242
15000 0.0004839042
15100 0.00032377068
15200 0.021301853
15300 0.0001273758
15400 0.00046233705
15500 0.0010461035
15600 0.00332809
15700 5.0659582e-05
15800 0.0013643263
15900 0.00021120084
16000 0.0004625545
16100 0.00013243305
16200 0.0011877946
16300 0.0010428784
16400 0.001145434
16500 9.0538466e-05
16600 0.0006337879
16700 0.0012101805
16800 0.00032004179
16900 0.0069142133
17000 0.00044908066
17100 5.566429e-05
17200 0.00017786917
17300 6.692387e-05
17400 0.00032238627
17500 0.00076566514
17600 1.1644774e-05
17700 0.0002001934
17800 0.00013375944
17900 0.00066341035
18000 0.0003896674
18100 4.9877774e-05
18200 0.009393112
18300 0.00086978625
18400 0.0002710558
18500 0.00027592556
18600 0.00029696923
18700 0.00014246034
18800 0.00024092323
18900 3.124979e-05
19000 0.0013745878
19100 0.00016870814
19200 0.00011710249
19300 0.00046971312
19400 0.0002847604
19500 0.00027797883
19600 0.0007726516
19700 0.0012741468
19800 0.0033172637
19900 0.002044223
20000 5.9447608e-05
