0 9.999994
100 1.6492865
200 1.3592366
300 1.4850532
400 1.2883806
500 1.1851444
600 1.256557
700 1.1898274
800 1.1997952
900 1.239746
1000 1.1684067
1100 1.0778322
1200 1.0171582
1300 1.0955602
1400 1.1561288
1500 1.0692048
1600 1.0433382
1700 1.1673658
1800 1.0695099
1900 1.2808701
2000 1.0870184
2100 1.051383
2200 1.093365
2300 1.1314203
2400 1.1590722
2500 1.0524266
2600 1.050648
2700 1.0227032
2800 1.0392601
2900 1.1018932
3000 1.0366073
3100 1.0146172
3200 1.045914
3300 1.0361694
3400 1.070349
3500 1.1312356
3600 1.009495
3700 1.1123347
3800 1.0526388
3900 1.0309666
4000 1.0957615
4100 1.028834
4200 1.0078847
4300 1.0162321
4400 1.0984946
4500 1.0352938
4600 1.0803158
4700 1.048737
4800 1.0260363
4900 1.0555468
5000 1.0382266
5100 1.0400444
5200 1.0259306
5300 1.0155139
5400 1.0212255
5500 1.0661737
5600 1.0302615
5700 1.0252447
5800 1.0340297
5900 1.0019099
6000 1.0520698
6100 1.0210838
6200 1.006504
6300 1.0401579
6400 1.0262709
6500 1.0073915
6600 1.000701
6700 1.0092705
6800 1.026365
6900 1.078253
7000 1.037358
7100 1.0102723
7200 1.1399798
7300 1.0268042
7400 1.0224156
7500 1.0510112
7600 1.0081143
7700 1.0252218
7800 1.0140681
7900 1.0781374
8000 1.0275825
8100 1.0269246
8200 1.0030154
8300 1.0511883
8400 1.0004284
8500 1.0100173
8600 1.016489
8700 1.0485429
8800 1.0191958
8900 1.0066428
9000 1.069963
9100 1.0006387
9200 1.0281332
9300 1.040154
9400 1.0293818
9500 1.008162
9600 1.026658
9700 1.0012715
9800 1.0048953
9900 1.031323
10000 1.0065588
10100 1.0322578
10200 1.0085433
10300 1.0490538
10400 1.0164127
10500 1.0006088
10600 1.0035933
10700 1.0109804
10800 1.0016396
10900 1.0037627
11000 1.0416782
11100 1.0063379
11200 1.0051464
11300 1.0101165
11400 1.0081791
11500 1.069
11600 1.0167451
11700 1.014713
11800 1.0082673
11900 1.05394
12000 1.002148
12100 1.0155171
12200 1.0006706
12300 1.0148342
12400 1.0286176
12500 1.0074924
12600 1.0029356
12700 1.0000209
12800 1.0076522
12900 1.0037742
13000 1.006136
13100 1.0023782
13200 1.0024989
13300 1.0014037
13400 1.0018737
13500 1.0150998
13600 1.0002341
13700 1.0012854
13800 1.0005366
13900 1.0059168
14000 1.0001125
14100 1.0041955
14200 1.0001407
14300 1.0023518
14400 1.0009764
14500 1.0037882
14600 1.0120823
14700 1.0003583
14800 1.0018953
14900 1.0159523
15000 1.0030569
15100 1.0022652
15200 1.0324895
15300 1.0010278
15400 1.0028315
15500 1.0064158
15600 1.0152116
15700 1.0004382
15800 1.0065429
15900 1.0014904
16000 1.0032179
16100 1.0011134
16200 1.0077797
16300 1.0055757
16400 1.0070783
16500 1.0007081
16600 1.0042136
16700 1.0080627
16800 1.0021617
16900 1.0254403
17000 1.0034708
17100 1.0005044
17200 1.0013871
17300 1.0006145
17400 1.0022286
17500 1.0045404
17600 1.0001304
17700 1.0013545
17800 1.0009458
17900 1.0045587
18000 1.0027214
18100 1.0004319
18200 1.0446473
18300 1.0058184
18400 1.0020618
18500 1.0020189
18600 1.0022986
18700 1.0010641
18800 1.0018454
18900 1.000308
19000 1.0088395
19100 1.0012274
19200 1.0010246
19300 1.0030466
19400 1.0021213
19500 1.0016761
19600 1.0047057
19700 1.0061761
19800 1.0125295
19900 1.0117666
20000 1.0004683
