0 0.0625
100 0.28125
200 0.53125
300 0.375
400 0.5
500 0.5625
600 0.4375
700 0.34375
800 0.375
900 0.5
1000 0.4375
1100 0.375
1200 0.53125
1300 0.5625
1400 0.28125
1500 0.75
1600 0.375
1700 0.375
1800 0.5
1900 0.5625
2000 0.375
2100 0.5
2200 0.375
2300 0.34375
2400 0.40625
2500 0.4375
2600 0.5
2700 0.28125
2800 0.5
2900 0.53125
3000 0.65625
3100 0.53125
3200 0.4375
3300 0.5
3400 0.65625
3500 0.59375
3600 0.5625
3700 0.6875
3800 0.5625
3900 0.75
4000 0.5
4100 0.75
4200 0.5625
4300 0.5625
4400 0.375
4500 0.375
4600 0.40625
4700 0.53125
4800 0.59375
4900 0.5625
5000 0.46875
5100 0.75
5200 0.65625
5300 0.59375
5400 0.6875
5500 0.59375
5600 0.59375
5700 0.6875
5800 0.6875
5900 0.6875
6000 0.65625
6100 0.5625
6200 0.59375
6300 0.65625
6400 0.59375
6500 0.6875
6600 0.5625
6700 0.6875
6800 0.625
6900 0.65625
7000 0.8125
7100 0.59375
7200 0.65625
7300 0.59375
7400 0.65625
7500 0.59375
7600 0.6875
7700 0.625
7800 0.65625
7900 0.8125
8000 0.625
8100 0.6875
8200 0.6875
8300 0.625
8400 0.6875
8500 0.78125
8600 0.75
8700 0.8125
8800 0.625
8900 0.78125
9000 0.6875
9100 0.84375
9200 0.6875
9300 0.9375
9400 0.90625
9500 0.625
9600 0.78125
9700 0.875
9800 0.6875
9900 0.65625
10000 0.65625
10100 0.75
10200 0.75
10300 0.84375
10400 0.65625
10500 0.625
10600 0.84375
10700 0.75
10800 0.75
10900 0.78125
11000 0.78125
11100 0.875
11200 0.71875
11300 0.8125
11400 0.78125
11500 0.6875
11600 0.78125
11700 0.65625
11800 0.6875
11900 0.75
12000 0.78125
12100 0.8125
12200 0.78125
12300 0.8125
12400 0.65625
12500 0.78125
12600 0.75
12700 0.84375
12800 0.875
12900 0.84375
13000 0.71875
13100 0.875
13200 0.71875
13300 0.875
13400 0.8125
13500 0.875
13600 0.625
13700 0.75
13800 0.875
13900 0.75
14000 0.78125
14100 0.78125
14200 0.96875
14300 0.90625
14400 0.875
14500 0.75
14600 0.8125
14700 0.875
14800 0.875
14900 0.75
15000 0.78125
15100 0.84375
15200 0.90625
15300 0.9375
15400 0.84375
15500 0.75
15600 0.78125
15700 0.84375
15800 0.8125
15900 0.84375
16000 0.90625
16100 0.75
16200 0.9375
16300 0.875
16400 0.84375
16500 0.84375
16600 0.8125
16700 0.78125
16800 0.84375
16900 0.75
17000 0.8125
17100 0.9375
17200 0.84375
17300 0.90625
17400 0.71875
17500 0.8125
17600 0.71875
17700 0.96875
17800 0.78125
