0 4.0869217
100 2.7965972
200 2.1945148
300 2.477345
400 1.7658752
500 1.9967141
600 2.319025
700 2.4179788
800 2.1879635
900 1.8010612
1000 2.3594947
1100 2.4465055
1200 1.9378731
1300 2.4750519
1400 2.688409
1500 1.4500239
1600 2.198909
1700 2.3939662
1800 2.4133296
1900 2.044674
2000 2.5517786
2100 2.185729
2200 2.590815
2300 2.6010532
2400 1.972331
2500 2.2474306
2600 1.9713439
2700 3.1331234
2800 2.1147249
2900 1.9070249
3000 1.7855746
3100 1.7118857
3200 2.2606924
3300 1.670412
3400 2.0006404
3500 1.9555964
3600 1.8235979
3700 1.6247282
3800 1.916498
3900 1.4934007
4000 2.4044876
4100 1.2931225
4200 2.0101583
4300 1.8975995
4400 2.336323
4500 2.2790122
4600 2.151237
4700 1.8135694
4800 1.5297905
4900 2.1011412
5000 1.8205261
5100 1.169065
5200 1.3403903
5300 2.0832412
5400 1.5584188
5500 1.3864076
5600 1.843505
5700 1.3601323
5800 1.4888829
5900 1.1382742
6000 1.4374441
6100 1.6381439
6200 1.371758
6300 1.1784544
6400 1.3252476
6500 1.15422
6600 1.9940219
6700 1.2211024
6800 1.3897746
6900 1.4110254
7000 1.1439568
7100 2.0570743
7200 1.5398346
7300 1.6410961
7400 1.2239097
7500 1.710085
7600 1.470464
7700 1.3794266
7800 1.4930463
7900 1.017674
8000 1.8605933
8100 1.4126743
8200 1.3301495
8300 1.4701803
8400 1.4835615
8500 1.4177886
8600 1.1278346
8700 1.0614297
8800 1.4087168
8900 1.0499457
9000 1.6321989
9100 0.7469941
9200 1.2106087
9300 0.6309031
9400 0.80012494
9500 1.3483992
9600 0.8293307
9700 0.73256034
9800 1.1583155
9900 1.2759142
10000 1.1344334
10100 0.9960172
10200 1.1786019
10300 1.0367154
10400 1.3008295
10500 1.5273155
10600 0.9021881
10700 0.9031676
10800 0.9451444
10900 0.9761756
11000 0.9118432
11100 0.83341175
11200 0.96373194
11300 0.7741433
11400 1.0227263
11500 1.0834132
11600 1.0108739
11700 1.4765052
11800 1.6139768
11900 1.1920563
12000 1.1031722
12100 0.85791695
12200 0.9572022
12300 1.0443344
12400 1.1687294
12500 0.8090355
12600 0.74403685
12700 0.7415177
12800 0.7308163
12900 1.1087818
13000 1.0707301
13100 0.75647885
13200 1.2545274
13300 0.84234214
13400 0.94022906
13500 0.84572935
13600 1.3377892
13700 1.1159036
13800 0.6867964
13900 0.95722765
14000 0.98924583
14100 0.88894975
14200 0.7700434
14300 0.65184116
14400 0.65739554
14500 0.7631463
14600 0.8043723
14700 0.63838696
14800 0.70450467
14900 1.0307168
15000 1.2286278
15100 0.77557933
15200 0.59790826
15300 0.6657951
15400 1.0843066
15500 1.2129952
15600 1.2117273
15700 0.77111274
15800 0.8446321
15900 1.1040576
16000 0.6939447
16100 1.0971901
16200 0.54260635
16300 0.8427184
16400 0.853677
16500 0.8611154
16600 0.92303216
16700 0.9213243
16800 1.092634
16900 1.2136166
17000 0.92048544
17100 0.565817
17200 0.7499876
17300 0.5603797
17400 1.1438683
17500 0.85957015
17600 0.95536983
17700 0.6592849
17800 0.95890045
