0 2.8328383
100 1.9384534
200 1.5211217
300 1.7171648
400 1.2240114
500 1.3840168
600 1.6074257
700 1.6760151
800 1.5165807
900 1.2484004
1000 1.6354771
1100 1.6957884
1200 1.3432313
1300 1.7155752
1400 1.8634632
1500 1.00508
1600 1.5241675
1700 1.6593709
1800 1.6727927
1900 1.4172599
2000 1.768758
2100 1.5150319
2200 1.7958162
2300 1.8029127
2400 1.3671157
2500 1.5578002
2600 1.3664315
2700 2.1717157
2800 1.4658157
2900 1.3218489
3000 1.237666
3100 1.1865888
3200 1.5669925
3300 1.1578413
3400 1.3867382
3500 1.3555162
3600 1.2640218
3700 1.1261758
3800 1.3284152
3900 1.0351465
4000 1.6666638
4100 0.8963243
4200 1.3933356
4300 1.3153157
4400 1.6194158
4500 1.5796909
4600 1.4911239
4700 1.2570705
4800 1.06037
4900 1.4564002
5000 1.2618926
5100 0.8103341
5200 0.92908776
5300 1.4439929
5400 1.0802135
5500 0.9609845
5600 1.2778203
5700 0.9427719
5800 1.032015
5900 0.7889916
6000 0.99636036
6100 1.1354748
6200 0.9508302
6300 0.8168423
6400 0.9185917
6500 0.80004436
6600 1.3821507
6700 0.84640366
6800 0.96331835
6900 0.97804826
7000 0.7929304
7100 1.4258553
7200 1.067332
7300 1.1375211
7400 0.8483496
7500 1.1853406
7600 1.019248
7700 0.95614564
7800 1.0349008
7900 0.70539784
8000 1.289665
8100 0.9791912
8200 0.92198944
8300 1.0190513
8400 1.0283265
8500 0.98273623
8600 0.7817554
8700 0.7357271
8800 0.9764481
8900 0.7277669
9000 1.1313541
9100 0.51777685
9200 0.83913004
9300 0.43730873
9400 0.55460435
9500 0.9346391
9600 0.57484823
9700 0.50777215
9800 0.80288315
9900 0.8843963
10000 0.78632927
10100 0.69038653
10200 0.8169446
10300 0.71859634
10400 0.9016663
10500 1.0586544
10600 0.62534916
10700 0.62602806
10800 0.6551242
10900 0.67663336
11000 0.6320415
11100 0.577677
11200 0.6680081
11300 0.5365952
11400 0.70889986
11500 0.7509648
11600 0.70068437
11700 1.0234354
11800 1.1187235
11900 0.82627046
12000 0.7646607
12100 0.5946627
12200 0.663482
12300 0.72387743
12400 0.8101015
12500 0.56078064
12600 0.51572704
12700 0.5139809
12800 0.50656325
12900 0.76854897
13000 0.74217355
13100 0.5243512
13200 0.86957216
13300 0.5838671
13400 0.6517171
13500 0.5862149
13600 0.92728484
13700 0.7734855
13800 0.476051
13900 0.66349965
14000 0.68569297
14100 0.616173
14200 0.5337534
14300 0.45182186
14400 0.45567185
14500 0.5289727
14600 0.5575484
14700 0.44249612
14800 0.48832542
14900 0.71443844
15000 0.8516199
15100 0.5375906
15200 0.41443843
15300 0.461494
15400 0.75158405
15500 0.8407842
15600 0.8399053
15700 0.53449464
15800 0.58545434
15900 0.7652744
16000 0.4810058
16100 0.76051426
16200 0.37610608
16300 0.5841279
16400 0.5917238
16500 0.5968797
16600 0.63979715
16700 0.63861334
16800 0.75735617
16900 0.84121495
17000 0.6380319
17100 0.39219445
17200 0.5198518
17300 0.3884256
17400 0.7928691
17500 0.5958086
17600 0.6622119
17700 0.45698145
17800 0.66465914
