0 6.401784
100 4.701229
200 4.4180818
300 4.6036177
400 3.9377341
500 4.4472456
600 4.833587
700 4.440928
800 4.9049673
900 4.3592625
1000 4.5065107
1100 4.198735
1200 3.623014
1300 4.2356796
1400 4.827064
1500 4.120555
1600 4.3725157
1700 3.9344735
1800 4.2845907
1900 3.4677737
2000 4.0972958
2100 4.0316534
2200 4.0728245
2300 4.3193913
2400 3.6318772
2500 4.16461
2600 3.6647944
2700 3.6277127
2800 3.3992372
2900 3.8319805
3000 3.6720865
3100 4.022339
3200 4.2283516
3300 3.201313
3400 3.0974987
3500 3.336092
3600 3.1547644
3700 3.2261796
3800 3.4284315
3900 3.9381337
4000 3.7246184
4100 3.2508917
4200 3.60505
4300 3.6906013
4400 3.5616405
4500 3.0846608
4600 3.6508791
4700 3.7094011
4800 3.453888
4900 3.5111322
5000 3.5548348
5100 2.8624477
5200 3.7324386
5300 3.3377433
5400 3.4078546
5500 2.9698625
5600 3.7120428
5700 3.870729
5800 3.3015132
5900 3.084931
6000 2.8404503
6100 3.7479305
6200 3.1316192
6300 3.1821585
6400 3.1928368
6500 3.2306314
6600 3.1716866
6700 3.0970764
6800 2.8819284
6900 2.9293609
7000 2.842578
7100 3.052516
7200 3.448441
7300 3.0238361
7400 3.0058537
7500 3.4812083
7600 2.8052404
7700 2.9940593
7800 3.4465196
7900 3.5036168
8000 3.062842
8100 2.941732
8200 2.8655019
8300 3.273467
8400 3.1478164
8500 3.0505872
8600 3.0143154
8700 2.9162455
8800 3.4938626
8900 3.0778112
9000 2.9923286
9100 2.7367964
9200 3.2294164
9300 2.7110162
9400 3.0711102
9500 3.3740144
9600 2.5551958
9700 2.8200746
9800 2.874002
9900 2.7170577
10000 2.8468292
10100 2.8488212
10200 2.8607593
10300 2.9205098
10400 3.1031551
10500 3.0361881
10600 2.8357003
10700 2.7198472
10800 2.8944533
10900 3.0765696
11000 2.5769334
11100 3.0034704
11200 2.9742005
11300 2.5068824
11400 2.5080378
11500 2.7747235
11600 3.298861
11700 3.0268052
11800 3.3993106
11900 2.991035
12000 3.3526502
12100 2.8380222
12200 2.770886
12300 2.5582268
12400 3.0611653
12500 2.4701362
12600 2.3991973
12700 2.513815
12800 2.4543543
12900 2.960588
13000 2.9039817
13100 2.7332907
13200 2.77107
13300 2.4018621
13400 3.0062442
13500 2.5582433
13600 2.6976056
13700 2.6738408
13800 2.3039489
13900 2.6557453
14000 3.2748983
14100 3.0675159
14200 2.772994
14300 2.7308254
14400 2.6381474
14500 2.4895492
14600 2.6206737
14700 2.6228364
14800 2.5440707
14900 3.1897001
15000 2.9857445
15100 2.673656
15200 2.436077
15300 2.5152998
15400 2.8443613
15500 2.86866
15600 2.7197814
15700 2.7164562
15800 2.7051096
15900 2.367828
16000 2.7545009
16100 3.207056
16200 2.4871297
16300 3.0831318
16400 2.636818
16500 2.3691733
16600 3.0178936
16700 2.9273777
16800 3.1077905
16900 2.9786775
17000 3.0827427
17100 2.4310408
17200 2.8846214
17300 2.52434
17400 2.9896214
17500 2.4933152
17600 2.700219
17700 2.5705805
17800 2.9578424
