0 0.028125
100 0.35312498
200 0.4375
300 0.45000002
400 0.45624998
500 0.49687505
600 0.53437495
700 0.47187498
800 0.43437502
900 0.5125
1000 0.5
1100 0.45937502
1200 0.490625
1300 0.521875
1400 0.503125
1500 0.52500004
1600 0.446875
1700 0.440625
1800 0.51250005
1900 0.48125
2000 0.51562506
2100 0.521875
2200 0.4875
2300 0.546875
2400 0.528125
2500 0.471875
2600 0.528125
2700 0.503125
2800 0.54375
2900 0.54375
3000 0.459375
3100 0.5
3200 0.51875
3300 0.56562495
3400 0.496875
3500 0.48437503
3600 0.5125
3700 0.50000006
3800 0.484375
3900 0.46875003
4000 0.546875
4100 0.49374998
4200 0.5375
4300 0.58437496
4400 0.55625004
4500 0.5125
4600 0.5500001
4700 0.54375
4800 0.59375
4900 0.54375
5000 0.61562496
5100 0.503125
5200 0.446875
5300 0.509375
5400 0.515625
5500 0.59062505
5600 0.525
5700 0.53125
5800 0.49062502
5900 0.478125
6000 0.48437497
6100 0.509375
6200 0.50312495
6300 0.55
6400 0.49062496
6500 0.54062504
6600 0.55937505
6700 0.50937504
6800 0.48749998
6900 0.565625
7000 0.5
7100 0.54375005
7200 0.534375
7300 0.51875
7400 0.528125
7500 0.509375
7600 0.48750004
7700 0.534375
7800 0.55625
7900 0.54687506
8000 0.55937505
8100 0.571875
8200 0.575
8300 0.56874996
8400 0.540625
8500 0.51875
8600 0.55
8700 0.54999995
8800 0.53125006
8900 0.496875
9000 0.57187504
9100 0.534375
9200 0.528125
9300 0.54999995
9400 0.478125
9500 0.53749996
9600 0.603125
9700 0.584375
9800 0.540625
9900 0.53125
10000 0.50625
10100 0.5
10200 0.60625
10300 0.55625
10400 0.48437503
10500 0.503125
10600 0.525
10700 0.478125
10800 0.61875
10900 0.55625004
11000 0.559375
11100 0.55
11200 0.49999997
11300 0.49062496
11400 0.53124994
11500 0.51875
11600 0.54999995
11700 0.484375
11800 0.47812498
11900 0.540625
12000 0.54375005
12100 0.528125
12200 0.534375
12300 0.55937505
12400 0.5125
12500 0.4625
12600 0.546875
12700 0.52500004
12800 0.49375
12900 0.515625
13000 0.484375
13100 0.49375
13200 0.584375
13300 0.48750007
13400 0.503125
13500 0.5375
13600 0.5125
13700 0.51250005
13800 0.5187501
13900 0.490625
14000 0.55625
14100 0.515625
14200 0.465625
14300 0.55625004
14400 0.528125
14500 0.484375
14600 0.534375
14700 0.54062504
14800 0.52812505
14900 0.54375
15000 0.509375
15100 0.5500001
15200 0.5875
15300 0.56874996
15400 0.53125
15500 0.5
15600 0.55
15700 0.53749996
15800 0.46562502
15900 0.48125002
16000 0.5875
16100 0.553125
16200 0.55312496
16300 0.43749997
16400 0.5375
16500 0.525
16600 0.565625
16700 0.52500004
16800 0.5375
16900 0.453125
17000 0.521875
17100 0.56874996
17200 0.5
17300 0.515625
17400 0.546875
17500 0.53437495
