0 4.8095965
100 3.142872
200 2.8399608
300 2.5211484
400 2.6053374
500 2.331859
600 2.2731237
700 2.486616
800 2.5196586
900 2.5178034
1000 2.3984478
1100 2.642965
1200 2.4860501
1300 2.5582998
1400 2.3822143
1500 2.3232641
1600 2.4321423
1700 2.517778
1800 2.2654307
1900 2.250619
2000 2.2758875
2100 2.3485794
2200 2.41788
2300 2.074074
2400 2.2404807
2500 2.549665
2600 2.233102
2700 2.305843
2800 2.3640077
2900 2.1800606
3000 2.4146166
3100 2.3955216
3200 2.3583956
3300 1.9183122
3400 2.2740622
3500 2.3577063
3600 2.420002
3700 2.3069918
3800 2.4242287
3900 2.4958868
4000 2.273651
4100 2.311595
4200 2.1753457
4300 1.9631168
4400 2.1926372
4500 2.2820408
4600 1.9676862
4700 2.1181645
4800 1.8623563
4900 2.0682113
5000 1.897098
5100 2.2476053
5200 2.510391
5300 2.4573684
5400 2.1644392
5500 1.960471
5600 2.1981075
5700 2.117739
5800 2.3138337
5900 2.3518844
6000 2.4115086
6100 2.3347478
6200 2.3066916
6300 2.2795048
6400 2.3645778
6500 2.2493157
6600 1.8813797
6700 2.2275906
6800 2.288201
6900 2.0691655
7000 2.3566196
7100 2.1315155
7200 2.1067927
7300 2.2618518
7400 2.3382075
7500 2.2915454
7600 2.4626465
7700 2.0525935
7800 2.0239532
7900 2.1564991
8000 2.0485177
8100 2.1074498
8200 2.2029138
8300 2.0635324
8400 2.0756552
8500 2.3113618
8600 2.1391542
8700 2.1120033
8800 2.4311574
8900 2.3096051
9000 2.0776465
9100 2.1716688
9200 2.2601643
9300 2.2704465
9400 2.5263455
9500 2.1386993
9600 2.003669
9700 1.9957743
9800 2.1278775
9900 2.2890544
10000 2.2475226
10100 2.2351437
10200 1.8941562
10300 2.0039213
10400 2.1555703
10500 2.4516568
10600 2.2354155
10700 2.310281
10800 1.9331195
10900 2.128572
11000 2.0773385
11100 2.1579478
11200 2.2747602
11300 2.4564266
11400 2.3814466
11500 2.393215
11600 2.1769736
11700 2.3317492
11800 2.3743749
11900 2.2291145
12000 2.1375818
12100 2.2247674
12200 2.1151972
12300 2.1084867
12400 2.2284858
12500 2.3728147
12600 2.2479377
12700 2.1109145
12800 2.3282487
12900 2.4212508
13000 2.492641
13100 2.3721623
13200 1.9225454
13300 2.4273522
13400 2.260013
13500 2.30177
13600 2.25263
13700 2.3430095
13800 2.2528667
13900 2.2832668
14000 2.057658
14100 2.2488678
14200 2.4849586
14300 2.0526433
14400 2.3686187
14500 2.5967455
14600 2.2807415
14700 2.1958094
14800 2.2035842
14900 2.2048347
15000 2.1842158
15100 2.1206832
15200 1.8904037
15300 2.139586
15400 2.2777483
15500 2.4765186
15600 2.140238
15700 2.1724594
15800 2.4871707
15900 2.3653655
16000 1.9708474
16100 2.1704955
16200 2.2310333
16300 2.7379136
16400 2.2519445
16500 2.1755338
16600 2.0354788
16700 2.3088207
16800 2.1624732
16900 2.441737
17000 2.1577744
17100 2.1122878
17200 2.2410562
17300 2.2265792
17400 2.1151633
17500 2.0051851
