0 26.46563
100 10.249958
200 8.273177
300 8.008327
400 7.424174
500 7.1649714
600 6.950054
700 7.231304
800 7.368762
900 7.61522
1000 6.544072
1100 7.1060686
1200 7.565885
1300 6.93737
1400 7.139533
1500 6.7737837
1600 6.9125195
1700 7.193982
1800 6.595034
1900 6.4290905
2000 6.7328844
2100 6.827372
2200 6.625682
2300 6.191633
2400 6.5024104
2500 7.229655
2600 6.574998
2700 6.7173176
2800 6.4918303
2900 6.3523
3000 6.5851088
3100 6.4163694
3200 6.3989325
3300 6.0631
3400 6.6762605
3500 6.6026936
3600 6.2260246
3700 6.2856035
3800 6.9196224
3900 6.5245733
4000 6.6079016
4100 6.763292
4200 6.1758456
4300 6.3023863
4400 6.5384865
4500 6.458805
4600 5.572223
4700 5.8443093
4800 5.7513433
4900 6.0189695
5000 6.1500845
5100 6.7013474
5200 6.462254
5300 6.514309
5400 6.125656
5500 6.0124083
5600 6.23298
5700 6.6120777
5800 6.117093
5900 6.187201
6000 6.8742995
6100 6.4688983
6200 6.4532976
6300 6.0400333
6400 6.3901315
6500 6.305067
6600 6.0684423
6700 6.5038395
6800 6.503398
6900 6.5886064
7000 6.4705553
7100 6.2891016
7200 6.253971
7300 6.550176
7400 6.103188
7500 6.1563087
7600 6.9300747
7700 6.187091
7800 6.1635323
7900 6.29708
8000 5.894248
8100 6.0902715
8200 6.3336983
8300 6.1414137
8400 5.6964874
8500 6.4999847
8600 6.4646235
8700 6.1602926
8800 6.2826233
8900 6.1232743
9000 6.3605385
9100 5.9822726
9200 6.1325507
9300 6.5253696
9400 6.46014
9500 6.2593656
9600 5.9866767
9700 6.1403832
9800 6.0208225
9900 6.5062957
10000 6.466329
10100 6.0867996
10200 5.889402
10300 5.6625624
10400 6.2590413
10500 6.756414
10600 6.633462
10700 6.655138
10800 5.833375
10900 6.4944034
11000 6.1271963
11100 6.365446
11200 6.4085383
11300 6.4227867
11400 6.3447356
11500 6.570041
11600 5.9204955
11700 6.603619
11800 6.260754
11900 5.992793
12000 6.338792
12100 6.2700133
12200 5.777612
12300 6.3044305
12400 6.074892
12500 6.7681136
12600 6.0863514
12700 5.610419
12800 6.132133
12900 6.2588773
13000 6.7970624
13100 6.4391494
13200 5.977228
13300 6.6281357
13400 6.433823
13500 6.6199603
13600 6.270576
13700 6.264548
13800 6.1939116
13900 5.928908
14000 5.9514494
14100 6.085875
14200 6.9456015
14300 6.5497932
14400 5.665793
14500 6.744214
14600 6.3053
14700 6.1494594
14800 6.2420835
14900 6.580694
15000 6.410451
15100 5.548683
15200 5.9004407
15300 5.840706
15400 6.7098484
15500 6.7524934
15600 6.069391
15700 6.252137
15800 6.9036226
15900 6.4988317
16000 5.99887
16100 6.18106
16200 6.366379
16300 7.4327927
16400 6.0506845
16500 6.556263
16600 6.0934434
16700 6.217405
16800 6.645864
16900 7.2537847
17000 5.9692087
17100 6.1946
17200 6.1639023
17300 6.6349807
17400 6.441806
17500 6.0743575
