0 5.421312
100 0.8480823
200 0.118201345
300 0.21738048
400 0.63928056
500 0.77922803
600 0.17870481
700 0.35343066
800 0.24289894
900 0.13746436
1000 0.074888416
1100 0.4288961
1200 0.27979863
1300 0.23137137
1400 0.12910008
1500 0.23898552
1600 0.1461565
1700 0.032826655
1800 0.06289576
1900 0.020289818
2000 0.15859182
2100 0.09507584
2200 0.070972174
2300 0.5616908
2400 0.039719377
2500 0.07998878
2600 0.06591255
2700 0.03432952
2800 0.019053789
2900 0.019473437
3000 0.029507294
3100 0.020727329
3200 0.10230965
3300 0.17758933
3400 0.035219166
3500 0.018359784
3600 0.056103975
3700 0.010957899
3800 0.0022044934
3900 0.03257194
4000 0.0154228695
4100 0.05584087
4200 0.017965907
4300 0.003655544
4400 0.0022656575
4500 0.23135523
4600 0.008747847
4700 0.012008842
4800 0.14093803
4900 0.023277659
5000 0.18760382
5100 0.025807941
5200 0.020379955
5300 0.026091313
5400 0.05877552
5500 0.049489226
5600 0.0199065
5700 0.02964989
5800 0.0060603423
5900 0.03142049
6000 0.014604565
6100 0.002281945
6200 0.022278784
6300 0.016209755
6400 0.034362845
6500 0.016702676
6600 0.0063230107
6700 0.010141371
6800 0.010814193
6900 0.002813336
7000 0.004940452
7100 0.013307153
7200 0.035379335
7300 0.0029916116
7400 0.0031901316
7500 0.005531124
7600 0.015779387
7700 0.00079087866
7800 0.013246411
7900 0.020608533
8000 0.0009943648
8100 0.0098536145
8200 0.022142481
8300 0.01417723
8400 0.0032591484
8500 0.004075582
8600 0.01950303
8700 0.0065328064
8800 0.0036617364
8900 0.0041382606
9000 0.0074494192
9100 0.00044286213
9200 0.0020253172
9300 0.0043959236
9400 0.01331776
9500 0.010856512
9600 0.0004655059
9700 0.005365088
9800 0.04961358
9900 0.031062597
10000 0.0039135073
10100 0.005490074
10200 0.017065112
10300 0.010020933
10400 0.0019050039
10500 0.009481807
10600 0.047292445
10700 0.008558559
10800 0.017964283
10900 0.0066888314
11000 0.004157684
11100 0.0018010018
11200 0.0048269155
11300 0.0057395943
11400 0.01213325
11500 0.011822555
11600 0.0023323328
11700 0.0029778844
11800 0.0028667587
11900 0.019795679
12000 0.0027266918
12100 0.0013697566
12200 0.00050862116
12300 0.00047547015
12400 0.003961701
12500 0.005571721
12600 0.0026018787
12700 0.0021960598
12800 0.003027325
12900 0.002705495
13000 0.0006197939
13100 0.0028975892
13200 0.0038463185
13300 0.0010672641
13400 0.0005341128
13500 0.0036853836
13600 0.0011083047
13700 0.00454847
13800 0.0032178226
13900 0.0062921853
14000 0.0039488035
14100 0.0034972948
14200 0.003211767
14300 0.0018503724
14400 0.007419822
14500 0.0006468197
14600 0.0016183621
14700 0.015032849
14800 0.0007780268
14900 0.0032917217
15000 0.0006929214
15100 0.0008998712
15200 0.00021324324
15300 0.0009850995
15400 0.002570879
15500 0.0017465742
15600 0.006689914
15700 0.0008109236
15800 0.0029297823
15900 0.005650202
16000 0.0019011815
16100 0.0027379827
16200 0.0048738546
16300 0.0030153946
16400 0.00077849516
16500 0.009321223
16600 0.0012504723
16700 0.0021225626
16800 0.0017235767
16900 0.0028591417
17000 0.00078683987
17100 0.005213384
17200 0.003666528
17300 0.003018131
17400 0.0024619538
17500 0.0012827143
17600 0.0030428737
17700 0.0031931212
17800 0.0028006274
17900 0.0044630053
18000 0.0021906733
18100 0.0018209654
18200 0.0018348468
18300 0.0012017804
18400 0.0022589418
18500 0.0048012384
18600 0.0020733643
18700 0.0025993078
18800 0.0032195845
18900 0.002904607
19000 0.007347213
19100 0.0015410532
19200 0.00047245502
19300 0.002432664
19400 0.0025931478
19500 0.000897085
19600 0.0017803953
19700 0.0044118552
