0 3.7577672
100 0.58784586
200 0.08193093
300 0.15067667
400 0.44311553
500 0.5401197
600 0.12386874
700 0.24497946
800 0.16836472
900 0.09528303
1000 0.051908694
1100 0.29728812
1200 0.19394162
1300 0.16037442
1400 0.08948536
1500 0.16565214
1600 0.101307966
1700 0.022753702
1800 0.043596018
1900 0.01406383
2000 0.109927475
2100 0.06590155
2200 0.049194165
2300 0.3893344
2400 0.027531374
2500 0.055444
2600 0.0456871
2700 0.02379541
2800 0.01320708
2900 0.013497958
3000 0.020452898
3100 0.01436709
3200 0.07091565
3300 0.12309554
3400 0.024412066
3500 0.012726033
3600 0.038888313
3700 0.0075954366
3800 0.0015280384
3900 0.02257715
4000 0.010690318
4100 0.03870594
4200 0.012453018
4300 0.00253383
4400 0.0015704341
4500 0.16036323
4600 0.006063545
4700 0.008323895
4800 0.0976908
4900 0.016134843
5000 0.13003705
5100 0.017888702
5200 0.014126308
5300 0.01808512
5400 0.040740088
5500 0.03430332
5600 0.013798134
5700 0.020551737
5800 0.004200709
5900 0.021779025
6000 0.010123113
6100 0.0015817237
6200 0.015442476
6300 0.011235746
6400 0.02381851
6500 0.011577413
6600 0.004382777
6700 0.0070294626
6800 0.007495827
6900 0.001950056
7000 0.0034244605
7100 0.009223816
7200 0.024523087
7300 0.0020736272
7400 0.0022112308
7500 0.003833883
7600 0.010937437
7700 0.0005481953
7800 0.009181713
7900 0.014284747
8000 0.0006892412
8100 0.006830005
8200 0.015347999
8300 0.009826907
8400 0.0022590696
8500 0.0028249784
8600 0.013518471
8700 0.0045281965
8800 0.0025381222
8900 0.0028684237
9000 0.005163544
9100 0.00030696864
9200 0.0014038429
9300 0.003047022
9400 0.009231168
9500 0.0075251604
9600 0.0003226641
9700 0.0037187957
9800 0.034389514
9900 0.021530952
10000 0.0027126365
10100 0.0038054292
10200 0.011828634
10300 0.0069459816
10400 0.0013204481
10500 0.006572288
10600 0.032780625
10700 0.0059323413
10800 0.012451892
10900 0.0046363445
11000 0.0028818867
11100 0.0012483593
11200 0.0033457628
11300 0.0039783837
11400 0.008410128
11500 0.008194771
11600 0.0016166499
11700 0.002064112
11800 0.0019870857
11900 0.013721319
12000 0.0018899988
12100 0.00094944297
12200 0.0003525493
12300 0.0003295708
12400 0.0027460419
12500 0.003862023
12600 0.001803485
12700 0.0015221926
12800 0.0020983818
12900 0.0018753064
13000 0.0004296084
13100 0.0020084558
13200 0.0026660648
13300 0.0007397711
13400 0.00037021877
13500 0.0025545133
13600 0.0007682183
13700 0.0031527593
13800 0.0022304247
13900 0.0043614106
14000 0.002737102
14100 0.00242414
14200 0.0022262272
14300 0.0012825804
14400 0.0051430287
14500 0.00044834125
14600 0.0011217631
14700 0.010419977
14800 0.0005392871
14900 0.0022816476
15000 0.00048029653
15100 0.00062374317
15200 0.00014780895
15300 0.00068281894
15400 0.0017819975
15500 0.001210633
15600 0.004637095
15700 0.0005620894
15800 0.0020307703
15900 0.0039164214
16000 0.0013177986
16100 0.0018978249
16200 0.0033782986
16300 0.0020901123
16400 0.00053961173
16500 0.0064609796
16600 0.0008667613
16700 0.0014712483
16800 0.0011946923
16900 0.001981806
17000 0.00054539583
17100 0.0036136424
17200 0.0025414436
17300 0.002092009
17400 0.0017064963
17500 0.0008891098
17600 0.0021091592
17700 0.002213303
17800 0.0019412469
17900 0.0030935197
18000 0.0015184591
18100 0.001262197
18200 0.0012718189
18300 0.0008330107
18400 0.0015657791
18500 0.0033279648
18600 0.0014371467
18700 0.0018017029
18800 0.0022316459
18900 0.00201332
19000 0.0050927
19100 0.0010681767
19200 0.00032748087
19300 0.0016861942
19400 0.0017974331
19500 0.00062181195
19600 0.001234076
19700 0.0030580652
