0 4.1378903
100 1.5327942
200 1.3110939
300 1.2433308
400 1.522812
500 1.2065622
600 1.2410898
700 1.2119853
800 1.3514292
900 1.223921
1000 1.1786227
1100 1.3905127
1200 1.2246964
1300 1.2674309
1400 1.256054
1500 1.0700862
1600 1.3133391
1700 1.1004711
1800 1.1730512
1900 1.078743
2000 1.2370129
2100 1.0827501
2200 1.1791561
2300 1.3375101
2400 1.1100981
2500 1.1502249
2600 1.1329463
2700 1.1048813
2800 1.0497639
2900 1.0595677
3000 1.1011863
3100 1.0762436
3200 1.154494
3300 1.131178
3400 1.0771084
3500 1.0603058
3600 1.1666601
3700 1.0411875
3800 1.0110096
3900 1.0902476
4000 1.0491402
4100 1.1081718
4200 1.0519845
4300 1.0160397
4400 1.0101027
4500 1.2740576
4600 1.0336331
4700 1.0437142
4800 1.138124
4900 1.0774457
5000 1.0467417
5100 1.0507691
5200 1.0720189
5300 1.0779119
5400 1.0832399
5500 1.1244748
5600 1.0440369
5700 1.0797223
5800 1.0214404
5900 1.0714743
6000 1.0311531
6100 1.0100024
6200 1.0707266
6300 1.0537031
6400 1.0815865
6500 1.0482512
6600 1.0266694
6700 1.0387957
6800 1.034866
6900 1.0115154
7000 1.0180969
7100 1.0325166
7200 1.1139089
7300 1.0119872
7400 1.0146198
7500 1.0206753
7600 1.0332177
7700 1.0044075
7800 1.0447555
7900 1.0612781
8000 1.0052917
8100 1.0390879
8200 1.0788214
8300 1.0295336
8400 1.0104728
8500 1.016423
8600 1.0467501
8700 1.0247774
8800 1.0143868
8900 1.0153587
9000 1.0278902
9100 1.0025206
9200 1.0103185
9300 1.0179299
9400 1.0404044
9500 1.0287869
9600 1.0025005
9700 1.0152962
9800 1.0362341
9900 1.0716722
10000 1.0155472
10100 1.0232778
10200 1.0561907
10300 1.0315917
10400 1.0081754
10500 1.0268462
10600 1.0710986
10700 1.0253696
10800 1.0444903
10900 1.024166
11000 1.0150895
11100 1.0081098
11200 1.0187593
11300 1.0213804
11400 1.0401933
11500 1.0362426
11600 1.0079899
11700 1.0135378
11800 1.0127344
11900 1.0555396
12000 1.0114768
12100 1.0064596
12200 1.0028881
12300 1.0025117
12400 1.0134689
12500 1.0206926
12600 1.0114853
12700 1.0081706
12800 1.01295
12900 1.0103254
13000 1.0031881
13100 1.0112196
13200 1.0135604
13300 1.0053098
13400 1.0026208
13500 1.0131145
13600 1.0055511
13700 1.0194266
13800 1.011883
13900 1.0224304
14000 1.0159689
14100 1.0143607
14200 1.0126947
14300 1.0085297
14400 1.0286882
14500 1.0029461
14600 1.0070927
14700 1.0304309
14800 1.0039237
14900 1.012986
15000 1.0030353
15100 1.004746
15200 1.0012848
15300 1.0046874
15400 1.0115191
15500 1.0076323
15600 1.0252619
15700 1.0040853
15800 1.0128698
15900 1.0208175
16000 1.0078068
16100 1.0114825
16200 1.0198184
16300 1.011327
16400 1.004019
16500 1.0322635
16600 1.0054321
16700 1.0078764
16800 1.0072763
16900 1.010968
17000 1.0037124
17100 1.0186906
17200 1.0135516
17300 1.0121655
17400 1.0102446
17500 1.0059755
17600 1.0135808
17700 1.0125892
17800 1.0115032
17900 1.0155817
18000 1.0088909
18100 1.0088654
18200 1.0084403
18300 1.005835
18400 1.008877
18500 1.0168105
18600 1.0086871
18700 1.0095088
18800 1.0109395
18900 1.009834
19000 1.027499
19100 1.0063713
19200 1.0026114
19300 1.010036
19400 1.0095755
19500 1.0045583
19600 1.0075074
19700 1.0185523
