0 0.15625
100 0.9375
200 0.9375
300 1.0
400 0.875
500 1.0
600 0.96875
700 0.96875
800 0.96875
900 0.96875
1000 0.90625
1100 0.96875
1200 0.96875
1300 0.96875
1400 1.0
1500 0.96875
1600 0.96875
1700 0.875
1800 0.90625
1900 1.0
2000 0.9375
2100 1.0
2200 1.0
2300 0.96875
2400 1.0
2500 0.96875
2600 0.96875
2700 0.9375
2800 1.0
2900 0.96875
3000 1.0
3100 0.9375
3200 0.96875
3300 1.0
3400 1.0
3500 1.0
3600 1.0
3700 1.0
3800 1.0
3900 1.0
4000 1.0
4100 1.0
4200 1.0
4300 0.96875
4400 1.0
4500 0.96875
4600 1.0
4700 1.0
4800 1.0
4900 1.0
5000 0.96875
5100 1.0
5200 1.0
5300 1.0
5400 1.0
5500 0.96875
5600 1.0
5700 1.0
5800 1.0
5900 1.0
6000 1.0
6100 1.0
6200 1.0
6300 0.96875
6400 1.0
6500 1.0
6600 1.0
6700 1.0
6800 1.0
6900 1.0
7000 1.0
7100 1.0
7200 1.0
7300 1.0
7400 1.0
7500 1.0
7600 1.0
7700 1.0
7800 1.0
7900 1.0
8000 1.0
8100 1.0
8200 1.0
8300 1.0
8400 1.0
8500 1.0
8600 1.0
8700 1.0
8800 1.0
8900 1.0
9000 1.0
9100 1.0
9200 1.0
9300 1.0
9400 1.0
9500 1.0
9600 1.0
9700 1.0
9800 1.0
9900 1.0
10000 1.0
10100 1.0
10200 1.0
10300 1.0
10400 1.0
10500 1.0
10600 1.0
10700 1.0
10800 1.0
10900 1.0
11000 1.0
11100 1.0
11200 1.0
11300 1.0
11400 1.0
