0 4.8706365
100 0.1367816
200 0.25757203
300 0.07558161
400 0.32928258
500 0.110787004
600 0.2426516
700 0.04782424
800 0.07106958
900 0.079871036
1000 0.3891362
1100 0.16959506
1200 0.044486262
1300 0.08257476
1400 0.024559503
1500 0.09202805
1600 0.15194976
1700 0.47136682
1800 0.12178672
1900 0.0071805916
2000 0.098265335
2100 0.018640233
2200 0.008241811
2300 0.08035209
2400 0.032329574
2500 0.08429662
2600 0.058447294
2700 0.13158907
2800 0.04036594
2900 0.037033543
3000 0.018587135
3100 0.20097274
3200 0.06259758
3300 0.07610727
3400 0.02590046
3500 0.021881144
3600 0.008290504
3700 0.034465957
3800 0.009333957
3900 0.041609205
4000 0.025751159
4100 0.012342467
4200 0.014022209
4300 0.035651892
4400 0.0064699
4500 0.09365313
4600 0.009397487
4700 0.005287458
4800 0.010017347
4900 0.013345139
5000 0.061952744
5100 0.024074908
5200 0.027597314
5300 0.019604076
5400 0.002165865
5500 0.07037951
5600 0.014362903
5700 0.003949542
5800 0.0018052188
5900 0.008908944
6000 0.006194681
6100 0.009077014
6200 0.015371321
6300 0.12548718
6400 0.012258217
6500 0.0018366924
6600 0.0050200927
6700 0.0048446073
6800 0.01642028
6900 0.0037327686
7000 0.0038828077
7100 0.0034851287
7200 0.030868534
7300 0.008149255
7400 0.016499989
7500 0.0032934397
7600 0.019359848
7700 0.01522552
7800 0.018165803
7900 0.001543001
8000 0.009525876
8100 0.0052759377
8200 0.022514082
8300 0.013501406
8400 0.00388829
8500 0.010719663
8600 0.0042340844
8700 0.007816426
8800 0.005091829
8900 0.006251719
9000 0.004898088
9100 0.003033771
9200 0.005889348
9300 0.014038111
9400 0.0025569587
9500 0.002282417
9600 0.008437763
9700 0.0027766093
9800 0.006471756
9900 0.0011570731
10000 0.0013851485
10100 0.005138102
10200 0.023250476
10300 0.001868492
10400 0.0045639565
10500 0.0026568428
10600 0.013506938
10700 0.0017491828
10800 0.0061121206
10900 0.0014962056
11000 0.0065408587
11100 0.002382799
11200 0.0025326388
11300 0.005083472
11400 0.0010519819
