0 0.0625
100 0.21875
200 0.34375
300 0.375
400 0.375
500 0.40625
600 0.34375
700 0.53125
800 0.3125
900 0.5625
1000 0.375
1100 0.34375
1200 0.5625
1300 0.5625
1400 0.5625
1500 0.4375
1600 0.375
1700 0.5625
1800 0.3125
1900 0.5
2000 0.46875
2100 0.4375
2200 0.46875
2300 0.5625
2400 0.4375
2500 0.5
2600 0.625
2700 0.59375
2800 0.5
2900 0.5
3000 0.59375
3100 0.625
3200 0.5
3300 0.625
3400 0.53125
3500 0.5625
3600 0.65625
3700 0.5
3800 0.40625
3900 0.53125
4000 0.375
4100 0.4375
4200 0.46875
4300 0.5
4400 0.53125
4500 0.53125
4600 0.53125
4700 0.46875
4800 0.53125
4900 0.5
5000 0.5625
5100 0.65625
5200 0.4375
5300 0.4375
5400 0.6875
5500 0.65625
5600 0.46875
5700 0.5625
5800 0.5
5900 0.53125
6000 0.53125
6100 0.5
6200 0.53125
6300 0.625
6400 0.6875
6500 0.625
6600 0.53125
6700 0.5
6800 0.65625
6900 0.71875
7000 0.46875
7100 0.4375
7200 0.65625
7300 0.65625
7400 0.71875
7500 0.34375
7600 0.40625
7700 0.59375
7800 0.4375
7900 0.5
8000 0.5
8100 0.6875
8200 0.625
8300 0.53125
8400 0.5
8500 0.4375
8600 0.59375
8700 0.65625
8800 0.53125
8900 0.625
9000 0.6875
9100 0.5625
9200 0.5625
9300 0.5625
9400 0.65625
9500 0.59375
9600 0.625
9700 0.46875
9800 0.53125
9900 0.75
10000 0.5625
10100 0.625
10200 0.6875
10300 0.6875
10400 0.65625
10500 0.65625
10600 0.59375
10700 0.65625
10800 0.6875
10900 0.625
11000 0.6875
11100 0.65625
11200 0.6875
11300 0.53125
11400 0.65625
11500 0.59375
11600 0.71875
11700 0.59375
11800 0.6875
11900 0.625
12000 0.53125
12100 0.6875
12200 0.6875
12300 0.6875
12400 0.6875
12500 0.5625
12600 0.6875
12700 0.5625
12800 0.75
12900 0.59375
13000 0.75
13100 0.65625
13200 0.6875
13300 0.78125
13400 0.6875
13500 0.5625
13600 0.65625
13700 0.6875
13800 0.84375
13900 0.75
14000 0.65625
14100 0.65625
14200 0.78125
14300 0.875
14400 0.65625
14500 0.59375
14600 0.71875
14700 0.625
14800 0.875
14900 0.625
15000 0.78125
15100 0.625
15200 0.6875
15300 0.71875
15400 0.78125
15500 0.78125
15600 0.65625
15700 0.75
15800 0.625
15900 0.59375
16000 0.65625
16100 0.71875
16200 0.53125
16300 0.71875
16400 0.75
16500 0.6875
16600 0.75
16700 0.6875
16800 0.65625
16900 0.71875
17000 0.75
17100 0.65625
17200 0.8125
17300 0.71875
17400 0.71875
17500 0.71875
17600 0.5625
17700 0.59375
17800 0.71875
17900 0.6875
18000 0.75
18100 0.8125
18200 0.78125
18300 0.78125
18400 0.75
18500 0.84375
18600 0.75
18700 0.71875
18800 0.75
18900 0.875
19000 0.6875
19100 0.75
19200 0.65625
19300 0.84375
19400 0.78125
19500 0.78125
19600 0.625
19700 0.6875
19800 0.8125
19900 0.625
20000 0.8125
20100 0.84375
20200 0.78125
20300 0.75
20400 0.84375
20500 0.75
20600 0.8125
20700 0.8125
20800 0.8125
20900 0.71875
21000 0.625
21100 0.5625
21200 0.78125
21300 0.78125
21400 0.71875
21500 0.71875
21600 0.84375
21700 0.84375
21800 0.78125
21900 0.75
22000 0.59375
22100 0.90625
22200 0.75
22300 0.71875
22400 0.6875
22500 0.625
22600 0.75
22700 0.75
22800 0.8125
22900 0.71875
23000 0.8125
23100 0.8125
23200 0.6875
23300 0.8125
23400 0.71875
23500 0.6875
23600 0.84375
23700 0.6875
23800 0.6875
23900 0.59375
24000 0.90625
24100 0.8125
24200 0.65625
24300 0.8125
24400 0.75
24500 0.78125
24600 0.65625
24700 0.6875
24800 0.75
24900 0.84375
25000 0.6875
25100 0.75
25200 0.75
25300 0.6875
25400 0.8125
25500 0.8125
25600 0.75
25700 0.75
25800 0.71875
25900 0.71875
26000 0.875
26100 0.78125
26200 0.71875
26300 0.875
26400 0.75
26500 0.8125
26600 0.6875
26700 0.8125
26800 0.53125
26900 0.90625
27000 0.78125
27100 0.8125
27200 0.8125
27300 0.84375
27400 0.71875
27500 0.8125
27600 0.75
27700 0.6875
27800 0.90625
27900 0.75
28000 0.6875
28100 0.75
28200 0.75
28300 0.78125
28400 0.78125
28500 0.84375
28600 0.65625
28700 0.6875
28800 0.78125
28900 0.6875
29000 0.90625
29100 0.75
