0 3.32193
100 2.88048
200 2.43841
300 2.71166
400 2.50789
500 2.34883
600 2.42267
700 2.19332
800 2.68085
900 1.91611
1000 2.55099
1100 2.13637
1200 1.94185
1300 2.01386
1400 2.09161
1500 2.41917
1600 2.39287
1700 1.81163
1800 2.31045
1900 2.20214
2000 2.05349
2100 2.19365
2200 1.97006
2300 2.05002
2400 2.51175
2500 2.13657
2600 1.8574
2700 1.81444
2800 2.57251
2900 2.22623
3000 1.58441
3100 1.92103
3200 2.1121
3300 1.48716
3400 1.75556
3500 1.64557
3600 1.47382
3700 1.92637
3800 1.99572
3900 1.94347
4000 2.12355
4100 2.40231
4200 1.69788
4300 2.01024
4400 2.15127
4500 1.61826
4600 2.55145
4700 2.00892
4800 1.75815
4900 2.05833
5000 2.06562
5100 2.02023
5200 2.16941
5300 2.43016
5400 1.41707
5500 1.35873
5600 2.0228
5700 1.80335
5800 1.90581
5900 2.04052
6000 2.04676
6100 2.00721
6200 1.93818
6300 1.7868
6400 1.30321
6500 1.78796
6600 1.84754
6700 1.92127
6800 1.48672
6900 1.37082
7000 1.89544
7100 2.14621
7200 1.65782
7300 1.68516
7400 1.43723
7500 1.92957
7600 1.93135
7700 1.82573
7800 1.84356
7900 1.90785
8000 2.30852
8100 2.02312
8200 1.43759
8300 1.94869
8400 1.85705
8500 1.99745
8600 1.70415
8700 1.6507
8800 1.76238
8900 1.87155
9000 1.4737
9100 1.86191
9200 1.53406
9300 1.55265
9400 2.09126
9500 1.97453
9600 1.46304
9700 2.15688
9800 1.7071
9900 1.57818
10000 1.52984
10100 1.69565
10200 1.41431
10300 1.50684
10400 1.47028
10500 1.44837
10600 1.61748
10700 1.34784
10800 1.26964
10900 1.32842
11000 1.54471
11100 1.51211
11200 1.43958
11300 1.78273
11400 1.73427
11500 1.61293
11600 1.39189
11700 1.58897
11800 1.32405
11900 1.44452
12000 2.07577
12100 1.60519
12200 1.19829
12300 1.60355
12400 1.83281
12500 1.50694
12600 1.53209
12700 1.51636
12800 1.3225
12900 1.38951
13000 1.14204
13100 1.42272
13200 1.06954
13300 0.882047
13400 1.34009
13500 2.18643
13600 1.49905
13700 1.41183
13800 1.1753
13900 1.34062
14000 1.40409
14100 1.34465
14200 1.03743
14300 0.827253
14400 1.46963
14500 1.32023
14600 1.02023
14700 1.43444
14800 1.32503
14900 1.48353
15000 1.42826
15100 1.48856
15200 1.33612
15300 1.36623
15400 0.924779
15500 1.04159
15600 1.49982
15700 1.05518
15800 1.49282
15900 1.48802
16000 1.43952
16100 1.36067
16200 1.71331
16300 1.29918
16400 1.23726
16500 1.39256
16600 1.1738
16700 1.32123
16800 1.28371
16900 1.31193
17000 1.03559
17100 1.52718
17200 0.940396
17300 1.19524
17400 1.11728
17500 1.17255
17600 1.65694
17700 1.39763
17800 1.1344
17900 1.39166
18000 1.31259
18100 1.1505
18200 1.04611
18300 0.776069
18400 1.12136
18500 0.863524
18600 1.01582
18700 1.13277
18800 1.13026
18900 0.787531
19000 1.31693
19100 1.11455
19200 1.46613
19300 0.72995
19400 0.969218
19500 0.990348
19600 1.36741
19700 1.45868
19800 1.24877
19900 1.38857
20000 0.789955
20100 0.842251
20200 1.02037
20300 1.31674
20400 0.914124
20500 0.911106
20600 0.959665
20700 1.0369
20800 0.945931
20900 1.06017
21000 1.25632
21100 1.84185
21200 1.00451
21300 1.06961
21400 1.06536
21500 1.51411
21600 0.96035
21700 0.971191
21800 1.1364
21900 1.02472
22000 1.65441
22100 0.5652
22200 1.02173
22300 1.3397
22400 1.17787
22500 1.35478
22600 1.21795
22700 1.27392
22800 0.855428
22900 1.2556
23000 0.967075
23100 1.04231
23200 1.06391
23300 1.11057
23400 1.20743
23500 1.28669
23600 0.798048
23700 0.961507
23800 1.40845
23900 1.49721
24000 0.787627
24100 1.196
24200 1.38048
24300 0.877005
24400 0.958501
24500 1.14967
24600 1.2751
24700 1.5348
24800 1.21198
24900 0.904929
25000 1.31102
25100 1.43968
25200 0.980151
25300 1.34154
25400 0.918055
25500 0.876148
25600 1.3669
25700 1.16527
25800 1.42518
25900 1.4692
26000 0.863522
26100 0.833365
26200 1.28348
26300 0.847709
26400 1.18152
26500 0.794612
26600 1.43289
26700 1.01035
26800 1.55745
26900 0.712936
27000 1.10905
27100 0.920422
27200 0.98553
27300 0.948241
27400 1.03473
27500 1.00454
27600 0.997559
27700 1.22826
27800 0.892383
27900 1.2439
28000 1.39767
28100 1.22927
28200 1.10428
28300 1.1155
28400 1.34156
28500 1.32705
28600 1.31688
28700 1.29229
28800 1.22711
28900 1.0693
29000 0.650396
29100 1.06682
