0 2.30259
100 1.99659
200 1.69018
300 1.87958
400 1.73833
500 1.62809
600 1.67927
700 1.52029
800 1.85822
900 1.32815
1000 1.76821
1100 1.48082
1200 1.34599
1300 1.3959
1400 1.44979
1500 1.67684
1600 1.65861
1700 1.25572
1800 1.60148
1900 1.52641
2000 1.42337
2100 1.52053
2200 1.36554
2300 1.42096
2400 1.74101
2500 1.48096
2600 1.28745
2700 1.25768
2800 1.78313
2900 1.54311
3000 1.09823
3100 1.33155
3200 1.46399
3300 1.03082
3400 1.21686
3500 1.14062
3600 1.02158
3700 1.33526
3800 1.38332
3900 1.34711
4000 1.47193
4100 1.66516
4200 1.17688
4300 1.3934
4400 1.49115
4500 1.1217
4600 1.76853
4700 1.39248
4800 1.21865
4900 1.42672
5000 1.43178
5100 1.40032
5200 1.50372
5300 1.68446
5400 0.982238
5500 0.941802
5600 1.4021
5700 1.24999
5800 1.32101
5900 1.41438
6000 1.4187
6100 1.39129
6200 1.34344
6300 1.23851
6400 0.903315
6500 1.23932
6600 1.28061
6700 1.33172
6800 1.03051
6900 0.950182
7000 1.31382
7100 1.48764
7200 1.14911
7300 1.16806
7400 0.996211
7500 1.33748
7600 1.33871
7700 1.2655
7800 1.27786
7900 1.32242
8000 1.60014
8100 1.40232
8200 0.996458
8300 1.35073
8400 1.28721
8500 1.38453
8600 1.18123
8700 1.14418
8800 1.22159
8900 1.29726
9000 1.02149
9100 1.29057
9200 1.06333
9300 1.07622
9400 1.44955
9500 1.36864
9600 1.0141
9700 1.49503
9800 1.18327
9900 1.09391
10000 1.0604
10100 1.17534
10200 0.980322
10300 1.04446
10400 1.01912
10500 1.00393
10600 1.12115
10700 0.934253
10800 0.880044
10900 0.920789
11000 1.07071
11100 1.04812
11200 0.997842
11300 1.23569
11400 1.2021
11500 1.118
11600 0.964783
11700 1.10139
11800 0.917759
11900 1.00126
12000 1.43882
12100 1.11264
12200 0.830589
12300 1.1115
12400 1.27041
12500 1.04453
12600 1.06196
12700 1.05106
12800 0.916689
12900 0.963137
13000 0.791605
13100 0.986156
13200 0.741346
13300 0.611389
13400 0.928882
13500 1.51552
13600 1.03906
13700 0.978609
13800 0.814659
13900 0.929247
14000 0.973241
14100 0.932039
14200 0.719094
14300 0.573408
14400 1.01867
14500 0.915113
14600 0.707171
14700 0.994277
14800 0.918437
14900 1.0283
15000 0.989995
15100 1.03179
15200 0.926128
15300 0.946996
15400 0.641008
15500 0.721974
15600 1.03959
15700 0.731396
15800 1.03474
15900 1.03142
16000 0.9978
16100 0.943143
16200 1.18758
16300 0.90052
16400 0.857603
16500 0.965251
16600 0.813614
16700 0.915809
16800 0.889803
16900 0.909357
17000 0.717814
17100 1.05856
17200 0.651833
17300 0.82848
17400 0.774441
17500 0.812748
17600 1.1485
17700 0.968763
17800 0.786303
17900 0.964625
18000 0.909815
18100 0.797466
18200 0.725106
18300 0.53793
18400 0.777268
18500 0.598549
18600 0.704113
18700 0.785176
18800 0.783439
18900 0.545875
19000 0.912828
19100 0.77255
19200 1.01625
19300 0.505963
19400 0.67181
19500 0.686457
19600 0.947817
19700 1.01108
19800 0.865579
19900 0.962484
20000 0.547555
20100 0.583804
20200 0.707265
20300 0.912695
20400 0.633622
20500 0.631531
20600 0.665189
20700 0.718727
20800 0.655669
20900 0.734851
21000 0.870818
21100 1.27667
21200 0.696271
21300 0.741394
21400 0.738453
21500 1.0495
21600 0.665664
21700 0.673178
21800 0.787691
21900 0.710284
22000 1.14675
22100 0.391766
22200 0.708208
22300 0.92861
22400 0.81644
22500 0.939059
22600 0.844218
22700 0.883012
22800 0.592937
22900 0.870316
23000 0.670326
23100 0.722476
23200 0.737447
23300 0.769786
23400 0.836924
23500 0.891863
23600 0.553164
23700 0.666466
23800 0.976263
23900 1.03779
24000 0.545941
24100 0.829007
24200 0.956877
24300 0.607893
24400 0.664382
24500 0.796891
24600 0.883831
24700 1.06384
24800 0.840081
24900 0.627249
25000 0.908732
25100 0.997912
25200 0.679389
25300 0.929888
25400 0.636347
25500 0.607299
25600 0.947463
25700 0.807701
25800 0.987859
25900 1.01837
26000 0.598548
26100 0.577645
26200 0.88964
26300 0.587587
26400 0.818968
26500 0.550783
26600 0.993203
26700 0.700319
26800 1.07955
26900 0.494169
27000 0.768733
27100 0.637988
27200 0.683118
27300 0.65727
27400 0.71722
27500 0.696295
27600 0.691455
27700 0.851367
27800 0.618553
27900 0.862208
28000 0.968789
28100 0.852068
28200 0.765426
28300 0.773206
28400 0.929901
28500 0.919839
28600 0.912789
28700 0.895744
28800 0.850568
28900 0.741181
29000 0.45082
29100 0.739462
