0 10.0
100 7.69228
200 5.33149
300 5.47405
400 5.48104
500 5.28379
600 5.67166
700 4.97808
800 6.20323
900 4.38423
1000 5.10228
1100 5.64114
1200 4.72783
1300 5.22376
1400 4.36656
1500 4.73288
1600 5.44532
1700 4.52437
1800 5.28106
1900 5.22642
2000 4.6057
2100 4.95153
2200 4.99565
2300 4.56175
2400 4.8517
2500 4.79436
2600 4.78966
2700 4.50512
2800 5.02477
2900 5.05492
3000 4.59904
3100 4.87375
3200 3.92854
3300 4.3094
3400 4.12609
3500 4.04068
3600 4.44203
3700 4.09861
3800 4.58373
3900 4.35072
4000 4.22673
4100 4.56542
4200 4.8762
4300 4.52766
4400 5.03217
4500 4.63675
4600 4.29995
4700 4.17709
4800 4.13164
4900 4.3541
5000 4.65193
5100 4.20348
5200 4.48149
5300 4.17565
5400 3.90603
5500 3.85672
5600 4.28771
5700 4.03923
5800 4.06314
5900 4.54517
6000 4.47312
6100 4.23188
6200 4.37718
6300 3.94397
6400 3.24665
6500 3.9521
6600 4.06361
6700 4.24306
6800 4.05318
6900 3.93233
7000 3.96099
7100 4.46614
7200 4.01666
7300 4.15105
7400 3.48573
7500 3.83513
7600 3.87961
7700 3.928
7800 4.48443
7900 4.00919
8000 3.91629
8100 4.2917
8200 3.43079
8300 3.79838
8400 3.91914
8500 4.008
8600 3.84717
8700 3.99486
8800 3.93254
8900 4.29055
9000 3.81528
9100 3.95144
9200 4.28389
9300 3.64569
9400 4.32349
9500 3.81556
9600 3.98598
9700 3.85225
9800 3.63976
9900 4.27232
10000 4.01281
10100 4.39487
10200 3.88575
10300 3.78077
10400 3.48383
10500 3.82186
10600 3.91641
10700 3.63632
10800 3.73832
10900 3.3403
11000 3.1518
11100 3.52714
11200 3.61071
11300 3.81226
11400 3.55243
11500 3.56141
11600 3.58077
11700 3.8178
11800 3.28811
11900 3.43398
12000 3.81181
12100 3.6276
12200 2.97573
12300 4.20638
12400 3.78483
12500 3.30551
12600 3.46283
12700 3.55781
12800 3.77857
12900 3.43454
13000 3.46033
13100 3.51373
13200 3.15058
13300 3.14499
13400 3.06752
13500 3.57765
13600 3.62099
13700 3.62154
13800 3.17835
13900 3.65173
14000 3.5104
14100 3.22595
14200 3.09648
14300 3.06046
14400 3.52483
14500 3.0548
14600 3.22047
14700 3.37893
14800 2.65515
14900 3.82417
15000 3.49147
15100 3.75795
15200 3.6602
15300 3.17351
15400 3.26847
15500 3.1298
15600 3.75875
15700 3.18981
15800 3.74272
15900 3.2271
16000 3.68046
16100 3.42261
16200 3.28439
16300 3.46947
16400 2.83096
16500 3.6631
16600 3.2914
16700 3.35905
16800 3.03505
16900 3.62554
17000 3.20444
17100 3.79798
17200 3.18557
17300 3.58053
17400 3.38107
17500 2.8727
17600 3.24696
17700 2.88961
17800 2.94348
17900 3.13782
18000 3.88791
18100 3.73801
18200 3.13399
18300 2.90831
18400 3.06581
18500 2.93229
18600 2.95996
18700 3.03889
18800 3.2925
18900 2.83918
19000 3.08366
19100 3.82125
19200 3.37956
19300 2.84866
19400 3.35159
19500 3.73301
19600 3.44221
19700 3.09669
19800 3.1851
19900 3.60367
20000 3.01975
20100 2.90878
20200 3.4187
20300 3.43156
20400 3.46326
20500 3.10241
20600 3.08257
20700 3.53509
20800 3.16011
20900 3.18211
21000 2.99491
21100 3.57219
21200 2.70366
21300 3.51444
21400 3.07933
21500 3.52586
21600 3.13513
21700 3.44394
21800 2.86961
21900 2.92462
22000 3.60851
22100 2.53846
22200 2.94046
22300 3.25571
22400 3.42442
22500 3.26828
22600 3.17454
22700 3.55068
22800 3.00226
22900 3.093
23000 2.93327
23100 3.24265
23200 3.0003
23300 3.52152
23400 3.48361
23500 3.32758
23600 2.90355
23700 2.92221
23800 3.41092
23900 3.39446
24000 2.62931
24100 3.41209
24200 3.36007
24300 3.01009
24400 3.23658
24500 3.36838
24600 3.25905
24700 3.12033
24800 3.34847
24900 2.96868
25000 3.4632
25100 3.31768
25200 3.20507
25300 3.35263
25400 3.10284
25500 2.94157
25600 3.47611
25700 3.13178
25800 3.31922
25900 3.29123
26000 3.15018
26100 3.04152
26200 2.95807
26300 3.13006
26400 3.68728
26500 2.98845
26600 3.28865
26700 3.05969
26800 3.65879
26900 2.81323
27000 3.23415
27100 2.80099
27200 2.46276
27300 3.49403
27400 3.23344
27500 3.42513
27600 2.9909
27700 3.64046
27800 2.74836
27900 2.95888
28000 3.59916
28100 3.16386
28200 2.82616
28300 3.57075
28400 3.24243
28500 3.34492
28600 3.00813
28700 3.47941
28800 3.55668
28900 2.85218
29000 2.77134
29100 3.22505
