0 8.603002
100 0.7020148
200 0.70795757
300 0.3571396
400 0.14618646
500 0.46953264
600 0.090958916
700 0.2640249
800 0.30326164
900 0.029624995
1000 0.11678873
1100 0.45129734
1200 0.22277401
1300 0.035216123
1400 0.10808757
1500 0.09738925
1600 0.07223919
1700 0.20551477
1800 0.3288484
1900 0.10371397
2000 0.04437854
2100 0.21136567
2200 0.06583057
2300 0.08588295
2400 0.19545415
2500 0.12137401
2600 0.06213385
2700 0.015945952
2800 0.017870132
2900 0.27315316
3000 0.063770294
3100 0.13961676
3200 0.016566692
3300 0.022354284
3400 0.098684676
3500 0.24987604
3600 0.0815086
3700 0.002625786
3800 0.031066436
3900 0.070389815
4000 0.082082726
4100 0.012971585
4200 0.019324541
4300 0.058210522
4400 0.028943777
4500 0.008319857
4600 0.012349302
4700 0.011304027
4800 0.008706469
4900 0.102611355
5000 0.004677348
5100 0.017108727
5200 0.009980684
5300 0.032505173
5400 0.17678708
5500 0.0035019098
5600 0.12380534
5700 0.058555014
5800 0.12365413
5900 0.034507386
6000 0.002761723
6100 0.0028392067
6200 0.094340235
6300 0.008248698
6400 0.00043966013
6500 0.012485776
6600 0.06913434
6700 0.0010793258
6800 0.031346258
6900 0.009484528
7000 0.009157519
7100 0.014965155
7200 0.0147254355
7300 0.0032947864
7400 0.013641546
7500 0.009573004
7600 0.03099165
7700 0.0036461337
7800 0.02711099
7900 0.024251156
8000 0.002036831
8100 0.017140124
8200 0.0065418063
8300 0.0033013977
8400 0.0033201103
8500 0.0038955265
8600 0.0104097985
8700 0.028698325
8800 0.00608844
8900 0.004860918
9000 0.0065695713
9100 0.010317909
9200 0.0022855229
9300 0.0003590012
9400 0.013870936
9500 0.00018527324
9600 0.0041199285
9700 0.0025550784
9800 0.003040758
9900 0.012613569
10000 0.0023893758
10100 0.0031105143
10200 0.006495936
10300 0.01749612
10400 0.0009407118
10500 0.0043457286
10600 0.004976021
10700 0.0051774457
10800 0.0019602352
10900 0.0149685005
11000 0.0025154063
11100 0.00042758195
11200 0.016124235
11300 0.0017354868
11400 0.0032793696
11500 0.013852606
11600 0.020212812
11700 0.0007133113
11800 0.0020292276
11900 0.0026678161
12000 0.0047100396
12100 0.00095673534
12200 0.0035342115
12300 0.0018111606
12400 0.0025350426
12500 0.003617133
12600 0.0035506648
12700 0.0017602557
12800 0.005938106
12900 0.002304565
13000 0.0023485152
13100 0.0021137814
13200 0.001408211
13300 0.0016721594
13400 0.0209736
13500 0.0015479286
13600 0.0014134396
13700 0.0014527433
13800 0.00634742
13900 0.0004448759
14000 0.00033871838
14100 0.0012264049
14200 0.00041788124
14300 0.0058461283
14400 0.0032532602
14500 0.0052409437
14600 0.003280397
14700 0.00046436844
14800 0.007930428
14900 0.004116675
15000 0.0130310245
15100 0.0055562486
15200 0.009921531
15300 0.005125622
15400 0.0023378674
15500 0.00576012
15600 0.0014015822
15700 0.0005289027
15800 0.0011328635
15900 0.0014681409
16000 0.023542222
16100 0.002809761
16200 0.0010881287
