0 5.963146
100 0.48659956
200 0.49071878
300 0.24755031
400 0.10132873
500 0.32545522
600 0.063047916
700 0.18300812
800 0.21020494
900 0.020534482
1000 0.08095178
1100 0.3128155
1200 0.15441518
1300 0.024409957
1400 0.074920595
1500 0.067505084
1600 0.05007239
1700 0.14245199
1800 0.22794034
1900 0.07188904
2000 0.030760862
2100 0.14650752
2200 0.045630276
2300 0.05952952
2400 0.1354785
2500 0.084130056
2600 0.043067902
2700 0.011052893
2800 0.012386631
2900 0.18933535
3000 0.0442022
3100 0.096774966
3200 0.011483155
3300 0.015494809
3400 0.068403006
3500 0.17320088
3600 0.056497455
3700 0.0018200562
3800 0.021533612
3900 0.0487905
4000 0.056895413
4100 0.008991217
4200 0.013394751
4300 0.04034846
4400 0.020062298
4500 0.0057668854
4600 0.008559884
4700 0.007835355
4800 0.0060348646
4900 0.07112477
5000 0.0032420906
5100 0.011858866
5200 0.006918083
5300 0.02253087
5400 0.12253946
5500 0.0024273389
5600 0.08581532
5700 0.040587243
5800 0.08571051
5900 0.023918698
6000 0.0019142806
6100 0.0019679882
6200 0.06539167
6300 0.0057175616
6400 0.00030474918
6500 0.008654481
6600 0.04792027
6700 0.0007481316
6800 0.02172757
6900 0.0065741735
7000 0.006347508
7100 0.010373055
7200 0.010206894
7300 0.002283772
7400 0.009455599
7500 0.0066355006
7600 0.021481775
7700 0.0025273073
7800 0.018791907
7900 0.01680962
8000 0.0014118237
8100 0.011880629
8200 0.0045344345
8300 0.0022883546
8400 0.002301325
8500 0.0027001733
8600 0.0072155227
8700 0.019892164
8800 0.004220185
8900 0.0033693316
9000 0.00455368
9100 0.007151829
9200 0.0015842038
9300 0.00024884066
9400 0.0096146
9500 0.00012842163
9600 0.0028557167
9700 0.0017710454
9800 0.0021076929
9900 0.00874306
10000 0.0016561891
10100 0.0021560441
10200 0.0045026396
10300 0.012127386
10400 0.00065205176
10500 0.0030122295
10600 0.003449115
10700 0.0035887319
10800 0.0013587314
10900 0.010375374
11000 0.0017435468
11100 0.00029637723
11200 0.011176469
11300 0.0012029478
11400 0.0022730858
11500 0.009601895
11600 0.0140104545
11700 0.0004944297
11800 0.0014065534
11900 0.0018491893
12000 0.0032647506
12100 0.0006631584
12200 0.0024497288
12300 0.0012554008
12400 0.0017571576
12500 0.0025072056
12600 0.0024611333
12700 0.0012201163
12800 0.0041159815
12900 0.0015974027
13000 0.0016278666
13100 0.0014651617
13200 0.0009760975
13300 0.0011590526
13400 0.014537792
13500 0.0010729423
13600 0.0009797217
13700 0.001006965
13800 0.0043996964
13900 0.00030836448
14000 0.00023478169
14100 0.0008500791
14200 0.0002896532
14300 0.0040522274
14400 0.002254988
14500 0.0036327452
14600 0.002273798
14700 0.00032187568
14800 0.0054969536
14900 0.0028534615
15000 0.009032418
15100 0.003851298
15200 0.0068770815
15300 0.0035528103
15400 0.0016204863
15500 0.003992611
15600 0.0009715027
15700 0.0003666074
15800 0.00078524114
15900 0.0010176377
16000 0.016318224
16100 0.001947578
16200 0.00075423333
