0 2.7393045
100 1.5288866
200 1.2712257
300 1.3354744
400 1.2873538
500 1.2666396
600 1.199395
700 1.2154465
800 1.174608
900 1.0902743
1000 1.1272783
1100 1.2261999
1200 1.0884168
1300 1.1221393
1400 1.2654641
1500 1.2148583
1600 1.1900572
1700 1.1164358
1800 1.0807999
1900 1.1966538
2000 1.1343923
2100 1.1759512
2200 1.1258464
2300 1.0609775
2400 1.1413
2500 1.1058075
2600 1.1384209
2700 1.0599986
2800 1.0629497
2900 1.1395776
3000 1.1465658
3100 1.1343646
3200 1.054181
3300 1.0597637
3400 1.1035352
3500 1.0655123
3600 1.118706
3700 1.0129175
3800 1.0874214
3900 1.114684
4000 1.0752516
4100 1.0437233
4200 1.0606728
4300 1.1578596
4400 1.0732176
4500 1.0307735
4600 1.0344768
4700 1.0345566
4800 1.0350811
4900 1.0915155
5000 1.0199296
5100 1.0578946
5200 1.0307276
5300 1.0738251
5400 1.0978901
5500 1.016051
5600 1.1559508
5700 1.0404866
5800 1.0561708
5900 1.0528412
6000 1.0095692
6100 1.0128791
6200 1.0952362
6300 1.0270462
6400 1.0024316
6500 1.038115
6600 1.1377659
6700 1.0055181
6800 1.1026912
6900 1.0301087
7000 1.0341458
7100 1.0532179
7200 1.0422678
7300 1.0149673
7400 1.0423896
7500 1.0292974
7600 1.0612853
7700 1.0150533
7800 1.079638
7900 1.0736094
8000 1.0094713
8100 1.0406392
8200 1.0235995
8300 1.013391
8400 1.0129907
8500 1.0160029
8600 1.0341594
8700 1.0679897
8800 1.0240471
8900 1.0185593
9000 1.0225003
9100 1.0340831
9200 1.0094724
9300 1.0022016
9400 1.0448217
9500 1.0011894
9600 1.0155699
9700 1.0110492
9800 1.0115417
9900 1.0330577
10000 1.0104222
10100 1.0119883
10200 1.0232937
10300 1.0558954
10400 1.0047915
10500 1.0170755
10600 1.0201888
10700 1.0196005
10800 1.0088615
10900 1.0327101
11000 1.0108631
11100 1.0023563
11200 1.0439849
11300 1.0083027
11400 1.0135031
11500 1.0410054
11600 1.0553641
11700 1.0038859
11800 1.0093626
11900 1.008955
12000 1.0175493
12100 1.0052277
12200 1.0120723
12300 1.0081507
12400 1.0120819
12500 1.0159936
12600 1.0130981
12700 1.0078357
12800 1.0216049
12900 1.0098007
13000 1.0102239
13100 1.0091696
13200 1.0059812
13300 1.0067837
13400 1.065586
13500 1.0073199
13600 1.0068755
13700 1.0063539
13800 1.0249007
13900 1.0022335
14000 1.0019073
14100 1.0061071
14200 1.0022135
14300 1.0214294
14400 1.012728
14500 1.0178074
14600 1.011545
14700 1.0025526
14800 1.0235962
14900 1.0154724
15000 1.041667
15100 1.0215776
15200 1.0345592
15300 1.0202287
15400 1.0099756
15500 1.0194557
15600 1.0068803
15700 1.0029777
15800 1.0057148
15900 1.006604
16000 1.0510217
16100 1.0106905
16200 1.0048563
