0 3.2971706
100 2.163953
200 2.0021713
300 1.7379094
400 1.7564576
500 1.6421701
600 1.5852118
700 1.7231501
800 1.7724606
900 1.7505654
1000 1.6607263
1100 1.8270553
1200 1.7320948
1300 1.7914132
1400 1.6152198
1500 1.5841721
1600 1.6684229
1700 1.7425605
1800 1.6083195
1900 1.5399218
2000 1.574285
2100 1.6571627
2200 1.6469547
2300 1.4802294
2400 1.5300038
2500 1.7981848
2600 1.6411678
2700 1.54599
2800 1.6024562
2900 1.459704
3000 1.6149745
3100 1.6812335
3200 1.6201072
3300 1.3565744
3400 1.5956632
3500 1.6355448
3600 1.6627703
3700 1.5416224
3800 1.6670632
3900 1.7294025
4000 1.5446844
4100 1.5743035
4200 1.4661869
4300 1.3713334
4400 1.5358447
4500 1.5617219
4600 1.3579284
4700 1.4360136
4800 1.3046727
4900 1.465421
5000 1.2959898
5100 1.598908
5200 1.7599341
5300 1.6484649
5400 1.5080472
5500 1.3502102
5600 1.5183336
5700 1.4470618
5800 1.5948423
5900 1.5822151
6000 1.6848099
6100 1.6287587
6200 1.5423926
6300 1.5743499
6400 1.640381
6500 1.5413653
6600 1.3210573
6700 1.4533669
6800 1.6322933
6900 1.4226127
7000 1.663167
7100 1.5068204
7200 1.5214899
7300 1.5726739
7400 1.6070465
7500 1.5690371
7600 1.74465
7700 1.3923284
7800 1.4010777
7900 1.5100843
8000 1.3960804
8100 1.499917
8200 1.5062861
8300 1.4685209
8400 1.3843535
8500 1.5962769
8600 1.4470766
8700 1.4963417
8800 1.7330981
8900 1.6324694
9000 1.507788
9100 1.5245444
9200 1.5570382
9300 1.5707871
9400 1.7183305
9500 1.5333885
9600 1.3900697
9700 1.378826
9800 1.5441352
9900 1.6173793
10000 1.5586143
10100 1.501381
10200 1.3346429
10300 1.3254361
10400 1.4913107
10500 1.6849595
10600 1.5410782
10700 1.608652
10800 1.304743
10900 1.4588318
11000 1.4410629
11100 1.5447638
11200 1.5114489
11300 1.6930757
11400 1.6429052
11500 1.6244107
11600 1.5136343
11700 1.5608817
11800 1.6793013
11900 1.5381703
12000 1.508028
12100 1.5472466
12200 1.551656
12300 1.5012379
12400 1.5627933
12500 1.6997291
12600 1.5772207
12700 1.4205507
12800 1.6305128
12900 1.6606997
13000 1.6873478
13100 1.589775
13200 1.3901535
13300 1.7382058
13400 1.5957899
13500 1.50969
13600 1.5491539
13700 1.5729038
13800 1.6235106
13900 1.6299989
14000 1.4795713
14100 1.5099128
14200 1.6551269
14300 1.4462792
14400 1.5897763
14500 1.7276028
14600 1.5685207
14700 1.4694438
14800 1.4194491
14900 1.4815819
15000 1.5580295
15100 1.5624623
15200 1.2921352
15300 1.4804757
15400 1.558793
15500 1.6848975
15600 1.5218332
15700 1.474141
15800 1.7491876
15900 1.6667101
16000 1.3976686
16100 1.4884996
16200 1.594063
16300 1.9259664
16400 1.5778142
16500 1.522172
16600 1.4368417
16700 1.6089716
16800 1.4666305
16900 1.6796055
17000 1.5070213
17100 1.5291253
17200 1.539461
17300 1.5312756
17400 1.5025053
17500 1.3710552
17600 1.2919725
