0 0.0625
100 0.375
200 0.375
300 0.4375
400 0.34375
500 0.34375
600 0.40625
700 0.46875
800 0.3125
900 0.4375
1000 0.5
1100 0.46875
1200 0.34375
1300 0.625
1400 0.46875
1500 0.40625
1600 0.46875
1700 0.5
1800 0.5625
1900 0.65625
2000 0.4375
2100 0.625
2200 0.46875
2300 0.46875
2400 0.5
2500 0.375
2600 0.46875
2700 0.375
2800 0.5
2900 0.53125
3000 0.59375
3100 0.59375
3200 0.5
3300 0.65625
3400 0.4375
3500 0.59375
3600 0.625
3700 0.5625
3800 0.46875
3900 0.3125
4000 0.46875
4100 0.53125
4200 0.53125
4300 0.4375
4400 0.59375
4500 0.5
4600 0.59375
4700 0.625
4800 0.625
4900 0.65625
5000 0.5
5100 0.4375
5200 0.5625
5300 0.59375
5400 0.46875
5500 0.5625
5600 0.59375
5700 0.65625
5800 0.5
5900 0.53125
6000 0.65625
6100 0.625
6200 0.65625
6300 0.53125
6400 0.625
6500 0.65625
6600 0.5
6700 0.5625
6800 0.6875
6900 0.6875
7000 0.75
7100 0.6875
7200 0.59375
7300 0.625
7400 0.65625
7500 0.6875
7600 0.5625
7700 0.6875
7800 0.6875
7900 0.6875
8000 0.53125
8100 0.6875
8200 0.59375
8300 0.5
8400 0.53125
8500 0.5
8600 0.5625
8700 0.75
8800 0.8125
8900 0.6875
9000 0.75
9100 0.40625
9200 0.75
9300 0.75
9400 0.71875
9500 0.625
9600 0.8125
9700 0.8125
9800 0.71875
9900 0.71875
10000 0.6875
10100 0.75
10200 0.625
10300 0.625
10400 0.65625
10500 0.65625
10600 0.6875
10700 0.5625
10800 0.6875
10900 0.75
11000 0.53125
11100 0.71875
11200 0.78125
11300 0.71875
11400 0.84375
11500 0.59375
11600 0.71875
11700 0.8125
11800 0.6875
11900 0.78125
12000 0.75
12100 0.71875
12200 0.625
12300 0.71875
12400 0.78125
12500 0.78125
12600 0.625
12700 0.75
12800 0.59375
12900 0.84375
13000 0.6875
13100 0.8125
13200 0.84375
13300 0.75
13400 0.59375
13500 0.59375
13600 0.5625
13700 0.75
13800 0.75
13900 0.78125
14000 0.78125
14100 0.8125
14200 0.75
14300 0.8125
14400 0.78125
14500 0.71875
14600 0.75
14700 0.59375
14800 0.75
14900 0.75
15000 0.78125
15100 0.71875
15200 0.8125
15300 0.65625
15400 0.71875
15500 0.71875
15600 0.71875
15700 0.78125
15800 0.90625
15900 0.9375
16000 0.78125
16100 0.875
16200 0.84375
16300 0.875
16400 0.8125
16500 0.6875
16600 0.65625
16700 0.84375
16800 0.71875
16900 0.6875
17000 0.84375
17100 0.84375
17200 0.75
17300 0.78125
17400 0.875
17500 0.8125
17600 0.84375
17700 0.90625
17800 0.78125
17900 0.59375
18000 0.875
18100 0.75
18200 0.78125
18300 0.65625
18400 0.78125
18500 0.71875
18600 0.84375
18700 0.875
18800 0.78125
18900 0.875
19000 0.8125
19100 0.84375
19200 0.78125
19300 0.75
19400 0.78125
19500 0.78125
19600 0.75
19700 0.65625
19800 0.6875
19900 0.84375
20000 0.84375
20100 0.6875
20200 0.6875
20300 0.625
20400 0.75
20500 0.90625
20600 0.84375
20700 0.78125
20800 0.75
20900 0.78125
21000 0.8125
21100 0.71875
21200 0.75
21300 0.8125
21400 0.75
21500 0.875
21600 0.78125
21700 0.71875
21800 0.75
21900 0.84375
22000 0.78125
22100 0.6875
22200 0.8125
22300 0.78125
22400 0.78125
22500 0.71875
22600 0.78125
22700 0.6875
22800 0.6875
22900 0.84375
23000 0.78125
23100 0.6875
23200 0.6875
23300 0.8125
23400 0.71875
23500 0.65625
23600 0.875
23700 0.78125
23800 0.875
23900 0.75
24000 0.8125
24100 0.8125
24200 0.8125
24300 0.84375
24400 0.84375
24500 0.75
24600 0.90625
24700 0.875
24800 0.78125
24900 0.71875
25000 0.78125
25100 0.78125
25200 0.8125
25300 0.875
