0 3.32077
100 2.57473
200 2.73943
300 2.2771
400 2.74358
500 2.62576
600 2.42068
700 2.60235
800 2.74518
900 2.19462
1000 2.07681
1100 2.41892
1200 2.12732
1300 2.05403
1400 1.88632
1500 2.33468
1600 1.86973
1700 2.242
1800 1.93888
1900 1.84787
2000 2.44712
2100 1.60787
2200 2.41716
2300 1.80886
2400 2.70235
2500 2.02444
2600 1.81747
2700 2.50748
2800 1.83985
2900 1.98818
3000 1.93655
3100 1.6769
3200 1.99453
3300 1.77544
3400 2.2215
3500 1.77067
3600 1.41968
3700 1.98896
3800 2.25224
3900 2.76058
4000 2.10665
4100 2.0692
4200 1.81028
4300 2.48261
4400 1.85909
4500 2.13002
4600 1.98662
4700 1.41652
4800 1.48804
4900 1.48484
5000 2.5101
5100 2.57681
5200 1.55386
5300 2.20633
5400 2.37586
5500 1.89294
5600 1.55065
5700 1.58491
5800 2.33653
5900 1.425
6000 1.41349
6100 1.89375
6200 1.31126
6300 1.4273
6400 1.96947
6500 1.45963
6600 1.83051
6700 2.19126
6800 1.23735
6900 1.38757
7000 1.18575
7100 1.16401
7200 1.57465
7300 1.60056
7400 2.17923
7500 1.29268
7600 1.80759
7700 1.32152
7800 1.47064
7900 1.34495
8000 1.57287
8100 1.24138
8200 1.364
8300 1.95434
8400 1.64478
8500 1.2789
8600 1.69972
8700 1.19691
8800 1.1455
8900 1.28253
9000 1.17569
9100 2.37774
9200 1.2593
9300 1.33183
9400 1.2191
9500 1.63566
9600 1.05201
9700 0.989644
9800 1.24319
9900 1.49361
10000 1.2373
10100 1.12161
10200 1.31978
10300 1.32572
10400 1.4725
10500 1.32874
10600 1.70285
10700 1.91054
10800 0.949732
10900 1.13533
11000 1.55133
11100 1.5049
11200 1.09157
11300 1.11207
11400 0.886856
11500 1.90848
11600 1.1117
11700 0.97245
11800 1.29963
11900 1.11278
12000 1.00839
12100 1.07446
12200 1.48229
12300 1.15818
12400 1.06081
12500 0.794302
12600 1.20674
12700 1.06113
12800 1.17691
12900 1.03046
13000 1.24209
13100 0.886624
13200 1.17825
13300 1.28841
13400 1.3938
13500 1.12361
13600 1.5219
13700 1.30856
13800 1.16171
13900 1.21506
14000 0.84266
14100 0.843175
14200 1.18554
14300 1.06039
14400 0.964202
14500 1.24655
14600 1.06579
14700 1.46259
14800 1.28091
14900 1.21565
15000 0.961357
15100 1.35367
15200 0.907091
15300 1.1801
15400 1.33128
15500 1.11427
15600 1.05009
15700 0.964608
15800 0.527924
15900 0.758997
16000 1.1234
16100 1.02622
16200 0.991241
16300 0.788847
16400 0.824083
16500 0.968478
16600 1.41805
16700 0.77559
16800 1.12389
16900 1.26237
17000 0.788706
17100 0.769127
17200 1.32621
17300 0.889681
17400 0.703383
17500 0.805857
17600 0.969107
17700 0.813009
17800 1.0204
17900 1.10155
18000 0.681518
18100 1.1836
18200 0.997326
18300 1.23903
18400 0.928123
18500 1.46544
18600 0.93465
18700 0.743508
18800 0.942616
18900 0.729186
19000 0.923859
19100 0.853237
19200 1.10101
19300 1.32479
19400 0.945579
19500 1.10648
19600 1.13461
19700 1.57564
19800 1.04257
19900 1.0373
20000 0.914171
20100 0.972457
20200 1.2694
20300 1.37477
20400 1.13478
20500 0.657825
20600 0.836994
20700 1.14666
20800 0.952174
20900 1.14736
21000 0.865775
21100 1.03528
21200 1.16797
21300 0.939799
21400 0.951908
21500 0.594394
21600 0.880156
21700 0.861128
21800 1.11999
21900 0.976003
22000 1.21964
22100 1.37957
22200 0.779074
22300 0.900766
22400 1.23564
22500 1.07247
22600 0.938974
22700 1.06572
22800 1.31318
22900 1.24503
23000 0.947172
23100 1.03664
23200 1.04272
23300 0.926827
23400 1.14886
23500 1.69633
23600 0.961888
23700 0.866394
23800 0.792678
23900 0.975626
24000 0.906383
24100 1.02063
24200 0.857066
24300 1.03422
24400 0.917794
24500 1.28067
24600 0.933458
24700 0.788182
24800 1.33514
24900 1.2825
25000 0.927468
25100 0.877744
25200 0.837399
25300 0.782914
