0 2.30178
100 1.78467
200 1.89883
300 1.57837
400 1.90171
500 1.82004
600 1.67789
700 1.80381
800 1.90282
900 1.52119
1000 1.43953
1100 1.67667
1200 1.47454
1300 1.42374
1400 1.3075
1500 1.61828
1600 1.296
1700 1.55404
1800 1.34393
1900 1.28084
2000 1.69622
2100 1.11449
2200 1.67545
2300 1.25381
2400 1.87313
2500 1.40324
2600 1.25978
2700 1.73805
2800 1.27529
2900 1.3781
3000 1.34231
3100 1.16234
3200 1.38251
3300 1.23064
3400 1.53983
3500 1.22733
3600 0.984048
3700 1.37864
3800 1.56113
3900 1.91349
4000 1.46022
4100 1.43426
4200 1.25479
4300 1.72081
4400 1.28863
4500 1.47642
4600 1.37702
4700 0.981856
4800 1.03143
4900 1.02921
5000 1.73987
5100 1.78611
5200 1.07705
5300 1.52931
5400 1.64682
5500 1.31209
5600 1.07483
5700 1.09858
5800 1.61956
5900 0.987737
6000 0.979756
6100 1.31265
6200 0.908899
6300 0.989326
6400 1.36513
6500 1.01174
6600 1.26881
6700 1.51886
6800 0.857663
6900 0.961787
7000 0.8219
7100 0.806828
7200 1.09146
7300 1.10943
7400 1.51053
7500 0.896019
7600 1.25293
7700 0.916009
7800 1.01937
7900 0.932247
8000 1.09023
8100 0.860459
8200 0.945455
8300 1.35465
8400 1.14008
8500 0.886463
8600 1.17816
8700 0.829633
8800 0.794
8900 0.888984
9000 0.814927
9100 1.64813
9200 0.872879
9300 0.923152
9400 0.845017
9500 1.13375
9600 0.729198
9700 0.685969
9800 0.861712
9900 1.03529
10000 0.857633
10100 0.777438
10200 0.914804
10300 0.918918
10400 1.02066
10500 0.921013
10600 1.18033
10700 1.32428
10800 0.658304
10900 0.786949
11000 1.0753
11100 1.04312
11200 0.756617
11300 0.770831
11400 0.614722
11500 1.32285
11600 0.770573
11700 0.674051
11800 0.900834
11900 0.771323
12000 0.69896
12100 0.744756
12200 1.02745
12300 0.802788
12400 0.735295
12500 0.550568
12600 0.836448
12700 0.735522
12800 0.815774
12900 0.714258
13000 0.860953
13100 0.614561
13200 0.816697
13300 0.893061
13400 0.966107
13500 0.778828
13600 1.0549
13700 0.907021
13800 0.805239
13900 0.842213
14000 0.584088
14100 0.584444
14200 0.821751
14300 0.735006
14400 0.668334
14500 0.864045
14600 0.738747
14700 1.01379
14800 0.887859
14900 0.842622
15000 0.666362
15100 0.938289
15200 0.628747
15300 0.817981
15400 0.922773
15500 0.772353
15600 0.727864
15700 0.668615
15800 0.365929
15900 0.526097
16000 0.77868
16100 0.711319
16200 0.687076
16300 0.546787
16400 0.571211
16500 0.671298
16600 0.982919
16700 0.537598
16800 0.779023
16900 0.875008
17000 0.54669
17100 0.533118
17200 0.919256
17300 0.61668
17400 0.487548
17500 0.558578
17600 0.671734
17700 0.563535
17800 0.707287
17900 0.763538
18000 0.472392
18100 0.82041
18200 0.691294
18300 0.858832
18400 0.643326
18500 1.01577
18600 0.64785
18700 0.51536
18800 0.653372
18900 0.505434
19000 0.64037
19100 0.591419
19200 0.763165
19300 0.918276
19400 0.655425
19500 0.766955
19600 0.786451
19700 1.09215
19800 0.722657
19900 0.719004
20000 0.633655
20100 0.674056
20200 0.87988
20300 0.952914
20400 0.78657
20500 0.45597
20600 0.58016
20700 0.794804
20800 0.659997
20900 0.795292
21000 0.600109
21100 0.7176
21200 0.809575
21300 0.651419
21400 0.659813
21500 0.412002
21600 0.610078
21700 0.596888
21800 0.776319
21900 0.676514
22000 0.845389
22100 0.956245
22200 0.540013
22300 0.624364
22400 0.856482
22500 0.743377
22600 0.650847
22700 0.738702
22800 0.910225
22900 0.862992
23000 0.656529
23100 0.718546
23200 0.722761
23300 0.642427
23400 0.796331
23500 1.17581
23600 0.66673
23700 0.600538
23800 0.549443
23900 0.676252
24000 0.628257
24100 0.707448
24200 0.594073
24300 0.716867
24400 0.636167
24500 0.887695
24600 0.647024
24700 0.546326
24800 0.92545
24900 0.888963
25000 0.642872
25100 0.608406
25200 0.580441
25300 0.542674
