0 9.9962
100 6.98684
200 5.48036
300 5.42009
400 5.6124
500 4.9632
600 5.26123
700 5.04245
800 4.97461
900 4.43257
1000 4.90952
1100 5.29007
1200 4.73241
1300 4.40184
1400 4.41046
1500 4.38228
1600 4.24023
1700 4.85735
1800 4.90944
1900 4.77035
2000 4.22515
2100 4.4707
2200 4.16729
2300 4.11414
2400 3.57244
2500 3.96066
2600 3.68611
2700 4.12496
2800 3.86392
2900 3.57687
3000 3.45734
3100 3.71021
3200 4.218
3300 3.61777
3400 4.20162
3500 3.18034
3600 3.97425
3700 3.10318
3800 3.62645
3900 4.24859
4000 3.87787
4100 3.64265
4200 3.61147
4300 3.83774
4400 4.1209
4500 3.58023
4600 3.36059
4700 3.48324
4800 3.50374
4900 3.26019
5000 3.65694
5100 3.65135
5200 3.3929
5300 3.79318
5400 3.63892
5500 2.91165
5600 3.6173
5700 3.77605
5800 3.96601
5900 3.16762
6000 3.80036
6100 3.82846
6200 3.06007
6300 3.93142
6400 3.26401
6500 3.02434
6600 3.49969
6700 3.53218
6800 3.30663
6900 3.58349
7000 3.19665
7100 3.12816
7200 3.30498
7300 3.85489
7400 3.89861
7500 3.14607
7600 3.89431
7700 2.87843
7800 3.46632
7900 3.31399
8000 3.40828
8100 3.2046
8200 2.92711
8300 3.36382
8400 3.81753
8500 3.54352
8600 3.83616
8700 3.2647
8800 2.87258
8900 3.18916
9000 3.11605
9100 3.32428
9200 3.30918
9300 3.41708
9400 2.6658
9500 3.20425
9600 2.67273
9700 2.78295
9800 2.9835
9900 3.16768
10000 2.63407
10100 3.15443
10200 3.06734
10300 2.84114
10400 3.57346
10500 3.17249
10600 3.01807
10700 3.72789
10800 2.99288
10900 2.92724
11000 3.44438
11100 3.36364
11200 3.16331
11300 3.04181
11400 2.74132
11500 3.37557
11600 2.98844
11700 2.72177
11800 2.8865
11900 3.02042
12000 3.17343
12100 2.80938
12200 3.09385
12300 3.20442
12400 3.04953
12500 2.67994
12600 3.34208
12700 3.13988
12800 3.08204
12900 2.40638
13000 2.97311
13100 3.18195
13200 3.24598
13300 2.81471
13400 3.2662
13500 2.94924
13600 3.49067
13700 3.30819
13800 2.98559
13900 2.78173
14000 2.84201
14100 3.03811
14200 3.11967
14300 3.02973
14400 2.86515
14500 3.06598
14600 2.9986
14700 3.15697
14800 3.43452
14900 2.82011
15000 3.00349
15100 3.20521
15200 2.77532
15300 2.93178
15400 3.42904
15500 3.0445
15600 2.66391
15700 3.31936
15800 2.44258
15900 2.18738
16000 3.06233
16100 2.71014
16200 3.28193
16300 2.81807
16400 2.41243
16500 2.75624
16600 2.93019
16700 2.27353
16800 2.82379
16900 2.73063
17000 2.90165
17100 2.7351
17200 3.0404
17300 2.56454
17400 2.39271
17500 2.50916
17600 3.00809
17700 2.32318
17800 2.92358
17900 3.28756
18000 2.30547
18100 3.06729
18200 2.66727
18300 2.88875
18400 2.83096
18500 2.97899
18600 2.92813
18700 2.97751
18800 2.75725
18900 2.831
19000 2.95254
19100 2.79865
19200 3.37954
19300 3.07002
19400 2.50996
19500 3.302
19600 3.02601
19700 2.85163
19800 2.631
19900 2.94148
20000 3.11123
20100 3.08747
20200 3.29351
20300 3.43748
20400 3.01896
20500 2.42231
20600 2.53613
20700 2.88986
20800 2.42993
20900 2.48698
21000 2.60492
21100 2.52154
21200 2.60177
21300 2.78028
21400 2.81475
21500 2.4168
21600 2.848
21700 2.78218
21800 2.91255
21900 2.98833
22000 3.26128
22100 2.71878
22200 2.79512
22300 2.88333
22400 2.92183
22500 2.91133
22600 2.89573
22700 2.75507
22800 3.11408
22900 2.60685
23000 3.11625
23100 2.47651
23200 2.88681
23300 3.27632
23400 3.30171
23500 2.97434
23600 2.46877
23700 2.86057
23800 2.69542
23900 2.49421
24000 2.83844
24100 3.40219
24200 2.52573
24300 3.05819
24400 2.59527
24500 3.57873
24600 3.11515
24700 2.96852
24800 3.19511
24900 2.90862
25000 2.81715
25100 2.86826
25200 2.67773
25300 2.67999
