0 6.913354
100 0.27523383
200 0.20610222
300 0.10497933
400 0.1571369
500 0.14678715
600 0.07822508
700 0.39240757
800 0.22910796
900 0.025195235
1000 0.3461152
1100 0.12356433
1200 0.117017984
1300 0.35627434
1400 0.12149823
1500 0.21255602
1600 0.009687291
1700 0.1015155
1800 0.11103314
1900 0.083380744
2000 0.022286968
2100 0.025021277
2200 0.01517512
2300 0.12254535
2400 0.026240554
2500 0.008472137
2600 0.19702868
2700 0.050225567
2800 0.026748
2900 0.015897222
3000 0.011850366
3100 0.16402423
3200 0.028709723
3300 0.42083395
3400 0.015269498
3500 0.011516047
3600 0.008309164
3700 0.10781069
3800 0.009279426
3900 0.07647722
4000 0.021774063
4100 0.09572331
4200 0.032060042
4300 0.019459764
4400 0.39931792
4500 0.009487353
4600 0.028983768
4700 0.022897916
4800 0.013788486
4900 0.10636891
5000 0.09821998
5100 0.0076771886
5200 0.027100733
5300 0.008119778
5400 0.028844493
5500 0.005686038
5600 0.3061204
5700 0.019776799
5800 0.014910989
5900 0.07617447
6000 0.005052845
6100 0.03748433
6200 0.026193852
6300 0.016504873
6400 0.0024173737
6500 0.055413637
6600 0.09222891
6700 0.02652411
6800 0.18605714
6900 0.013961695
7000 0.0026724879
7100 0.007510048
7200 0.0013213946
7300 0.03744657
7400 0.03841845
7500 0.0012545998
7600 0.014307434
7700 0.0005627371
7800 0.010227509
7900 0.013274598
8000 0.056661393
8100 0.022343691
8200 0.03365036
8300 0.014056322
8400 0.010356727
8500 0.027410014
8600 0.0061348006
8700 0.011330715
8800 0.04010531
8900 0.012928647
9000 0.008546094
9100 0.001373154
9200 0.016512275
9300 0.0037401977
9400 0.0057551004
9500 0.018676892
9600 0.0060117757
9700 0.02430626
9800 0.002827899
9900 0.006455487
10000 0.004141884
10100 0.07171667
10200 0.0056013823
10300 0.0034285951
10400 0.0058562476
10500 0.0067385416
10600 0.0006921297
10700 0.00446531
10800 0.0033933735
10900 0.0025766606
11000 0.0025892071
11100 0.0012430088
11200 0.0010494081
11300 0.002100842
11400 0.0012935083
11500 0.004145152
11600 0.0031930998
11700 0.00866451
11800 0.006169663
11900 0.006502703
12000 0.0075417724
12100 0.0027301267
12200 0.0014540898
12300 0.010492054
12400 0.005000255
12500 0.012558477
12600 0.0063777706
12700 0.0011063003
12800 0.00034964283
12900 0.0033472066
13000 0.0027315598
13100 0.0042281915
13200 0.003415754
13300 0.005258883
13400 0.0016997453
13500 0.0003474372
13600 0.007473784
13700 0.0012579568
13800 0.0065899068
13900 0.0031445394
14000 0.008802754
14100 0.00096277834
14200 0.003100928
14300 0.003533365
14400 0.0032593762
14500 0.017040228
14600 0.00018230303
14700 0.0008037679
14800 0.0011906967
14900 0.005995538
15000 0.0055234185
15100 0.0046537714
15200 0.0011736595
15300 0.0076793362
15400 0.0054075234
15500 0.001077104
15600 0.0006297282
15700 0.005155323
15800 0.004845024
15900 0.004854739
16000 0.012305485
16100 0.0075563374
16200 0.012193733
16300 0.0015386433
16400 0.004989057
16500 0.00032460396
16600 0.000299111
16700 0.002865988
16800 0.010846815
16900 0.0004627363
17000 0.0040577874
17100 0.0053171893
17200 0.0060348045
17300 0.008910478
17400 0.0035025799
17500 0.00020767601
17600 0.0040172823
17700 0.0006776145
17800 0.0003252169
17900 0.0013362165
18000 0.002215259
18100 0.00021515584
18200 0.0023661808
18300 0.001289411
18400 0.0018191384
18500 0.0026256323
18600 0.006620377
18700 0.0054680347
18800 0.0014100457
18900 0.0038073426
19000 0.0009294896
19100 0.0007423498
19200 0.0036891561
19300 0.00056639954
19400 9.65356e-05
19500 0.0010939363
19600 0.0027435152
19700 0.003872324
19800 0.0025302342
19900 0.0047780676
20000 0.0010006569
