0 4.7919717
100 0.19077756
200 0.14285918
300 0.072766125
400 0.108919
500 0.1017451
600 0.054221496
700 0.2719962
800 0.15880553
900 0.017464006
1000 0.23990878
1100 0.08564827
1200 0.081110686
1300 0.24695055
1400 0.084216155
1500 0.14733261
1600 0.006714719
1700 0.07036518
1800 0.07696231
1900 0.05779513
2000 0.015448149
2100 0.017343428
2200 0.010518592
2300 0.08494196
2400 0.018188566
2500 0.005872438
2600 0.13656987
2700 0.03481371
2800 0.0185403
2900 0.011019114
3000 0.008214048
3100 0.11369293
3200 0.019900063
3300 0.29169986
3400 0.01058401
3500 0.0079823155
3600 0.005759474
3700 0.074728675
3800 0.006432008
3900 0.053009972
4000 0.01509263
4100 0.06635034
4200 0.022222327
4300 0.013488481
4400 0.2767861
4500 0.006576132
4600 0.020090017
4700 0.015871625
4800 0.00955745
4900 0.07372931
5000 0.0680809
5100 0.0053214217
5200 0.018784797
5300 0.005628201
5400 0.019993478
5500 0.003941261
5600 0.21218649
5700 0.013708233
5800 0.010335511
5900 0.05280012
6000 0.0035023652
6100 0.025982156
6200 0.018156195
6300 0.011440306
6400 0.0016755958
6500 0.038409807
6600 0.06392821
6700 0.018385112
6800 0.12896498
6900 0.00967751
7000 0.0018524274
7100 0.0052055684
7200 0.00091592094
7300 0.025955984
7400 0.02662964
7500 0.00086962234
7600 0.009917158
7700 0.00039005963
7800 0.007089169
7900 0.00920125
8000 0.039274685
8100 0.015487467
8200 0.023324652
8300 0.0097431
8400 0.007178736
8500 0.018999174
8600 0.0042523197
8700 0.0078538535
8800 0.027798882
8900 0.008961455
9000 0.005923701
9100 0.0009517978
9200 0.011445437
9300 0.0025925075
9400 0.0039891317
9500 0.0129458355
9600 0.0041670455
9700 0.016847815
9800 0.0019601502
9900 0.0044746026
10000 0.002870935
10100 0.04971021
10200 0.0038825823
10300 0.002376521
10400 0.0040592416
10500 0.004670801
10600 0.00047974777
10700 0.003095117
10800 0.0023521073
10900 0.001786005
11000 0.0017947017
11100 0.00086158805
11200 0.00072739425
11300 0.0014561927
11400 0.0008965917
11500 0.0028732005
11600 0.002213288
11700 0.006005781
11800 0.0042764843
11900 0.0045073302
12000 0.0052275583
12100 0.0018923796
12200 0.0010078982
12300 0.007272538
12400 0.0034659128
12500 0.008704873
12600 0.0044207335
12700 0.0007668289
12800 0.00024235394
12900 0.0023201068
13000 0.001893373
13100 0.002930759
13200 0.0023676204
13300 0.0036451798
13400 0.0011781737
13500 0.00024082512
13600 0.0051804325
13700 0.00087194925
13800 0.0045677754
13900 0.0021796287
14000 0.006101604
14100 0.0006673471
14200 0.0021493994
14300 0.002449142
14400 0.0022592274
14500 0.011811387
14600 0.00012636284
14700 0.00055712945
14800 0.00082532805
14900 0.0041557904
15000 0.003828542
15100 0.0032257484
15200 0.00081351877
15300 0.0053229104
15400 0.0037482097
15500 0.0007465916
15600 0.00043649433
15700 0.0035733976
15800 0.0033583147
15900 0.0033650487
16000 0.008529512
16100 0.005237654
16200 0.008452051
16300 0.0010665063
16400 0.0034581507
16500 0.00022499832
16600 0.00020732795
16700 0.0019865516
16800 0.0075184396
16900 0.00032074435
17000 0.002812644
17100 0.0036855948
17200 0.004183008
17300 0.006176273
17400 0.0024278034
17500 0.00014395005
17600 0.002784568
17700 0.00046968655
17800 0.0002254232
17900 0.00092619465
18000 0.0015355005
18100 0.00014913466
18200 0.0016401116
18300 0.00089375157
18400 0.0012609307
18500 0.0018199496
18600 0.0045888955
18700 0.0037901527
18800 0.0009773691
18900 0.0026390487
19000 0.0006442731
19100 0.00051455764
19200 0.0025571282
19300 0.00039259825
19400 6.691338e-05
19500 0.00075825886
19600 0.0019016599
19700 0.0026840905
19800 0.0017538246
19900 0.0033119041
20000 0.0006936025
