0 1.9104278
100 1.2435694
200 1.4552726
300 1.2488995
400 1.4294392
500 1.1223354
600 1.1740053
700 1.219743
800 1.2341285
900 1.088347
1000 1.2491715
1100 1.107835
1200 1.268995
1300 1.256417
1400 1.2412813
1500 1.3098975
1600 1.0376664
1700 1.1469163
1800 1.1088508
1900 1.1900272
2000 1.0799946
2100 1.0982897
2200 1.0529187
2300 1.2975593
2400 1.0818262
2500 1.0309477
2600 1.063422
2700 1.140327
2800 1.0881212
2900 1.05024
3000 1.0426129
3100 1.145175
3200 1.0735548
3300 1.235348
3400 1.0454371
3500 1.041104
3600 1.0328872
3700 1.1779819
3800 1.0327992
3900 1.0887046
4000 1.0763595
4100 1.1028825
4200 1.0917838
4300 1.0561126
4400 1.0713425
4500 1.0370238
4600 1.0843377
4700 1.0692425
4800 1.0415854
4900 1.1526572
5000 1.1900485
5100 1.0300229
5200 1.0859121
5300 1.0299222
5400 1.0760741
5500 1.0204976
5600 1.0335462
5700 1.043875
5800 1.0445364
5900 1.0910938
6000 1.017221
6100 1.0716214
6200 1.0747849
6300 1.0373851
6400 1.0115275
6500 1.1298194
6600 1.0991641
6700 1.073169
6800 1.014507
6900 1.0503604
7000 1.0120758
7100 1.0243285
7200 1.0063741
7300 1.0709338
7400 1.1029586
7500 1.0064087
7600 1.0454242
7700 1.0031004
7800 1.0353492
7900 1.0276034
8000 1.0668788
8100 1.0562677
8200 1.0763657
8300 1.0324416
8400 1.0299295
8500 1.0541313
8600 1.0210943
8700 1.0433979
8800 1.0420713
8900 1.0453675
9000 1.0310599
9100 1.006212
9200 1.0550199
9300 1.0167584
9400 1.0216634
9500 1.033606
9600 1.0197947
9700 1.0576022
9800 1.0113549
9900 1.0232115
10000 1.0153781
10100 1.0426896
10200 1.0230598
10300 1.0143572
10400 1.0183187
10500 1.0244126
10600 1.0039532
10700 1.0147836
10800 1.0130258
10900 1.0113684
11000 1.0111396
11100 1.005872
11200 1.0049212
11300 1.0108001
11400 1.0059762
11500 1.0157609
11600 1.0133551
11700 1.0265235
11800 1.0168531
11900 1.0209433
12000 1.0260696
12100 1.0104636
12200 1.00594
12300 1.0387303
12400 1.016645
12500 1.046032
12600 1.0250814
12700 1.0053396
12800 1.0017282
12900 1.0106462
13000 1.0105168
13100 1.0146039
13200 1.0129104
13300 1.020101
13400 1.0070174
13500 1.0020716
13600 1.0245887
13700 1.006464
13800 1.0264833
13900 1.0130433
14000 1.0275273
14100 1.0051236
14200 1.0118256
14300 1.0114532
14400 1.012383
14500 1.0505197
14600 1.0012323
14700 1.0040551
14800 1.005932
14900 1.0219766
15000 1.0206169
15100 1.019446
15200 1.005698
15300 1.0278764
15400 1.0202222
15500 1.0052257
15600 1.0031193
15700 1.0140033
15800 1.0154178
15900 1.0188117
16000 1.041673
16100 1.0189297
16200 1.0288891
16300 1.0063145
16400 1.0198846
16500 1.0019336
16600 1.0017619
16700 1.0127383
16800 1.0382061
16900 1.0024745
17000 1.0167093
17100 1.0194488
17200 1.0223875
17300 1.0318985
17400 1.0134633
17500 1.0012662
17600 1.0163662
17700 1.0030901
17800 1.0018015
17900 1.0061407
18000 1.0096228
18100 1.0013146
18200 1.0094566
18300 1.0064137
18400 1.0079856
18500 1.0102596
18600 1.0239258
18700 1.017746
18800 1.0060561
18900 1.015189
19000 1.0045843
19100 1.003678
19200 1.0120971
19300 1.0029423
19400 1.0006359
19500 1.0052705
19600 1.0116374
19700 1.0156314
19800 1.009425
19900 1.0162356
20000 1.0047779
