0 6.243976
100 0.25630414
200 0.5152298
300 0.24417293
400 0.46398124
500 0.07729224
600 0.27549982
700 0.07634761
800 0.34736675
900 0.093736716
1000 0.44637653
1100 0.34119394
1200 0.032202296
1300 0.18751518
1400 0.015424385
1500 0.5378733
1600 0.53528553
1700 0.3106878
1800 0.55598664
1900 0.14318624
2000 0.055471003
2100 0.022408424
2200 0.048245523
2300 0.19409437
2400 0.14589968
2500 0.11455151
2600 0.104599945
2700 0.15108742
2800 0.022898342
2900 0.019525832
3000 0.0067512407
3100 0.06560153
3200 0.019522188
3300 0.010798751
3400 0.03973657
3500 0.042248517
3600 0.026789334
3700 0.080385886
3800 0.0075952266
3900 0.1940836
4000 0.014196616
4100 0.035904985
4200 0.024433775
4300 0.013900001
4400 0.22866462
4500 0.031560954
4600 0.06558068
4700 0.03710417
4800 0.016319195
4900 0.16086744
5000 0.0065115057
5100 0.09459841
5200 0.04765005
5300 0.021941902
5400 0.012918903
5500 0.06879896
5600 0.17622438
5700 0.0053737094
5800 0.027345685
5900 0.020206561
6000 0.009227161
6100 0.28499362
6200 0.040708408
6300 0.024725376
6400 0.02391249
6500 0.004708504
6600 0.006000808
6700 0.0035581456
6800 0.18779598
6900 0.013070575
7000 0.030579561
7100 0.03529637
7200 0.019350883
7300 0.004658157
7400 0.010304362
7500 0.010850447
7600 0.018797984
7700 0.0070894016
7800 0.04154623
7900 0.0015301412
8000 0.0029230656
8100 0.002927997
8200 0.0013418351
8300 0.07758385
8400 0.11623583
8500 0.003692135
8600 0.01327858
8700 0.0018371262
8800 0.0013375354
8900 0.013811643
9000 0.0076011783
9100 0.0015728398
9200 0.0017300296
9300 0.027131854
9400 0.004159005
9500 0.007298713
9600 0.0057701864
9700 0.036090918
9800 0.020981055
9900 0.0042470456
10000 0.0570649
10100 0.00462708
10200 0.030365504
10300 0.029282115
10400 0.036220077
10500 0.0022232223
10600 0.00038024702
10700 0.005945134
10800 0.0038255716
10900 0.0032836124
11000 0.0043786713
11100 0.009159898
11200 0.01062917
11300 0.002590784
11400 0.013714605
11500 0.0014390592
11600 0.0030466209
11700 0.04601803
11800 0.001186232
11900 0.0036356945
12000 0.0065054535
12100 0.0019874747
12200 0.0038179639
12300 0.0012274986
12400 0.001264043
12500 0.00041916652
12600 0.001362384
12700 0.0012880329
12800 0.00180967
12900 0.0011208808
13000 0.0006728525
13100 0.005114079
13200 0.0044889795
13300 0.0030795648
13400 0.00054999645
13500 0.0019242101
13600 0.006468059
13700 0.00046098387
13800 0.01444931
13900 0.0011417023
14000 0.0023581982
14100 0.0015923472
14200 0.00057851325
14300 0.00078333804
14400 0.006130464
14500 0.004577681
14600 0.0012648136
14700 0.0020548399
14800 0.004947288
14900 0.0015085959
15000 0.007342857
15100 0.00085121806
15200 0.0077303573
15300 0.0017207615
15400 0.0031716567
15500 0.0012787983
