0 4.3279943
100 0.1776565
200 0.35713008
300 0.16924778
400 0.3216073
500 0.053574897
600 0.19096193
700 0.052920133
800 0.24077629
900 0.06497334
1000 0.30940464
1100 0.23649763
1200 0.02232093
1300 0.12997562
1400 0.010691369
1500 0.37282538
1600 0.37103167
1700 0.21535239
1800 0.38538057
1900 0.09924914
2000 0.03844957
2100 0.015532336
2200 0.03344125
2300 0.13453597
2400 0.10112996
2500 0.07940105
2600 0.07250316
2700 0.104725815
2800 0.015871922
2900 0.013534275
3000 0.0046796035
3100 0.04547151
3200 0.01353175
3300 0.007485124
3400 0.027543291
3500 0.02928444
3600 0.018568952
3700 0.05571925
3800 0.00526461
3900 0.1345285
4000 0.009840344
4100 0.024887439
4200 0.016936202
4300 0.009634746
4400 0.15849824
4500 0.021876385
4600 0.045457065
4700 0.025718652
4800 0.011311604
4900 0.111504816
5000 0.004513432
5100 0.06557062
5200 0.0330285
5300 0.015208968
5400 0.008954701
5500 0.047687806
5600 0.12214944
5700 0.0037247716
5800 0.018954584
5900 0.014006121
6000 0.006395781
6100 0.19754252
6200 0.028216917
6300 0.017138325
6400 0.016574875
6500 0.003263686
6600 0.004159443
6700 0.0024663187
6800 0.13017026
6900 0.009059832
7000 0.021196136
7100 0.024465578
7200 0.01341301
7300 0.0032287885
7400 0.007142439
7500 0.007520957
7600 0.01302977
7700 0.004913999
7800 0.028797653
7900 0.0010606131
8000 0.0020261146
8100 0.0020295328
8200 0.0009300892
8300 0.053777028
8400 0.08056854
8500 0.002559193
8600 0.0092040105
8700 0.0012733989
8800 0.0009271089
8900 0.009573502
9000 0.0052687353
9100 0.0010902095
9200 0.0011991651
9300 0.018806368
9400 0.0028828026
9500 0.0050590825
9600 0.0039995885
9700 0.025016317
9800 0.014542959
9900 0.0029438275
10000 0.039554372
10100 0.0032072477
10200 0.021047764
10300 0.020296816
10400 0.025105845
10500 0.0015410202
10600 0.00026356714
10700 0.004120853
10800 0.0026516842
10900 0.0022760266
11000 0.0030350636
11100 0.0063491575
11200 0.007367579
11300 0.0017957947
11400 0.00950624
11500 0.0009974798
11600 0.0021117567
11700 0.03189727
11800 0.0008222334
11900 0.0025200713
12000 0.0045092367
12100 0.0013776126
12200 0.0026464108
12300 0.0008508372
12400 0.00087616785
12500 0.0002905441
12600 0.00094433257
12700 0.0008927963
12800 0.0012543676
12900 0.00077693537
13000 0.00046638583
13100 0.0035448093
13200 0.0031115236
13300 0.0021345916
13400 0.00038122848
13500 0.0013337608
13600 0.004483317
13700 0.00031952967
13800 0.010015498
13900 0.0007913677
14000 0.0016345785
14100 0.001103731
14200 0.00040099485
14300 0.00054296857
14400 0.004249314
14500 0.0031730067
14600 0.00087670196
14700 0.0014243065
14800 0.0034291986
14900 0.001045679
15000 0.0050896807
15100 0.0005900194
15200 0.0053582755
15300 0.001192741
15400 0.002198425
15500 0.00088639546
