0 4.498009
100 1.2027147
200 1.5281448
300 1.3811222
400 1.3653393
500 1.2377086
600 1.292423
700 1.1886953
800 1.3714131
900 1.2464945
1000 1.4151549
1100 1.2738922
1200 1.0963238
1300 1.1111563
1400 1.0627835
1500 1.1506841
1600 1.2014045
1700 1.3264809
1800 1.2834842
1900 1.1639918
2000 1.1119343
2100 1.060205
2200 1.098588
2300 1.0889642
2400 1.2877548
2500 1.1331197
2600 1.1701279
2700 1.1974165
2800 1.0780475
2900 1.0701414
3000 1.0292282
3100 1.1591129
3200 1.0570848
3300 1.0361811
3400 1.0815687
3500 1.1044872
3600 1.0821757
3700 1.0866172
3800 1.0319507
3900 1.0699575
4000 1.045483
4100 1.0715308
4200 1.0801575
4300 1.0572151
4400 1.0634682
4500 1.093314
4600 1.1318116
4700 1.1180282
4800 1.043959
4900 1.1957844
5000 1.0265887
5100 1.082838
5200 1.0983889
5300 1.0584965
5400 1.04979
5500 1.1632383
5600 1.150376
5700 1.0223651
5800 1.0483105
5900 1.0653703
6000 1.0301366
6100 1.1276256
6200 1.0953985
6300 1.0499668
6400 1.0698553
6500 1.0199314
6600 1.0256197
6700 1.0159137
6800 1.1060686
6900 1.0433245
7000 1.0954142
7100 1.0809522
7200 1.0432315
7300 1.0177932
7400 1.031711
7500 1.0401504
7600 1.0579553
7700 1.0238187
7800 1.0770148
7900 1.0079238
8000 1.0125785
8100 1.012781
8200 1.0067654
8300 1.1539822
8400 1.0417831
8500 1.01423
8600 1.0422915
8700 1.0083838
8800 1.0061052
8900 1.0367539
9000 1.0279354
9100 1.0073526
9200 1.0078694
9300 1.0590658
9400 1.0135658
9500 1.0256473
9600 1.0223316
9700 1.0782299
9800 1.0615745
9900 1.0158818
10000 1.0968907
10100 1.0193733
10200 1.0451078
10300 1.0674365
10400 1.0694895
10500 1.0091846
10600 1.0021064
10700 1.021539
10800 1.0148636
10900 1.0141257
11000 1.0178812
11100 1.0288458
11200 1.0385463
11300 1.0105178
11400 1.0359242
11500 1.0069034
11600 1.0125841
11700 1.0419202
11800 1.0051093
11900 1.0127095
12000 1.0258217
12100 1.0087867
12200 1.0168047
12300 1.0055603
12400 1.0053699
12500 1.0021895
12600 1.0058172
12700 1.0061142
12800 1.0071663
12900 1.0047007
13000 1.0033445
13100 1.0188606
13200 1.0187299
13300 1.0136068
13400 1.002912
13500 1.0093181
13600 1.0222409
13700 1.0027194
13800 1.042043
13900 1.0056189
14000 1.0097337
14100 1.0067593
14200 1.0030656
14300 1.0041107
14400 1.0223091
14500 1.0189338
14600 1.0060966
14700 1.0083683
14800 1.0152563
14900 1.0073047
15000 1.0268178
15100 1.0038438
15200 1.0254655
15300 1.00845
15400 1.0124683
15500 1.0053618
