0 0.0625
100 0.375
200 0.375
300 0.4375
400 0.5625
500 0.375
600 0.34375
700 0.46875
800 0.53125
900 0.34375
1000 0.34375
1100 0.46875
1200 0.53125
1300 0.53125
1400 0.28125
1500 0.5625
1600 0.5
1700 0.53125
1800 0.5625
1900 0.5
2000 0.59375
2100 0.5
2200 0.53125
2300 0.34375
2400 0.5625
2500 0.53125
2600 0.5625
2700 0.46875
2800 0.5
2900 0.53125
3000 0.46875
3100 0.625
3200 0.5625
3300 0.34375
3400 0.5625
3500 0.53125
3600 0.46875
3700 0.53125
3800 0.46875
3900 0.46875
4000 0.46875
4100 0.625
4200 0.625
4300 0.4375
4400 0.53125
4500 0.40625
4600 0.5
4700 0.625
4800 0.71875
4900 0.71875
5000 0.78125
5100 0.59375
5200 0.625
5300 0.5625
5400 0.65625
5500 0.53125
5600 0.46875
5700 0.625
5800 0.5
5900 0.53125
6000 0.5625
6100 0.59375
6200 0.75
6300 0.53125
6400 0.71875
6500 0.6875
6600 0.625
6700 0.6875
6800 0.65625
6900 0.6875
7000 0.6875
7100 0.625
7200 0.53125
7300 0.53125
7400 0.71875
7500 0.5625
7600 0.65625
7700 0.71875
7800 0.625
7900 0.625
8000 0.5625
8100 0.625
8200 0.65625
8300 0.625
8400 0.65625
8500 0.71875
8600 0.5625
8700 0.59375
8800 0.65625
8900 0.75
9000 0.6875
9100 0.65625
9200 0.71875
9300 0.6875
9400 0.625
9500 0.65625
9600 0.71875
9700 0.71875
9800 0.5625
9900 0.75
10000 0.65625
10100 0.78125
10200 0.625
10300 0.75
10400 0.59375
10500 0.71875
10600 0.5625
10700 0.78125
10800 0.75
10900 0.8125
11000 0.5625
11100 0.625
11200 0.75
11300 0.8125
11400 0.625
11500 0.78125
11600 0.78125
11700 0.59375
11800 0.6875
11900 0.65625
12000 0.75
12100 0.78125
12200 0.71875
12300 0.6875
12400 0.90625
12500 0.84375
12600 0.6875
12700 0.65625
12800 0.8125
12900 0.625
13000 0.59375
13100 0.90625
13200 0.84375
13300 0.71875
13400 0.6875
13500 0.875
13600 0.8125
13700 0.8125
13800 0.78125
13900 0.75
14000 0.71875
14100 0.8125
14200 0.8125
14300 0.9375
14400 0.9375
14500 0.78125
14600 0.6875
14700 0.71875
14800 0.8125
14900 0.6875
15000 0.71875
15100 0.75
15200 0.78125
15300 0.75
15400 0.84375
15500 0.84375
15600 0.6875
15700 0.96875
15800 0.78125
15900 0.8125
16000 0.8125
16100 0.84375
16200 0.78125
16300 0.875
16400 0.90625
16500 0.875
16600 0.84375
16700 0.9375
16800 0.78125
16900 0.9375
17000 0.84375
17100 0.875
17200 0.8125
17300 0.8125
17400 0.8125
17500 0.84375
