0 4.4331064
100 3.364726
200 2.5700028
300 2.5816293
400 2.3278449
500 3.1053634
600 2.6919584
700 2.2209651
800 2.038098
900 2.3816767
1000 2.4413505
1100 2.0957272
1200 2.408861
1300 1.8419801
1400 2.530439
1500 1.9907913
1600 2.1986532
1700 1.8248061
1800 1.8623296
1900 2.123507
2000 1.5773829
2100 2.2103927
2200 1.8803496
2300 2.150726
2400 2.0745265
2500 1.9413676
2600 1.915926
2700 2.1775048
2800 1.8220028
2900 1.6225789
3000 2.8237987
3100 1.910416
3200 1.6772739
3300 2.3906615
3400 2.047852
3500 1.7203101
3600 2.175558
3700 1.9758323
3800 2.1739454
3900 1.8004925
4000 2.2100022
4100 1.5026636
4200 2.2173142
4300 2.3956099
4400 2.5313115
4500 2.1467004
4600 2.1415768
4700 1.7328036
4800 1.0980109
4900 1.5059873
5000 1.4024436
5100 1.4274584
5200 1.4873108
5300 1.8544748
5400 1.6698878
5500 1.8409674
5600 1.9249753
5700 1.5022088
5800 1.9796505
5900 2.4073615
6000 2.2802675
6100 1.7883316
6200 1.1352267
6300 1.750352
6400 1.121352
6500 1.2002815
6600 1.8370248
6700 1.7701327
6800 1.4730419
6900 1.4223081
7000 1.5762132
7100 1.476674
7200 1.5972239
7300 2.027743
7400 1.3854662
7500 1.4792764
7600 1.3531002
7700 1.185455
7800 1.4170644
7900 1.4744736
8000 1.6587895
8100 1.6192775
8200 1.6796242
8300 1.8245916
8400 1.3439611
8500 1.1257031
8600 1.5977298
8700 1.6038594
8800 1.3817323
8900 1.3689821
9000 1.3579533
9100 1.2828453
9200 1.167531
9300 1.14515
9400 1.6983238
9500 1.5016487
9600 1.4981492
9700 1.1139148
9800 1.3216721
9900 1.3756571
10000 1.4056114
10100 1.0405416
10200 1.7984089
10300 1.0062088
10400 1.5444674
10500 1.152019
10600 1.5509824
10700 0.7996011
10800 1.091392
10900 0.92789656
11000 1.3212082
11100 1.1990383
11200 0.9082577
11300 0.92046905
11400 1.3162282
11500 1.0737419
11600 1.2436844
11700 1.7045561
11800 1.115429
11900 1.5441356
12000 1.1392148
12100 1.0599818
12200 1.1491154
12300 1.0402946
12400 0.72350186
12500 0.5970314
12600 1.5768726
12700 1.3093151
12800 0.79343635
12900 1.2682972
13000 1.4660367
13100 0.5814359
13200 0.8594876
13300 1.3429129
13400 1.0093967
13500 0.7435817
13600 0.85504633
13700 0.73763007
13800 0.95585
13900 0.98550427
14000 1.0698732
14100 0.866081
14200 0.7396604
14300 0.64777195
14400 0.55655926
14500 1.0306724
14600 1.1065825
14700 1.4272959
14800 0.77738875
14900 1.1382822
15000 1.0940752
15100 1.1071502
15200 0.92245954
15300 1.0141441
15400 0.8073126
15500 0.7477904
15600 1.1794922
15700 0.47938937
15800 1.1895574
15900 0.81825674
16000 0.93343025
16100 0.9338472
16200 0.9648731
16300 0.7027034
16400 0.7043115
16500 0.7734924
16600 0.80165106
16700 0.5671128
16800 1.0174447
16900 0.5225255
17000 0.8505717
17100 0.76460254
17200 0.93556994
17300 0.7465139
17400 1.0077682
17500 0.7258006
