0 3.0727954
100 2.3322504
200 1.7813902
300 1.789449
400 1.6135391
500 2.152474
600 1.8659234
700 1.5394558
800 1.412702
900 1.6508524
1000 1.6922152
1100 1.4526474
1200 1.6696951
1300 1.2767633
1400 1.7539666
1500 1.3799114
1600 1.5239903
1700 1.2648592
1800 1.2908685
1900 1.471903
2000 1.0933585
2100 1.5321275
2200 1.303359
2300 1.4907697
2400 1.4379523
2500 1.3456535
2600 1.3280187
2700 1.5093313
2800 1.2629161
2900 1.124686
3000 1.957308
3100 1.3241994
3200 1.1625977
3300 1.6570803
3400 1.4194629
3500 1.1924281
3600 1.507982
3700 1.3695426
3800 1.5068641
3900 1.2480063
4000 1.5318568
4100 1.0415671
4200 1.5369251
4300 1.6605103
4400 1.7545714
4500 1.4879793
4600 1.4844279
4700 1.201088
4800 0.7610831
4900 1.0438708
5000 0.97209984
5100 0.9894388
5200 1.0309253
5300 1.285424
5400 1.157478
5500 1.2760614
5600 1.3342912
5700 1.0412518
5800 1.3721892
5900 1.6686559
6000 1.5805609
6100 1.239577
6200 0.7868792
6300 1.2132516
6400 0.777262
6500 0.83197176
6600 1.2733285
6700 1.2269624
6800 1.0210348
6900 0.9858688
7000 1.0925478
7100 1.0235524
7200 1.1071112
7300 1.4055245
7400 0.960332
7500 1.0253563
7600 0.93789756
7700 0.82169473
7800 0.98223424
7900 1.0220273
8000 1.1497853
8100 1.1223977
8200 1.1642268
8300 1.2647105
8400 0.9315629
8500 0.7802779
8600 1.1074619
8700 1.1117107
8800 0.9577439
8900 0.94890606
9000 0.9412615
9100 0.88920057
9200 0.80927086
9300 0.79375744
9400 1.1771884
9500 1.0408635
9600 1.0384378
9700 0.77210695
9800 0.91611326
9900 0.9535328
10000 0.9742956
10100 0.7212485
10200 1.246562
10300 0.69745076
10400 1.0705433
10500 0.7985187
10600 1.075059
10700 0.55424124
10800 0.75649536
10900 0.64316887
11000 0.91579175
11100 0.83111
11200 0.6295563
11300 0.6380205
11400 0.9123398
11500 0.74426115
11600 0.8620564
11700 1.1815083
11800 0.7731565
11900 1.0703132
12000 0.7896435
12100 0.73472345
12200 0.79650617
12300 0.7210773
12400 0.5014933
12500 0.41383064
12600 1.0930048
12700 0.90754807
12800 0.5499682
12900 0.87911665
13000 1.0161792
13100 0.40302068
13200 0.5957514
13300 0.93083626
13400 0.6996604
13500 0.51541156
13600 0.59267294
13700 0.5112862
13800 0.6625447
13900 0.6830995
14000 0.7415796
14100 0.6003216
14200 0.5126935
14300 0.4490013
14400 0.3857775
14500 0.7144077
14600 0.7670245
14700 0.9893261
14800 0.5388448
14900 0.7889971
15000 0.75835514
15100 0.767418
15200 0.63940024
15300 0.7029511
15400 0.55958647
15500 0.5183288
15600 0.81756175
15700 0.3322874
15800 0.82453835
15900 0.56717235
16000 0.64700454
16100 0.64729357
16200 0.66879904
16300 0.4870769
16400 0.48819152
16500 0.5361441
16600 0.55566216
16700 0.39309263
16800 0.70523894
16900 0.3621871
17000 0.58957136
17100 0.5299821
17200 0.6484877
17300 0.517444
17400 0.6985316
17500 0.5030866
