0 6.059859
100 3.7830954
200 4.463379
300 4.85623
400 4.4154763
500 5.023891
600 5.0697184
700 3.761036
800 4.04411
900 4.86442
1000 4.762141
1100 4.530055
1200 4.216798
1300 4.1152697
1400 5.1393633
1500 4.4881144
1600 4.3689365
1700 4.445957
1800 4.078041
1900 4.021719
2000 3.4512923
2100 4.0760913
2200 4.804858
2300 3.9616213
2400 3.745323
2500 3.6779
2600 3.9987144
2700 4.323906
2800 4.437314
2900 3.8874753
3000 3.9999917
3100 4.718241
3200 3.6211998
3300 4.5822506
3400 3.9095414
3500 3.7906978
3600 4.6197567
3700 3.7356458
3800 4.138197
3900 4.102929
4000 3.9274535
4100 3.542265
4200 3.838224
4300 3.6504464
4400 3.9785793
4500 3.7125711
4600 3.6558871
4700 3.4898612
4800 3.1883273
4900 3.3930378
5000 3.165239
5100 3.5198984
5200 3.1504436
5300 4.3889084
5400 3.4158955
5500 3.2098308
5600 3.4639416
5700 3.6313748
5800 3.5551276
5900 4.118855
6000 3.7508857
6100 4.459634
6200 3.2656043
6300 3.6529467
6400 3.4511545
6500 2.9451654
6600 3.6209826
6700 3.1470165
6800 3.0768814
6900 3.5277967
7000 2.725375
7100 3.2237415
7200 2.9568381
7300 3.4535573
7400 2.8111966
7500 3.4146981
7600 3.351125
7700 3.4384537
7800 2.951849
7900 3.269284
8000 2.8843606
8100 3.7418349
8200 3.8595653
8300 3.0611506
8400 3.200659
8500 3.0797293
8600 3.0868957
8700 3.058135
8800 2.9118056
8900 3.4467058
9000 3.319837
9100 3.2962463
9200 3.3071058
9300 3.4902685
9400 2.8804734
9500 3.3081553
9600 3.0540714
9700 2.9993668
9800 3.2245946
9900 3.015901
10000 3.4349215
10100 3.1711621
10200 3.7706175
10300 3.0712807
10400 3.1088705
10500 2.9648867
10600 3.0037937
10700 2.8061407
10800 2.8268962
10900 2.8433883
11000 2.9041476
11100 2.6175246
11200 3.1889844
11300 3.0819182
11400 2.9959393
11500 2.4043646
11600 2.51472
11700 3.0277672
11800 2.8834665
11900 2.9820185
12000 2.735784
12100 3.0403883
12200 2.6248631
12300 3.1343272
12400 2.6952693
12500 2.3120096
12600 2.6907842
12700 3.1091545
12800 2.33109
12900 2.9264796
13000 2.7777343
13100 2.328402
13200 2.559781
13300 2.8951683
13400 2.7455597
13500 2.9166708
13600 2.2962954
13700 2.4747682
13800 3.1024601
13900 2.8748457
14000 2.9600992
14100 2.4594674
14200 2.5231185
14300 2.4724941
14400 2.232058
14500 2.7912188
14600 3.0027375
14700 2.451284
14800 2.4147806
14900 2.7090876
15000 2.948403
15100 2.7783618
15200 2.529511
15300 2.704544
15400 2.866034
15500 2.4870005
15600 2.8884673
15700 2.1990204
15800 2.7635365
15900 2.8580575
16000 2.932937
16100 2.9737663
16200 2.6738157
16300 2.752326
16400 2.873652
16500 2.9077554
16600 2.4702592
16700 2.5892482
16800 2.916467
16900 2.3674989
17000 2.8927197
17100 2.563169
17200 2.3533278
17300 2.3416853
17400 2.9054968
17500 2.8026862
