0 0.025
100 0.35937503
200 0.40625003
300 0.44375
400 0.446875
500 0.49687502
600 0.5
700 0.44687498
800 0.425
900 0.48749998
1000 0.5
1100 0.45624995
1200 0.48437506
1300 0.46875
1400 0.50937504
1500 0.534375
1600 0.46875
1700 0.45
1800 0.5187501
1900 0.53437495
2000 0.51562506
2100 0.5
2200 0.503125
2300 0.55625004
2400 0.53125
2500 0.440625
2600 0.515625
2700 0.51875
2800 0.540625
2900 0.55312496
3000 0.5125
3100 0.48749998
3200 0.509375
3300 0.575
3400 0.51250005
3500 0.48749998
3600 0.534375
3700 0.53124994
3800 0.49062502
3900 0.475
4000 0.56250006
4100 0.5031251
4200 0.54062504
4300 0.590625
4400 0.540625
4500 0.503125
4600 0.5718751
4700 0.5625
4800 0.621875
4900 0.5656251
5000 0.634375
5100 0.5
5200 0.49375004
5300 0.54375
5400 0.53749996
5500 0.5968751
5600 0.553125
5700 0.521875
5800 0.521875
5900 0.49374998
6000 0.48125002
6100 0.49375
6200 0.52500004
6300 0.52812505
6400 0.52812505
6500 0.54687506
6600 0.5875
6700 0.515625
6800 0.478125
6900 0.56874996
7000 0.521875
7100 0.5375
7200 0.565625
7300 0.54375
7400 0.515625
7500 0.54999995
7600 0.471875
7700 0.553125
7800 0.59375
7900 0.55
8000 0.59375
8100 0.565625
8200 0.56875
8300 0.584375
8400 0.54999995
8500 0.52812505
8600 0.546875
8700 0.54375
8800 0.521875
8900 0.49375004
9000 0.59375
9100 0.528125
9200 0.5625
9300 0.55312496
9400 0.49375004
9500 0.578125
9600 0.625
9700 0.603125
9800 0.559375
9900 0.534375
10000 0.51875
10100 0.55625004
10200 0.58437496
10300 0.584375
10400 0.515625
10500 0.515625
10600 0.515625
10700 0.50624996
10800 0.603125
10900 0.59375006
11000 0.5625
11100 0.553125
11200 0.503125
11300 0.484375
11400 0.53437495
11500 0.54687494
11600 0.55
11700 0.515625
11800 0.503125
11900 0.55625004
12000 0.546875
12100 0.5375
12200 0.55
12300 0.571875
12400 0.50000006
12500 0.47500002
12600 0.553125
12700 0.59375
12800 0.575
12900 0.546875
13000 0.5
13100 0.55
13200 0.56874996
13300 0.52500004
13400 0.515625
13500 0.56875
13600 0.55
13700 0.525
13800 0.51250005
13900 0.53125
14000 0.58125
14100 0.5375
14200 0.490625
14300 0.5593749
14400 0.559375
14500 0.49374998
14600 0.546875
14700 0.5375
14800 0.578125
14900 0.559375
15000 0.54375
15100 0.553125
15200 0.60625
15300 0.553125
15400 0.51875
15500 0.54375
15600 0.57500005
15700 0.534375
15800 0.49375004
15900 0.528125
16000 0.57812494
16100 0.578125
16200 0.553125
16300 0.45625
16400 0.56874996
16500 0.5625
16600 0.546875
16700 0.54375
16800 0.546875
16900 0.4875
17000 0.5625
17100 0.5875
17200 0.553125
17300 0.55
17400 0.52500004
17500 0.55937505
17600 0.625
17700 0.55937505
17800 0.5593749
17900 0.51875
18000 0.565625
18100 0.503125
18200 0.5625
18300 0.49687505
18400 0.55937505
18500 0.61875
18600 0.51874995
18700 0.540625
18800 0.5875
18900 0.615625
19000 0.59375006
19100 0.525
19200 0.56875
19300 0.54062504
19400 0.51875
19500 0.553125
19600 0.59062505
19700 0.575
19800 0.62812495
19900 0.584375
20000 0.525
20100 0.553125
20200 0.534375
20300 0.578125
20400 0.559375
20500 0.55625
20600 0.51874995
20700 0.565625
20800 0.5375
20900 0.49062502
21000 0.6125
21100 0.56562495
21200 0.54062504
21300 0.57187504
21400 0.55625004
21500 0.57187504
21600 0.509375
21700 0.60625
21800 0.571875
21900 0.590625
22000 0.540625
22100 0.546875
22200 0.57812506
22300 0.55625004
22400 0.521875
22500 0.56875
22600 0.565625
22700 0.5125
22800 0.59375006
22900 0.540625
23000 0.47812498
23100 0.5875
23200 0.5625
23300 0.515625
23400 0.62500006
23500 0.56875
23600 0.53125
23700 0.578125
23800 0.571875
23900 0.57500005
24000 0.534375
24100 0.5875
24200 0.5625
24300 0.57187504
24400 0.521875
24500 0.61249995
24600 0.56250006
24700 0.540625
24800 0.553125
24900 0.49999997
25000 0.56875
25100 0.54375005
25200 0.55625
25300 0.58125
25400 0.58125
25500 0.553125
25600 0.590625
25700 0.50937504
25800 0.5625
25900 0.534375
26000 0.521875
26100 0.57187504
26200 0.553125
26300 0.571875
26400 0.55625
26500 0.571875
26600 0.5625
26700 0.546875
26800 0.565625
26900 0.553125
27000 0.565625
27100 0.56875
27200 0.559375
27300 0.63437504
27400 0.55
27500 0.58124995
27600 0.55312496
27700 0.56875
27800 0.58750004
27900 0.59375
28000 0.60312504
28100 0.5125
28200 0.50625
28300 0.565625
28400 0.45625
28500 0.54999995
28600 0.5375
28700 0.55312496
28800 0.565625
28900 0.46875003
29000 0.54375005
29100 0.5625
29200 0.56875
29300 0.525
29400 0.60312504
29500 0.55625004
29600 0.5125
29700 0.64062506
29800 0.58437496
29900 0.54375
30000 0.54062504
30100 0.56874996
30200 0.54062504
30300 0.55625
30400 0.49374998
30500 0.528125
30600 0.55625004
30700 0.546875
30800 0.509375
30900 0.52500004
31000 0.51875
31100 0.56562495
31200 0.55937505
31300 0.534375
31400 0.52500004
31500 0.578125
31600 0.53125
31700 0.584375
31800 0.52812505
31900 0.534375
32000 0.5375
32100 0.525
32200 0.52500004
