0 4.808473
100 3.2060971
200 2.869396
300 2.601299
400 2.5984967
500 2.3732815
600 2.3674393
700 2.5634556
800 2.5542772
900 2.5864215
1000 2.3424954
1100 2.5884967
1200 2.494222
1300 2.597427
1400 2.3926907
1500 2.2909107
1600 2.3985105
1700 2.618534
1800 2.2380388
1900 2.2354057
2000 2.3166368
2100 2.4121385
2200 2.401578
2300 2.0764587
2400 2.1430092
2500 2.5060594
2600 2.2853732
2700 2.2328079
2800 2.2911952
2900 2.1038098
3000 2.3176553
3100 2.4553585
3200 2.3481143
3300 1.8939563
3400 2.2494235
3500 2.350259
3600 2.2989717
3700 2.2978773
3800 2.3927982
3900 2.5128627
4000 2.2114294
4100 2.3206153
4200 2.108349
4300 1.977181
4400 2.1854804
4500 2.2979825
4600 1.9170008
4700 2.1038537
4800 1.8834375
4900 2.0781069
5000 1.8496493
5100 2.2340736
5200 2.4765215
5300 2.27897
5400 2.2009678
5500 1.9697782
5600 2.2272878
5700 2.1259592
5800 2.1512313
5900 2.3436263
6000 2.3875585
6100 2.2774167
6200 2.2480834
6300 2.2484112
6400 2.3285809
6500 2.1296818
6600 1.9223429
6700 2.2427967
6800 2.3807967
6900 2.0349288
7000 2.306191
7100 2.1305544
7200 2.126617
7300 2.281726
7400 2.353557
7500 2.1745572
7600 2.4472694
7700 2.03491
7800 1.9736596
7900 2.142733
8000 2.0291576
8100 2.0582635
8200 2.0959523
8300 2.0962307
8400 2.042136
8500 2.3537264
8600 2.008233
8700 2.0882475
8800 2.3054252
8900 2.2723465
9000 2.1052022
9100 2.2101212
9200 2.156317
9300 2.1802604
9400 2.425542
9500 2.051409
9600 1.9762509
9700 1.876238
9800 2.049497
9900 2.2720482
10000 2.2842977
10100 2.1250558
10200 1.8730251
10300 1.8967106
10400 2.1503844
10500 2.410982
10600 2.134078
10700 2.2508466
10800 1.8372945
10900 2.0721571
11000 1.9974092
11100 2.1662514
11200 2.1784823
11300 2.334044
11400 2.2756515
11500 2.2412755
11600 2.1876097
11700 2.255158
11800 2.3018892
11900 2.205485
12000 2.0321894
12100 2.1137345
12200 2.0875812
12300 2.0313923
12400 2.246753
12500 2.4129324
12600 2.1542716
12700 1.9262421
12800 2.1584177
12900 2.2857141
13000 2.4959176
13100 2.2528377
13200 1.9349842
13300 2.297995
13400 2.2289724
13500 2.178355
13600 2.1257985
13700 2.2770607
13800 2.2362866
13900 2.2228785
14000 1.9987994
14100 2.1246765
14200 2.352453
14300 2.040343
14400 2.1955993
14500 2.387571
14600 2.170934
14700 2.019359
14800 2.0130627
14900 2.0956209
15000 2.1346307
15100 2.0029387
15200 1.7511029
15300 2.0568423
15400 2.2252307
15500 2.332147
15600 2.1128135
15700 2.1016352
15800 2.490592
15900 2.2436223
16000 1.8989624
16100 2.087059
16200 2.2696056
16300 2.666816
16400 2.1494744
16500 2.0909877
16600 2.0197337
16700 2.3594441
16800 2.1473246
16900 2.339102
17000 2.0583143
17100 1.9975163
17200 2.0959244
17300 2.1752193
17400 2.1260066
17500 1.8519017
17600 1.859978
17700 2.0920856
17800 2.247439
17900 2.2040257
18000 2.158422
18100 2.3333216
18200 2.0725632
18300 2.3661246
18400 2.122012
18500 1.9164513
18600 2.1731317
18700 2.2262106
18800 1.949489
18900 1.8399287
19000 1.9187858
19100 2.1525083
19200 2.0277648
19300 2.2145097
19400 2.1623626
19500 2.2280447
19600 2.0506885
19700 2.0982978
19800 1.8012961
19900 1.9131398
20000 2.2582738
20100 2.0607882
20200 2.092438
20300 1.958954
20400 1.9820412
20500 2.0970984
20600 2.2138867
20700 1.9838598
20800 2.0574677
20900 2.2127867
21000 1.9994755
21100 2.1056075
21200 2.2134836
21300 2.0904815
21400 2.0957031
21500 1.936356
21600 2.223426
21700 1.9049854
21800 2.0836473
21900 1.9870427
22000 2.28423
22100 2.1180084
22200 2.0754244
22300 2.0837843
22400 2.2266035
22500 1.9254149
22600 1.9607776
22700 2.1925962
22800 1.9455512
22900 2.307775
23000 2.5356572
23100 1.9282254
23200 2.1809306
23300 2.1992822
23400 1.8059592
23500 1.9165528
23600 2.1752775
23700 2.0177548
23800 2.0952206
23900 2.013245
24000 2.228643
24100 2.0909507
24200 2.0039046
24300 2.0633523
24400 2.3217366
24500 1.810354
24600 2.0794508
24700 2.0178504
24800 2.028909
24900 2.1966178
25000 2.051672
25100 2.1507976
25200 1.9770871
25300 1.8977497
25400 2.01575
25500 2.162346
25600 2.0481472
25700 2.2534642
25800 2.0677438
25900 2.1692119
26000 2.275849
26100 2.0546675
26200 2.028261
26300 2.0232537
26400 2.1057537
26500 2.0038795
26600 2.1695092
26700 2.1253443
26800 2.0156584
26900 2.1228335
27000 2.1390178
27100 2.0415874
27200 2.1421866
27300 1.87918
27400 2.189194
27500 2.0584166
27600 2.2047856
27700 1.9674124
27800 2.1386485
27900 2.04064
28000 1.9976927
28100 2.1601837
28200 2.3474488
28300 1.9478813
28400 2.4845982
28500 2.0374126
28600 2.2185814
28700 2.0423677
28800 2.3355513
28900 2.499341
29000 1.9909207
29100 2.0692966
29200 2.029009
29300 2.10596
29400 1.8752003
29500 2.1769795
29600 2.309335
29700 1.7976841
29800 2.0434544
29900 2.0769725
30000 2.1418226
30100 1.8945361
30200 2.1365676
30300 1.952151
30400 2.2994316
30500 2.1968935
30600 2.0712337
30700 2.2213316
30800 2.4148085
30900 2.0230834
31000 2.2708688
31100 2.0132515
31200 2.221084
31300 2.1937323
31400 2.18085
31500 2.1197796
31600 2.2304168
31700 2.0132353
31800 2.1912608
31900 2.0238073
32000 2.2211173
32100 2.3015785
32200 2.2606885
