0 3.3329797
100 2.2222972
200 1.9889138
300 1.8030831
400 1.8011407
500 1.6450334
600 1.6409839
700 1.776852
800 1.77049
900 1.7927707
1000 1.6236941
1100 1.7942092
1200 1.7288629
1300 1.8003991
1400 1.6584868
1500 1.5879383
1600 1.6625208
1700 1.8150295
1800 1.5512903
1900 1.5494652
2000 1.6057703
2100 1.6719669
2200 1.664647
2300 1.4392915
2400 1.4854207
2500 1.7370679
2600 1.5841
2700 1.5476645
2800 1.5881355
2900 1.4582499
3000 1.6064763
3100 1.7019248
3200 1.6275887
3300 1.3127905
3400 1.5591816
3500 1.6290755
3600 1.5935256
3700 1.5927671
3800 1.6585613
3900 1.7417837
4000 1.532846
4100 1.6085279
4200 1.4613962
4300 1.3704774
4400 1.5148596
4500 1.5928401
4600 1.3287637
4700 1.4582803
4800 1.3054994
4900 1.440434
5000 1.2820792
5100 1.5485418
5200 1.7165939
5300 1.5796616
5400 1.5255946
5500 1.3653462
5600 1.5438383
5700 1.4736027
5800 1.4911199
5900 1.624478
6000 1.6549294
6100 1.5785849
6200 1.5582527
6300 1.5584799
6400 1.6140493
6500 1.4761829
6600 1.3324666
6700 1.5545882
6800 1.6502426
6900 1.4105052
7000 1.5985298
7100 1.4767878
7200 1.4740585
7300 1.5815718
7400 1.6313615
7500 1.5072882
7600 1.6963179
7700 1.4104922
7800 1.3680366
7900 1.4852294
8000 1.4065049
8100 1.4266795
8200 1.4528035
8300 1.4529964
8400 1.4155008
8500 1.6314788
8600 1.392001
8700 1.4474629
8800 1.597999
8900 1.5750706
9000 1.459215
9100 1.5319393
9200 1.4946451
9300 1.5112414
9400 1.6812577
9500 1.4219284
9600 1.3698328
9700 1.3005091
9800 1.420603
9900 1.5748639
10000 1.5833546
10100 1.4729764
10200 1.298282
10300 1.3146996
10400 1.4905329
10500 1.6711652
10600 1.4792302
10700 1.560168
10800 1.2735155
10900 1.4363099
11000 1.3844986
11100 1.501531
11200 1.5100088
11300 1.617836
11400 1.5773615
11500 1.5535338
11600 1.5163355
11700 1.5631564
11800 1.595548
11900 1.5287257
12000 1.4086063
12100 1.4651291
12200 1.447001
12300 1.4080539
12400 1.5573305
12500 1.6725173
12600 1.4932274
12700 1.3351693
12800 1.4961011
12900 1.5843364
13000 1.7300382
13100 1.5615481
13200 1.3412288
13300 1.5928489
13400 1.545006
13500 1.5099206
13600 1.4734912
13700 1.5783383
13800 1.5500758
13900 1.540782
14000 1.3854622
14100 1.4727135
14200 1.6305962
14300 1.414258
14400 1.5218735
14500 1.6549381
14600 1.5047768
14700 1.3997132
14800 1.3953487
14900 1.4525738
15000 1.4796132
15100 1.3883313
15200 1.213772
15300 1.4256945
15400 1.5424124
15500 1.616521
15600 1.4644908
15700 1.4567425
15800 1.7263469
15900 1.5551605
16000 1.3162605
16100 1.4466391
16200 1.5731708
16300 1.848496
16400 1.4899021
16500 1.4493623
16600 1.3999727
16700 1.6354421
16800 1.488412
16900 1.621342
17000 1.4267148
17100 1.3845727
17200 1.4527841
17300 1.507747
17400 1.4736356
17500 1.2836404
17600 1.2892385
17700 1.4501233
17800 1.5578059
17900 1.5277143
18000 1.4961041
18100 1.6173352
18200 1.4365914
18300 1.6400726
18400 1.4708666
18500 1.3283828
18600 1.5063001
18700 1.5430915
18800 1.3512828
18900 1.2753414
19000 1.330001
19100 1.4920051
19200 1.4055395
19300 1.5349813
19400 1.4988354
19500 1.5443629
19600 1.4214289
19700 1.4544293
19800 1.2485633
19900 1.3260875
20000 1.5653161
20100 1.4284295
20200 1.4503675
20300 1.3578434
20400 1.3738463
20500 1.4535978
20600 1.5345494
20700 1.3751068
20800 1.4261279
20900 1.5337868
21000 1.3859308
21100 1.4594959
21200 1.5342699
21300 1.4490113
21400 1.4526308
21500 1.3421797
21600 1.5411615
21700 1.3204353
21800 1.4442742
21900 1.377313
22000 1.5833076
22100 1.4680915
22200 1.4385746
22300 1.4443692
22400 1.5433639
22500 1.3345959
22600 1.3591075
22700 1.5197918
22800 1.3485533
22900 1.5996277
23000 1.7575836
23100 1.336544
23200 1.5117059
23300 1.5244262
23400 1.2517955
23500 1.3284532
23600 1.5077875
23700 1.398601
23800 1.4522963
23900 1.3954751
24000 1.5447775
24100 1.4493366
24200 1.3890009
24300 1.4302069
24400 1.6093051
24500 1.2548418
24600 1.4413655
24700 1.3986673
24800 1.4063326
24900 1.5225794
25000 1.4221107
25100 1.4908193
25200 1.3704123
25300 1.3154198
25400 1.3972113
25500 1.4988239
25600 1.4196675
25700 1.5619824
25800 1.4332508
25900 1.5035831
26000 1.5774984
26100 1.424187
26200 1.4058834
26300 1.4024125
26400 1.4595972
26500 1.3889835
26600 1.5037892
26700 1.4731765
26800 1.3971479
26900 1.471436
27000 1.4826542
27100 1.4151206
27200 1.4848506
27300 1.3025483
27400 1.5174336
27500 1.4267856
27600 1.5282409
27700 1.3637064
27800 1.4823983
27900 1.414464
28000 1.384695
28100 1.4973252
28200 1.6271275
28300 1.3501685
28400 1.7221923
28500 1.4122268
28600 1.5378035
28700 1.4156615
28800 1.6188807
28900 1.7324111
29000 1.3800011
29100 1.4343271
29200 1.406402
29300 1.4597402
29400 1.2997898
29500 1.5089673
29600 1.600709
29700 1.2460597
29800 1.4164147
29900 1.4396477
30000 1.4845983
30100 1.3131924
30200 1.4809558
30300 1.353128
30400 1.5938445
30500 1.5227705
30600 1.4356699
30700 1.5397098
30800 1.6738176
30900 1.4022946
31000 1.5740464
31100 1.3954797
31200 1.5395383
31300 1.5205793
31400 1.5116501
31500 1.4693192
31600 1.5460072
31700 1.3954684
31800 1.5188663
31900 1.4027963
32000 1.5395612
32100 1.5953326
32200 1.5669899
