0 26.348026
100 10.806672
200 9.2319145
300 8.4836445
400 8.24203
500 7.438551
600 7.2111692
700 7.4836836
800 7.6177015
900 7.5187416
1000 6.8625007
1100 7.5316677
1200 7.514002
1300 6.901934
1400 7.1782765
1500 7.0778356
1600 7.0447006
1700 7.0657454
1800 6.7596893
1900 6.553072
2000 6.6196494
2100 6.626522
2200 6.7831492
2300 6.0893917
2400 6.203953
2500 7.3550057
2600 6.400649
2700 6.500218
2800 6.46419
2900 6.1069922
3000 6.6555924
3100 6.438162
3200 6.413212
3300 5.8717995
3400 6.7319007
3500 6.4899044
3600 6.124308
3700 6.261182
3800 6.7166276
3900 6.357785
4000 6.5955935
4100 6.662126
4200 6.269352
4300 6.160485
4400 6.449705
4500 6.4134483
4600 5.6097383
4700 6.060058
4800 6.0641704
4900 6.007136
5000 6.386778
5100 6.4191427
5200 6.7145834
5300 6.3889065
5400 6.170149
5500 6.1041636
5600 6.3123474
5700 6.594083
5800 5.9703465
5900 5.8383904
6000 6.8476954
6100 6.3168097
6200 6.2029657
6300 6.194685
6400 6.454407
6500 6.1005635
6600 5.6725893
6700 6.692105
6800 6.4071555
6900 6.4032965
7000 6.349147
7100 6.344071
7200 6.4358387
7300 6.067047
7400 6.4184585
7500 6.1340623
7600 6.820451
7700 6.31261
7800 5.983562
7900 5.8406053
8000 6.037602
8100 6.190988
8200 6.021136
8300 6.2013617
8400 5.906577
8500 6.5210695
8600 6.297611
8700 6.3411455
8800 6.4348946
8900 6.1313257
9000 6.2644687
9100 5.8813868
9200 6.1523247
9300 6.632037
9400 6.3947964
9500 6.1734004
9600 6.004681
9700 5.860512
9800 5.6982927
9900 6.4685087
10000 6.5665355
10100 6.0961037
10200 6.210412
10300 5.72368
10400 6.2485046
10500 6.5554476
10600 6.5890408
10700 6.601441
10800 5.6003437
10900 6.4888425
11000 6.2221794
11100 6.5809793
11200 6.4059258
11300 6.496734
11400 6.3566413
11500 6.4459033
11600 6.020618
11700 6.4410605
11800 6.444956
11900 6.024254
12000 6.178302
12100 6.3554397
12200 5.8364124
12300 6.17718
12400 6.22071
12500 6.752826
12600 5.889146
12700 5.724074
12800 6.1377406
12900 6.3293753
13000 6.8862667
13100 6.2686777
13200 6.0352383
13300 6.61034
13400 6.3094144
13500 6.4331164
13600 6.0185995
13700 6.21739
13800 6.2469683
13900 6.0905275
14000 5.8352723
14100 6.1549435
14200 6.7368083
14300 6.3649035
14400 5.4841385
14500 6.4090157
14600 6.423379
14700 5.8107877
14800 6.217765
14900 6.4080677
15000 6.5488033
15100 5.5347404
15200 6.0201063
15300 5.812419
15400 6.686311
15500 6.5545053
15600 6.194755
15700 6.377446
15800 6.7300305
15900 6.7382703
16000 6.034118
16100 6.008004
16200 6.147045
16300 7.3204703
16400 6.1427126
16500 6.616537
16600 5.9690948
16700 6.3240147
16800 6.474598
16900 6.9991317
17000 6.0142283
17100 6.242345
17200 6.024958
17300 6.4921684
17400 6.49155
17500 6.0557775
17600 5.69627
17700 6.289317
17800 6.362363
17900 6.07282
18000 6.0004773
18100 6.587944
18200 6.1758637
18300 6.5626144
18400 6.194567
18500 6.0042963
18600 6.2760024
18700 6.3310027
18800 5.908565
18900 5.72918
19000 6.1361704
19100 6.4328914
19200 6.4060373
19300 6.3352203
19400 6.8111877
19500 6.5768213
19600 5.773591
19700 6.2999096
19800 5.8775463
19900 6.5599422
20000 6.7424726
20100 6.5779715
20200 6.4590626
20300 5.9360394
20400 6.012134
20500 6.4033604
20600 6.4323516
20700 6.355752
20800 6.041776
20900 6.6325946
21000 6.312929
21100 6.1314793
21200 6.3681173
21300 6.3585596
21400 6.41293
21500 6.2184305
21600 6.7250156
21700 5.8971415
21800 6.3412404
21900 5.8231196
22000 6.3625035
22100 6.475333
22200 6.3100505
22300 6.310918
22400 6.493456
22500 6.157864
22600 6.099815
22700 6.4263945
22800 6.1156197
22900 6.3575373
23000 6.4127884
23100 6.2919607
23200 6.7858953
23300 6.108352
23400 5.6078563
23500 5.99059
23600 6.5690393
23700 6.2198915
23800 6.0235386
23900 6.197028
24000 6.325563
24100 6.3637385
24200 6.3724203
24300 6.498292
24400 6.3600144
24500 6.2250166
24600 6.3759694
24700 6.1955814
24800 6.420778
24900 6.505103
25000 5.9546647
25100 6.4577007
25200 5.7923512
25300 5.7658873
25400 6.0427117
25500 6.3943944
25600 6.133233
25700 6.4576435
25800 6.2991104
25900 6.5389767
26000 6.314781
26100 6.193417
26200 5.9632587
26300 6.1268816
26400 6.3154607
26500 6.140296
26600 6.317375
26700 6.4018645
26800 6.3840814
26900 6.1047306
27000 6.373128
27100 5.8786545
27200 6.2064056
27300 6.433599
27400 6.4998016
27500 6.397835
27600 6.582097
27700 6.0659003
27800 5.9515076
27900 5.994675
28000 6.3500147
28100 6.671967
28200 6.7351446
28300 6.1793585
28400 7.124955
28500 6.4948754
28600 6.342947
28700 6.140956
28800 6.7338943
28900 6.8519526
29000 6.009806
29100 6.4140005
29200 6.503763
29300 6.3556957
29400 6.116973
29500 6.427633
29600 6.041541
29700 6.033081
29800 6.2981386
29900 6.495185
30000 6.605637
30100 6.0645256
30200 6.1763163
30300 6.0696545
30400 6.5578375
30500 6.441988
30600 6.4582257
30700 6.6845484
30800 6.6709394
30900 6.1400814
31000 6.3489237
31100 6.088945
31200 6.5782294
31300 6.768419
31400 6.3486075
31500 6.3075304
31600 6.1511545
31700 5.948637
31800 6.143625
31900 6.6759424
32000 6.5297904
32100 6.107269
32200 6.232621
