0 0.125
100 0.53125
200 0.34375
300 0.53125
400 0.375
500 0.28125
600 0.4375
700 0.5
800 0.4375
900 0.3125
1000 0.5
1100 0.40625
1200 0.5
1300 0.34375
1400 0.5625
1500 0.5
1600 0.46875
1700 0.5
1800 0.625
1900 0.40625
2000 0.28125
2100 0.46875
2200 0.625
2300 0.53125
2400 0.5
2500 0.34375
2600 0.625
2700 0.6875
2800 0.5625
2900 0.34375
3000 0.46875
3100 0.59375
3200 0.4375
3300 0.46875
3400 0.46875
3500 0.5625
3600 0.625
3700 0.4375
3800 0.40625
3900 0.375
4000 0.5625
4100 0.5
4200 0.46875
4300 0.40625
4400 0.625
4500 0.46875
4600 0.5
4700 0.625
4800 0.5
4900 0.625
5000 0.5625
5100 0.5
5200 0.40625
5300 0.5
5400 0.59375
5500 0.46875
5600 0.59375
5700 0.6875
5800 0.65625
5900 0.59375
6000 0.59375
6100 0.5625
6200 0.5625
6300 0.5625
6400 0.78125
6500 0.71875
6600 0.5
6700 0.53125
6800 0.78125
6900 0.75
7000 0.625
7100 0.59375
7200 0.5
7300 0.71875
7400 0.59375
7500 0.625
7600 0.6875
7700 0.75
7800 0.5
7900 0.75
8000 0.625
8100 0.6875
8200 0.71875
8300 0.65625
8400 0.59375
8500 0.8125
8600 0.59375
8700 0.75
8800 0.84375
8900 0.59375
9000 0.71875
9100 0.78125
9200 0.71875
9300 0.8125
9400 0.75
9500 0.78125
9600 0.75
9700 0.71875
9800 0.71875
9900 0.78125
10000 0.71875
10100 0.65625
10200 0.8125
10300 0.71875
10400 0.625
10500 0.6875
10600 0.75
10700 0.65625
10800 0.71875
10900 0.65625
11000 0.78125
11100 0.84375
11200 0.875
11300 0.75
11400 0.71875
11500 0.71875
11600 0.5625
11700 0.65625
11800 0.90625
11900 0.6875
12000 0.75
12100 0.78125
12200 0.78125
12300 0.875
12400 0.75
12500 0.6875
12600 0.8125
12700 0.78125
12800 0.65625
12900 0.65625
13000 0.875
13100 0.78125
13200 0.84375
13300 0.65625
13400 0.875
13500 0.78125
13600 0.8125
13700 0.75
13800 0.9375
13900 0.9375
14000 0.8125
14100 0.75
14200 0.875
14300 0.8125
14400 0.8125
14500 0.90625
14600 0.90625
14700 0.78125
14800 0.78125
14900 0.6875
15000 0.78125
15100 0.71875
15200 0.6875
15300 0.875
15400 0.875
15500 0.84375
15600 0.71875
15700 0.90625
15800 0.875
15900 0.78125
16000 0.78125
16100 0.78125
16200 0.8125
16300 0.8125
16400 0.875
16500 0.90625
16600 0.875
16700 0.8125
16800 0.8125
16900 0.90625
17000 0.65625
17100 0.8125
17200 0.84375
17300 0.75
17400 0.84375
17500 0.8125
17600 0.84375
