0 3.939951
100 2.6876245
200 3.5873318
300 2.1194875
400 2.3093164
500 2.8433478
600 2.0144258
700 2.2907846
800 2.222411
900 2.724618
1000 1.9253006
1100 2.5472877
1200 2.1337836
1300 2.436686
1400 2.0790117
1500 2.1351728
1600 2.342636
1700 1.838714
1800 1.7674017
1900 2.8557954
2000 2.6945863
2100 2.3967733
2200 1.7018464
2300 1.7827629
2400 1.8566095
2500 2.171973
2600 1.8991442
2700 1.6238468
2800 1.8984412
2900 2.207154
3000 2.0290103
3100 1.5971104
3200 1.9302392
3300 2.2564511
3400 2.469959
3500 2.2782974
3600 1.7602088
3700 1.8823639
3800 2.063072
3900 3.0288935
4000 2.553356
4100 1.7617562
4200 2.5758846
4300 2.7162917
4400 1.671279
4500 2.423937
4600 1.9967077
4700 1.8867893
4800 1.9943035
4900 1.4555483
5000 1.5157247
5100 1.9118427
5200 2.3292432
5300 1.8959298
5400 1.8688601
5500 2.126271
5600 1.5921142
5700 1.8521624
5800 1.2557191
5900 1.7712995
6000 1.5977391
6100 1.6657808
6200 1.468835
6300 1.5391699
6400 1.2966279
6500 1.1143125
6600 1.6911911
6700 1.5736899
6800 0.8714638
6900 1.2020859
7000 1.5306402
7100 1.6453948
7200 1.573995
7300 1.1973608
7400 1.442249
7500 1.7274508
7600 1.2244295
7700 1.0240585
7800 1.7608349
7900 0.8784508
8000 1.6235054
8100 1.0411897
8200 1.2348714
8300 1.4343551
8400 1.5297047
8500 0.87358916
8600 1.5107514
8700 1.1820718
8800 0.92705667
8900 1.4295034
9000 1.1777798
9100 1.1951699
9200 1.13
9300 0.8799962
9400 0.93681574
9500 0.94607776
9600 1.4106896
9700 1.1726314
9800 1.1976124
9900 1.1314199
10000 1.1329992
10100 1.37746
10200 0.88594234
10300 1.0768353
10400 2.1613176
10500 1.2774926
10600 1.1286206
10700 1.4116707
10800 1.2002481
10900 1.2380309
11000 0.9694982
11100 0.87086314
11200 0.81111985
11300 0.8639665
11400 1.081422
11500 1.199972
11600 2.3132005
11700 1.4293904
11800 0.6836902
11900 1.2084851
12000 1.075395
12100 1.0288734
12200 1.2295109
12300 0.6779985
12400 1.0337297
12500 1.2285197
12600 1.0636302
12700 0.9304764
12800 1.2146355
12900 1.2457638
13000 0.8322008
13100 0.83474654
13200 0.79473037
13300 1.0323479
13400 0.51983404
13500 0.86318505
13600 0.99181277
13700 1.3908211
13800 0.5778537
13900 0.61738706
14000 0.7870791
14100 1.1525326
14200 0.81864095
14300 1.026168
14400 0.8966525
14500 0.64817965
14600 0.68346053
14700 0.93374705
14800 0.74663126
14900 1.1106998
15000 0.9079443
15100 1.1545908
15200 1.3219968
15300 0.75794244
15400 0.8698232
15500 0.6472014
15600 1.1978275
15700 0.6462138
15800 0.5058844
15900 0.97638714
16000 1.2382325
16100 0.7706844
16200 0.79920924
16300 0.92190456
16400 0.7811973
16500 0.53742963
16600 0.89036435
16700 0.70392
16800 0.7633415
16900 0.6611503
17000 1.29508
17100 0.7046506
17200 0.93118185
17300 1.1142398
17400 0.8108999
17500 0.6429008
17600 0.82727474
