0 2.7309659
100 1.8629193
200 2.486549
300 1.4691168
400 1.6006961
500 1.9708586
600 1.3962935
700 1.5878508
800 1.5404578
900 1.8885612
1000 1.3345166
1100 1.7656453
1200 1.4790261
1300 1.6889821
1400 1.441061
1500 1.479989
1600 1.6237916
1700 1.2744994
1800 1.2250695
1900 1.9794865
2000 1.8677449
2100 1.6613168
2200 1.17963
2300 1.235717
2400 1.2869036
2500 1.505497
2600 1.3163865
2700 1.1255648
2800 1.3158991
2900 1.5298827
3000 1.4064028
3100 1.1070325
3200 1.3379399
3300 1.5640528
3400 1.7120452
3500 1.5791955
3600 1.2200838
3700 1.3047552
3800 1.4300125
3900 2.099469
4000 1.7698514
4100 1.2211564
4200 1.7854671
4300 1.8827899
4400 1.1584423
4500 1.6801451
4600 1.3840123
4700 1.3078227
4800 1.3823458
4900 1.0089092
5000 1.0506203
5100 1.3251884
5200 1.6145084
5300 1.3141584
5400 1.2953951
5500 1.4738188
5600 1.1035695
5700 1.2838211
5800 0.8703981
5900 1.2277713
6000 1.1074684
6100 1.1546313
6200 1.0181189
6300 1.0668713
6400 0.89875394
6500 0.7723826
6600 1.1722443
6700 1.0907987
6800 0.60405266
6900 0.8332224
7000 1.060959
7100 1.1405008
7200 1.0910102
7300 0.82994723
7400 0.99969083
7500 1.1973777
7600 0.8487098
7700 0.70982325
7800 1.2205178
7900 0.6088957
8000 1.1253282
8100 0.7216977
8200 0.8559476
8300 0.99421924
8400 1.0603105
8500 0.60552585
8600 1.047173
8700 0.8193497
8800 0.6425867
8900 0.9908563
9000 0.8163748
9100 0.8284286
9200 0.78325635
9300 0.6099669
9400 0.6493512
9500 0.65577114
9600 0.9778155
9700 0.8128061
9800 0.83012164
9900 0.7842405
10000 0.7853352
10100 0.95478255
10200 0.6140884
10300 0.7464053
10400 1.4981112
10500 0.8854904
10600 0.78230023
10700 0.9784956
10800 0.83194864
10900 0.85813767
11000 0.67200494
11100 0.6036363
11200 0.56222546
11300 0.598856
11400 0.7495846
11500 0.83175725
11600 1.6033884
11700 0.9907779
11800 0.47389793
11900 0.83765805
12000 0.745407
12100 0.71316075
12200 0.852232
12300 0.46995273
12400 0.7165268
12500 0.8515449
12600 0.7372523
12700 0.6449571
12800 0.84192115
12900 0.8634977
13000 0.57683766
13100 0.5786022
13200 0.5508651
13300 0.715569
13400 0.36032152
13500 0.5983143
13600 0.6874722
13700 0.96404374
13800 0.40053764
13900 0.4279401
14000 0.5455617
14100 0.79887474
14200 0.56743866
14300 0.7112855
14400 0.6215122
14500 0.4492839
14600 0.47373873
14700 0.6472241
14800 0.5175254
14900 0.7698784
15000 0.62933904
15100 0.8003014
15200 0.9163383
15300 0.52536565
15400 0.6029155
15500 0.44860584
15600 0.83027077
15700 0.4479213
15800 0.35065237
15900 0.67678
16000 0.8582774
16100 0.53419775
16200 0.5539696
16300 0.63901556
16400 0.5414847
16500 0.37251782
16600 0.6171535
16700 0.48792017
16800 0.529108
16900 0.45827445
17000 0.897681
17100 0.48842657
17200 0.64544606
17300 0.7723322
17400 0.562073
17500 0.4456249
17600 0.57342315
