0 6.7267494
100 4.7625427
200 4.154045
300 4.321822
400 4.469124
500 4.8569202
600 4.102538
700 3.436245
800 3.9647946
900 4.0223217
1000 4.5995417
1100 4.962805
1200 4.639212
1300 4.6307793
1400 4.180373
1500 4.2952547
1600 3.9913895
1700 3.7330096
1800 4.7545633
1900 3.9944694
2000 4.0184927
2100 3.5442853
2200 3.722823
2300 3.86276
2400 3.623116
2500 4.030857
2600 4.0577164
2700 3.5983462
2800 3.572219
2900 3.679075
3000 3.9134474
3100 3.5477905
3200 4.0543165
3300 3.5275095
3400 3.7924492
3500 3.6765757
3600 3.4695792
3700 3.5686173
3800 3.513001
3900 3.8509936
4000 3.5065258
4100 3.5506783
4200 4.43274
4300 3.8718276
4400 3.2512584
4500 3.8004816
4600 3.373322
4700 3.132294
4800 3.5520024
4900 3.0120058
5000 3.6106987
5100 4.290061
5200 3.1621234
5300 3.8105354
5400 4.169623
5500 3.3204195
5600 3.287314
5700 3.0780802
5800 3.4389617
5900 3.5874488
6000 3.5151954
6100 3.4669375
6200 3.4465327
6300 3.173894
6400 3.58776
6500 2.6733897
6600 3.655261
6700 3.6247387
6800 2.7295644
6900 3.3339477
7000 2.9412708
7100 3.349198
7200 3.2521327
7300 2.6750379
7400 3.2348557
7500 2.791373
7600 3.0868397
7700 3.313397
7800 3.9462757
7900 2.5483708
8000 3.0879068
8100 2.966561
8200 2.6077876
8300 3.3718052
8400 3.512744
8500 2.5930257
8600 3.2163634
8700 3.4185252
8800 3.2686577
8900 3.0301735
9000 3.137356
9100 3.3283663
9200 3.0859697
9300 3.0644116
9400 3.1267006
9500 3.1491823
9600 3.0691721
9700 3.1496842
9800 3.2450867
9900 2.843839
10000 3.1981854
10100 2.9411664
10200 2.9020786
10300 3.5243285
10400 2.9012244
10500 3.2769628
10600 2.9874544
10700 2.7962856
10800 3.1213913
10900 2.8341718
11000 2.665032
11100 3.1124606
11200 2.4978557
11300 2.3644505
11400 2.8818064
11500 2.8034074
11600 3.1929052
11700 3.1391912
11800 2.3743646
11900 2.8972797
12000 2.7725375
12100 3.1990094
12200 3.0457675
12300 2.7009554
12400 3.2407348
12500 2.8760386
12600 2.7165966
12700 2.8423886
12800 2.9274342
12900 2.897011
13000 2.7809224
13100 2.427482
13200 2.8150156
13300 2.918247
13400 2.3544993
13500 2.4720008
13600 3.3043442
13700 2.63009
13800 2.3336897
13900 2.622323
14000 2.601214
14100 2.9931917
14200 2.711762
14300 2.942305
14400 3.0219355
14500 2.3397305
14600 2.3782487
14700 2.9027996
14800 2.7166243
14900 2.7182703
15000 2.7972188
15100 2.5061498
15200 2.8763933
15300 2.7802114
15400 2.5945678
15500 2.3886414
15600 3.0683205
15700 2.3453436
15800 2.1246262
15900 2.9610062
16000 2.3766875
16100 2.3015594
16200 3.0092442
16300 2.9482741
16400 2.8846805
16500 2.5002332
16600 2.6107278
16700 2.5306923
16800 2.6526341
16900 2.7567701
17000 2.8736298
17100 2.5363836
17200 2.8559685
17300 3.1893368
17400 2.6921418
17500 2.3830063
17600 2.7776933
