0 0.125
100 0.21875
200 0.5
300 0.34375
400 0.625
500 0.46875
600 0.375
700 0.375
800 0.375
900 0.28125
1000 0.59375
1100 0.4375
1200 0.34375
1300 0.3125
1400 0.40625
1500 0.65625
1600 0.5625
1700 0.5625
1800 0.6875
1900 0.46875
2000 0.53125
2100 0.5625
2200 0.59375
2300 0.40625
2400 0.5
2500 0.53125
2600 0.53125
2700 0.46875
2800 0.375
2900 0.46875
3000 0.53125
3100 0.5625
3200 0.5
3300 0.5
3400 0.53125
3500 0.625
3600 0.5
3700 0.34375
3800 0.4375
3900 0.53125
4000 0.4375
4100 0.53125
4200 0.65625
4300 0.53125
4400 0.40625
4500 0.4375
4600 0.65625
4700 0.59375
4800 0.625
4900 0.5
5000 0.5
5100 0.4375
5200 0.59375
5300 0.71875
5400 0.65625
5500 0.625
5600 0.375
5700 0.59375
5800 0.53125
5900 0.59375
6000 0.46875
6100 0.59375
6200 0.40625
6300 0.6875
6400 0.5625
6500 0.6875
6600 0.46875
6700 0.6875
6800 0.5625
6900 0.53125
7000 0.5625
7100 0.59375
7200 0.53125
7300 0.71875
7400 0.53125
7500 0.5625
7600 0.5
7700 0.75
7800 0.65625
7900 0.84375
8000 0.6875
8100 0.625
8200 0.65625
8300 0.6875
8400 0.71875
8500 0.65625
8600 0.59375
8700 0.78125
8800 0.53125
8900 0.6875
9000 0.6875
9100 0.53125
9200 0.75
9300 0.6875
9400 0.53125
9500 0.6875
9600 0.78125
9700 0.78125
9800 0.59375
9900 0.59375
10000 0.8125
10100 0.59375
10200 0.65625
10300 0.65625
10400 0.78125
10500 0.6875
10600 0.5625
10700 0.59375
10800 0.75
10900 0.5625
11000 0.71875
11100 0.75
11200 0.75
11300 0.6875
11400 0.65625
11500 0.71875
11600 0.65625
11700 0.625
11800 0.90625
11900 0.6875
12000 0.71875
12100 0.59375
12200 0.65625
12300 0.75
12400 0.71875
12500 0.71875
12600 0.78125
12700 0.625
12800 0.625
12900 0.6875
13000 0.8125
13100 0.78125
13200 0.6875
13300 0.71875
13400 0.71875
13500 0.75
13600 0.6875
13700 0.6875
13800 0.75
13900 0.84375
14000 0.71875
14100 0.625
14200 0.75
14300 0.75
14400 0.78125
14500 0.59375
14600 0.78125
14700 0.84375
14800 0.59375
14900 0.78125
15000 0.71875
15100 0.625
15200 0.875
15300 0.75
15400 0.78125
15500 0.8125
15600 0.625
15700 0.71875
15800 0.8125
15900 0.75
16000 0.78125
16100 0.78125
16200 0.75
16300 0.75
16400 0.90625
16500 0.78125
16600 0.78125
16700 0.71875
16800 0.65625
16900 0.625
17000 0.84375
17100 0.75
17200 0.59375
17300 0.75
17400 0.84375
17500 0.65625
17600 0.84375
17700 0.78125
17800 0.78125
17900 0.75
18000 0.84375
18100 0.75
18200 0.71875
18300 0.75
18400 0.8125
18500 0.8125
18600 0.8125
18700 0.75
18800 0.78125
18900 0.78125
19000 0.75
19100 0.71875
19200 0.875
19300 0.84375
19400 0.90625
19500 0.8125
19600 0.75
19700 0.84375
19800 0.71875
19900 0.8125
20000 0.75
20100 0.78125
20200 0.84375
20300 0.6875
20400 0.78125
