0 3.32502
100 2.88019
200 2.34482
300 2.55714
400 1.62606
500 2.72274
600 2.42884
700 2.20714
800 2.52324
900 2.52732
1000 1.85656
1100 2.0811
1200 2.66333
1300 2.69563
1400 2.42024
1500 1.37759
1600 2.09465
1700 2.12833
1800 1.81534
1900 2.24731
2000 1.75962
2100 2.05113
2200 2.36331
2300 2.519
2400 2.01309
2500 2.12323
2600 1.86534
2700 1.88678
2800 2.51954
2900 1.94818
3000 2.38969
3100 1.66661
3200 1.64898
3300 1.9691
3400 1.82723
3500 2.20514
3600 1.96445
3700 2.63111
3800 2.31654
3900 1.57964
4000 1.73152
4100 1.78523
4200 2.04919
4300 1.91811
4400 2.38417
4500 2.74838
4600 1.67421
4700 1.57057
4800 1.61564
4900 1.80095
5000 2.21966
5100 1.956
5200 1.84134
5300 1.68781
5400 1.53258
5500 1.49538
5600 2.49956
5700 1.73139
5800 1.96143
5900 1.70359
6000 2.27138
6100 1.94899
6200 2.31992
6300 1.49028
6400 1.95626
6500 1.44726
6600 1.86443
6700 1.24171
6800 1.82573
6900 1.97652
7000 1.80231
7100 1.52351
7200 1.94695
7300 1.23517
7400 1.94816
7500 1.61563
7600 1.99161
7700 1.20491
7800 1.21257
7900 0.981709
8000 1.51063
8100 1.56742
8200 1.48565
8300 1.59001
8400 1.31968
8500 1.53967
8600 1.61125
8700 1.167
8800 1.98988
8900 1.68321
9000 1.22283
9100 1.82556
9200 1.50658
9300 1.56738
9400 2.02374
9500 1.07364
9600 1.11351
9700 1.07397
9800 1.64943
9900 1.64377
10000 0.938886
10100 1.75278
10200 1.52586
10300 1.20091
10400 0.94927
10500 1.2902
10600 1.37816
10700 1.54973
10800 1.09508
10900 1.57985
11000 1.27595
11100 1.309
11200 1.34052
11300 1.22419
11400 1.3181
11500 1.01074
11600 1.43568
11700 1.61383
11800 0.712389
11900 1.74964
12000 1.08239
12100 1.18243
12200 1.87065
12300 1.24438
12400 1.08555
12500 1.3017
12600 1.32466
12700 1.25072
12800 1.47975
12900 1.22155
13000 0.891816
13100 1.09823
13200 1.25551
13300 1.42096
13400 1.2677
13500 1.1563
13600 1.3489
13700 1.47838
13800 1.19079
13900 0.922669
14000 1.21803
14100 1.17095
14200 1.05187
14300 1.16922
14400 1.02573
14500 1.19553
14600 0.957092
14700 0.798185
14800 1.16208
14900 1.12898
15000 1.21674
15100 1.22021
15200 0.769722
15300 1.06355
15400 0.829068
15500 0.919682
15600 1.4399
15700 1.26253
15800 1.03388
15900 1.30751
16000 1.15703
16100 1.02523
16200 1.09844
16300 0.988748
16400 0.608246
16500 1.06513
16600 0.970406
16700 1.11293
16800 1.18335
16900 1.35923
17000 1.29419
17100 1.01574
17200 1.26964
17300 0.982175
17400 0.872012
17500 1.32547
17600 1.04256
17700 0.948047
17800 0.777312
17900 1.1296
18000 0.826704
18100 1.2756
18200 1.09366
18300 1.12447
18400 0.912102
18500 0.68165
18600 0.988714
18700 1.07199
18800 1.0771
18900 0.885898
19000 1.07432
19100 1.03521
19200 0.664504
19300 1.18419
19400 0.619858
19500 0.828204
19600 0.969249
19700 1.01414
19800 1.0717
19900 0.879794
20000 1.00538
20100 1.02617
20200 0.677365
20300 1.1686
20400 1.31505
