0 2.30473
100 1.99639
200 1.62531
300 1.77247
400 1.1271
500 1.88726
600 1.68355
700 1.52987
800 1.74898
900 1.75181
1000 1.28687
1100 1.44251
1200 1.84608
1300 1.86847
1400 1.67758
1500 0.954869
1600 1.4519
1700 1.47524
1800 1.2583
1900 1.55772
2000 1.21968
2100 1.42174
2200 1.63812
2300 1.74604
2400 1.39537
2500 1.47171
2600 1.29296
2700 1.30782
2800 1.74641
2900 1.35037
3000 1.65641
3100 1.15521
3200 1.14298
3300 1.36488
3400 1.26654
3500 1.52849
3600 1.36165
3700 1.82375
3800 1.60571
3900 1.09492
4000 1.2002
4100 1.23742
4200 1.42039
4300 1.32953
4400 1.65258
4500 1.90503
4600 1.16048
4700 1.08864
4800 1.11987
4900 1.24833
5000 1.53855
5100 1.3558
5200 1.27632
5300 1.1699
5400 1.06231
5500 1.03652
5600 1.73256
5700 1.20011
5800 1.35956
5900 1.18084
6000 1.5744
6100 1.35094
6200 1.60805
6300 1.03298
6400 1.35598
6500 1.00317
6600 1.29232
6700 0.860685
6800 1.2655
6900 1.37002
7000 1.24927
7100 1.05602
7200 1.34952
7300 0.856153
7400 1.35036
7500 1.11987
7600 1.38048
7700 0.835183
7800 0.840491
7900 0.680469
8000 1.04709
8100 1.08646
8200 1.02978
8300 1.10211
8400 0.914732
8500 1.06722
8600 1.11683
8700 0.808904
8800 1.37928
8900 1.16671
9000 0.847601
9100 1.26538
9200 1.04428
9300 1.08643
9400 1.40275
9500 0.744191
9600 0.771825
9700 0.744417
9800 1.1433
9900 1.13938
10000 0.650786
10100 1.21494
10200 1.05765
10300 0.832405
10400 0.657984
10500 0.894302
10600 0.955269
10700 1.07419
10800 0.759051
10900 1.09507
11000 0.884418
11100 0.907333
11200 0.929177
11300 0.848543
11400 0.913639
11500 0.700594
11600 0.995138
11700 1.11862
11800 0.49379
11900 1.21276
12000 0.750255
12100 0.819595
12200 1.29663
12300 0.862539
12400 0.752445
12500 0.90227
12600 0.918184
12700 0.866936
12800 1.02569
12900 0.846715
13000 0.61816
13100 0.761233
13200 0.870253
13300 0.984932
13400 0.878703
13500 0.801486
13600 0.934984
13700 1.02473
13800 0.825393
13900 0.639545
14000 0.844271
14100 0.811643
14200 0.729104
14300 0.810443
14400 0.71098
14500 0.828675
14600 0.663405
14700 0.55326
14800 0.805492
14900 0.782547
15000 0.843381
15100 0.845782
15200 0.533531
15300 0.737197
15400 0.574666
15500 0.637475
15600 0.998063
15700 0.875121
15800 0.716633
15900 0.906297
16000 0.801991
16100 0.710634
16200 0.761383
16300 0.685348
16400 0.421604
16500 0.738293
16600 0.672634
16700 0.771424
16800 0.820238
16900 0.942145
17000 0.897063
17100 0.704054
17200 0.880046
17300 0.680792
17400 0.604433
17500 0.918744
17600 0.722645
17700 0.657136
17800 0.538792
17900 0.782981
18000 0.573028
18100 0.884179
18200 0.758065
18300 0.779422
18400 0.632221
18500 0.472484
18600 0.685324
18700 0.74305
18800 0.746589
18900 0.614058
19000 0.744661
19100 0.717553
19200 0.460599
19300 0.820818
19400 0.429653
19500 0.574067
19600 0.671832
19700 0.702951
19800 0.742847
19900 0.609827
20000 0.696876
20100 0.71129
20200 0.469513
20300 0.810012
20400 0.911524
