0 9.99651
100 6.59281
200 5.81568
300 5.81083
400 5.0889
500 5.11066
600 5.14214
700 5.32189
800 5.41048
900 4.70007
1000 5.02584
1100 5.13854
1200 5.19965
1300 4.4385
1400 4.98766
1500 4.12073
1600 4.09481
1700 4.83783
1800 4.92333
1900 4.31917
2000 4.21124
2100 3.77652
2200 4.06886
2300 3.56591
2400 4.42363
2500 4.1106
2600 4.16584
2700 4.46938
2800 3.95212
2900 3.8471
3000 3.92242
3100 3.94073
3200 3.82896
3300 4.52078
3400 4.08222
3500 3.80084
3600 4.20964
3700 4.25672
3800 4.21605
3900 3.76886
4000 3.18561
4100 4.36542
4200 4.09373
4300 4.16071
4400 3.74701
4500 4.17563
4600 3.99543
4700 3.35118
4800 3.44488
4900 3.3544
5000 3.79022
5100 3.7914
5200 3.62212
5300 3.33252
5400 3.57408
5500 3.42356
5600 3.89111
5700 3.54599
5800 3.87777
5900 3.83059
6000 3.38082
6100 2.84263
6200 4.05498
6300 3.37427
6400 3.57047
6500 3.17092
6600 3.89292
6700 2.8964
6800 3.44401
6900 3.77978
7000 3.66538
7100 3.73433
7200 2.81553
7300 3.10656
7400 3.61491
7500 3.63715
7600 3.89106
7700 3.37719
7800 3.37663
7900 3.05506
8000 3.01896
8100 3.3007
8200 3.4584
8300 2.91054
8400 2.93398
8500 3.19243
8600 3.22796
8700 3.24508
8800 2.94983
8900 3.38354
9000 2.91976
9100 3.4663
9200 3.37918
9300 3.02357
9400 3.33699
9500 2.72991
9600 3.18178
9700 2.89617
9800 3.04404
9900 3.03121
10000 2.71409
10100 3.10316
10200 2.92154
10300 3.33112
10400 3.01151
10500 3.09255
10600 3.00614
10700 3.32731
10800 3.21479
10900 3.31026
11000 3.11894
11100 3.21465
11200 3.48065
11300 2.89793
11400 3.39648
11500 3.01285
11600 3.07704
11700 3.63335
11800 2.76077
11900 2.66544
12000 3.3094
12100 2.96988
12200 3.08253
12300 3.01353
12400 3.11379
12500 3.45271
12600 3.19414
12700 3.2292
12800 2.87163
12900 3.07217
13000 2.95796
13100 2.92707
13200 3.25356
13300 3.03271
13400 2.66729
13500 3.03288
13600 3.09612
13700 2.92583
13800 2.69738
13900 2.48683
14000 3.32378
14100 3.08116
14200 2.71769
14300 3.05868
14400 2.78707
14500 2.91968
14600 3.17635
14700 3.21774
14800 3.13977
14900 2.70884
15000 3.04086
15100 2.98973
15200 2.74582
15300 2.88269
15400 2.60458
15500 2.82422
15600 2.77943
15700 2.88699
15800 2.95689
15900 3.43482
16000 2.67379
16100 2.59938
16200 3.23462
16300 2.73086
16400 2.13926
16500 3.02866
16600 3.06373
16700 3.0397
16800 3.20833
16900 3.23852
17000 2.52192
17100 3.15839
17200 3.59845
17300 3.11783
17400 2.76868
17500 3.43331
17600 3.11333
17700 2.7299
17800 2.59556
17900 2.87047
18000 2.50909
18100 2.97299
18200 3.18606
18300 2.74822
18400 2.82618
18500 2.44207
18600 3.29484
18700 3.0886
18800 2.70618
18900 2.72479
19000 3.09274
19100 2.71588
19200 2.44642
19300 2.71723
19400 2.49486
19500 2.30315
19600 2.72589
19700 3.00589
19800 2.77954
19900 2.75536
20000 2.91577
20100 2.8289
20200 2.77103
20300 2.71688
20400 3.26162
