0 0.125
100 0.40625
200 0.4375
300 0.4375
400 0.3125
500 0.3125
600 0.34375
700 0.3125
800 0.375
900 0.53125
1000 0.46875
1100 0.375
1200 0.5
1300 0.5
1400 0.5625
1500 0.46875
1600 0.4375
1700 0.40625
1800 0.40625
1900 0.375
2000 0.5625
2100 0.34375
2200 0.46875
2300 0.46875
2400 0.34375
2500 0.4375
2600 0.46875
2700 0.59375
2800 0.5625
2900 0.5625
3000 0.65625
3100 0.5625
3200 0.625
3300 0.46875
3400 0.46875
3500 0.5625
3600 0.25
3700 0.625
3800 0.375
3900 0.46875
4000 0.625
4100 0.53125
4200 0.4375
4300 0.53125
4400 0.40625
4500 0.71875
4600 0.3125
4700 0.4375
4800 0.59375
4900 0.4375
5000 0.625
5100 0.5
5200 0.46875
5300 0.625
5400 0.59375
5500 0.625
5600 0.5
5700 0.5
5800 0.78125
5900 0.53125
6000 0.625
6100 0.4375
6200 0.53125
6300 0.59375
6400 0.53125
6500 0.53125
6600 0.5625
6700 0.625
6800 0.6875
6900 0.46875
7000 0.59375
7100 0.5625
7200 0.59375
7300 0.625
7400 0.625
7500 0.53125
7600 0.625
7700 0.53125
7800 0.5
7900 0.625
8000 0.5
8100 0.5625
8200 0.46875
8300 0.53125
8400 0.65625
8500 0.5625
8600 0.78125
8700 0.8125
8800 0.75
8900 0.75
9000 0.65625
9100 0.4375
9200 0.59375
9300 0.71875
9400 0.6875
9500 0.71875
9600 0.78125
9700 0.65625
9800 0.71875
9900 0.53125
10000 0.6875
10100 0.53125
10200 0.6875
10300 0.59375
10400 0.6875
10500 0.6875
10600 0.625
10700 0.78125
10800 0.8125
10900 0.625
11000 0.625
11100 0.59375
11200 0.6875
11300 0.6875
11400 0.71875
11500 0.75
11600 0.625
11700 0.65625
11800 0.6875
11900 0.6875
12000 0.65625
12100 0.6875
12200 0.78125
12300 0.53125
12400 0.6875
12500 0.75
12600 0.71875
12700 0.65625
12800 0.75
12900 0.6875
13000 0.78125
13100 0.65625
13200 0.6875
13300 0.625
13400 0.84375
13500 0.65625
13600 0.59375
13700 0.75
13800 0.78125
13900 0.875
14000 0.8125
14100 0.875
14200 0.71875
14300 0.78125
14400 0.71875
14500 0.65625
14600 0.8125
14700 0.84375
14800 0.8125
14900 0.71875
15000 0.9375
15100 0.71875
15200 0.8125
15300 0.75
15400 0.8125
15500 0.71875
15600 0.78125
15700 0.78125
15800 0.78125
15900 0.75
16000 0.75
16100 0.8125
16200 0.78125
16300 0.8125
16400 0.71875
16500 0.9375
16600 0.8125
16700 0.75
16800 0.78125
16900 0.8125
17000 0.8125
17100 0.78125
17200 0.8125
17300 0.84375
17400 0.71875
17500 0.6875
17600 0.65625
17700 0.6875
17800 0.84375
17900 0.875
18000 0.84375
18100 0.84375
18200 0.875
18300 0.71875
18400 0.84375
18500 0.84375
18600 0.78125
18700 0.90625
18800 0.8125
18900 0.8125
19000 0.75
19100 0.875
19200 0.875
19300 0.9375
19400 0.84375
19500 0.78125
19600 0.9375
19700 0.84375
19800 0.875
19900 0.65625
20000 0.78125
20100 0.75
20200 0.78125
20300 0.75
20400 0.8125
20500 0.84375
20600 0.6875
20700 0.78125
20800 0.84375
20900 0.8125
21000 0.78125
21100 0.9375
21200 0.875
21300 0.90625
21400 0.71875
21500 0.75
21600 0.84375
21700 0.84375
21800 0.78125
21900 0.8125
22000 0.875
22100 0.875
22200 0.75
22300 0.875
22400 0.78125
22500 0.8125
22600 0.84375
22700 0.78125
