0 3.255582
100 2.215107
200 2.2847445
300 2.190454
400 2.7206132
500 2.468588
600 2.4296362
700 2.5034814
800 2.9965177
900 1.9524138
1000 2.1649468
1100 2.5647335
1200 1.8703641
1300 2.456135
1400 1.9731201
1500 2.3559768
1600 2.2397413
1700 1.9521972
1800 2.3850071
1900 2.1074677
2000 2.0692441
2100 2.7410378
2200 1.8539026
2300 1.9738011
2400 2.1112788
2500 2.6236222
2600 2.0701797
2700 1.9047842
2800 2.08678
2900 1.5218467
3000 1.7221894
3100 1.828427
3200 1.6689138
3300 2.0353434
3400 2.2349036
3500 1.6733487
3600 2.3101754
3700 1.6830852
3800 2.5208626
3900 2.1689885
4000 1.6117036
4100 2.1903496
4200 2.332563
4300 1.8674355
4400 2.2212303
4500 1.4028713
4600 2.5428803
4700 2.0435863
4800 1.8400271
4900 2.0818465
5000 1.3899498
5100 1.9454793
5200 1.849399
5300 1.5370251
5400 1.596318
5500 1.7889282
5600 1.7811557
5700 2.1110914
5800 1.6536216
5900 1.8055933
6000 1.6822509
6100 1.9906684
6200 1.5073891
6300 1.5107489
6400 1.7905596
6500 1.8662091
6600 1.7371196
6700 1.7781885
6800 1.3589727
6900 2.5390484
7000 1.6944487
7100 1.7405142
7200 1.8531868
7300 1.8619771
7400 1.5041641
7500 1.4882847
7600 1.565093
7700 1.9966022
7800 1.7319775
7900 1.3320494
8000 1.7906785
8100 1.7906439
8200 1.9002329
8300 2.069959
8400 1.8369504
8500 2.2863033
8600 1.2391727
8700 0.8543645
8800 1.3014214
8900 1.1980065
9000 1.4234763
9100 1.8593398
9200 1.358456
9300 1.2613926
9400 1.4327174
9500 1.1131091
9600 1.2343625
9700 1.6784081
9800 0.90662897
9900 1.5987259
10000 1.5164746
10100 1.5420483
10200 1.2376778
10300 1.5170544
10400 1.3634304
10500 1.0219892
10600 1.4728239
10700 1.371724
10800 1.0077767
10900 1.1427397
11000 1.3825483
11100 1.3745126
11200 1.4250641
11300 1.5317308
11400 1.09309
11500 1.0466442
11600 1.6855717
11700 1.2868041
11800 0.97775525
11900 1.5008513
12000 1.6285137
12100 1.2432909
12200 0.9654182
12300 1.6848824
12400 1.0991179
12500 1.1400988
12600 1.0135098
12700 1.6365694
12800 1.0532829
12900 1.2711037
13000 0.94120145
13100 1.4387465
13200 1.0485723
13300 1.5395973
13400 1.0676998
13500 1.2440877
13600 1.5468037
13700 1.0015862
13800 0.87321764
13900 0.69050676
14000 0.87386256
14100 0.7032473
14200 1.1818684
14300 1.1847522
14400 1.2556919
14500 1.1569989
14600 1.1245569
14700 0.97102916
14800 0.98266166
14900 1.010644
15000 0.7379828
15100 1.37831
15200 0.9025169
15300 1.164852
15400 0.6959504
15500 0.9556369
15600 1.1893911
15700 1.100583
15800 1.0462223
15900 1.0831898
16000 1.0059454
16100 0.8845133
16200 0.9564289
16300 1.1177455
16400 1.314967
16500 0.7600974
16600 1.1936352
16700 1.0702969
16800 0.93709254
16900 0.804917
17000 0.89617926
17100 1.0175883
17200 0.81864154
17300 0.7013165
17400 1.0102712
17500 1.1828169
17600 1.3120385
17700 1.0830467
17800 0.7625652
17900 0.8100811
18000 0.8066568
18100 0.8374381
18200 1.0252267
18300 0.99363726
18400 0.79706806
18500 0.8473727
18600 0.89076626
18700 0.8164186
18800 0.94313085
18900 0.790006
19000 0.9311808
19100 0.77445257
19200 0.80042624
19300 0.5999467
19400 0.7781699
19500 0.87605256
19600 0.6340088
19700 0.89897895
19800 0.72227603
19900 1.1051867
20000 0.826642
20100 0.8528611
20200 1.1112854
20300 1.1621253
20400 0.98386794
20500 0.8616623
20600 0.9953539
20700 0.8576967
20800 0.72099936
20900 1.0325173
21000 0.95430136
21100 0.49845088
21200 0.73215526
21300 0.8633253
21400 1.0274224
21500 1.0247827
21600 0.7757004
21700 1.0949144
21800 0.91859514
21900 0.9529782
22000 0.7327275
22100 0.7632872
22200 1.2190076
22300 0.8755207
22400 0.9844936
22500 0.9865599
22600 0.7332112
22700 0.8605054
