0 2.2565975
100 1.5353951
200 1.5836642
300 1.5183071
400 1.8857853
500 1.7110949
600 1.6840955
700 1.735281
800 2.0770278
900 1.3533101
1000 1.5006268
1100 1.7777379
1200 1.2964376
1300 1.7024632
1400 1.3676627
1500 1.6330388
1600 1.5524704
1700 1.35316
1800 1.653161
1900 1.4607853
2000 1.4342908
2100 1.8999426
2200 1.2850274
2300 1.3681347
2400 1.463427
2500 1.8185563
2600 1.4349391
2700 1.3202958
2800 1.4464457
2900 1.0548637
3000 1.1937307
3100 1.267369
3200 1.1568029
3300 1.4107926
3400 1.5491171
3500 1.159877
3600 1.6012917
3700 1.1666257
3800 1.7473288
3900 1.5034282
4000 1.1171478
4100 1.5182346
4200 1.6168095
4300 1.2944076
4400 1.5396395
4500 0.97239625
4600 1.7625903
4700 1.416506
4800 1.2754096
4900 1.443026
5000 0.9634398
5100 1.3485035
5200 1.2819057
5300 1.0653846
5400 1.1064833
5500 1.2399905
5600 1.234603
5700 1.463297
5800 1.1462032
5900 1.2515419
6000 1.1660475
6100 1.3798262
6200 1.0448425
6300 1.0471714
6400 1.2411214
6500 1.2935576
6600 1.2040795
6700 1.2325463
6800 0.9419681
6900 1.7599343
7000 1.1745024
7100 1.2064325
7200 1.2845312
7300 1.2906241
7400 1.0426071
7500 1.0316004
7600 1.0848398
7700 1.3839391
7800 1.2005153
7900 0.9233062
8000 1.2412038
8100 1.2411798
8200 1.317141
8300 1.4347862
8400 1.273277
8500 1.5847447
8600 0.85892904
8700 0.59220034
8800 0.9020766
8900 0.83039486
9000 0.9866786
9100 1.2887962
9200 0.9416099
9300 0.87433076
9400 0.9930841
9500 0.77154845
9600 0.8555949
9700 1.1633838
9800 0.6284273
9900 1.1081524
10000 1.0511401
10100 1.0688665
10200 0.8578929
10300 1.051542
10400 0.9450579
10500 0.7083889
10600 1.0208837
10700 0.9508066
10800 0.6985376
10900 0.7920868
11000 0.9583095
11100 0.95273954
11200 0.98777914
11300 1.0617149
11400 0.7576723
11500 0.7254785
11600 1.1683493
11700 0.89194465
11800 0.6777283
11900 1.0403109
12000 1.1287997
12100 0.8617836
12200 0.66917694
12300 1.1678715
12400 0.7618505
12500 0.79025626
12600 0.7025114
12700 1.1343834
12800 0.73008007
12900 0.881062
13000 0.65239114
13100 0.997263
13200 0.7268149
13300 1.0671675
13400 0.7400731
13500 0.86233586
13600 1.0721626
13700 0.69424665
13800 0.60526836
13900 0.4786228
14000 0.6057154
14100 0.4874539
14200 0.8192088
14300 0.82120764
14400 0.87037927
14500 0.80197054
14600 0.77948344
14700 0.67306614
14800 0.68112916
14900 0.70052505
15000 0.5115307
15100 0.9553717
15200 0.62557703
15300 0.8074139
15400 0.48239607
15500 0.662397
15600 0.8244231
15700 0.76286596
15800 0.72518605
15900 0.75081
16000 0.69726825
16100 0.6130979
16200 0.662946
16300 0.77476215
16400 0.9114657
16500 0.52685934
16600 0.82736486
16700 0.74187326
16800 0.64954305
16900 0.55792594
17000 0.6211841
17100 0.7053384
17200 0.5674391
17300 0.48611555
17400 0.70026666
17500 0.8198662
17600 0.9094358
17700 0.7507108
17800 0.52856994
17900 0.56150544
18000 0.55913186
18100 0.5804679
18200 0.71063304
18300 0.68873686
18400 0.55248547
18500 0.587354
18600 0.6174321
18700 0.56589824
18800 0.6537285
18900 0.54759043
19000 0.64544535
19100 0.5368096
19200 0.5548132
19300 0.41585135
19400 0.5393863
19500 0.60723335
19600 0.4394614
19700 0.6231247
19800 0.5006436
19900 0.766057
20000 0.5729846
20100 0.5911583
20200 0.77028435
20300 0.8055239
20400 0.6819653
20500 0.5972588
20600 0.68992674
20700 0.5945101
20800 0.49975866
20900 0.7156865
21000 0.6614713
21100 0.3454998
21200 0.50749135
21300 0.5984115
21400 0.7121549
21500 0.71032524
21600 0.53767455
21700 0.7589369
21800 0.6367216
21900 0.6605542
22000 0.507888
22100 0.5290704
22200 0.8449517
22300 0.6068647
22400 0.682399
22500 0.6838312
22600 0.5082233
22700 0.5964569
