0 9.518295
100 5.943452
200 6.071676
300 6.319895
400 5.8139567
500 6.1250725
600 5.416357
700 6.030019
800 5.182998
900 4.5298595
1000 4.9888277
1100 5.3245516
1200 4.8592315
1300 4.616152
1400 4.9787917
1500 4.990614
1600 5.0164146
1700 4.6261826
1800 4.7590055
1900 4.479255
2000 4.8748736
2100 4.5274096
2200 4.54091
2300 4.392369
2400 4.1889653
2500 4.488719
2600 5.2190485
2700 4.4076343
2800 4.2710423
2900 4.022104
3000 4.769019
3100 4.515441
3200 3.9935563
3300 3.906334
3400 3.7936294
3500 4.086042
3600 4.838052
3700 3.915598
3800 4.910015
3900 4.2379436
4000 3.7957969
4100 4.0676556
4200 4.5222836
4300 3.8420703
4400 4.4550295
4500 4.176453
4600 4.9993515
4700 3.8094044
4800 3.6091027
4900 3.3519206
5000 3.7658763
5100 4.013071
5200 4.0449615
5300 3.5327826
5400 3.339345
5500 3.9852276
5600 3.8624058
5700 3.6259246
5800 3.8069346
5900 4.05738
6000 3.8178492
6100 4.029623
6200 4.079852
6300 3.8741443
6400 3.6295204
6500 3.5784976
6600 3.9811182
6700 3.6502204
6800 3.171711
6900 3.999715
7000 3.6941395
7100 3.7644448
7200 3.5610173
7300 3.2097769
7400 3.6798997
7500 3.0514793
7600 3.3025742
7700 3.9769359
7800 3.8433392
7900 3.2049546
8000 3.654029
8100 3.7455516
8200 3.4376855
8300 3.4554453
8400 3.5142167
8500 3.0845933
8600 2.6901677
8700 2.4101021
8800 3.8871264
8900 3.4950469
9000 3.62533
9100 3.3446608
9200 3.35502
9300 3.408515
9400 3.3395495
9500 3.2320838
9600 3.1372979
9700 3.8307695
9800 3.2520175
9900 3.0319142
10000 3.194769
10100 3.6150029
10200 3.624581
10300 3.2144341
10400 2.8511674
10500 3.0962672
10600 3.1243577
10700 3.2874694
10800 3.0187173
10900 2.8210044
11000 3.3848393
11100 3.034515
11200 3.2571344
11300 2.9579582
11400 3.1563606
11500 3.199538
11600 3.0754118
11700 3.5744288
11800 2.8202689
11900 3.304472
12000 3.2434275
12100 3.155628
12200 2.777948
12300 3.4359903
12400 3.210274
12500 3.0542283
12600 2.823528
12700 3.1406355
12800 2.7542195
12900 3.2169192
13000 2.9205303
13100 3.015937
13200 3.1272795
13300 3.5976136
13400 3.46162
13500 3.3498235
13600 3.4767504
13700 2.7537923
13800 2.7902641
13900 2.621239
14000 2.8717268
14100 2.7473598
14200 2.9777048
14300 3.2701855
14400 3.426073
14500 2.6346369
14600 3.152113
14700 2.7036233
14800 2.9077268
14900 2.8038964
15000 2.8528464
15100 3.084901
15200 2.6296134
15300 2.8625894
15400 2.5473962
15500 2.5806212
15600 2.6884768
15700 3.0320945
15800 3.2773643
15900 2.9756303
16000 2.981527
16100 2.6968317
16200 2.5904133
16300 2.951623
16400 3.2337568
16500 3.0291479
16600 3.253689
16700 2.6605341
16800 3.0681095
16900 2.4765909
17000 2.762504
17100 3.4501243
17200 3.0560052
17300 2.8576694
17400 2.713468
17500 3.3736517
17600 2.8565254
17700 3.3047361
17800 2.4976816
17900 2.986569
18000 2.3640149
18100 2.7852042
18200 2.927742
18300 2.8524134
18400 2.8357224
18500 3.0310836
18600 2.6295364
18700 2.5416384
18800 2.9344864
18900 2.9603155
19000 3.1017659
19100 2.7667885
19200 2.9248395
19300 2.6734245
19400 2.1942976
19500 2.6192474
19600 2.548895
19700 2.9268694
19800 2.6639056
19900 3.2231462
20000 2.6747127
20100 2.7790709
20200 3.3265195
20300 2.7388768
20400 2.7649705
20500 2.9713492
20600 2.8762984
20700 3.0126455
20800 2.631824
20900 3.0666528
21000 2.7675688
21100 2.1541395
21200 2.7961373
21300 2.9517512
21400 2.7163253
21500 2.7633681
21600 2.632562
21700 2.8879151
21800 2.3881433
21900 3.1180398
22000 2.624445
22100 2.5748377
22200 3.2598124
22300 2.8689137
22400 2.9710221
22500 2.781622
22600 2.5918813
22700 2.748774
