0 0.21875
100 0.21875
200 0.4375
300 0.375
400 0.59375
500 0.28125
600 0.40625
700 0.40625
800 0.59375
900 0.25
1000 0.59375
1100 0.40625
1200 0.375
1300 0.5625
1400 0.34375
1500 0.46875
1600 0.5625
1700 0.65625
1800 0.5
1900 0.5
2000 0.4375
2100 0.4375
2200 0.59375
2300 0.625
2400 0.71875
2500 0.6875
2600 0.53125
2700 0.5
2800 0.5625
2900 0.53125
3000 0.59375
3100 0.46875
3200 0.71875
3300 0.5
3400 0.53125
3500 0.65625
3600 0.40625
3700 0.40625
3800 0.5625
3900 0.5625
4000 0.4375
4100 0.5
4200 0.53125
4300 0.5625
4400 0.71875
4500 0.40625
4600 0.4375
4700 0.46875
4800 0.46875
4900 0.5625
5000 0.65625
5100 0.5
5200 0.59375
5300 0.65625
5400 0.53125
5500 0.65625
5600 0.40625
5700 0.5
5800 0.53125
5900 0.65625
6000 0.625
6100 0.5
6200 0.59375
6300 0.75
6400 0.5625
6500 0.5625
6600 0.59375
6700 0.53125
6800 0.59375
6900 0.59375
7000 0.625
7100 0.5
7200 0.6875
7300 0.6875
7400 0.59375
7500 0.5625
7600 0.53125
7700 0.625
7800 0.625
7900 0.59375
8000 0.75
8100 0.78125
8200 0.78125
8300 0.625
8400 0.59375
8500 0.5625
8600 0.625
8700 0.5625
8800 0.5
8900 0.59375
9000 0.59375
9100 0.6875
9200 0.625
9300 0.65625
9400 0.53125
9500 0.5625
9600 0.59375
9700 0.6875
9800 0.78125
9900 0.4375
10000 0.625
10100 0.59375
10200 0.65625
10300 0.59375
10400 0.5
10500 0.5625
10600 0.5625
10700 0.6875
10800 0.59375
10900 0.75
11000 0.75
11100 0.65625
11200 0.65625
11300 0.5625
11400 0.65625
11500 0.53125
11600 0.5625
11700 0.65625
11800 0.59375
11900 0.71875
12000 0.65625
12100 0.6875
12200 0.59375
12300 0.71875
12400 0.6875
12500 0.625
12600 0.71875
12700 0.59375
12800 0.71875
12900 0.71875
13000 0.625
13100 0.71875
13200 0.53125
13300 0.5625
13400 0.65625
13500 0.65625
13600 0.59375
13700 0.625
13800 0.65625
13900 0.59375
14000 0.5625
14100 0.75
14200 0.625
14300 0.75
14400 0.65625
14500 0.71875
14600 0.625
14700 0.6875
14800 0.5625
14900 0.625
15000 0.65625
15100 0.53125
15200 0.71875
15300 0.8125
15400 0.6875
15500 0.59375
15600 0.6875
15700 0.78125
15800 0.8125
15900 0.78125
16000 0.625
16100 0.875
16200 0.65625
16300 0.625
16400 0.625
16500 0.71875
16600 0.59375
16700 0.75
16800 0.53125
16900 0.625
17000 0.6875
17100 0.8125
17200 0.78125
17300 0.5625
17400 0.5625
17500 0.71875
17600 0.71875
17700 0.71875
17800 0.75
17900 0.6875
18000 0.6875
18100 0.625
18200 0.6875
18300 0.59375
18400 0.75
18500 0.75
18600 0.78125
18700 0.71875
18800 0.71875
18900 0.75
19000 0.5625
19100 0.8125
19200 0.8125
19300 0.78125
19400 0.65625
19500 0.6875
19600 0.71875
19700 0.65625
19800 0.59375
19900 0.71875
20000 0.6875
20100 0.71875
20200 0.625
20300 0.65625
20400 0.8125
20500 0.8125
20600 0.71875
20700 0.6875
20800 0.6875
20900 0.75
21000 0.71875
21100 0.6875
21200 0.65625
21300 0.625
21400 0.8125
21500 0.65625
21600 0.625
21700 0.6875
21800 0.71875
21900 0.6875
22000 0.75
22100 0.71875
22200 0.8125
22300 0.75
