0 3.32193
100 3.14216
200 2.43011
300 2.54277
400 2.13424
500 2.69315
600 2.41957
700 2.45407
800 1.99155
900 2.9932
1000 2.01147
1100 2.33685
1200 2.34807
1300 2.08139
1400 2.44758
1500 2.20155
1600 2.11064
1700 1.74138
1800 1.75474
1900 1.96022
2000 2.45088
2100 2.00382
2200 1.79736
2300 1.84041
2400 1.49768
2500 1.66089
2600 1.86223
2700 1.78427
2800 1.56974
2900 1.97792
3000 1.93706
3100 2.06431
3200 1.97556
3300 1.80094
3400 1.88078
3500 1.49385
3600 2.1007
3700 2.39949
3800 1.83565
3900 1.50941
4000 2.06816
4100 1.91276
4200 1.87664
4300 2.53337
4400 1.42341
4500 2.38218
4600 2.13997
4700 1.80492
4800 2.17387
4900 1.70461
5000 1.6741
5100 2.10644
5200 2.08157
5300 1.71062
5400 1.63072
5500 2.10213
5600 2.34733
5700 2.11159
5800 1.97966
5900 1.39985
6000 1.90754
6100 1.98418
6200 1.46762
6300 1.16761
6400 1.73365
6500 1.67316
6600 1.76037
6700 2.05988
6800 1.79509
6900 1.60174
7000 1.53173
7100 1.7049
7200 1.33338
7300 1.70157
7400 1.89545
7500 1.62442
7600 2.04283
7700 1.50827
7800 1.54363
7900 1.5492
8000 1.14934
8100 1.36404
8200 1.06365
8300 1.58035
8400 1.66277
8500 1.89493
8600 1.39771
8700 1.88523
8800 1.96566
8900 1.47661
9000 1.87015
9100 1.38861
9200 1.29642
9300 1.4109
9400 1.82746
9500 1.83849
9600 1.96513
9700 1.35037
9800 1.16441
9900 1.95249
10000 1.76309
10100 1.69288
10200 1.60721
10300 1.4849
10400 1.46363
10500 2.23763
10600 1.6424
10700 1.30823
10800 1.832
10900 1.1838
11000 1.21915
11100 1.34601
11200 1.26784
11300 1.57832
11400 1.59691
11500 1.57103
11600 1.6751
11700 1.45751
11800 1.81916
11900 1.26561
12000 1.52609
12100 1.36514
12200 1.4257
12300 1.46245
12400 1.31104
12500 1.6369
12600 1.32093
12700 1.67631
12800 1.1912
12900 1.18916
13000 1.74551
13100 1.13909
13200 1.61677
13300 1.53737
13400 1.6435
13500 1.66907
13600 1.60649
13700 1.69245
13800 1.30992
13900 1.45137
14000 1.61118
14100 1.19563
14200 1.47261
14300 1.40355
14400 1.50161
14500 1.20582
14600 1.72006
14700 1.33979
14800 1.71352
14900 2.12136
15000 1.52662
15100 1.73123
15200 1.52027
15300 1.0996
15400 1.15283
15500 1.64074
15600 1.37123
15700 1.23618
15800 1.00185
15900 1.02035
16000 1.60134
16100 0.962327
16200 1.31659
16300 1.33971
16400 1.23271
16500 1.4844
16600 1.63791
16700 0.98075
16800 1.84829
16900 1.65071
17000 1.23401
17100 1.07079
17200 1.10168
17300 1.61639
17400 1.54441
17500 1.13022
17600 1.0651
17700 1.36527
17800 0.995973
17900 1.50066
18000 1.21422
18100 1.37956
18200 1.22193
18300 1.40998
18400 1.22497
18500 1.05398
18600 1.33943
18700 0.89685
18800 1.33836
18900 1.16788
19000 1.65512
19100 1.06243
19200 1.16578
19300 1.17577
19400 1.3986
19500 1.30824
19600 1.25123
19700 1.69777
19800 1.342
19900 1.11553
20000 1.48479
20100 1.30905
20200 1.28126
20300 1.75192
20400 1.02008
20500 0.875736
20600 1.20557
20700 1.41417
20800 1.50626
20900 1.25114
21000 1.01952
21100 1.08122
21200 1.40604
21300 1.32592
21400 0.905318
21500 1.40422
21600 1.69707
21700 1.33701
21800 1.35908
21900 1.57556
22000 1.13153
22100 1.28209
22200 1.14572
22300 1.25394
