0 2.30259
100 2.17798
200 1.68443
300 1.76251
400 1.47934
500 1.86675
600 1.67712
700 1.70103
800 1.38043
900 2.07473
1000 1.39424
1100 1.61978
1200 1.62756
1300 1.44271
1400 1.69654
1500 1.526
1600 1.46298
1700 1.20704
1800 1.21629
1900 1.35872
2000 1.69882
2100 1.38895
2200 1.24584
2300 1.27567
2400 1.03811
2500 1.15124
2600 1.2908
2700 1.23676
2800 1.08806
2900 1.37099
3000 1.34267
3100 1.43087
3200 1.36936
3300 1.24832
3400 1.30366
3500 1.03546
3600 1.4561
3700 1.6632
3800 1.27238
3900 1.04624
4000 1.43354
4100 1.32582
4200 1.30079
4300 1.756
4400 0.986634
4500 1.6512
4600 1.48331
4700 1.25108
4800 1.50681
4900 1.18154
5000 1.1604
5100 1.46007
5200 1.44283
5300 1.18571
5400 1.13033
5500 1.45709
5600 1.62705
5700 1.46364
5800 1.3722
5900 0.970302
6000 1.32221
6100 1.37533
6200 1.01728
6300 0.809326
6400 1.20167
6500 1.15974
6600 1.2202
6700 1.4278
6800 1.24426
6900 1.11024
7000 1.06171
7100 1.18175
7200 0.924226
7300 1.17944
7400 1.31382
7500 1.12597
7600 1.41598
7700 1.04545
7800 1.06996
7900 1.07382
8000 0.796661
8100 0.945481
8200 0.737269
8300 1.09542
8400 1.15254
8500 1.31346
8600 0.968819
8700 1.30674
8800 1.36249
8900 1.02351
9000 1.29629
9100 0.962513
9200 0.898607
9300 0.977965
9400 1.2667
9500 1.27434
9600 1.36213
9700 0.936002
9800 0.807108
9900 1.35336
10000 1.22208
10100 1.17341
10200 1.11403
10300 1.02926
10400 1.01451
10500 1.55101
10600 1.13843
10700 0.906795
10800 1.26985
10900 0.82055
11000 0.845047
11100 0.932986
11200 0.8788
11300 1.09401
11400 1.10689
11500 1.08896
11600 1.16109
11700 1.01027
11800 1.26094
11900 0.877257
12000 1.05781
12100 0.946245
12200 0.988217
12300 1.01369
12400 0.908742
12500 1.13461
12600 0.915601
12700 1.16193
12800 0.825676
12900 0.82426
13000 1.20989
13100 0.789558
13200 1.12066
13300 1.06562
13400 1.13919
13500 1.15691
13600 1.11353
13700 1.17312
13800 0.907968
13900 1.00602
14000 1.11679
14100 0.828751
14200 1.02073
14300 0.972868
14400 1.04084
14500 0.835812
14600 1.19226
14700 0.928672
14800 1.18772
14900 1.47042
15000 1.05817
15100 1.2
15200 1.05377
15300 0.762183
15400 0.799081
15500 1.13728
15600 0.950461
15700 0.856856
15800 0.69443
15900 0.70725
16000 1.10997
16100 0.667034
16200 0.912594
16300 0.928617
16400 0.854452
16500 1.02891
16600 1.13531
16700 0.679804
16800 1.28113
16900 1.14418
17000 0.855349
17100 0.742215
17200 0.763628
17300 1.1204
17400 1.07051
17500 0.783412
17600 0.738273
17700 0.946331
17800 0.690356
17900 1.04018
18000 0.84163
18100 0.956238
18200 0.846977
18300 0.977327
18400 0.849088
18500 0.73056
18600 0.928426
18700 0.621649
18800 0.927679
18900 0.809516
19000 1.14724
19100 0.73642
19200 0.808059
19300 0.814984
19400 0.969436
19500 0.906802
19600 0.867286
19700 1.1768
19800 0.930204
19900 0.773226
20000 1.02917
20100 0.907365
20200 0.888104
20300 1.21434
20400 0.707067
20500 0.607014
20600 0.835634
20700 0.980226
20800 1.04406
20900 0.867226
21000 0.706681
21100 0.749441
21200 0.974589
21300 0.919056
21400 0.627519
21500 0.973331
21600 1.17632
21700 0.926747
21800 0.942044
21900 1.09209
22000 0.784315
22100 0.888678
22200 0.794152
22300 0.869164
