0 10.0
100 5.69478
200 5.20692
300 5.41493
400 5.88163
500 5.50188
600 5.70417
700 5.98916
800 5.75125
900 5.57739
1000 5.10311
1100 5.23269
1200 5.56825
1300 5.51619
1400 5.57367
1500 5.0321
1600 5.02932
1700 5.11583
1800 5.17932
1900 5.33678
2000 5.12086
2100 4.55641
2200 4.65318
2300 4.52723
2400 4.69691
2500 4.67485
2600 4.62321
2700 5.02949
2800 4.27128
2900 4.63298
3000 5.1069
3100 5.02334
3200 4.26534
3300 4.3321
3400 4.0106
3500 3.92368
3600 4.35843
3700 4.4971
3800 4.29052
3900 4.09841
4000 4.38888
4100 4.77169
4200 4.67413
4300 4.3677
4400 4.20619
4500 4.37085
4600 4.73093
4700 4.16759
4800 4.47606
4900 3.95053
5000 3.74975
5100 3.8279
5200 4.24018
5300 4.02394
5400 4.47619
5500 3.79292
5600 4.31197
5700 4.18302
5800 4.38264
5900 4.15692
6000 3.33447
6100 4.29197
6200 4.16125
6300 3.32757
6400 4.27678
6500 3.84109
6600 4.21764
6700 4.15498
6800 4.24964
6900 3.97009
7000 4.05376
7100 3.95416
7200 3.52246
7300 3.56154
7400 4.02091
7500 4.01008
7600 4.10957
7700 4.2559
7800 3.73309
7900 3.73316
8000 2.89292
8100 3.93016
8200 3.28931
8300 4.30428
8400 4.25233
8500 4.01253
8600 3.74766
8700 3.78364
8800 4.15226
8900 4.19202
9000 3.93299
9100 3.9187
9200 3.41053
9300 4.047
9400 4.26015
9500 3.91549
9600 3.98509
9700 3.54982
9800 3.56576
9900 3.87019
10000 3.99984
10100 3.98126
10200 3.98924
10300 3.69648
10400 3.93958
10500 3.89345
10600 3.85446
10700 3.83029
10800 3.25826
10900 3.70082
11000 3.32775
11100 3.05908
11200 3.24014
11300 3.6863
11400 3.49104
11500 3.68162
11600 3.83341
11700 3.71605
11800 3.48722
11900 3.85663
12000 4.31293
12100 3.46582
12200 3.64167
12300 3.75758
12400 3.41884
12500 3.30316
12600 3.74476
12700 3.87476
12800 3.88616
12900 3.23275
13000 3.44475
13100 3.55458
13200 3.64757
13300 3.69976
13400 3.45174
13500 3.75089
13600 3.327
13700 3.29812
13800 3.24434
13900 3.385
14000 3.31536
14100 3.84136
14200 3.93415
14300 3.40228
14400 4.16132
14500 3.51503
14600 3.57299
14700 3.29718
14800 3.55547
14900 3.71309
15000 3.76717
15100 4.08403
15200 3.18013
15300 3.5033
15400 3.62656
15500 3.53444
15600 3.57274
15700 3.11282
15800 3.12867
15900 3.26979
16000 3.04134
16100 3.02646
16200 3.79764
16300 3.71012
16400 2.97505
16500 2.71587
16600 3.85659
16700 3.19018
16800 3.82445
16900 4.12019
17000 3.41102
17100 3.20353
17200 3.79514
17300 3.87012
17400 3.77715
17500 3.325
17600 2.8354
17700 3.27702
17800 3.14252
17900 3.23214
18000 3.23307
18100 3.0844
18200 3.54021
18300 3.58306
18400 3.54143
18500 3.04445
18600 3.12931
18700 3.0776
18800 3.67229
18900 3.6236
19000 3.31636
19100 3.57758
19200 3.26796
19300 3.29901
19400 3.22892
19500 3.31931
19600 3.70156
19700 3.42114
19800 3.54285
19900 3.32116
20000 3.47876
20100 3.44182
20200 3.4424
20300 3.95481
20400 3.11196
20500 2.82573
20600 3.24837
20700 3.79084
20800 3.07739
20900 3.44854
21000 3.13399
21100 3.31648
21200 3.52832
21300 3.41342
21400 3.42507
21500 3.67875
21600 4.22873
21700 3.52617
21800 3.04641
21900 3.98541
22000 3.44613
22100 3.74828
22200 3.31314
22300 3.66362
