0 0.03125
100 0.365625
200 0.421875
300 0.44375
400 0.440625
500 0.4875
600 0.515625
700 0.465625
800 0.43750003
900 0.4875
1000 0.471875
1100 0.475
1200 0.4875
1300 0.45000005
1400 0.503125
1500 0.52812505
1600 0.4375
1700 0.43437505
1800 0.503125
1900 0.50625
2000 0.515625
2100 0.51562506
2200 0.49375
2300 0.55625004
2400 0.51875
2500 0.4875
2600 0.53125
2700 0.50312495
2800 0.525
2900 0.54375
3000 0.4875
3100 0.47812498
3200 0.496875
3300 0.575
3400 0.51250005
3500 0.4875
3600 0.55
3700 0.50625
3800 0.49062496
3900 0.4625
4000 0.53437495
4100 0.50937504
4200 0.559375
4300 0.553125
4400 0.540625
4500 0.52187496
4600 0.534375
4700 0.56562495
4800 0.634375
4900 0.540625
5000 0.63124996
5100 0.49375
5200 0.45625
5300 0.521875
5400 0.515625
5500 0.59062505
5600 0.52812505
5700 0.51562506
5800 0.4875
5900 0.4875
6000 0.49375
6100 0.49375
6200 0.5187501
6300 0.55625
6400 0.50000006
6500 0.57187504
6600 0.58437496
6700 0.55
6800 0.48125005
6900 0.575
7000 0.5
7100 0.53125
7200 0.54062504
7300 0.546875
7400 0.54062504
7500 0.521875
7600 0.49062502
7700 0.553125
7800 0.578125
7900 0.52187496
8000 0.55312496
8100 0.55625
8200 0.55625
8300 0.578125
8400 0.578125
8500 0.49687502
8600 0.56874996
8700 0.56562495
8800 0.490625
8900 0.528125
9000 0.578125
9100 0.540625
9200 0.534375
9300 0.546875
9400 0.47812504
9500 0.56249994
9600 0.609375
9700 0.603125
9800 0.54999995
9900 0.51874995
10000 0.54062504
10100 0.55625
10200 0.6125
10300 0.57812506
10400 0.49062496
10500 0.534375
10600 0.54687506
10700 0.49687502
10800 0.61562496
10900 0.596875
11000 0.58750004
11100 0.565625
11200 0.503125
11300 0.4875
11400 0.54375
11500 0.503125
11600 0.578125
11700 0.51874995
11800 0.546875
11900 0.57500005
12000 0.55937505
12100 0.515625
12200 0.55625
12300 0.571875
12400 0.509375
12500 0.48125002
12600 0.553125
12700 0.56874996
12800 0.55625
12900 0.53125
13000 0.5
13100 0.56875
13200 0.58125
13300 0.51875
13400 0.52812505
13500 0.559375
13600 0.53749996
13700 0.5375
13800 0.528125
13900 0.5375
14000 0.57500005
14100 0.546875
14200 0.509375
14300 0.578125
14400 0.54062504
14500 0.51875
14600 0.5375
14700 0.5625
14800 0.584375
14900 0.57187504
15000 0.559375
15100 0.54062504
15200 0.609375
15300 0.565625
15400 0.53125
15500 0.54375
15600 0.57812506
15700 0.55937505
15800 0.49375004
15900 0.49062502
16000 0.603125
16100 0.5875
16200 0.565625
16300 0.45625004
16400 0.55625
16500 0.584375
16600 0.58750004
16700 0.521875
16800 0.55625004
16900 0.503125
17000 0.56562495
17100 0.58125
17200 0.53125006
17300 0.5375
17400 0.51875
17500 0.54375
17600 0.60312504
17700 0.571875
17800 0.534375
17900 0.53125006
18000 0.55
18100 0.49062502
18200 0.59375
18300 0.5
18400 0.5375
18500 0.621875
18600 0.509375
18700 0.534375
18800 0.57187504
18900 0.60625
19000 0.584375
19100 0.55
19200 0.60625005
19300 0.553125
19400 0.525
19500 0.53125
19600 0.578125
19700 0.565625
19800 0.63750005
19900 0.6125
20000 0.51875
20100 0.559375
20200 0.525
20300 0.575
20400 0.546875
20500 0.54375
20600 0.53125
20700 0.584375
20800 0.540625
20900 0.50625
21000 0.6
21100 0.56875
21200 0.53749996
21300 0.55625
21400 0.55937505
21500 0.60312504
21600 0.51875
21700 0.62187505
21800 0.575
21900 0.56875
22000 0.55
22100 0.5375
22200 0.5625
22300 0.55
22400 0.509375
22500 0.553125
22600 0.578125
22700 0.515625
22800 0.609375
22900 0.54062504
23000 0.49062502
23100 0.56874996
23200 0.54062504
23300 0.5625
23400 0.63124996
23500 0.571875
23600 0.528125
23700 0.559375
23800 0.575
23900 0.5625
24000 0.50937504
24100 0.57500005
24200 0.55937505
24300 0.61249995
24400 0.49999997
24500 0.60625
24600 0.534375
24700 0.559375
24800 0.5625
24900 0.528125
25000 0.5968751
25100 0.5375
25200 0.578125
25300 0.596875
25400 0.56874996
25500 0.559375
25600 0.571875
25700 0.53125
25800 0.55937505
25900 0.51250005
26000 0.5125
26100 0.57500005
26200 0.546875
26300 0.55
26400 0.53749996
26500 0.55625
26600 0.575
26700 0.53125
26800 0.575
26900 0.56875
27000 0.528125
27100 0.60625
27200 0.540625
27300 0.62187505
27400 0.553125
27500 0.596875
27600 0.515625
27700 0.58125
27800 0.57187504
27900 0.57500005
28000 0.57812506
28100 0.528125
28200 0.484375
28300 0.57187504
28400 0.478125
28500 0.55
28600 0.51875
28700 0.56562495
28800 0.57187504
28900 0.4875
29000 0.559375
29100 0.55
29200 0.57500005
29300 0.53749996
29400 0.609375
29500 0.559375
29600 0.503125
29700 0.63125
29800 0.58124995
29900 0.571875
30000 0.521875
30100 0.590625
30200 0.53749996
30300 0.56874996
30400 0.521875
30500 0.53749996
30600 0.53749996
30700 0.53125
30800 0.484375
30900 0.55
31000 0.5
31100 0.559375
31200 0.55625
31300 0.52500004
31400 0.534375
31500 0.575
31600 0.559375
31700 0.56874996
31800 0.525
31900 0.54999995
32000 0.528125
32100 0.528125
32200 0.525
32300 0.6
32400 0.58125
32500 0.60625
32600 0.565625
32700 0.50625
32800 0.509375
32900 0.55625004
33000 0.578125
33100 0.51875
33200 0.590625
33300 0.553125
33400 0.5625
33500 0.534375
33600 0.559375
33700 0.534375
33800 0.55625
33900 0.54375
34000 0.56875
34100 0.5625
34200 0.590625
34300 0.55625004
34400 0.56875
34500 0.56875
34600 0.54062504
34700 0.52500004
34800 0.54375
34900 0.6093751
35000 0.55
35100 0.59999996
35200 0.56562495
35300 0.571875
35400 0.546875
35500 0.60625005
35600 0.584375
35700 0.575
35800 0.58125
35900 0.521875
36000 0.55625
36100 0.615625
36200 0.55937505
36300 0.56562495
36400 0.51562506
36500 0.61875
36600 0.48437503
36700 0.58750004
36800 0.596875
36900 0.584375
37000 0.62500006
37100 0.5625
37200 0.6312501
37300 0.56874996
37400 0.578125
37500 0.578125
37600 0.57187504
37700 0.53125
37800 0.59375
37900 0.575
38000 0.54062504
38100 0.503125
38200 0.565625
38300 0.55625
38400 0.5625
38500 0.50625
38600 0.5
38700 0.54375
38800 0.50625
38900 0.525
39000 0.559375
39100 0.58124995
39200 0.54062504
39300 0.49375004
39400 0.5625
39500 0.553125
39600 0.5562501
39700 0.59374994
39800 0.521875
39900 0.53125
40000 0.56875
40100 0.5
40200 0.590625
40300 0.54375
40400 0.5625
40500 0.55625004
40600 0.56562495
40700 0.58125
40800 0.49687502
40900 0.5625
41000 0.54375
41100 0.56875
41200 0.57500005
41300 0.534375
41400 0.62500006
41500 0.528125
41600 0.521875
41700 0.52187496
41800 0.546875
41900 0.55625
42000 0.540625
42100 0.559375
42200 0.60625005
42300 0.553125
42400 0.578125
42500 0.52187496
42600 0.575
42700 0.534375
42800 0.55937505
42900 0.6125
43000 0.615625
43100 0.57187504
43200 0.525
43300 0.53125
43400 0.61875
43500 0.53125
43600 0.534375
43700 0.540625
43800 0.615625
43900 0.6187501
44000 0.59375
