0 4.763979
100 3.1243386
200 2.8483188
300 2.55211
400 2.5767472
500 2.3842068
600 2.3259864
700 2.5123942
800 2.629979
900 2.5448136
1000 2.4757004
1100 2.6481285
1200 2.5068257
1300 2.655911
1400 2.347591
1500 2.32799
1600 2.4538848
1700 2.56914
1800 2.2694073
1900 2.2219331
2000 2.267643
2100 2.360772
2200 2.4987838
2300 2.0871685
2400 2.2477
2500 2.4713829
2600 2.2433617
2700 2.2347672
2800 2.3355014
2900 2.1891916
3000 2.2969618
3100 2.4318519
3200 2.3565109
3300 1.957403
3400 2.3138547
3500 2.423024
3600 2.3272707
3700 2.293031
3800 2.4567385
3900 2.584554
4000 2.3278792
4100 2.3417227
4200 2.1745389
4300 2.0197043
4400 2.202885
4500 2.3210354
4600 1.9930925
4700 2.0232992
4800 1.9099647
4900 2.1218696
5000 1.8915615
5100 2.338196
5200 2.587366
5300 2.4436295
5400 2.1481578
5500 1.9732343
5600 2.252763
5700 2.123736
5800 2.3625135
5900 2.384142
6000 2.4184275
6100 2.4110627
6200 2.2668185
6300 2.265655
6400 2.2996747
6500 2.1348207
6600 1.9238131
6700 2.1599746
6800 2.3204284
6900 2.020385
7000 2.3064604
7100 2.1669228
7200 2.144736
7300 2.2785351
7400 2.2698925
7500 2.1800487
7600 2.521552
7700 2.0378146
7800 1.9996015
7900 2.2156367
8000 2.0624912
8100 2.101773
8200 2.123345
8300 2.1125007
8400 1.9752812
8500 2.3774793
8600 2.0046213
8700 2.0686667
8800 2.429992
8900 2.1780348
9000 2.1373982
9100 2.1963866
9200 2.2701972
9300 2.1762662
9400 2.4777696
9500 2.1159656
9600 1.987437
9700 1.8761606
9800 2.1000364
9900 2.2522907
10000 2.1862097
10100 2.1166914
10200 1.8693613
10300 1.8427848
10400 2.1098645
10500 2.3706043
10600 2.1503155
10700 2.2883642
10800 1.9317349
10900 2.073043
11000 2.010232
11100 2.1642158
11200 2.1857877
11300 2.4729173
11400 2.2038426
11500 2.3767917
11600 2.1276698
11700 2.301131
11800 2.3003263
11900 2.1056886
12000 2.0788758
12100 2.1528997
12200 2.0295641
12300 2.036148
12400 2.2182488
12500 2.3202112
12600 2.173065
12700 1.8965921
12800 2.2203872
12900 2.3318508
13000 2.4155526
13100 2.1910744
13200 1.905769
13300 2.3043704
13400 2.2409966
13500 2.1025305
13600 2.1337345
13700 2.2835076
13800 2.1838155
13900 2.212201
14000 2.019129
14100 2.1036465
14200 2.373001
14300 2.0400455
14400 2.2010124
14500 2.3455951
14600 2.1760466
14700 1.9890215
14800 2.0298927
14900 2.135553
15000 2.13008
15100 2.0746849
15200 1.7841674
15300 2.0177863
15400 2.2111616
15500 2.3400335
15600 2.1059558
15700 2.1704926
15800 2.5378225
15900 2.330666
16000 1.9363196
16100 2.0381553
16200 2.1839945
16300 2.6525245
16400 2.1348128
16500 2.0940514
16600 2.0385597
16700 2.3461382
16800 2.0449579
16900 2.2956998
17000 2.0936995
17100 1.992459
17200 2.1284847
17300 2.1094627
17400 2.1028054
17500 1.9270306
17600 1.8102818
17700 1.9578868
17800 2.225894
17900 2.271576
18000 2.1029053
18100 2.3419764
18200 2.006564
18300 2.33754
18400 2.086002
18500 1.8606961
18600 2.2300248
18700 2.2295468
18800 1.9602128
18900 1.8550454
19000 1.9297675
19100 2.0847342
19200 1.9932648
19300 2.2585068
19400 2.1444244
19500 2.2307768
19600 2.0445967
19700 2.1075222
19800 1.7460887
19900 1.9124622
20000 2.229409
20100 2.094004
20200 2.1130292
20300 1.94967
20400 2.0234241
20500 2.1105583
20600 2.2107558
20700 1.9305655
20800 2.0493865
20900 2.1846359
21000 1.9482101
21100 2.1164753
21200 2.182119
21300 2.1238544
21400 2.0376756
21500 1.9076904
21600 2.1897838
21700 1.8074939
21800 2.0417776
21900 1.9538733
22000 2.2593715
22100 2.0569572
22200 2.1614263
22300 2.104378
22400 2.2206964
22500 1.9886748
22600 1.9484333
22700 2.2065535
22800 1.8895624
22900 2.250542
23000 2.5174859
23100 1.949107
23200 2.2159429
23300 2.1328242
23400 1.7864643
23500 1.8920484
23600 2.1987202
23700 2.012576
23800 2.085248
23900 2.0054352
24000 2.2428873
24100 2.1264734
24200 1.9859511
24300 2.0018904
24400 2.3782425
24500 1.7867426
24600 2.1368887
24700 1.961229
24800 2.0267885
24900 2.2297723
25000 2.0029073
25100 2.1954682
25200 2.0471644
25300 1.8788599
25400 1.9777777
25500 2.1885054
25600 2.0778816
25700 2.2961051
25800 2.0771928
25900 2.1253936
26000 2.1971214
26100 2.0433362
26200 2.0008028
26300 2.1176267
26400 2.123318
26500 2.0699325
26600 2.103598
26700 2.1109214
26800 1.9678912
26900 2.0856628
27000 2.1665635
27100 1.942301
27200 2.1159205
27300 1.9496057
27400 2.174896
27500 2.0230153
27600 2.2324944
27700 1.9728643
27800 2.116369
27900 2.0606112
28000 1.9927565
28100 2.1998804
28200 2.3357105
28300 1.940552
28400 2.5367868
28500 2.0210152
28600 2.2317407
28700 2.0070882
28800 2.3414419
28900 2.5050452
29000 1.9898121
29100 2.1734405
29200 1.9881467
29300 2.105957
29400 1.8372843
29500 2.107974
29600 2.2732363
29700 1.8456618
29800 2.02491
29900 1.9819367
30000 2.2391093
30100 1.872604
30200 2.1168811
30300 1.9238681
30400 2.2642007
30500 2.1722977
30600 2.0686114
30700 2.261071
30800 2.4636312
30900 1.947567
31000 2.3865094
31100 2.010397
31200 2.2111857
31300 2.2366138
31400 2.1983042
31500 2.0845103
31600 2.1330063
31700 2.0441206
31800 2.134142
31900 2.0486753
32000 2.2383406
32100 2.3714767
32200 2.1733625
32300 1.9191697
32400 2.001149
32500 1.8775457
32600 1.9059458
32700 2.3703694
32800 2.217363
32900 2.1075394
33000 1.842957
33100 2.2477574
33200 1.954472
33300 2.0492253
33400 1.9957907
33500 2.3336926
33600 2.1098876
33700 2.247354
33800 2.079948
33900 2.0914493
34000 2.112827
34100 2.032269
34200 2.006704
34300 1.9775841
34400 1.9973422
34500 2.0048494
34600 2.1868272
34700 2.1387231
34800 2.0645363
34900 1.9879794
35000 2.0564923
35100 1.917048
35200 1.9360104
35300 1.9589845
35400 2.1581354
35500 1.8786789
35600 1.8688391
35700 1.9471837
35800 2.0514586
35900 2.2589326
36000 2.1059613
36100 1.8488475
36200 2.0422485
36300 2.0269346
36400 2.2153494
36500 1.924145
36600 2.3834336
36700 1.9045625
36800 1.8638036
36900 1.8962319
37000 1.828172
37100 2.0540407
37200 1.7104955
37300 1.9906037
37400 2.013679
37500 2.003593
37600 1.9494438
37700 2.218337
37800 1.8376538
37900 2.0164592
38000 2.0690987
38100 2.3695257
38200 2.2225397
38300 1.9894776
38400 2.0471244
38500 2.2431724
38600 2.3941028
38700 2.236556
38800 2.3918066
38900 2.2522593
39000 2.0708122
39100 1.8695171
39200 2.2271178
39300 2.2697883
39400 2.1888266
39500 2.2095833
39600 2.1206038
39700 1.883231
39800 2.1573892
39900 2.1683311
40000 2.088884
40100 2.3662958
40200 2.0480437
40300 2.1085045
40400 2.1388547
40500 1.9885434
40600 2.1275663
40700 1.8840389
40800 2.336979
40900 2.1316257
41000 2.1333835
41100 2.0444489
41200 1.970798
41300 2.2288744
41400 1.9478759
41500 2.2550452
41600 2.2625713
41700 2.3422678
41800 2.1731944
41900 2.1658258
42000 2.1235778
42100 2.0702784
42200 2.0455906
42300 2.143793
42400 1.967843
42500 2.2577953
42600 1.8410295
42700 2.1453276
42800 2.0245934
42900 2.0551448
43000 1.8749774
43100 2.152686
43200 2.2335787
43300 2.167664
43400 1.9023154
43500 2.1470792
43600 2.0959918
43700 2.137835
43800 1.7690153
43900 1.6860716
44000 1.918491
