0 3.3021386
100 2.1656265
200 1.9743042
300 1.7689878
400 1.7860651
500 1.6526061
600 1.6122509
700 1.741459
800 1.8229625
900 1.7639303
1000 1.7160248
1100 1.8355428
1200 1.7375991
1300 1.8409373
1400 1.627226
1500 1.6136397
1600 1.7009034
1700 1.7807921
1800 1.5730332
1900 1.5401267
2000 1.5718104
2100 1.6363623
2200 1.7320249
2300 1.4467149
2400 1.557987
2500 1.713032
2600 1.5549798
2700 1.5490226
2800 1.6188462
2900 1.517432
3000 1.5921326
3100 1.6856313
3200 1.6334089
3300 1.3567684
3400 1.6038418
3500 1.6795121
3600 1.6131412
3700 1.5894079
3800 1.7028813
3900 1.7914764
4000 1.613563
4100 1.6231585
4200 1.5072755
4300 1.3999523
4400 1.5269234
4500 1.6088191
4600 1.3815064
4700 1.4024441
4800 1.3238866
4900 1.470768
5000 1.3111305
5100 1.620714
5200 1.7934256
5300 1.6937948
5400 1.4889896
5500 1.3677418
5600 1.5614964
5700 1.4720616
5800 1.6375697
5900 1.6525612
6000 1.6763262
6100 1.6712213
6200 1.5712389
6300 1.5704324
6400 1.5940131
6500 1.479745
6600 1.3334856
6700 1.4971803
6800 1.6083983
6900 1.4004242
7000 1.5987165
7100 1.5019964
7200 1.4866178
7300 1.5793601
7400 1.5733696
7500 1.5110946
7600 1.7478068
7700 1.4125055
7800 1.3860182
7900 1.5357624
8000 1.42961
8100 1.4568381
8200 1.4717906
8300 1.4642738
8400 1.3691607
8500 1.6479431
8600 1.3894976
8700 1.4338905
8800 1.684342
8900 1.5096986
9000 1.4815316
9100 1.5224191
9200 1.5735807
9300 1.5084728
9400 1.717459
9500 1.4666755
9600 1.3775864
9700 1.3004555
9800 1.4556344
9900 1.561169
10000 1.5153651
10100 1.4671786
10200 1.2957425
10300 1.2773211
10400 1.4624467
10500 1.6431776
10600 1.4904851
10700 1.5861732
10800 1.3389766
10900 1.436924
11000 1.3933866
11100 1.5001202
11200 1.5150726
11300 1.7140957
11400 1.5275873
11500 1.6474664
11600 1.4747883
11700 1.5950224
11800 1.5944648
11900 1.459552
12000 1.4409668
12100 1.4922764
12200 1.4067867
12300 1.4113503
12400 1.537573
12500 1.6082479
12600 1.5062538
12700 1.3146175
12800 1.5390551
12900 1.6163158
13000 1.6743336
13100 1.5187371
13200 1.3209784
13300 1.5972679
13400 1.5533404
13500 1.4573631
13600 1.478992
13700 1.5828068
13800 1.5137055
13900 1.533381
14000 1.3995535
14100 1.4581367
14200 1.644839
14300 1.4140518
14400 1.5256255
14500 1.6258427
14600 1.5083206
14700 1.3786846
14800 1.4070144
14900 1.4802524
15000 1.4764589
15100 1.438062
15200 1.2366906
15300 1.3986229
15400 1.5326605
15500 1.6219876
15600 1.4597373
15700 1.504471
15800 1.7590845
15900 1.6154946
16000 1.3421545
16100 1.4127415
16200 1.5138296
16300 1.8385898
16400 1.4797395
16500 1.4514859
16600 1.4130219
16700 1.6262192
16800 1.4174567
16900 1.5912578
17000 1.4512419
17100 1.3810674
17200 1.4753532
17300 1.4621682
17400 1.4575536
17500 1.3357158
17600 1.2547917
17700 1.3571037
17800 1.5428722
17900 1.5745364
18000 1.4576229
18100 1.6233343
18200 1.3908441
18300 1.6202592
18400 1.4459065
18500 1.2897363
18600 1.5457355
18700 1.5454041
18800 1.358716
18900 1.2858195
19000 1.3376129
19100 1.4450276
19200 1.3816259
19300 1.5654776
19400 1.4864018
19500 1.5462567
19600 1.4172064
19700 1.460823
19800 1.2102965
19900 1.3256178
20000 1.5453086
20100 1.4514529
20200 1.4646403
20300 1.3514082
20400 1.4025308
20500 1.4629276
20600 1.5323792
20700 1.338166
20800 1.4205265
20900 1.5142742
21000 1.3503964
21100 1.467029
21200 1.5125296
21300 1.4721438
21400 1.4124092
21500 1.3223102
21600 1.5178424
21700 1.2528594
21800 1.4152524
21900 1.3543217
22000 1.566077
22100 1.4257741
22200 1.4981866
22300 1.4586437
22400 1.5392696
22500 1.3784443
22600 1.350551
22700 1.5294664
22800 1.3097448
22900 1.5599568
23000 1.7449882
23100 1.3510181
23200 1.5359746
23300 1.478361
23400 1.2382827
23500 1.311468
23600 1.5240366
23700 1.3950114
23800 1.4453838
23900 1.3900617
24000 1.554651
24100 1.4739591
24200 1.3765564
24300 1.3876047
24400 1.6484721
24500 1.2384756
24600 1.4811784
24700 1.3594203
24800 1.4048626
24900 1.5455604
25000 1.3883095
25100 1.5217826
25200 1.4189863
25300 1.3023264
25400 1.3708911
25500 1.5169563
25600 1.4402778
25700 1.5915388
25800 1.4398004
25900 1.4732106
26000 1.5229285
26100 1.4163327
26200 1.3868507
26300 1.467827
26400 1.4717718
26500 1.4347678
26600 1.4581031
26700 1.4631792
26800 1.3640382
26900 1.4456713
27000 1.5017474
27100 1.3463005
27200 1.4666443
27300 1.3513637
27400 1.5075231
27500 1.4022473
27600 1.5474472
27700 1.3674853
27800 1.4669552
27900 1.4283069
28000 1.3812735
28100 1.5248408
28200 1.6189911
28300 1.3450881
28400 1.7583666
28500 1.400861
28600 1.5469248
28700 1.3912076
28800 1.6229639
28900 1.7363651
29000 1.3792326
29100 1.5065141
29200 1.3780782
29300 1.4597381
29400 1.2735084
29500 1.4611363
29600 1.5756873
29700 1.2793152
29800 1.4035606
29900 1.3737738
30000 1.5520324
30100 1.2979902
30200 1.4673102
30300 1.3335238
30400 1.5694244
30500 1.505722
30600 1.4338522
30700 1.567255
30800 1.707659
30900 1.3499506
31000 1.6542022
31100 1.393501
31200 1.532677
31300 1.5503025
31400 1.5237484
31500 1.4448725
31600 1.4784874
31700 1.4168764
31800 1.4792744
31900 1.4200336
32000 1.5514995
32100 1.6437824
32200 1.5064601
32300 1.3302671
32400 1.3870907
32500 1.3014156
32600 1.321101
32700 1.6430149
32800 1.5369589
32900 1.460835
33000 1.2774404
33100 1.5580268
33200 1.3547367
33300 1.4204148
33400 1.3833767
33500 1.6175923
33600 1.4624627
33700 1.5577471
33800 1.4417101
33900 1.4496822
34000 1.4645001
34100 1.4086616
34200 1.3909413
34300 1.3707569
34400 1.3844521
34500 1.3896557
34600 1.5157931
34700 1.4824499
34800 1.4310275
34900 1.3779624
35000 1.4254519
35100 1.3287964
35200 1.3419402
35300 1.3578646
35400 1.4959054
35500 1.302201
35600 1.2953806
35700 1.349685
35800 1.4219627
35900 1.5657728
36000 1.4597411
36100 1.2815235
36200 1.4155787
36300 1.4049641
36400 1.5355632
36500 1.3337157
36600 1.6520703
36700 1.3201421
36800 1.2918903
36900 1.3143678
37000 1.2671922
37100 1.4237524
37200 1.1856251
37300 1.3797814
37400 1.3957759
37500 1.3887848
37600 1.3512515
37700 1.5376341
37800 1.2737645
37900 1.397703
38000 1.4341899
38100 1.6424301
38200 1.5405471
38300 1.3790008
38400 1.4189585
38500 1.5548487
38600 1.6594657
38700 1.5502625
38800 1.657874
38900 1.5611471
39000 1.4353777
39100 1.2958505
39200 1.5437205
39300 1.5732973
39400 1.517179
39500 1.5315664
39600 1.4698905
39700 1.3053563
39800 1.4953883
39900 1.5029726
40000 1.4479041
40100 1.6401912
40200 1.4195957
40300 1.461504
40400 1.4825412
40500 1.3783532
40600 1.4747167
40700 1.3059163
40800 1.6198704
40900 1.4775304
41000 1.4787488
41100 1.4171039
41200 1.3660531
41300 1.544938
41400 1.3501647
41500 1.5630783
41600 1.568295
41700 1.6235363
41800 1.5063436
41900 1.5012361
42000 1.471952
42100 1.4350077
42200 1.4178954
42300 1.4859642
42400 1.3640049
42500 1.5649844
42600 1.2761045
42700 1.4870278
42800 1.4033412
42900 1.4245178
43000 1.2996353
43100 1.4921284
43200 1.5481987
43300 1.5025103
43400 1.3185846
43500 1.4882419
43600 1.4528309
43700 1.4818343
43800 1.226188
43900 1.1686958
44000 1.3297967
