0 26.43909
100 10.408365
200 8.509613
300 8.309515
400 7.4545383
500 7.2382464
600 7.021987
700 7.503016
800 7.2444344
900 7.454001
1000 6.550759
1100 7.2729273
1200 7.643873
1300 7.015117
1400 7.170049
1500 6.6730204
1600 6.980686
1700 7.1971245
1800 6.508105
1900 6.63082
2000 6.869474
2100 6.8566904
2200 6.568135
2300 6.114296
2400 6.5071917
2500 7.069761
2600 6.3224087
2700 6.7304053
2800 6.7573304
2900 6.302519
3000 6.600823
3100 6.5466785
3200 6.4248033
3300 6.123484
3400 6.749968
3500 6.3728704
3600 6.1162515
3700 6.2417283
3800 6.667426
3900 6.535668
4000 6.6756477
4100 6.7795334
4200 6.2866626
4300 6.326126
4400 6.557748
4500 6.4350414
4600 5.6450853
4700 6.0753584
4800 6.1033998
4900 6.049278
5000 5.984063
5100 6.6069794
5200 6.323188
5300 6.495338
5400 6.224978
5500 6.042182
5600 6.383021
5700 6.7520494
5800 6.165144
5900 5.979437
6000 6.9524736
6100 6.473154
6200 6.3650866
6300 5.989384
6400 6.4194956
6500 6.1465983
6600 6.130679
6700 6.640546
6800 6.4355354
6900 6.4142075
7000 6.421684
7100 6.2093296
7200 6.395284
7300 6.244555
7400 6.166972
7500 6.168581
7600 6.856547
7700 6.1751933
7800 6.1340046
7900 6.2649174
8000 5.8690963
8100 6.1758523
8200 6.1030293
8300 6.2040434
8400 5.5901947
8500 6.39174
8600 6.1615067
8700 6.4031634
8800 6.254546
8900 6.2079697
9000 6.4066544
9100 5.9884157
9200 6.307517
9300 6.4950876
9400 6.5054774
9500 6.241123
9600 6.0623283
9700 6.0731583
9800 5.8251524
9900 6.564728
10000 6.3648424
10100 6.1287866
10200 6.114605
10300 5.637434
10400 6.310895
10500 6.7032757
10600 6.6279817
10700 6.489114
10800 5.9301143
10900 6.337328
11000 5.9963765
11100 6.328847
11200 6.351403
11300 6.3408723
11400 6.393344
11500 6.456185
11600 5.882595
11700 6.552118
11800 6.2603173
11900 6.050651
12000 6.1608257
12100 6.1564507
12200 5.6983986
12300 6.130136
12400 6.1104937
12500 6.756249
12600 5.925733
12700 5.6332526
12800 6.1979218
12900 6.4323378
13000 6.779599
13100 6.2477856
13200 5.92831
13300 6.5830317
13400 6.201189
13500 6.4775553
13600 6.091519
13700 6.332987
13800 6.428417
13900 5.9780555
14000 5.889588
14100 6.148876
14200 6.825938
14300 6.3801885
14400 5.596966
14500 6.701398
14600 6.4347773
14700 5.91129
14800 6.124491
14900 6.424942
15000 6.348237
15100 5.5241356
15200 5.9465156
15300 5.81487
15400 6.7000957
15500 6.508649
15600 6.070018
15700 6.1507807
15800 6.7261443
15900 6.7239323
16000 6.001166
16100 6.2027073
16200 6.25959
16300 7.278879
16400 6.041586
16500 6.654984
16600 5.99498
16700 6.327261
16800 6.6914234
16900 6.9864674
17000 5.9780936
17100 6.2665324
17200 5.92461
17300 6.6257935
17400 6.6233582
17500 5.976071
17600 5.7001076
17700 6.231786
17800 6.3452435
17900 6.251005
18000 6.047415
18100 6.7135167
18200 6.013099
18300 6.441574
18400 6.229828
18500 6.036312
18600 6.249714
18700 6.3011856
18800 6.1100345
18900 5.778493
19000 6.119971
19100 6.3040648
19200 6.3455462
19300 6.3965397
19400 6.7938213
19500 6.526508
19600 5.675252
19700 6.39146
19800 5.789237
19900 6.548523
20000 6.867097
20100 6.6034575
20200 6.2869153
20300 5.9364095
20400 5.9921765
20500 6.20942
20600 6.3331313
20700 6.3282084
20800 6.040803
20900 6.4997253
21000 6.394991
21100 6.0964828
21200 6.326404
21300 6.304382
21400 6.2356668
21500 6.1545715
21600 6.6928096
21700 5.8305607
21800 6.2702622
21900 5.859733
22000 6.3607163
22100 6.2405853
22200 6.362216
22300 6.2525806
22400 6.5251927
22500 5.9475303
22600 6.082325
22700 6.3095746
22800 6.112181
22900 6.26987
23000 6.390278
23100 6.3340693
23200 6.541544
23300 6.2196336
23400 5.527816
23500 5.9490767
23600 6.563012
23700 6.234168
23800 5.9637113
23900 6.2189317
24000 6.39203
24100 6.347169
24200 6.2987604
24300 6.516687
24400 6.130293
24500 6.180826
24600 6.169318
24700 6.1616306
24800 6.393203
24900 6.5277815
25000 6.0353584
25100 6.4958982
25200 5.813111
25300 5.9615846
25400 5.833191
25500 6.4413295
25600 6.13089
25700 6.312694
25800 6.229837
25900 6.587537
26000 6.248601
26100 6.147695
26200 5.962614
26300 6.039276
26400 6.216039
26500 6.110347
26600 6.303699
26700 6.4561424
26800 6.3633733
26900 6.1400576
27000 6.297298
27100 5.982263
27200 6.0593
27300 6.314934
27400 6.5443816
27500 6.255664
27600 6.6223507
27700 6.128285
27800 5.9310985
27900 6.091721
28000 6.3936515
28100 6.661974
28200 6.6024637
28300 6.1453
28400 7.225547
28500 6.2220654
28600 6.381157
28700 6.1056986
28800 6.7631536
28900 6.810196
29000 6.112235
29100 6.3988585
29200 6.416872
29300 6.388267
29400 5.9721446
29500 6.2832174
29600 6.0194173
29700 6.1264434
29800 6.1709013
29900 6.3822527
30000 6.666657
30100 5.976471
30200 6.159994
30300 6.026119
30400 6.475058
30500 6.2938313
30600 6.544892
30700 6.64199
30800 6.6445274
30900 6.060725
31000 6.3250437
31100 6.174373
31200 6.5867476
31300 6.8057184
31400 6.308877
31500 6.322652
31600 6.031444
31700 5.7802143
31800 6.063555
31900 6.7811513
32000 6.588933
32100 6.195359
32200 6.1460595
32300 5.976585
32400 6.2793007
32500 5.676834
32600 6.0986137
32700 6.713517
32800 6.359064
32900 6.1206326
33000 5.976023
33100 6.7009983
33200 5.8564963
33300 5.91243
33400 6.2976265
33500 6.2943273
33600 6.4457736
33700 6.8142586
33800 5.9944487
33900 5.9432135
34000 6.08572
34100 6.230031
34200 6.0109916
34300 6.1846957
34400 5.7265472
34500 5.998953
34600 6.434335
34700 6.304753
34800 6.3448997
34900 6.3027487
35000 6.1362877
35100 5.8365974
35200 6.1962633
35300 6.113783
35400 6.41317
35500 5.837305
35600 5.951513
35700 5.5839863
35800 6.4115796
35900 5.7374825
36000 6.005965
36100 6.142932
36200 6.147062
36300 6.2753325
36400 6.7069244
36500 6.1345305
36600 6.764161
36700 5.696887
36800 5.6599884
36900 6.0695624
37000 6.183152
37100 6.1032476
37200 5.7236495
37300 6.319392
37400 5.9754715
37500 6.3218904
37600 6.1962075
37700 6.174533
37800 5.7590704
37900 6.052996
38000 6.0946045
38100 6.2810593
38200 6.20191
38300 6.116597
38400 6.0961256
38500 6.52601
38600 6.4987717
38700 6.3721476
38800 6.5227838
38900 6.402826
39000 5.974132
39100 5.738263
39200 6.427548
39300 6.4207463
39400 6.252374
39500 5.951526
39600 6.3327384
39700 6.040653
39800 6.1506567
39900 6.2812862
40000 6.069027
40100 6.0088
40200 6.0662007
40300 6.4083357
40400 6.522175
40500 6.222717
40600 6.4675264
40700 6.147217
40800 6.243125
40900 6.1323104
41000 6.413281
41100 5.9851904
41200 6.1264944
41300 6.105713
41400 6.228493
41500 6.9062214
41600 6.4959197
41700 6.63089
41800 6.423327
41900 6.463101
42000 6.3186007
42100 5.926215
42200 5.9591274
42300 6.1810346
42400 6.2129126
42500 6.671077
42600 5.9003787
42700 6.1707945
42800 6.144341
42900 6.031382
43000 5.8557363
43100 6.168715
43200 6.0277624
43300 6.43609
43400 6.1361074
43500 6.2512503
43600 6.2712655
43700 6.209803
43800 5.4881487
43900 5.6035624
44000 6.2182407
