0 0.09375
100 0.25
200 0.375
300 0.375
400 0.4375
500 0.25
600 0.3125
700 0.34375
800 0.46875
900 0.34375
1000 0.34375
1100 0.40625
1200 0.25
1300 0.4375
1400 0.25
1500 0.21875
1600 0.375
1700 0.28125
1800 0.25
1900 0.375
2000 0.34375
2100 0.375
2200 0.125
2300 0.4375
2400 0.40625
2500 0.40625
2600 0.5
2700 0.53125
2800 0.375
2900 0.5
3000 0.4375
3100 0.59375
3200 0.4375
3300 0.6875
3400 0.34375
3500 0.53125
3600 0.53125
3700 0.46875
3800 0.375
3900 0.46875
4000 0.5
4100 0.4375
4200 0.4375
4300 0.40625
4400 0.4375
4500 0.375
4600 0.40625
4700 0.5625
4800 0.375
4900 0.4375
5000 0.375
5100 0.53125
5200 0.28125
5300 0.4375
5400 0.5
5500 0.5
5600 0.3125
5700 0.375
5800 0.375
5900 0.625
6000 0.625
6100 0.34375
6200 0.71875
6300 0.5
6400 0.53125
6500 0.5625
6600 0.59375
6700 0.5625
6800 0.59375
6900 0.59375
7000 0.5625
7100 0.59375
7200 0.46875
7300 0.59375
7400 0.53125
7500 0.5625
7600 0.46875
7700 0.59375
7800 0.5625
7900 0.59375
8000 0.5
8100 0.5625
8200 0.6875
8300 0.59375
8400 0.4375
8500 0.53125
8600 0.5625
8700 0.53125
8800 0.40625
8900 0.625
9000 0.5625
9100 0.59375
9200 0.59375
9300 0.78125
9400 0.625
9500 0.71875
9600 0.75
9700 0.75
9800 0.5625
9900 0.625
10000 0.71875
10100 0.5625
10200 0.625
10300 0.65625
10400 0.65625
10500 0.625
10600 0.625
10700 0.78125
10800 0.65625
10900 0.65625
11000 0.53125
11100 0.75
11200 0.625
11300 0.46875
11400 0.65625
11500 0.75
11600 0.75
11700 0.71875
11800 0.71875
11900 0.53125
12000 0.75
12100 0.59375
12200 0.59375
12300 0.65625
12400 0.75
12500 0.78125
12600 0.8125
12700 0.75
12800 0.75
12900 0.78125
13000 0.6875
13100 0.78125
13200 0.625
13300 0.71875
13400 0.71875
13500 0.5
13600 0.71875
13700 0.78125
13800 0.75
13900 0.78125
14000 0.78125
14100 0.84375
14200 0.8125
14300 0.84375
14400 0.71875
14500 0.65625
14600 0.71875
14700 0.8125
14800 0.6875
14900 0.71875
15000 0.75
15100 0.84375
15200 0.78125
15300 0.9375
15400 0.78125
15500 0.65625
15600 0.71875
15700 0.75
15800 0.625
15900 0.78125
16000 0.8125
16100 0.78125
16200 0.875
16300 0.78125
16400 0.875
16500 0.75
16600 0.8125
16700 0.75
16800 0.8125
16900 0.90625
17000 0.78125
17100 0.75
17200 0.78125
17300 0.71875
17400 0.71875
17500 0.78125
17600 0.875
17700 0.8125
17800 0.84375
17900 0.75
18000 0.75
18100 0.8125
18200 0.6875
18300 0.78125
18400 0.90625
18500 0.90625
18600 0.875
18700 0.84375
18800 0.9375
18900 0.78125
19000 0.90625
19100 0.8125
19200 0.8125
19300 0.875
19400 0.84375
19500 0.8125
19600 0.75
19700 0.71875
19800 0.71875
19900 0.8125
20000 0.84375
20100 0.8125
20200 0.6875
20300 0.8125
20400 0.75
20500 0.8125
20600 0.6875
20700 0.78125
20800 0.78125
20900 0.6875
21000 0.78125
21100 0.78125
21200 0.78125
21300 0.90625
21400 0.9375
21500 0.875
21600 0.90625
21700 0.90625
21800 0.875
21900 0.84375
22000 0.84375
22100 0.9375
22200 0.84375
22300 0.75
22400 0.875
22500 0.96875
22600 0.84375
22700 0.78125
22800 0.84375
22900 0.875
23000 0.84375
23100 0.78125
