0 3.4873204
100 3.7618418
200 2.4303625
300 2.645033
400 2.43375
500 3.094058
600 3.5758412
700 2.4203174
800 2.299347
900 3.0585346
1000 3.259085
1100 2.7510242
1200 3.0739903
1300 2.5869963
1400 3.117756
1500 3.5848036
1600 3.0328019
1700 3.5531106
1800 3.790346
1900 3.0065606
2000 4.1622787
2100 3.4505422
2200 3.367567
2300 4.3105073
2400 3.4474068
2500 2.8685775
2600 1.8267677
2700 2.0700555
2800 2.633455
2900 2.7179334
3000 2.3692281
3100 2.134854
3200 2.2557352
3300 1.545796
3400 2.701557
3500 1.630033
3600 2.323961
3700 2.0766912
3800 2.511946
3900 2.1471965
4000 2.2020333
4100 2.0549762
4200 2.243598
4300 2.2613277
4400 2.427914
4500 2.518849
4600 2.4276512
4700 2.5060174
4800 2.5938609
4900 2.422656
5000 3.211864
5100 1.696936
5200 3.0528674
5300 2.0749822
5400 1.8605942
5500 1.8470658
5600 3.1323316
5700 2.7613015
5800 2.843016
5900 1.763326
6000 1.8271884
6100 2.5958202
6200 1.0408527
6300 1.7241033
6400 1.9876782
6500 1.9652282
6600 1.6327587
6700 1.6590436
6800 1.7540233
6900 1.946155
7000 1.5300282
7100 1.5203884
7200 1.893607
7300 1.6166909
7400 1.8387312
7500 1.8001716
7600 2.357867
7700 1.511439
7800 1.8195517
7900 1.7208556
8000 1.7623757
8100 1.7165674
8200 1.1665713
8300 1.9132416
8400 2.018909
8500 1.7488735
8600 1.7697785
8700 1.6360022
8800 2.4857392
8900 1.4297079
9000 1.2707468
9100 1.2839608
9200 2.072566
9300 1.3581247
9400 1.6338038
9500 1.6373293
9600 1.1368312
9700 1.3068389
9800 1.6681315
9900 1.6166039
10000 1.2721698
10100 1.6547763
10200 1.5384371
10300 1.3415377
10400 1.3309178
10500 1.5249578
10600 1.7456384
10700 0.95154613
10800 1.0261627
10900 1.5265933
11000 1.6592671
11100 1.1695178
11200 1.4718896
11300 1.5358398
11400 1.3124561
11500 1.2316686
11600 1.123526
11700 1.1215702
11800 1.3453273
11900 1.3273612
12000 1.0648592
12100 1.8932514
12200 1.5374719
12300 1.2533514
12400 1.1252108
12500 1.2366165
12600 1.1409101
12700 1.0557868
12800 1.1641852
12900 1.507386
13000 1.2834915
13100 1.294133
13200 1.2427069
13300 1.0371281
13400 1.1711506
13500 1.9635363
13600 1.0730742
13700 1.2676874
13800 1.081279
13900 0.79182947
14000 1.0395557
14100 0.8418725
14200 1.0163527
14300 0.89237255
14400 1.6316768
14500 1.2764058
14600 1.2437725
14700 0.89299273
14800 1.8170531
14900 1.0713178
15000 1.1840966
15100 0.6960667
15200 0.852697
15300 0.7127823
15400 0.9937479
15500 1.3423108
15600 1.2622793
15700 1.0770372
15800 1.6051179
15900 1.1294041
16000 0.83134866
16100 0.93662953
16200 0.6113479
16300 0.7608576
16400 0.76246583
16500 1.0235224
16600 0.873608
16700 1.0671043
16800 0.9824065
16900 0.71762586
17000 1.0460457
17100 0.86728597
17200 1.0570002
17300 1.21827
17400 0.9666574
17500 0.9362192
17600 0.75918144
17700 0.948259
17800 0.7327687
17900 1.1187339
18000 1.2655618
18100 1.0284511
18200 1.190419
18300 1.0999573
18400 0.6493637
18500 0.6127872
18600 0.53591436
18700 0.6374282
18800 0.6334503
18900 0.949856
19000 0.63703084
19100 0.73495996
19200 0.9521003
19300 0.5000806
19400 0.8089137
19500 0.94495773
19600 1.0337361
19700 1.2245339
19800 1.057241
19900 0.8298474
20000 0.88528806
20100 1.0228219
20200 1.251144
20300 0.60705286
20400 0.84059894
20500 1.0913937
20600 1.2456527
20700 1.0055763
20800 1.439187
20900 1.7054663
21000 0.82337505
21100 1.1202712
21200 1.3689703
21300 0.56722283
21400 0.5366618
21500 0.6342254
21600 0.68322814
21700 0.63177854
21800 0.6776789
21900 0.6844242
22000 0.7514398
22100 0.5536758
22200 0.6919974
22300 1.1464834
22400 0.89801496
22500 0.49462417
22600 0.9563157
22700 0.7084995
22800 0.63501793
22900 0.61770433
23000 0.9911166
23100 0.92775506
