0 2.4172263
100 2.60751
200 1.6845989
300 1.8333972
400 1.6869469
500 2.1446376
600 2.4785843
700 1.6776361
800 1.5937858
900 2.1200147
1000 2.2590256
1100 1.9068646
1200 2.1307278
1300 1.7931693
1400 2.1610637
1500 2.4847965
1600 2.102178
1700 2.4628286
1800 2.6272676
1900 2.083989
2000 2.8850718
2100 2.3917336
2200 2.3342197
2300 2.9878159
2400 2.3895602
2500 1.9883463
2600 1.2662189
2700 1.4348531
2800 1.825372
2900 1.883928
3000 1.6422238
3100 1.4797682
3200 1.5635566
3300 1.0714642
3400 1.8725766
3500 1.1298528
3600 1.610847
3700 1.4394526
3800 1.7411482
3900 1.4883232
4000 1.5263332
4100 1.424401
4200 1.5551436
4300 1.5674329
4400 1.6829016
4500 1.745933
4600 1.6827196
4700 1.7370389
4800 1.7979274
4900 1.6792572
5000 2.2262945
5100 1.1762264
5200 2.1160865
5300 1.4382681
5400 1.2896656
5500 1.2802885
5600 2.171167
5700 1.9139884
5800 1.9706285
5900 1.2222445
6000 1.2665105
6100 1.7992855
6200 0.7214641
6300 1.1950574
6400 1.3777535
6500 1.3621924
6600 1.1317421
6700 1.1499614
6800 1.2157964
6900 1.3489718
7000 1.0605347
7100 1.0538529
7200 1.3125484
7300 1.1206048
7400 1.2745113
7500 1.2477839
7600 1.6343489
7700 1.0476496
7800 1.2612171
7900 1.1928062
8000 1.2215858
8100 1.1898339
8200 0.80860555
8300 1.326158
8400 1.3994011
8500 1.2122267
8600 1.226717
8700 1.1339903
8800 1.7229831
8900 0.990998
9000 0.8808146
9100 0.8899738
9200 1.4365933
9300 0.9413803
9400 1.1324666
9500 1.1349102
9600 0.7879913
9700 0.9058317
9800 1.1562606
9900 1.1205444
10000 0.88180095
10100 1.1470035
10200 1.0663633
10300 0.9298831
10400 0.92252195
10500 1.0570202
10600 1.2099843
10700 0.6595615
10800 0.7112818
10900 1.0581539
11000 1.1501163
11100 0.8106479
11200 1.0202361
11300 1.064563
11400 0.90972525
11500 0.85372764
11600 0.77876884
11700 0.77741325
11800 0.93250984
11900 0.9200567
12000 0.7381041
12100 1.3123019
12200 1.0656943
12300 0.868757
12400 0.7799367
12500 0.85715723
12600 0.7908187
12700 0.7318157
12800 0.8069517
12900 1.0448403
13000 0.8896485
13100 0.8970246
13200 0.8613788
13300 0.7188824
13400 0.81177974
13500 1.3610196
13600 0.7437984
13700 0.87869394
13800 0.7494855
13900 0.54885435
14000 0.7205651
14100 0.5835416
14200 0.70448196
14300 0.61854553
14400 1.1309922
14500 0.8847371
14600 0.8621174
14700 0.6189754
14800 1.2594852
14900 0.7425809
15000 0.8207532
15100 0.48247665
15200 0.59104455
15300 0.49406308
15400 0.68881357
15500 0.9304189
15600 0.8749453
15700 0.7465453
15800 1.1125829
15900 0.78284323
16000 0.576247
16100 0.64922214
16200 0.4237541
16300 0.5273863
16400 0.52850103
16500 0.7094517
16600 0.6055389
16700 0.7396604
16800 0.6809523
16900 0.49742034
17000 0.72506356
17100 0.60115683
17200 0.7326567
17300 0.84444034
17400 0.67003584
17500 0.6489377
17600 0.5262245
17700 0.65728307
17800 0.50791657
17900 0.77544725
18000 0.8772206
18100 0.712868
18200 0.8251355
18300 0.76243234
18400 0.45010462
18500 0.42475173
18600 0.37146753
18700 0.44183156
18800 0.4390743
18900 0.65839
19000 0.44155613
19100 0.5094354
19200 0.6599456
19300 0.34662944
19400 0.56069624
19500 0.6549948
19600 0.7165313
19700 0.84878224
19800 0.7328236
19900 0.5752064
20000 0.61363494
20100 0.70896614
20200 0.86722696
20300 0.42077696
20400 0.58265877
20500 0.7564965
20600 0.8634206
20700 0.69701236
20800 0.9975685
20900 1.1821392
21000 0.5707201
21100 0.7765128
21200 0.9488979
21300 0.3931689
21400 0.3719856
21500 0.43961158
21600 0.47357765
21700 0.4379155
21800 0.4697312
21900 0.47440672
22000 0.5208584
22100 0.3837788
22200 0.47965604
22300 0.7946818
22400 0.62245655
22500 0.34284735
22600 0.66286755
22700 0.49109444
22800 0.4401609
22900 0.42816
23000 0.68698967
23100 0.6430708
