0 9.674859
100 3.1761458
200 4.6288276
300 4.0293684
400 4.209216
500 4.995127
600 3.96653
700 3.578423
800 3.7222712
900 4.0588365
1000 3.3358936
1100 3.9125702
1200 3.5075073
1300 3.1847572
1400 3.1974416
1500 3.512344
1600 3.3708007
1700 3.2724767
1800 2.9814892
1900 3.4085689
2000 3.2142339
2100 2.5530171
2200 4.2345343
2300 2.5543082
2400 3.1340048
2500 3.1774755
2600 3.1623397
2700 3.8078806
2800 3.878122
2900 4.083872
3000 3.9721541
3100 3.9223166
3200 3.4521835
3300 3.3468907
3400 3.5674171
3500 3.6794991
3600 3.0733924
3700 3.8349674
3800 4.3549137
3900 3.4699583
4000 4.145155
4100 3.0248446
4200 3.3140066
4300 3.375753
4400 4.1904206
4500 3.603422
4600 2.990443
4700 2.9135673
4800 3.909562
4900 3.6360369
5000 3.6118045
5100 3.0867352
5200 3.1820812
5300 3.802218
5400 3.3942375
5500 3.3708415
5600 3.1608307
5700 3.485035
5800 3.4090288
5900 3.5822845
6000 3.0124812
6100 4.0520854
6200 3.035582
6300 3.65157
6400 3.3434362
6500 3.8791883
6600 3.6460376
6700 2.822126
6800 3.499619
6900 3.4012089
7000 3.0717273
7100 3.006618
7200 3.456913
7300 3.5312986
7400 3.2205257
7500 3.309649
7600 3.4349568
7700 3.5408592
7800 2.6084704
7900 3.1329513
8000 3.3554497
8100 3.3951344
8200 2.9780707
8300 3.40608
8400 3.966471
8500 3.4949133
8600 3.4627502
8700 3.1133823
8800 3.4022534
8900 3.2934563
9000 3.0116673
9100 3.002636
9200 3.8691537
9300 2.5978687
9400 3.0985312
9500 2.7481408
9600 3.122398
9700 3.307187
9800 3.432004
9900 3.2511194
10000 3.2459471
10100 3.256148
10200 3.1676242
10300 3.4143639
10400 3.1825182
10500 3.5635376
10600 3.0895226
10700 2.880429
10800 3.0860658
10900 2.6461577
11000 3.4107084
11100 2.7308657
11200 3.1038756
11300 3.6880584
11400 3.3044832
11500 3.1377554
11600 3.1508613
11700 2.9551167
11800 2.694089
11900 3.2981765
12000 3.1427858
12100 3.027402
12200 3.2167854
12300 2.816599
12400 3.028181
12500 3.072845
12600 2.8260834
12700 3.0857627
12800 3.2810366
12900 3.5693274
13000 2.8656116
13100 3.0468698
13200 3.0303676
13300 2.8804643
13400 2.9111137
13500 3.9440186
13600 2.640254
13700 3.1607182
13800 2.8472228
13900 2.8703003
14000 2.8395338
14100 2.7478385
14200 2.6517825
14300 2.540576
14400 3.335112
14500 3.0213227
14600 3.1694841
14700 3.0807133
14800 2.714672
14900 2.5950491
15000 2.6413143
15100 2.6839266
15200 2.7757702
15300 2.4385786
15400 2.575149
15500 2.9336808
15600 2.684122
15700 3.18604
15800 3.642549
15900 2.5863178
16000 2.6633425
16100 2.589309
16200 2.5214913
16300 2.493166
16400 2.4225762
16500 2.7080352
16600 2.757287
16700 2.6463637
16800 2.3839486
16900 2.7957783
17000 3.033839
17100 2.836577
17200 2.9851847
17300 2.919893
17400 2.9272995
17500 2.8216558
17600 2.696988
17700 3.157012
17800 2.3024347
17900 2.8177068
18000 3.037468
18100 2.3798494
18200 2.558005
18300 2.7602038
18400 2.1953435
18500 2.4541457
18600 2.2999482
18700 2.3044739
18800 2.153873
18900 2.6055088
19000 2.5644095
19100 2.6316888
19200 2.9786391
19300 2.2073913
19400 2.7399397
19500 2.4595478
19600 2.6795712
19700 3.097919
19800 2.2791543
19900 2.4194007
20000 2.8603058
20100 2.5143304
20200 2.4597383
20300 2.1592517
20400 2.7332802
20500 2.5932155
20600 2.8669755
20700 2.8230119
20800 2.681466
20900 2.272205
21000 2.4154716
21100 3.0645027
21200 2.597727
21300 2.339086
21400 2.119215
21500 2.4185848
21600 2.5158966
21700 2.4481788
21800 2.463079
21900 2.5998273
22000 2.681004
22100 2.3024325
22200 2.2695131
22300 2.7743235
22400 2.517902
22500 2.4591224
22600 2.507794
22700 2.5360265
22800 2.1865778
22900 2.6276922
23000 2.307181
23100 2.8890018
