0 5.6629796
100 0.2316081
200 0.54732084
300 0.17351148
400 0.2605982
500 0.107249625
600 0.3872373
700 0.30651897
800 0.114342354
900 0.23826249
1000 0.025923193
1100 0.21739067
1200 0.15699543
1300 0.11149262
1400 0.108512156
1500 0.28008512
1600 0.06732655
1700 0.11729974
1800 0.39905083
1900 0.35764226
2000 1.0633341
2100 0.016911644
2200 0.032321222
2300 0.054356072
2400 0.10323724
2500 0.14241236
2600 0.03459756
2700 0.043976292
2800 0.053708993
2900 0.29619226
3000 0.04158843
3100 0.046132598
3200 0.04673863
3300 0.08526132
3400 0.05450169
3500 0.038258895
3600 0.03900543
3700 0.07964652
3800 0.018504713
3900 0.09365274
4000 0.0049160365
4100 0.057445493
4200 0.009193374
4300 0.013651785
4400 0.038647786
4500 0.2122141
4600 0.22397307
4700 0.0130247
4800 0.20372145
4900 0.040172
5000 0.0054901075
5100 0.025285907
5200 0.042450096
5300 0.03724768
5400 0.03367012
5500 0.06251376
5600 0.02474026
5700 0.016852021
5800 0.0021081115
5900 0.0764195
6000 0.013142396
6100 0.01630302
6200 0.0059251087
6300 0.052420743
6400 0.14094394
6500 0.036818705
6600 0.0066148126
6700 0.003511452
6800 0.041939635
6900 0.0016520576
7000 0.017405877
7100 0.0070521994
7200 0.0024070228
7300 0.015353841
7400 0.0024711282
7500 0.15570049
7600 0.0020250967
7700 0.03080782
7800 0.00886286
7900 0.017773319
8000 0.016414298
8100 0.03158209
8200 0.0023125936
8300 0.025952742
8400 0.009020347
8500 0.012427856
8600 0.04432395
8700 0.008447168
8800 0.003438988
8900 0.008214206
9000 0.034576382
9100 0.050596382
9200 0.00071418006
9300 0.0059709167
9400 0.008868216
9500 0.0032077553
9600 0.004275076
9700 0.008273227
9800 0.01009
9900 0.0070811263
10000 0.02881955
10100 0.004090021
10200 0.0014444883
10300 0.014364534
10400 0.0067241252
10500 0.0034076215
10600 0.040423382
10700 0.002439891
10800 0.004506176
10900 0.0021948386
11000 0.0007090858
11100 0.017189344
11200 0.0013696847
11300 0.00066025084
11400 0.0074930335
11500 0.0115438085
11600 0.0093712015
11700 0.012626992
11800 0.014664236
11900 0.0034760179
12000 0.004309251
12100 0.0017078454
12200 0.0056257737
12300 0.0011229747
12400 0.0031757322
12500 0.008485523
12600 0.0027845271
12700 0.009309677
12800 0.01461133
12900 0.011095137
13000 0.0031959657
13100 0.0016096538
13200 0.0017517199
13300 0.003280313
13400 0.008062646
13500 0.002400268
13600 0.0034251064
13700 0.0013838797
13800 0.0010058134
13900 0.003980831
14000 0.0014169995
14100 0.0024846173
14200 0.0024345918
14300 0.00253413
14400 0.0006313048
14500 0.009537019
14600 0.0012390573
14700 0.0052907337
14800 0.003280442
14900 0.0051105786
15000 0.003480788
15100 0.0019222333
15200 0.003254233
15300 0.00095335254
15400 0.0058029285
15500 0.0025877806
15600 0.0033539832
15700 0.0061750063
15800 0.0019763757
15900 0.0015866319
16000 0.011371163
16100 0.0019255449
16200 0.0005474545
16300 0.0015143598
16400 0.007775416
16500 0.0004287473
16600 0.002464809
16700 0.0016814121
