0 3.9252784
100 0.1605385
200 0.3793739
300 0.120268986
400 0.18063292
500 0.07433978
600 0.26841244
700 0.21246277
800 0.07925608
900 0.16515097
1000 0.017968588
1100 0.15068373
1200 0.108820945
1300 0.0772808
1400 0.07521489
1500 0.19414021
1600 0.04666721
1700 0.08130599
1800 0.27660096
1900 0.24789873
2000 0.737047
2100 0.011722258
2200 0.022403365
2300 0.03767676
2400 0.0715586
2500 0.09871273
2600 0.0239812
2700 0.030482043
2800 0.037228238
2900 0.20530483
3000 0.028826904
3100 0.03197668
3200 0.03239675
3300 0.059098646
3400 0.037777692
3500 0.026519045
3600 0.027036503
3700 0.05520676
3800 0.012826489
3900 0.064915136
4000 0.003407537
4100 0.039818183
4200 0.0063723614
4300 0.0094626965
4400 0.026788604
4500 0.1470956
4600 0.1552463
4700 0.009028034
4800 0.14120895
4900 0.027845107
5000 0.0038054525
5100 0.017526856
5200 0.029424164
5300 0.025818124
5400 0.02333835
5500 0.04333124
5600 0.017148642
5700 0.011680931
5800 0.0014612316
5900 0.052969962
6000 0.009109614
6100 0.011300392
6200 0.0041069724
6300 0.03633529
6400 0.097694896
6500 0.025520781
6600 0.004585039
6700 0.002433953
6800 0.02907034
6900 0.0011451191
7000 0.012064835
7100 0.0048882123
7200 0.0016684211
7300 0.010642472
7400 0.0017128557
7500 0.10792336
7600 0.0014036901
7700 0.021354353
7800 0.0061432663
7900 0.012319526
8000 0.011377524
8100 0.021891037
8200 0.0016029677
8300 0.01798907
8400 0.006252428
8500 0.008614333
8600 0.030723022
8700 0.005855131
8800 0.0023837248
8900 0.005693654
9000 0.023966523
9100 0.03507074
9200 0.0004950319
9300 0.004138724
9400 0.0061469786
9500 0.0022234465
9600 0.002963257
9700 0.005734564
9800 0.0069938553
9900 0.0049082628
10000 0.01997619
10100 0.0028349864
10200 0.001001243
10300 0.009956736
10400 0.0046608085
10500 0.0023619833
10600 0.028019354
10700 0.0016912036
10800 0.003123443
10900 0.0015213462
11000 0.00049150083
11100 0.011914746
11200 0.0009493931
11300 0.000457651
11400 0.005193775
11500 0.0080015585
11600 0.006495622
11700 0.008752364
11800 0.010164474
11900 0.002409392
12000 0.0029869452
12100 0.0011837882
12200 0.0038994893
12300 0.0007783867
12400 0.0022012498
12500 0.0058817165
12600 0.0019300871
12700 0.0064529767
12800 0.010127802
12900 0.007690563
13000 0.0022152746
13100 0.001115727
13200 0.0012141997
13300 0.0022737398
13400 0.0055886004
13500 0.0016637391
13600 0.0023741028
13700 0.00095923233
13800 0.0006971767
13900 0.0027593016
14000 0.0009821892
14100 0.0017222054
14200 0.0016875304
14300 0.001756525
14400 0.00043758715
14500 0.006610558
14600 0.0008588491
14700 0.0036672573
14800 0.0022738292
14900 0.0035423832
15000 0.0024126985
15100 0.0013323906
15200 0.0022556623
15300 0.00066081365
15400 0.0040222835
15500 0.0017937128
15600 0.002324804
15700 0.004280188
15800 0.0013699193
15900 0.0010997694
16000 0.007881889
16100 0.0013346861
16200 0.00037946654
16300 0.0010496742
16400 0.005389508
16500 0.00029718498
16600 0.0017084754
16700 0.001165466
