0 4.4374514
100 1.4323678
200 1.4444188
300 1.378018
400 1.3025727
500 1.1873147
600 1.3366781
700 1.2290254
800 1.2203784
900 1.235941
1000 1.0872989
1100 1.210565
1200 1.2237508
1300 1.1963866
1400 1.2846175
1500 1.1680838
1600 1.1785791
1700 1.1730013
1800 1.3085167
1900 1.1720254
2000 1.217443
2100 1.0566318
2200 1.0901573
2300 1.1401136
2400 1.1844769
2500 1.261434
2600 1.10198
2700 1.1383498
2800 1.062263
2900 1.1614227
3000 1.1318634
3100 1.1198142
3200 1.1214148
3300 1.1591282
3400 1.1458083
3500 1.0810461
3600 1.0970242
3700 1.149755
3800 1.0638468
3900 1.0847095
4000 1.0217535
4100 1.0888495
4200 1.0333011
4300 1.0483692
4400 1.1173332
4500 1.139354
4600 1.2019053
4700 1.0467075
4800 1.0821178
4900 1.096796
5000 1.0234401
5100 1.0703415
5200 1.1076791
5300 1.0713859
5400 1.0862123
5500 1.0982006
5600 1.0669739
5700 1.0444008
5800 1.0098038
5900 1.1486301
6000 1.04273
6100 1.0569336
6200 1.0198975
6300 1.0951135
6400 1.0446017
6500 1.0542238
6600 1.025932
6700 1.015512
6800 1.0618334
6900 1.0079892
7000 1.0463752
7100 1.0279293
7200 1.0110569
7300 1.0413389
7400 1.011712
7500 1.0476003
7600 1.0098661
7700 1.0688431
7800 1.0315714
7900 1.0295938
8000 1.051352
8100 1.0758067
8200 1.0104458
8300 1.0750272
8400 1.0276632
8500 1.0394248
8600 1.0761285
8700 1.0292509
8800 1.0134627
8900 1.0248492
9000 1.0600593
9100 1.0400289
9200 1.003803
9300 1.0207922
9400 1.0335528
9500 1.0127479
9600 1.0177752
9700 1.0281327
9800 1.0277439
9900 1.0251303
10000 1.0462668
10100 1.0163105
10200 1.0071887
10300 1.0390877
10400 1.0232279
10500 1.0136573
10600 1.090668
10700 1.010239
10800 1.0158098
10900 1.0093644
11000 1.0038462
11100 1.0565081
11200 1.005866
11300 1.0034707
11400 1.0233707
11500 1.0366983
11600 1.0338169
11700 1.044741
11800 1.0474839
11900 1.0115879
12000 1.014924
12100 1.0078996
12200 1.0200694
12300 1.0051564
12400 1.0131109
12500 1.0250022
12600 1.0111443
12700 1.0227128
12800 1.0372696
12900 1.0414512
13000 1.0125175
13100 1.0070825
13200 1.0076952
13300 1.0118629
13400 1.0272135
13500 1.0098934
13600 1.0156972
13700 1.00629
13800 1.0049192
13900 1.0137765
14000 1.0057715
14100 1.0099123
14200 1.0099698
14300 1.0101137
14400 1.0033188
14500 1.0291157
14600 1.0055196
14700 1.0208756
14800 1.0118905
14900 1.0186229
15000 1.0143871
15100 1.0081424
15200 1.0114247
15300 1.0049937
15400 1.0216017
15500 1.0115314
15600 1.013683
15700 1.0206699
15800 1.0079623
15900 1.0070457
16000 1.0395141
16100 1.0083401
16200 1.0025734
16300 1.0061612
16400 1.029942
16500 1.0025189
16600 1.0107658
16700 1.0076427
