0 0.034375
100 0.353125
200 0.403125
300 0.43750006
400 0.43437496
500 0.503125
600 0.5
700 0.42187494
800 0.478125
900 0.503125
1000 0.471875
1100 0.43125004
1200 0.45937502
1300 0.45937502
1400 0.503125
1500 0.53125
1600 0.48437494
1700 0.48125002
1800 0.53437495
1900 0.525
2000 0.503125
2100 0.50625
2200 0.47812498
2300 0.534375
2400 0.540625
2500 0.47500002
2600 0.496875
2700 0.53125
2800 0.51874995
2900 0.55625
3000 0.509375
3100 0.45000002
3200 0.51562506
3300 0.57500005
3400 0.521875
3500 0.52500004
3600 0.521875
3700 0.5281249
3800 0.49062502
3900 0.4875
4000 0.528125
4100 0.515625
4200 0.58124995
4300 0.571875
4400 0.55
4500 0.509375
4600 0.571875
4700 0.57812494
4800 0.615625
4900 0.546875
5000 0.653125
5100 0.48125002
5200 0.509375
5300 0.521875
5400 0.55
5500 0.61562496
5600 0.52812505
5700 0.546875
5800 0.49687502
5900 0.49687502
6000 0.49374998
6100 0.515625
6200 0.521875
6300 0.49999997
6400 0.521875
6500 0.534375
6600 0.596875
6700 0.5
6800 0.48750004
6900 0.58125
7000 0.50624996
7100 0.53749996
7200 0.540625
7300 0.540625
7400 0.54062504
7500 0.51250005
7600 0.46562505
7700 0.553125
7800 0.546875
7900 0.528125
8000 0.546875
8100 0.55625004
8200 0.5531251
8300 0.55625004
8400 0.534375
8500 0.509375
8600 0.55
8700 0.55
8800 0.5031251
8900 0.5
9000 0.559375
9100 0.54375005
9200 0.565625
9300 0.53125006
9400 0.4875
9500 0.553125
9600 0.59375006
9700 0.59999996
9800 0.540625
9900 0.52187496
10000 0.503125
10100 0.540625
10200 0.60625005
10300 0.60625
10400 0.50937504
10500 0.50625
10600 0.534375
10700 0.52187496
10800 0.621875
10900 0.59375
11000 0.54375
11100 0.5375
11200 0.49375004
11300 0.5
11400 0.5187501
11500 0.528125
11600 0.525
11700 0.53125
11800 0.54062504
11900 0.55
12000 0.55312496
12100 0.490625
12200 0.54999995
12300 0.6
12400 0.52812505
12500 0.48749998
12600 0.55312496
12700 0.57187504
12800 0.52812505
12900 0.525
13000 0.5
13100 0.55
13200 0.6125
13300 0.50625
13400 0.53124994
13500 0.55
13600 0.51875
13700 0.53125
13800 0.521875
13900 0.51875
14000 0.55625
14100 0.521875
14200 0.46250004
14300 0.6
14400 0.578125
14500 0.521875
14600 0.553125
14700 0.553125
14800 0.528125
14900 0.534375
15000 0.534375
15100 0.55
15200 0.609375
15300 0.5375
15400 0.503125
15500 0.534375
15600 0.56562495
15700 0.553125
15800 0.50937504
15900 0.53125
16000 0.58437496
16100 0.578125
16200 0.565625
16300 0.446875
16400 0.578125
16500 0.56874996
16600 0.56875
16700 0.50937504
16800 0.525
16900 0.48437503
17000 0.54062504
17100 0.59062505
17200 0.553125
17300 0.559375
17400 0.509375
17500 0.53749996
17600 0.625
17700 0.55937505
17800 0.54687506
17900 0.496875
18000 0.578125
18100 0.52500004
18200 0.56249994
18300 0.49999997
18400 0.52500004
18500 0.6125
18600 0.52812505
18700 0.528125
18800 0.575
18900 0.60937494
19000 0.584375
19100 0.52500004
19200 0.603125
19300 0.55
19400 0.50625
19500 0.53437495
19600 0.590625
19700 0.571875
19800 0.62500006
19900 0.60625
20000 0.54375
20100 0.56250006
20200 0.53125
20300 0.56875
20400 0.559375
20500 0.546875
20600 0.534375
20700 0.57500005
20800 0.58437496
20900 0.54062504
21000 0.5968751
21100 0.578125
21200 0.54687506
21300 0.575
21400 0.55312496
21500 0.59375
21600 0.496875
21700 0.62500006
21800 0.546875
21900 0.59062505
22000 0.55625004
22100 0.571875
22200 0.553125
22300 0.56250006
22400 0.540625
22500 0.55625
22600 0.58750004
22700 0.52812505
22800 0.58125
22900 0.51874995
23000 0.50312495
23100 0.60625
23200 0.55937505
23300 0.546875
23400 0.628125
23500 0.60312504
23600 0.515625
23700 0.559375
23800 0.584375
23900 0.55625
24000 0.50625
24100 0.56875
24200 0.56562495
24300 0.565625
24400 0.515625
24500 0.6375
24600 0.54375
24700 0.56874996
24800 0.51875
24900 0.50625
25000 0.590625
25100 0.5343751
25200 0.559375
25300 0.61249995
25400 0.5875
25500 0.5375
25600 0.58437496
25700 0.50625
25800 0.540625
25900 0.534375
26000 0.50625
26100 0.584375
26200 0.54062504
26300 0.559375
26400 0.54687506
26500 0.559375
26600 0.57187504
26700 0.5375
26800 0.584375
26900 0.55625
27000 0.57187504
27100 0.584375
27200 0.57187504
27300 0.615625
27400 0.55
27500 0.5875
27600 0.5500001
27700 0.56875
