0 4.830974
100 3.2306235
200 2.9150367
300 2.5652168
400 2.6191478
500 2.392458
600 2.38016
700 2.588487
800 2.5614133
900 2.5120556
1000 2.4025989
1100 2.6493871
1200 2.5362012
1300 2.6040432
1400 2.3626335
1500 2.26637
1600 2.3822267
1700 2.6147182
1800 2.2282488
1900 2.2559063
2000 2.3163466
2100 2.4043918
2200 2.4606647
2300 2.1400151
2400 2.1448298
2500 2.5194285
2600 2.433601
2700 2.2494476
2800 2.3529177
2900 2.102575
3000 2.2968228
3100 2.4229164
3200 2.2757292
3300 1.9356275
3400 2.3557293
3500 2.319541
3600 2.416932
3700 2.28203
3800 2.3732977
3900 2.562904
4000 2.2692056
4100 2.3004951
4200 2.0820792
4300 1.9516835
4400 2.176574
4500 2.3422604
4600 1.9367728
4700 2.090471
4800 1.8653016
4900 2.0679986
5000 1.9026148
5100 2.295047
5200 2.5094423
5300 2.2942593
5400 2.1842644
5500 1.927739
5600 2.2355027
5700 2.0392432
5800 2.2628255
5900 2.3353376
6000 2.4114668
6100 2.3075178
6200 2.2796888
6300 2.2789807
6400 2.3021293
6500 2.249158
6600 1.8813621
6700 2.2579985
6800 2.3558674
6900 2.056032
7000 2.238315
7100 2.1516027
7200 2.1970863
7300 2.234931
7400 2.315549
7500 2.2576134
7600 2.5353372
7700 2.047474
7800 2.0146103
7900 2.1524544
8000 2.069137
8100 2.1172726
8200 2.180503
8300 2.0976546
8400 2.0858634
8500 2.385766
8600 2.1133986
8700 2.1622372
8800 2.417253
8900 2.2961776
9000 2.137257
9100 2.1972604
9200 2.245919
9300 2.2792099
9400 2.4753942
9500 2.1191194
9600 2.0870285
9700 1.9766253
9800 2.1256387
9900 2.3190258
10000 2.2739546
10100 2.156438
10200 1.9867471
10300 1.9009968
10400 2.275245
10500 2.519681
10600 2.2403233
10700 2.2898865
10800 1.849746
10900 2.0656042
11000 2.120436
11100 2.243796
11200 2.2565
11300 2.3916593
11400 2.3829803
11500 2.2817419
11600 2.2548816
11700 2.2802484
11800 2.2897184
11900 2.240313
12000 2.0935705
12100 2.1267164
12200 2.0732393
12300 2.0241334
12400 2.2689087
12500 2.3326914
12600 2.24182
12700 2.0213008
12800 2.2103908
12900 2.3917177
13000 2.3319216
13100 2.2447612
13200 1.8636695
13300 2.414083
13400 2.2039218
13500 2.144192
13600 2.153692
13700 2.307212
13800 2.2153118
13900 2.205447
14000 2.0107415
14100 2.1962748
14200 2.5016885
14300 2.020657
14400 2.1870174
14500 2.36806
14600 2.1760662
14700 2.02017
14800 2.088379
14900 2.2017093
15000 2.217452
15100 2.1240766
15200 1.7780704
15300 2.0924776
15400 2.1677864
15500 2.3618383
15600 2.1207495
15700 2.1083689
15800 2.4936857
15900 2.1992416
16000 1.9670568
16100 2.1185634
16200 2.1445353
16300 2.6864393
16400 2.1623163
16500 2.0872018
16600 2.067228
16700 2.411907
16800 2.0951889
16900 2.2797282
17000 2.06681
17100 2.0136437
17200 2.1202579
17300 2.1567926
17400 2.1279933
17500 1.9323142
17600 1.8129276
17700 2.0299983
17800 2.124771
17900 2.2581
18000 2.1448522
18100 2.3638663
18200 2.0787876
18300 2.308176
18400 2.2271721
18500 1.8919151
18600 2.18122
18700 2.2537916
18800 1.9205716
18900 1.9023724
19000 1.9595962
19100 2.1468227
19200 1.9696134
19300 2.207979
19400 2.2131631
19500 2.2053924
19600 2.0700855
19700 2.0495398
19800 1.8206781
19900 1.89673
20000 2.2464938
20100 2.0413258
20200 2.1251645
20300 1.8967183
20400 1.9382833
20500 2.055693
20600 2.2100756
20700 1.9248478
20800 2.0697675
20900 2.1316059
21000 1.9949685
21100 2.1336377
21200 2.1446157
21300 2.0908654
21400 2.0460281
21500 1.8660482
21600 2.2325788
21700 1.8213905
21800 2.0494184
21900 1.8993528
22000 2.2294798
22100 1.9926642
22200 2.1281607
22300 2.0531957
22400 2.1060934
22500 1.9218253
22600 1.9274018
22700 2.1478076
22800 1.9073973
22900 2.2720587
23000 2.5108876
23100 1.8880202
23200 2.1504164
23300 2.1467297
23400 1.8350273
23500 1.876818
23600 2.2102654
23700 2.0891607
23800 2.0633626
23900 1.9474334
24000 2.2282517
24100 2.1288667
24200 1.959069
24300 2.038225
24400 2.3382757
24500 1.7594274
24600 2.0444193
24700 1.9778335
24800 2.1135254
24900 2.1708982
25000 1.9787139
25100 2.0954373
25200 1.9559375
25300 1.8945078
25400 2.002716
25500 2.175338
25600 2.0304537
25700 2.1936715
25800 2.068352
25900 2.1803727
26000 2.2450922
26100 2.0381672
26200 1.9914774
26300 2.0715048
26400 2.1317327
26500 2.062441
26600 2.1531942
26700 2.2257931
26800 1.9290146
26900 2.1547642
27000 2.109561
27100 1.9896709
27200 2.1397586
27300 1.9515369
27400 2.1458838
27500 1.9973131
27600 2.2602162
27700 1.9749081
