0 3.348576
100 2.2392976
200 2.0205495
300 1.7780727
400 1.8154548
500 1.6583254
600 1.6498013
700 1.7942023
800 1.7754364
900 1.7412243
1000 1.6653546
1100 1.8364153
1200 1.7579608
1300 1.8049852
1400 1.6376528
1500 1.570928
1600 1.6512338
1700 1.8123846
1800 1.5445044
1900 1.5636752
2000 1.6055691
2100 1.6665974
2200 1.7056029
2300 1.4833454
2400 1.4866827
2500 1.7463348
2600 1.6868436
2700 1.5591983
2800 1.6309183
2900 1.457394
3000 1.5920362
3100 1.6794376
3200 1.5774152
3300 1.3416747
3400 1.6328672
3500 1.6077833
3600 1.6752896
3700 1.5817827
3800 1.6450446
3900 1.7764696
4000 1.5728934
4100 1.5945817
4200 1.4431872
4300 1.352804
4400 1.5086862
4500 1.6235311
4600 1.3424686
4700 1.449004
4800 1.2929286
4900 1.4334275
5000 1.3187921
5100 1.5908054
5200 1.7394129
5300 1.5902593
5400 1.5140167
5500 1.3362069
5600 1.5495324
5700 1.4134957
5800 1.5684711
5900 1.6187327
6000 1.6715014
6100 1.5994494
6200 1.5801599
6300 1.5796691
6400 1.5957144
6500 1.5589975
6600 1.3040608
6700 1.5651252
6800 1.6329628
6900 1.4251328
7000 1.5514818
7100 1.4913774
7200 1.5229042
7300 1.5491362
7400 1.6050161
7500 1.5648584
7600 1.7573618
7700 1.4192008
7800 1.3964214
7900 1.4919677
8000 1.4342166
8100 1.4675815
8200 1.5114094
8300 1.4539834
8400 1.4458103
8500 1.653687
8600 1.4648963
8700 1.4987487
8800 1.6755122
8900 1.591589
9000 1.4814337
9100 1.5230249
9200 1.5567524
9300 1.5798279
9400 1.7158126
9500 1.4688617
9600 1.446618
9700 1.3700923
9800 1.4733806
9900 1.6074262
10000 1.5761852
10100 1.4947289
10200 1.3771082
10300 1.3176706
10400 1.5770797
10500 1.7465098
10600 1.5528737
10700 1.5872284
10800 1.2821462
10900 1.4317677
11000 1.4697742
11100 1.5552809
11200 1.5640867
11300 1.6577718
11400 1.651756
11500 1.5815829
11600 1.5629648
11700 1.5805477
11800 1.5871118
11900 1.5528667
12000 1.4511524
12100 1.4741275
12200 1.43706
12300 1.4030224
12400 1.5726877
12500 1.6168985
12600 1.5539112
12700 1.401059
12800 1.5321262
12900 1.6578124
13000 1.6163648
13100 1.5559499
13200 1.2917973
13300 1.6733148
13400 1.5276421
13500 1.4862406
13600 1.4928255
13700 1.5992376
13800 1.5355371
13900 1.5286994
14000 1.3937398
14100 1.5223417
14200 1.7340384
14300 1.4006128
14400 1.515925
14500 1.6414142
14600 1.5083342
14700 1.4002751
14800 1.4475539
14900 1.5261085
15000 1.5370207
15100 1.4722977
15200 1.2324646
15300 1.450395
15400 1.5025951
15500 1.6371017
15600 1.4699914
15700 1.4614099
15800 1.7284913
15900 1.5243981
16000 1.3634598
16100 1.4684763
16200 1.4864786
16300 1.8620979
16400 1.4988035
16500 1.446738
16600 1.4328933
16700 1.6718066
16800 1.4522743
16900 1.5801871
17000 1.4326035
17100 1.3957515
17200 1.4696507
17300 1.4949747
17400 1.4750127
17500 1.3393781
17600 1.2566257
17700 1.4070876
17800 1.4727792
17900 1.5651957
18000 1.4866983
18100 1.6385074
18200 1.4409057
18300 1.5999057
18400 1.5437582
18500 1.3113756
18600 1.5119065
18700 1.5622092
18800 1.3312387
18900 1.318624
19000 1.3582885
19100 1.4880642
19200 1.365232
19300 1.5304544
19400 1.5340478
19500 1.5286615
19600 1.4348739
19700 1.4206327
19800 1.2619979
19900 1.314713
20000 1.5571508
20100 1.4149393
20200 1.4730518
20300 1.3147049
20400 1.3435156
20500 1.4248977
20600 1.5319077
20700 1.3342029
20800 1.4346535
20900 1.4775165
21000 1.3828068
21100 1.4789249
21200 1.4865342
21300 1.4492774
21400 1.4181987
21500 1.2934461
21600 1.5475056
21700 1.2624917
21800 1.4205487
21900 1.3165311
22000 1.5453577
22100 1.3812096
22200 1.4751285
22300 1.4231668
22400 1.4598327
22500 1.3321078
22600 1.3359731
22700 1.4887468
22800 1.3221071
22900 1.5748711
23000 1.7404147
23100 1.3086759
23200 1.490555
23300 1.4879997
23400 1.271944
23500 1.3009111
23600 1.5320393
23700 1.4480959
23800 1.4302139
23900 1.3498579
24000 1.5445064
24100 1.4756179
24200 1.3579232
24300 1.4127898
24400 1.6207693
24500 1.2195421
24600 1.4170835
24700 1.3709297
24800 1.4649842
24900 1.5047519
25000 1.37154
25100 1.4524465
25200 1.3557526
25300 1.3131727
25400 1.388177
25500 1.5078294
25600 1.4074032
25700 1.5205371
25800 1.4336724
25900 1.5113193
26000 1.5561793
26100 1.4127499
26200 1.380387
26300 1.4358578
26400 1.4776045
26500 1.4295752
26600 1.4924805
26700 1.5428022
26800 1.337091
26900 1.4935688
27000 1.4622363
27100 1.3791348
27200 1.4831676
27300 1.3527023
27400 1.4874133
27500 1.384432
27600 1.5666625
27700 1.368902
