0 26.307976
100 10.691633
200 9.370726
300 8.573761
400 8.215816
500 7.5319753
600 7.4145765
700 7.673042
800 7.6488957
900 7.452589
1000 6.798201
1100 7.70893
1200 7.352537
1300 7.267028
1400 7.2455378
1500 7.2357125
1600 6.9047227
1700 7.12681
1800 6.8221436
1900 6.51593
2000 6.728268
2100 6.6758847
2200 6.829867
2300 6.1499624
2400 6.420314
2500 7.2799067
2600 6.3196635
2700 6.5762157
2800 6.4870634
2900 6.3297734
3000 6.574624
3100 6.651769
3200 6.490525
3300 6.051409
3400 6.605216
3500 6.776578
3600 5.9028945
3700 6.134661
3800 6.94439
3900 6.2854767
4000 6.809677
4100 6.6271386
4200 6.435445
4300 6.1569943
4400 6.4647627
4500 6.411861
4600 5.6851497
4700 6.239563
4800 5.855059
4900 6.0437546
5000 6.1169457
5100 6.4167304
5200 6.5350266
5300 6.3324213
5400 6.1125484
5500 6.1528244
5600 6.2961283
5700 6.5207443
5800 6.116924
5900 6.0462704
6000 6.7582097
6100 6.4236317
6200 6.6826954
6300 5.9210644
6400 6.612097
6500 6.2524657
6600 5.585881
6700 6.692023
6800 6.5469646
6900 6.5339265
7000 6.4201794
7100 6.300539
7200 6.3644347
7300 6.3416295
7400 6.4052734
7500 6.1822214
7600 6.5680227
7700 6.142213
7800 6.156117
7900 6.0675025
8000 5.845518
8100 6.141499
8200 6.127942
8300 6.289598
8400 5.9930096
8500 6.4257274
8600 6.228893
8700 6.5033712
8800 6.555746
8900 6.233801
9000 6.1412826
9100 5.9587526
9200 6.321211
9300 6.5437784
9400 6.497901
9500 6.295215
9600 6.020514
9700 5.973111
9800 5.9689617
9900 6.6247883
10000 6.552515
10100 6.0648327
10200 6.2812934
10300 5.6707177
10400 6.271717
10500 6.5716667
10600 6.604163
10700 6.5650353
10800 5.4605017
10900 6.4000416
11000 6.2804246
11100 6.6466923
11200 6.4860277
11300 6.6648016
11400 6.4813347
11500 6.4190273
11600 6.145014
11700 6.333943
11800 6.5007653
11900 6.100702
12000 6.2886505
12100 6.2094297
12200 5.795892
12300 6.218201
12400 6.2994776
12500 6.6452007
12600 5.912242
12700 5.7820215
12800 6.1451173
12900 6.173974
13000 6.8261914
13100 6.451886
13200 5.97013
13300 6.561842
13400 6.1630616
13500 6.3905983
13600 6.120745
13700 6.3067102
13800 6.349328
13900 6.192707
14000 5.797622
14100 6.0843105
14200 6.6047564
14300 6.3309155
14400 5.544024
14500 6.457777
14600 6.4944725
14700 5.9064083
14800 6.3207064
14900 6.55018
15000 6.3740425
15100 5.50862
15200 5.908731
15300 5.92969
15400 6.6459565
15500 6.495341
15600 6.3062425
15700 6.3472524
15800 6.762476
15900 6.628644
16000 5.9991264
16100 6.0235376
16200 6.254823
16300 7.264469
16400 6.187996
16500 6.436066
16600 6.013383
16700 6.449358
16800 6.5468907
16900 6.9832306
17000 6.093932
17100 6.2255282
17200 6.074195
17300 6.4444256
17400 6.822921
17500 5.9559126
17600 5.7877436
17700 6.2431192
17800 6.4356184
17900 6.0363035
18000 6.015883
18100 6.466792
18200 6.2251844
18300 6.5629086
18400 6.25345
18500 6.0418243
18600 6.275972
18700 6.170754
18800 5.990555
18900 5.8077393
19000 6.262954
19100 6.341546
19200 6.4646688
19300 6.3011475
19400 6.682763
19500 6.5693917
19600 5.754154
19700 6.2771587
19800 5.8804107
19900 6.4916267
20000 6.88062
20100 6.5179768
20200 6.217249
20300 5.9116445
20400 6.091214
20500 6.229702
20600 6.4433885
20700 6.276132
20800 6.116567
20900 6.6808157
21000 6.345331
21100 6.0918355
21200 6.3662767
21300 6.235014
21400 6.3161345
21500 6.1239567
21600 6.6150513
21700 5.680677
21800 6.2824993
21900 6.0519414
22000 6.393783
22100 6.3194265
22200 6.4266787
22300 6.1280127
22400 6.2739677
22500 6.0821276
22600 6.05187
22700 6.337304
22800 6.077174
22900 6.3194947
23000 6.421602
23100 6.130734
23200 6.631469
23300 6.0194516
23400 5.4473486
23500 6.0582824
23600 6.587109
23700 6.261931
23800 6.0191116
23900 6.1849785
24000 6.3908815
24100 6.323539
24200 6.342439
24300 6.613651
24400 6.142839
24500 6.1408324
24600 6.2449346
24700 6.1748924
24800 6.4035716
24900 6.344365
25000 5.886837
25100 6.468808
25200 5.676344
25300 5.7557282
25400 5.9020677
25500 6.3848743
25600 6.160197
25700 6.2481446
25800 6.3308377
25900 6.510937
26000 6.285563
26100 6.184727
26200 5.957917
26300 6.0968285
26400 6.197393
26500 6.1282153
26600 6.396104
26700 6.4084597
26800 6.3625727
26900 6.0729775
27000 6.3320913
27100 5.934922
27200 6.245835
27300 6.316024
27400 6.514472
27500 6.15472
27600 6.590107
27700 6.0639906
