0 0.0
100 0.15625
200 0.5
300 0.34375
400 0.375
500 0.40625
600 0.59375
700 0.46875
800 0.3125
900 0.40625
1000 0.5625
1100 0.53125
1200 0.4375
1300 0.59375
1400 0.5625
1500 0.5625
1600 0.4375
1700 0.40625
1800 0.53125
1900 0.4375
2000 0.53125
2100 0.28125
2200 0.5
2300 0.5
2400 0.5
2500 0.40625
2600 0.46875
2700 0.5625
2800 0.53125
2900 0.4375
3000 0.5
3100 0.6875
3200 0.5
3300 0.5
3400 0.4375
3500 0.5
3600 0.71875
3700 0.40625
3800 0.53125
3900 0.5625
4000 0.5625
4100 0.5
4200 0.53125
4300 0.65625
4400 0.46875
4500 0.6875
4600 0.71875
4700 0.46875
4800 0.625
4900 0.625
5000 0.65625
5100 0.4375
5200 0.53125
5300 0.625
5400 0.625
5500 0.625
5600 0.6875
5700 0.65625
5800 0.53125
5900 0.5625
6000 0.65625
6100 0.75
6200 0.625
6300 0.59375
6400 0.65625
6500 0.53125
6600 0.65625
6700 0.65625
6800 0.65625
6900 0.65625
7000 0.6875
7100 0.59375
7200 0.625
7300 0.5625
7400 0.65625
7500 0.6875
7600 0.4375
7700 0.5625
7800 0.65625
7900 0.6875
8000 0.625
8100 0.6875
8200 0.65625
8300 0.5625
8400 0.6875
8500 0.6875
8600 0.6875
8700 0.65625
8800 0.75
8900 0.75
9000 0.75
9100 0.78125
9200 0.6875
9300 0.75
9400 0.90625
9500 0.75
9600 0.84375
9700 0.78125
9800 0.78125
9900 0.625
10000 0.6875
10100 0.8125
10200 0.875
10300 0.71875
10400 0.6875
10500 0.71875
10600 0.5625
10700 0.75
10800 0.71875
10900 0.75
11000 0.71875
11100 0.71875
11200 0.84375
11300 0.6875
11400 0.84375
11500 0.9375
11600 0.75
11700 0.8125
11800 0.78125
11900 0.8125
12000 0.84375
12100 0.78125
12200 0.8125
12300 0.875
12400 0.8125
12500 0.75
12600 0.71875
12700 0.90625
12800 0.84375
12900 0.875
13000 0.8125
13100 0.78125
13200 0.75
13300 0.90625
13400 0.84375
13500 0.8125
13600 0.6875
13700 0.875
13800 0.9375
13900 0.78125
14000 0.75
14100 0.90625
14200 0.8125
14300 0.8125
14400 0.9375
14500 0.6875
14600 0.84375
14700 0.75
14800 0.78125
14900 0.875
15000 0.78125
15100 0.84375
15200 0.84375
15300 0.71875
15400 0.84375
