0 4.5788174
100 3.2287765
200 2.3570566
300 2.5675626
400 2.4410155
500 2.3231018
600 1.9231416
700 2.268983
800 2.5861912
900 2.5820117
1000 1.8673873
1100 2.019142
1200 2.1269002
1300 2.038668
1400 1.9024673
1500 1.9780012
1600 2.1993165
1700 2.425507
1800 1.9165488
1900 2.1876414
2000 2.5469284
2100 2.2934282
2200 2.0574236
2300 2.1117048
2400 2.2105734
2500 2.614916
2600 1.7906837
2700 1.735047
2800 2.148135
2900 2.7612107
3000 2.1120086
3100 1.6157426
3200 2.0755758
3300 2.296338
3400 2.4980166
3500 1.8899803
3600 1.1833439
3700 2.4846532
3800 1.667853
3900 1.744284
4000 1.833399
4100 2.2509081
4200 1.629423
4300 1.781742
4400 1.8156273
4500 1.9438243
4600 1.389426
4700 2.195752
4800 1.7565345
4900 1.8450092
5000 1.9902525
5100 2.5156581
5200 1.9124465
5300 1.358805
5400 1.6170417
5500 1.2029347
5600 1.353631
5700 1.6466565
5800 1.7761536
5900 1.9664303
6000 1.3348958
6100 1.1753781
6200 1.4470912
6300 1.4742074
6400 1.4598954
6500 1.6467025
6600 1.349014
6700 1.6972582
6800 1.4126875
6900 1.5670012
7000 1.4060768
7100 1.686504
7200 1.6455117
7300 1.6960688
7400 1.8150423
7500 1.3979234
7600 2.0822818
7700 1.4782332
7800 1.4767897
7900 1.3213607
8000 1.4410672
8100 1.0659415
8200 1.2768451
8300 1.4263144
8400 1.2272748
8500 1.2811351
8600 1.2263111
8700 1.3471256
8800 1.0365677
8900 0.95828974
9000 1.2047237
9100 0.8823078
9200 1.3740705
9300 1.1110127
9400 0.8610325
9500 1.0928754
9600 0.8399512
9700 1.1645873
9800 0.9334221
9900 1.5220962
10000 1.2090124
10100 0.86439383
10200 0.6605378
10300 1.2003883
10400 1.3350142
10500 0.9991499
10600 1.5691178
10700 1.2424442
10800 1.2989813
10900 0.9752837
11000 1.049439
11100 1.4838694
11200 0.7707704
11300 1.567431
11400 0.9977214
11500 0.4331131
11600 0.98578084
11700 0.7896142
11800 1.0897299
11900 1.056483
12000 0.7749122
12100 0.97842747
12200 0.8151178
12300 0.73563206
12400 0.58279496
12500 0.8609368
12600 1.0786604
12700 0.66117424
12800 0.81218565
12900 0.83885
13000 0.6696597
13100 0.9008402
13200 0.7979001
13300 0.5848043
13400 0.64907146
13500 0.9965342
13600 1.068969
13700 0.756962
13800 0.56405276
13900 0.8038131
14000 1.2645632
14100 0.96796876
14200 0.8122062
14300 0.92091566
14400 0.5584686
14500 1.137596
14600 0.76219213
14700 0.9027046
14800 0.85577655
14900 0.65472233
15000 0.65713346
15100 0.96927476
15200 0.7165826
15300 1.1741402
15400 0.8236651
