0 3.1737945
100 2.2380173
200 1.6337872
300 1.7796988
400 1.691983
500 1.6102514
600 1.3330202
700 1.5727391
800 1.7926111
900 1.7897141
1000 1.2943742
1100 1.3995626
1200 1.4742548
1300 1.4130969
1400 1.3186898
1500 1.371046
1600 1.5244501
1700 1.6812334
1800 1.3284504
1900 1.5163575
2000 1.7653962
2100 1.5896833
2200 1.4260974
2300 1.4637222
2400 1.5322527
2500 1.8125217
2600 1.2412074
2700 1.2026429
2800 1.4889736
2900 1.9139254
3000 1.4639328
3100 1.1199474
3200 1.4386795
3300 1.5917003
3400 1.7314932
3500 1.3100345
3600 0.8202315
3700 1.7222303
3800 1.1560676
3900 1.2090455
4000 1.2708154
4100 1.5602107
4200 1.1294299
4300 1.2350094
4400 1.258497
4500 1.3473563
4600 0.9630767
4700 1.5219792
4800 1.2175369
4900 1.278863
5000 1.3795379
5100 1.7437214
5200 1.325607
5300 0.94185185
5400 1.120848
5500 0.8338108
5600 0.93826556
5700 1.1413753
5800 1.2311358
5900 1.3630257
6000 0.92527926
6100 0.81471
6200 1.0030472
6300 1.0218427
6400 1.0119224
6500 1.1414073
6600 0.93506527
6700 1.1764498
6800 0.9792004
6900 1.0861624
7000 0.9746182
7100 1.1689955
7200 1.1405818
7300 1.1756253
7400 1.2580914
7500 0.9689666
7600 1.4433278
7700 1.0246332
7800 1.0236326
7900 0.9158975
8000 0.9988717
8100 0.7388543
8200 0.8850416
8300 0.9886458
8400 0.850682
8500 0.8880152
8600 0.8500141
8700 0.93375635
8800 0.718494
8900 0.66423583
9000 0.8350509
9100 0.61156917
9200 0.9524331
9300 0.7700953
9400 0.59682226
9500 0.7575235
9600 0.5822098
9700 0.80723035
9800 0.6469989
9900 1.0550367
10000 0.83802354
10100 0.59915215
10200 0.45784992
10300 0.8320458
10400 0.92536134
10500 0.69255793
10600 1.0876296
10700 0.8611967
10800 0.90038526
10900 0.67601514
11000 0.7274157
11100 1.0285399
11200 0.5342573
11300 1.0864604
11400 0.6915678
11500 0.30021113
11600 0.6832912
11700 0.5473189
11800 0.7553432
11900 0.7322982
12000 0.5371282
12100 0.6781942
12200 0.5649966
12300 0.5099013
12400 0.40396267
12500 0.5967559
12600 0.7476704
12700 0.45829105
12800 0.5629642
12900 0.5814465
13000 0.46417272
13100 0.62441486
13200 0.5530622
13300 0.40535545
13400 0.44990206
13500 0.6907449
13600 0.74095285
13700 0.5246861
13800 0.39097157
13900 0.5571608
14000 0.8765284
14100 0.6709448
14200 0.56297845
14300 0.6383301
14400 0.38710093
14500 0.78852147
14600 0.5283113
14700 0.62570715
14800 0.5931791
14900 0.45381895
15000 0.4554902
15100 0.6718501
15200 0.49669722
15300 0.81385195
15400 0.5709211
