0 6.4525766
100 3.9417143
200 3.3612285
300 4.552383
400 4.568232
500 4.2959194
600 4.2269874
700 5.1280017
800 4.152833
900 4.86276
1000 3.8696587
1100 4.541557
1200 4.113288
1300 4.1506734
1400 3.9689116
1500 4.4476767
1600 4.1020026
1700 3.8379169
1800 3.527741
1900 4.3143225
2000 4.4840655
2100 4.0712795
2200 3.8895054
2300 3.5848575
2400 3.9441903
2500 4.1122704
2600 4.2089252
2700 4.132786
2800 3.447358
2900 4.64429
3000 3.6615975
3100 3.9400523
3200 4.062283
3300 3.603003
3400 3.5726466
3500 3.2705462
3600 3.597428
3700 3.540619
3800 3.422418
3900 3.224729
4000 3.8793874
4100 3.863482
4200 3.7071702
4300 3.896167
4400 3.979509
4500 3.577577
4600 3.2293272
4700 3.8225703
4800 3.5279307
4900 3.0014925
5000 3.19206
5100 3.5958343
5200 3.431667
5300 3.3472877
5400 3.5870752
5500 3.1044073
5600 3.0115595
5700 3.435811
5800 3.3638022
5900 3.2790623
6000 3.2941408
6100 3.4241767
6200 2.721899
6300 3.304988
6400 3.2406425
6500 3.5810642
6600 3.3367648
6700 3.307985
6800 3.2068605
6900 3.0731592
7000 3.3028584
7100 3.3176908
7200 3.0758603
7300 3.272449
7400 2.8115785
7500 3.0022907
7600 3.0667348
7700 3.7353315
7800 2.8905106
7900 3.135854
8000 3.5210567
8100 2.877406
8200 3.1455107
8300 3.4743562
8400 3.214119
8500 2.787233
8600 2.6537948
8700 2.8234196
8800 3.1332324
8900 2.9094787
9000 2.8864253
9100 2.8920078
9200 3.5660658
9300 3.1165795
9400 2.939399
9500 2.903862
9600 2.7043674
9700 2.8190227
9800 2.8245692
9900 3.2295156
10000 2.9622207
10100 2.798346
10200 2.48669
10300 2.9877067
10400 2.8858135
10500 3.0276723
10600 3.0196178
10700 2.7584481
10800 3.038658
10900 2.4608068
11000 2.7066557
11100 3.2127907
11200 2.5604177
11300 2.806682
11400 3.168811
11500 2.13257
11600 2.566214
11700 2.7062159
11800 2.7372262
11900 2.4110916
12000 2.7462308
12100 2.5034857
12200 2.673221
12300 2.5923839
12400 2.0932803
12500 2.7933955
12600 2.6675558
12700 2.8378606
12800 2.697497
12900 2.6392622
13000 2.5079107
13100 2.5609994
13200 2.6936402
13300 2.7064996
13400 2.357771
13500 2.9953341
13600 3.0196042
13700 2.576688
13800 2.5806124
13900 2.8577602
14000 3.2899547
14100 3.295967
14200 2.4645848
14300 2.601287
14400 2.4680982
14500 3.3307407
14600 2.4725926
14700 2.9242315
14800 2.4690208
14900 2.4585338
15000 2.11128
15100 2.9493866
15200 2.7126756
15300 3.0434675
15400 2.631629
