0 3.3219047
100 0.8491083
200 0.5594779
300 0.2886897
400 0.19625705
500 0.73238486
600 0.44082013
700 0.6648761
800 0.21324357
900 0.7145162
1000 0.13037074
1100 0.08078641
1200 0.076031916
1300 0.022204956
1400 0.31790465
1500 0.11216685
1600 0.12687573
1700 0.2225828
1800 0.014775758
1900 0.009612355
2000 0.6335991
2100 0.2116382
2200 0.2647483
2300 0.30749783
2400 0.042289793
2500 0.24719077
2600 0.034598775
2700 0.2047594
2800 0.16883583
2900 0.048473004
3000 0.04803905
3100 0.008778389
3200 0.017095549
3300 0.23003918
3400 0.13976581
3500 0.006290485
3600 0.030339282
3700 0.08189409
3800 0.029364908
3900 0.0072386395
4000 0.025312558
4100 0.055935342
4200 0.31175762
4300 0.01583469
4400 0.062450502
4500 0.000696456
4600 0.008900349
4700 0.31055278
4800 0.19991893
4900 0.014424022
5000 0.0074945195
5100 0.19718699
5200 0.05970038
5300 0.07580375
5400 0.0006835317
5500 0.030698478
5600 0.01740871
5700 0.0018189892
5800 0.005514236
5900 0.0018385145
6000 0.041407388
6100 0.022597214
6200 0.0032994472
6300 0.14747268
6400 0.22537556
6500 0.019073779
6600 0.0002936492
6700 0.00092927716
6800 0.0045257364
6900 0.008401976
7000 0.017683616
7100 0.006959125
7200 0.010357361
7300 0.001449655
7400 0.02758053
7500 0.04602182
7600 0.0011222496
7700 0.0031412563
7800 0.04253759
7900 0.010440081
8000 0.026024807
8100 0.00057462894
8200 0.0130239185
8300 0.003992178
8400 0.00213356
8500 0.00047343696
8600 0.00025519653
8700 0.00041199094
8800 0.1703082
8900 0.005844622
9000 0.0013315189
9100 0.0002800163
9200 0.0031167958
9300 0.10783124
9400 0.00030601898
9500 0.022941327
9600 0.00014373797
9700 0.009186948
9800 0.025018267
9900 0.03376663
10000 0.030673245
10100 4.585184e-05
10200 0.0058646803
10300 0.00013280807
10400 0.01688451
10500 0.020790748
10600 0.110576
10700 0.014788863
10800 0.0017012146
10900 0.025693553
11000 0.005358942
11100 0.00079315266
11200 0.0010385277
11300 0.0005856062
11400 0.0009672074
11500 0.002823475
11600 0.00071440113
11700 0.0114754
11800 0.0001314799
11900 0.0031198438
12000 0.017899299
12100 0.0060410686
12200 0.00085091975
12300 0.0062809805
12400 0.017115837
12500 0.042604208
12600 0.00018388174
12700 0.00065119687
12800 2.2464357e-05
12900 0.00030591027
13000 0.013782081
13100 0.012595454
13200 0.0013943196
13300 0.00072489126
13400 0.0006180794
13500 0.01775845
13600 0.0053387308
13700 0.0013522247
13800 0.0025798052
13900 0.0023433939
14000 0.017601356
14100 0.0019393323
14200 0.00029985947
14300 0.0003213488
14400 0.024263058
14500 0.00048652536
14600 0.0017399847
14700 0.0029967998
14800 0.0017630119
14900 0.020416241
15000 0.0008631023
15100 0.0037990822
15200 0.0031315621
15300 0.0032720082
15400 8.0024165e-06
15500 0.000608975
15600 0.0012011189
15700 0.00027847828
15800 0.00011510421
15900 0.0005814293
16000 0.0019135688
16100 0.0007354883
16200 0.0013360119
16300 0.001419899
16400 0.0009121826
16500 0.0005547847
16600 0.087269865
16700 0.0007496875
16800 0.0021836448
16900 0.0015379065
17000 0.0026437852
17100 0.0018905854
17200 0.0004384614
17300 0.0009968219
17400 0.004165297
17500 0.0011327686
17600 0.0010362652
17700 0.00079927436
17800 0.00022939366
17900 0.00044692928
18000 0.0033712762
18100 3.3469067e-05
18200 0.0009414243
18300 0.053540446
18400 0.0048639174
18500 0.0025544693
18600 0.09174896
18700 0.003421627
18800 0.00080787996
18900 0.004061898
19000 0.05247142
19100 0.00013300328
19200 0.0010480264
19300 0.0010809992
19400 0.0002551137
19500 0.0005892379
19600 0.0009212076
19700 0.021610323
19800 0.0002458687
19900 0.00096063095
20000 0.31318852
20100 0.00045010925
20200 0.00084605784
20300 0.0013575956
20400 0.0008439756
20500 0.002554193
20600 0.0010750467
20700 0.00081104523
20800 0.00014409005
20900 0.0019598142
21000 0.003448607
21100 0.000990726
21200 3.1565352e-05
21300 0.00022559008
21400 0.0026950901
21500 0.0025566681
21600 0.0006796602
21700 0.0009051283
21800 0.0008479116
21900 0.00014280352
22000 0.0010716355
22100 0.00084838574
22200 0.003514499
22300 0.0021186948
22400 0.00060496543
22500 0.0036774043
22600 0.0006747557
22700 0.0013997687
