0 2.302569
100 0.588557
200 0.38780054
300 0.20010445
400 0.13603503
500 0.5076505
600 0.30555323
700 0.460857
800 0.14780918
900 0.4952649
1000 0.09036611
1100 0.055996872
1200 0.05270131
1300 0.015391302
1400 0.2203547
1500 0.077748135
1600 0.087943554
1700 0.15428264
1800 0.010241775
1900 0.006662777
2000 0.43917742
2100 0.14669642
2200 0.18350954
2300 0.21314125
2400 0.02931305
2500 0.17133959
2600 0.023982042
2700 0.1419284
2800 0.11702808
2900 0.033598926
3000 0.03329813
3100 0.0060847155
3200 0.011849731
3300 0.15945101
3400 0.096878275
3500 0.004360232
3600 0.021029588
3700 0.05676466
3800 0.020354204
3900 0.0050174426
4000 0.017545328
4100 0.038771424
4200 0.21609393
4300 0.01097577
4400 0.04328739
4500 0.00048274652
4600 0.0061692516
4700 0.21525878
4800 0.13857324
4900 0.00999797
5000 0.005194805
5100 0.1366796
5200 0.04138115
5300 0.052543156
5400 0.00047378807
5500 0.021278564
5600 0.012066798
5700 0.0012608272
5800 0.0038221772
5900 0.0012743612
6000 0.028701413
6100 0.015663195
6200 0.0022870025
6300 0.102220275
6400 0.15621844
6500 0.013220936
6600 0.00020354212
6700 0.00064412586
6800 0.0031370015
6900 0.005823806
7000 0.012257349
7100 0.0048236977
7200 0.0071791755
7300 0.0010048243
7400 0.019117367
7500 0.031899896
7600 0.00077788415
7700 0.002177353
7800 0.02948481
7900 0.007236513
8000 0.018039022
8100 0.00039830242
8200 0.009027492
8300 0.0027671668
8400 0.0014788711
8500 0.0003281615
8600 0.00017688876
8700 0.00028557036
8800 0.118048646
8900 0.0040511834
9000 0.0009229386
9100 0.00019409251
9200 0.0021603983
9300 0.07474292
9400 0.0002121162
9500 0.015901716
9600 9.9631565e-05
9700 0.006367907
9800 0.017341342
9900 0.023405245
10000 0.021261074
10100 3.1782074e-05
10200 0.0040650866
10300 9.205554e-05
10400 0.01170345
10500 0.014411049
10600 0.07664544
10700 0.010250859
10800 0.0011791921
10900 0.017809413
11000 0.0037145354
11100 0.00054977153
11200 0.0007198525
11300 0.0004059113
11400 0.0006704171
11500 0.0019570838
11600 0.00049518514
11700 0.007954141
11800 9.113492e-05
11900 0.002162511
12000 0.012406848
12100 0.0041873497
12200 0.00058981264
12300 0.004353644
12400 0.011863794
12500 0.029530987
12600 0.00012745711
12700 0.00045137526
12800 1.5571106e-05
12900 0.00021204085
13000 0.009553011
13100 0.008730504
13200 0.00096646865
13300 0.0005024563
13400 0.00042841997
13500 0.01230922
13600 0.0037005262
13700 0.0009372908
13800 0.0017881847
13900 0.0016243169
14000 0.01220033
14100 0.0013442427
14200 0.00020784675
14300 0.00022274202
14400 0.01681787
14500 0.00033723368
14600 0.0012060655
14700 0.0020772233
14800 0.0012220268
14900 0.01415146
15000 0.00059825694
15100 0.0026333232
15200 0.0021706335
15300 0.0022679833
15400 5.546852e-06
15500 0.00042210933
15600 0.0008325522
15700 0.00019302644
15800 7.978416e-05
15900 0.00040301605
16000 0.0013263848
16100 0.00050980167
16200 0.0009260529
16300 0.000984199
16400 0.0006322768
16500 0.00038454746
16600 0.06049086
16700 0.00051964377
16800 0.0015135873
16900 0.0010659955
17000 0.0018325322
17100 0.001310454
17200 0.0003039183
17300 0.00069094426
17400 0.0028871638
17500 0.00078517536
17600 0.0007182843
17700 0.00055401475
17800 0.00015900357
17900 0.00030978778
18000 0.0023367906
18100 2.3198989e-05
18200 0.0006525456
18300 0.03711141
18400 0.0033714105
18500 0.0017706231
18600 0.06359553
18700 0.0023716912
18800 0.0005599797
18900 0.0028154934
19000 0.03637042
19100 9.219085e-05
19200 0.0007264365
19300 0.0007492915
19400 0.00017683134
19500 0.0004084286
19600 0.00063853245
19700 0.014979134
19800 0.0001704232
19900 0.0006658586
20000 0.21708573
20100 0.00031199196
20200 0.0005864426
20300 0.0009410135
20400 0.0005849993
20500 0.0017704316
20600 0.00074516557
20700 0.0005621737
20800 9.9875615e-05
20900 0.0013584397
21000 0.0023903921
21100 0.00068671897
21200 2.1879434e-05
21300 0.00015636712
21400 0.0018680941
21500 0.0017721474
21600 0.00047110455
21700 0.00062738714
21800 0.0005877275
21900 9.898386e-05
22000 0.0007428011
22100 0.00058805617
22200 0.002436065
22300 0.0014685674
22400 0.00041933008
22500 0.0025489824
22600 0.00046770502
22700 0.0009702458
