0 9.999994
100 1.8527008
200 1.5600059
300 1.3817022
400 1.4587238
500 1.3041518
600 1.2114812
700 1.2186742
800 1.3130646
900 1.3159014
1000 1.2121091
1100 1.2506709
1200 1.1809876
1300 1.0812347
1400 1.1002057
1500 1.145153
1600 1.1497566
1700 1.2491124
1800 1.0394977
1900 1.030426
2000 1.2290742
2100 1.1196668
2200 1.1445713
2300 1.1682545
2400 1.0994788
2500 1.1111065
2600 1.085695
2700 1.114908
2800 1.1367857
2900 1.0901237
3000 1.1206775
3100 1.0294831
3200 1.0549632
3300 1.0712698
3400 1.1244037
3500 1.025932
3600 1.0646989
3700 1.0886981
3800 1.0855534
3900 1.0286679
4000 1.0717719
4100 1.132952
4200 1.0082617
4300 1.0436894
4400 1.128101
4500 1.003374
4600 1.0315453
4700 1.0442702
4800 1.0341467
4900 1.0283241
5000 1.0297222
5100 1.0828701
5200 1.0871923
5300 1.1004307
5400 1.003695
5500 1.0734291
5600 1.0514543
5700 1.0078949
5800 1.0166945
5900 1.0071847
6000 1.0668254
6100 1.0605701
6200 1.0115267
6300 1.0485427
6400 1.1288732
6500 1.0377953
6600 1.0014464
6700 1.0040267
6800 1.0129097
6900 1.0249035
7000 1.0520251
7100 1.023363
7200 1.0289884
7300 1.0064151
7400 1.0497485
7500 1.0891016
7600 1.0055683
7700 1.0122344
7800 1.039125
7900 1.029463
8000 1.0633483
8100 1.0027988
8200 1.04336
8300 1.0136757
8400 1.0083838
8500 1.0024724
8600 1.0014145
8700 1.0021603
8800 1.0057867
8900 1.0194825
9000 1.0052841
9100 1.0015672
9200 1.0126429
9300 1.0553069
9400 1.0017046
9500 1.0656815
9600 1.0008024
9700 1.0240934
9800 1.041177
9900 1.0849704
10000 1.0468056
10100 1.0003089
10200 1.0200468
10300 1.000818
10400 1.0380611
10500 1.0389087
10600 1.0456408
10700 1.0368085
10800 1.0074168
10900 1.0374565
11000 1.0170286
11100 1.0034943
11200 1.0046939
11300 1.0027351
11400 1.0046313
11500 1.0108521
11600 1.0031095
11700 1.0336424
11800 1.0007923
11900 1.0104289
12000 1.0282087
12100 1.0150592
12200 1.0036999
12300 1.018732
12400 1.0406528
12500 1.0383645
12600 1.0010384
12700 1.0028057
12800 1.0001781
12900 1.0016221
13000 1.039242
13100 1.0270667
13200 1.0048561
13300 1.0030388
13400 1.0030644
13500 1.0305443
13600 1.0181558
13700 1.0054216
13800 1.0094688
13900 1.0095564
14000 1.0500497
14100 1.0083003
14200 1.0014813
14300 1.0018432
14400 1.0443686
14500 1.0023085
14600 1.0071642
14700 1.0106919
14800 1.0057423
14900 1.037868
15000 1.003962
15100 1.0142196
15200 1.0120523
15300 1.0126264
15400 1.0000678
15500 1.0028596
15600 1.0053091
15700 1.0016317
15800 1.0007143
15900 1.003124
16000 1.0071673
16100 1.0037432
16200 1.0058029
16300 1.0052135
16400 1.0041189
16500 1.0024877
16600 1.0260577
16700 1.0031064
16800 1.0090475
16900 1.005255
17000 1.0096674
17100 1.0064692
17200 1.0023925
17300 1.0042821
17400 1.0113021
17500 1.004993
17600 1.0042329
17700 1.0037227
17800 1.0011675
17900 1.0018914
18000 1.0099368
18100 1.0002517
18200 1.0044017
18300 1.0388236
18400 1.0155156
18500 1.0101378
18600 1.0216017
18700 1.0129626
18800 1.0035858
18900 1.0158491
19000 1.0285285
19100 1.0007963
19200 1.0046706
19300 1.0047404
19400 1.0013685
19500 1.0028772
19600 1.0043411
19700 1.0637885
19800 1.0011091
19900 1.0048037
20000 1.0173283
20100 1.0020449
20200 1.0039322
20300 1.0056593
20400 1.003634
20500 1.0087744
20600 1.0050101
20700 1.0037658
20800 1.0008376
20900 1.0082698
21000 1.0137959
21100 1.0037296
21200 1.0002155
21300 1.0012435
21400 1.0087229
21500 1.0096515
21600 1.0033894
21700 1.0039061
21800 1.004143
21900 1.0007808
22000 1.0038713
22100 1.0037255
22200 1.0109098
22300 1.0092125
22400 1.0027587
22500 1.0115027
22600 1.0032356
22700 1.0054226
