0 0.09375
100 0.34375
200 0.34375
300 0.25
400 0.5
500 0.625
600 0.4375
700 0.375
800 0.375
900 0.4375
1000 0.53125
1100 0.25
1200 0.4375
1300 0.53125
1400 0.5625
1500 0.46875
1600 0.5
1700 0.3125
1800 0.5625
1900 0.5
2000 0.40625
2100 0.59375
2200 0.53125
2300 0.5625
2400 0.59375
2500 0.6875
2600 0.71875
2700 0.4375
2800 0.53125
2900 0.34375
3000 0.40625
3100 0.375
3200 0.65625
3300 0.65625
3400 0.46875
3500 0.53125
3600 0.46875
3700 0.5
3800 0.59375
3900 0.5625
4000 0.625
4100 0.65625
4200 0.5625
4300 0.4375
4400 0.46875
4500 0.46875
4600 0.46875
4700 0.625
4800 0.5
4900 0.5625
5000 0.5625
5100 0.625
5200 0.625
5300 0.5625
5400 0.40625
5500 0.4375
5600 0.59375
5700 0.59375
5800 0.53125
5900 0.6875
6000 0.59375
6100 0.46875
6200 0.6875
6300 0.65625
6400 0.59375
6500 0.53125
6600 0.625
6700 0.5625
6800 0.625
6900 0.65625
7000 0.5
7100 0.625
7200 0.46875
7300 0.65625
7400 0.53125
7500 0.65625
7600 0.6875
7700 0.625
7800 0.5625
7900 0.65625
8000 0.59375
8100 0.53125
8200 0.375
8300 0.84375
8400 0.6875
8500 0.59375
8600 0.4375
8700 0.625
8800 0.6875
8900 0.53125
9000 0.65625
9100 0.59375
9200 0.75
9300 0.71875
9400 0.75
9500 0.78125
9600 0.5625
9700 0.59375
9800 0.71875
9900 0.65625
10000 0.65625
10100 0.75
10200 0.6875
10300 0.65625
10400 0.625
10500 0.71875
10600 0.59375
10700 0.65625
10800 0.78125
10900 0.78125
11000 0.71875
11100 0.6875
11200 0.71875
11300 0.90625
11400 0.71875
11500 0.75
11600 0.71875
11700 0.625
11800 0.6875
11900 0.53125
12000 0.71875
12100 0.875
12200 0.71875
12300 0.75
12400 0.625
12500 0.875
12600 0.8125
12700 0.71875
12800 0.75
12900 0.65625
13000 0.65625
13100 0.6875
13200 0.65625
13300 0.8125
13400 0.6875
13500 0.84375
13600 0.78125
13700 0.71875
13800 0.65625
13900 0.84375
14000 0.78125
14100 0.8125
14200 0.75
14300 0.71875
14400 0.625
14500 0.625
14600 0.84375
14700 0.75
14800 0.8125
14900 0.90625
15000 0.71875
15100 0.75
15200 0.625
15300 0.71875
15400 0.875
15500 0.71875
15600 0.8125
15700 0.8125
15800 0.71875
15900 0.8125
16000 0.78125
16100 0.78125
16200 0.71875
16300 0.65625
16400 0.75
16500 0.78125
16600 0.71875
16700 0.8125
16800 0.84375
16900 0.84375
17000 0.75
17100 0.78125
17200 0.75
17300 0.71875
17400 0.8125
17500 0.75
17600 0.71875
17700 0.75
17800 0.8125
17900 0.8125
18000 0.6875
18100 0.625
18200 0.71875
18300 0.65625
18400 0.75
18500 0.875
18600 0.90625
18700 0.8125
18800 0.875
18900 0.84375
19000 0.8125
19100 0.75
19200 0.84375
19300 0.59375
19400 0.875
19500 0.875
19600 0.78125
19700 0.90625
19800 0.78125
19900 0.84375
20000 0.8125
20100 0.6875
