0 3.31444
100 2.52688
200 2.69303
300 2.73205
400 2.32574
500 1.85178
600 2.51315
700 2.61457
800 2.28457
900 2.25636
1000 2.1749
1100 2.72129
1200 2.26568
1300 1.70918
1400 1.68282
1500 1.82917
1600 2.2403
1700 3.12241
1800 1.75706
1900 2.3913
2000 2.00361
2100 1.71812
2200 1.8498
2300 1.79563
2400 1.96569
2500 1.44265
2600 1.42485
2700 2.85817
2800 2.10859
2900 2.47988
3000 1.79649
3100 2.35143
3200 1.5198
3300 1.64612
3400 2.18707
3500 1.7876
3600 1.93605
3700 2.20731
3800 1.68846
3900 1.73877
4000 1.28303
4100 1.52905
4200 2.16369
4300 2.48371
4400 2.09843
4500 2.17176
4600 2.33294
4700 1.52131
4800 2.16652
4900 1.97475
5000 2.00564
5100 1.6889
5200 1.63862
5300 2.09139
5400 2.60361
5500 3.08271
5600 2.08024
5700 1.92965
5800 2.90944
5900 1.55336
6000 1.77658
6100 2.27332
6200 1.44463
6300 1.3446
6400 1.67486
6500 1.83037
6600 2.07259
6700 1.7009
6800 1.4205
6900 1.66973
7000 2.10775
7100 1.37591
7200 2.33359
7300 1.46605
7400 1.72112
7500 1.58798
7600 1.37105
7700 1.41249
7800 1.80044
7900 1.18046
8000 1.27476
8100 1.652
8200 1.75856
8300 0.904112
8400 1.23354
8500 1.46706
8600 1.6023
8700 1.27167
8800 1.65684
8900 1.8336
9000 1.32654
9100 1.58432
9200 1.19658
9300 1.07542
9400 1.23589
9500 1.12272
9600 1.85243
9700 1.4871
9800 1.29381
9900 1.30114
10000 1.44257
10100 1.4863
10200 1.25289
10300 1.40936
10400 1.80315
10500 1.18766
10600 1.59574
10700 1.27481
10800 0.887216
10900 1.13091
11000 1.28525
11100 1.14222
11200 1.39561
11300 0.821808
11400 1.20605
11500 1.16176
11600 1.10498
11700 1.7994
11800 1.2619
11900 1.56407
12000 0.947269
12100 0.925819
12200 1.25753
12300 1.25289
12400 1.71634
12500 0.860896
12600 1.01211
12700 1.26492
12800 0.99485
12900 1.32562
13000 2.10709
13100 1.3117
13200 1.63386
13300 0.711312
13400 1.36377
13500 0.813085
13600 1.08636
13700 1.03156
13800 1.33669
13900 0.739494
14000 1.00173
14100 0.926138
14200 1.03494
14300 1.37038
14400 1.53681
14500 1.53253
14600 0.854335
14700 1.15416
14800 1.06815
14900 0.687545
15000 1.15492
15100 1.11687
15200 1.62505
15300 1.1074
15400 0.790464
15500 1.3409
15600 0.768524
15700 1.08986
15800 1.38649
15900 0.816189
16000 0.759237
16100 1.08995
16200 1.30773
16300 1.3752
16400 0.991726
16500 0.88969
16600 1.24455
16700 0.828873
16800 0.931943
16900 0.708873
17000 0.925052
17100 0.96824
17200 0.956765
17300 1.11585
17400 0.910129
17500 1.21102
17600 1.29107
17700 1.17357
17800 1.0922
17900 0.651991
18000 1.34444
18100 1.37203
18200 1.10506
18300 1.31813
18400 1.06089
18500 0.696744
18600 0.710443
18700 1.05369
18800 0.867309
18900 0.829707
19000 1.07653
19100 1.06782
19200 0.850544
19300 1.45109
19400 0.828291
19500 0.824214
19600 1.05227
19700 0.780997
19800 0.954955
19900 0.823219
20000 1.10955
20100 1.1135
