0 2.29739
100 1.7515
200 1.86666
300 1.89372
400 1.61208
500 1.28355
600 1.74198
700 1.81228
800 1.58355
900 1.56399
1000 1.50753
1100 1.88625
1200 1.57045
1300 1.18472
1400 1.16644
1500 1.26788
1600 1.55286
1700 2.16429
1800 1.2179
1900 1.65753
2000 1.3888
2100 1.19091
2200 1.28218
2300 1.24463
2400 1.36251
2500 0.999967
2600 0.987629
2700 1.98113
2800 1.46156
2900 1.71892
3000 1.24523
3100 1.62989
3200 1.05344
3300 1.141
3400 1.51596
3500 1.23907
3600 1.34197
3700 1.52999
3800 1.17035
3900 1.20522
4000 0.889326
4100 1.05986
4200 1.49976
4300 1.72158
4400 1.45452
4500 1.50535
4600 1.61707
4700 1.05449
4800 1.50172
4900 1.36879
5000 1.39021
5100 1.17066
5200 1.1358
5300 1.44964
5400 1.80469
5500 2.13677
5600 1.44191
5700 1.33753
5800 2.01667
5900 1.07671
6000 1.23143
6100 1.57574
6200 1.00134
6300 0.932008
6400 1.16092
6500 1.26871
6600 1.43661
6700 1.17898
6800 0.984619
6900 1.15737
7000 1.46098
7100 0.95371
7200 1.61752
7300 1.01619
7400 1.19299
7500 1.1007
7600 0.950336
7700 0.979067
7800 1.24797
7900 0.818229
8000 0.883597
8100 1.14508
8200 1.21894
8300 0.626682
8400 0.855027
8500 1.01689
8600 1.11063
8700 0.881455
8800 1.14844
8900 1.27096
9000 0.919489
9100 1.09817
9200 0.829406
9300 0.745425
9400 0.856654
9500 0.778213
9600 1.28401
9700 1.03078
9800 0.896804
9900 0.901878
10000 0.999915
10100 1.03022
10200 0.868436
10300 0.976894
10400 1.24985
10500 0.823225
10600 1.10608
10700 0.883634
10800 0.614971
10900 0.783886
11000 0.890865
11100 0.791724
11200 0.967363
11300 0.569634
11400 0.83597
11500 0.805274
11600 0.765913
11700 1.24725
11800 0.874685
11900 1.08413
12000 0.656597
12100 0.641729
12200 0.871654
12300 0.868437
12400 1.18968
12500 0.596728
12600 0.701541
12700 0.876777
12800 0.689578
12900 0.918849
13000 1.46052
13100 0.909199
13200 1.13251
13300 0.493044
13400 0.945292
13500 0.563588
13600 0.753009
13700 0.715022
13800 0.926521
13900 0.512578
14000 0.694349
14100 0.64195
14200 0.717365
14300 0.949876
14400 1.06524
14500 1.06227
14600 0.59218
14700 0.800001
14800 0.740386
14900 0.47657
15000 0.800529
15100 0.774152
15200 1.1264
15300 0.767593
15400 0.547908
15500 0.92944
15600 0.5327
15700 0.755437
15800 0.961045
15900 0.565739
16000 0.526263
16100 0.755493
16200 0.90645
16300 0.953214
16400 0.687412
16500 0.616686
16600 0.862658
16700 0.574531
16800 0.645973
16900 0.491353
17000 0.641197
17100 0.671133
17200 0.663179
17300 0.773449
17400 0.630853
17500 0.839413
17600 0.894901
17700 0.81346
17800 0.757056
17900 0.451926
18000 0.931891
18100 0.951015
18200 0.765969
18300 0.913655
18400 0.735352
18500 0.482946
18600 0.492442
18700 0.730361
18800 0.601173
18900 0.575109
19000 0.74619
19100 0.74016
19200 0.589552
19300 1.00582
19400 0.574128
19500 0.571301
19600 0.729377
19700 0.541346
19800 0.661924
19900 0.570612
20000 0.769082
20100 0.771822
