0 9.99711
100 6.85759
200 5.65205
300 5.42163
400 5.57199
500 4.57303
600 5.22467
700 5.57673
800 5.10401
900 4.80674
1000 4.96793
1100 5.89979
1200 4.07839
1300 4.31428
1400 3.85626
1500 4.34541
1600 4.72099
1700 4.15731
1800 4.06985
1900 4.04499
2000 4.15686
2100 3.49102
2200 4.38406
2300 3.54829
2400 4.03907
2500 3.7832
2600 3.65498
2700 4.08708
2800 4.10071
2900 4.28925
3000 4.26362
3100 4.27966
3200 4.01183
3300 3.62448
3400 4.08757
3500 3.78882
3600 4.29041
3700 3.51156
3800 3.51905
3900 3.53797
4000 3.15735
4100 3.64063
4200 3.2493
4300 3.03406
4400 4.25225
4500 3.92369
4600 4.05262
4700 3.53077
4800 4.04621
4900 3.6553
5000 3.77547
5100 3.48182
5200 3.75111
5300 3.56359
5400 3.45439
5500 3.85816
5600 3.88314
5700 3.64645
5800 3.20005
5900 3.55325
6000 3.70338
6100 3.59716
6200 2.98483
6300 3.08012
6400 3.59484
6500 3.32646
6600 3.76159
6700 3.63324
6800 3.61065
6900 3.82309
7000 4.12618
7100 4.07168
7200 3.60522
7300 3.31336
7400 3.63111
7500 3.43357
7600 2.79501
7700 4.00037
7800 3.33526
7900 3.41099
8000 3.24765
8100 2.99915
8200 3.4245
8300 3.09698
8400 3.26118
8500 2.90339
8600 3.18178
8700 3.47577
8800 3.38627
8900 3.36328
9000 2.96353
9100 3.08943
9200 3.30102
9300 2.92545
9400 2.53489
9500 2.4619
9600 3.61846
9700 3.23944
9800 3.32299
9900 3.30052
10000 3.68461
10100 3.40352
10200 2.71799
10300 2.76149
10400 3.13021
10500 3.21743
10600 3.26096
10700 3.09861
10800 3.02543
10900 3.0576
11000 2.85387
11100 3.24308
11200 2.81778
11300 2.7691
11400 2.56695
11500 2.84527
11600 3.26921
11700 2.96131
11800 2.99956
11900 3.39883
12000 2.82835
12100 2.66294
12200 3.37397
12300 3.06333
12400 2.99305
12500 2.69808
12600 3.12631
12700 3.27955
12800 2.77444
12900 2.98635
13000 3.30601
13100 3.08743
13200 3.32273
13300 2.76306
13400 2.8315
13500 2.47336
13600 2.98186
13700 3.22711
13800 3.3971
13900 2.55557
14000 3.04739
14100 2.93424
14200 2.76087
14300 3.00368
14400 3.34898
14500 2.55709
14600 2.55196
14700 2.81777
14800 2.82179
14900 2.82112
15000 3.43515
15100 3.01459
15200 3.26104
15300 2.67079
15400 2.77803
15500 2.96691
15600 2.73231
15700 3.33137
15800 3.06945
15900 2.67521
16000 2.78294
16100 3.14146
16200 3.04631
16300 2.7821
16400 2.7962
16500 2.74237
16600 3.10609
16700 2.88845
16800 2.71463
16900 2.50293
17000 2.9665
17100 2.26264
17200 2.8615
17300 2.86867
17400 2.89276
17500 2.86849
17600 3.00584
17700 2.68772
17800 2.54582
17900 2.41227
18000 3.334
18100 2.868
18200 2.97493
18300 3.11315
18400 3.11035
18500 2.83601
18600 2.60486
18700 3.04165
18800 2.92497
18900 2.72264
19000 2.85313
19100 3.20831
19200 2.82464
19300 2.94394
19400 2.95076
19500 2.66565
19600 2.90237
19700 2.90071
19800 2.68173
19900 2.82688
20000 2.80253
20100 3.42068
