0 0.125
100 0.4375
200 0.40625
300 0.25
400 0.5
500 0.3125
600 0.34375
700 0.3125
800 0.40625
900 0.46875
1000 0.53125
1100 0.40625
1200 0.46875
1300 0.46875
1400 0.59375
1500 0.59375
1600 0.625
1700 0.40625
1800 0.4375
1900 0.25
2000 0.625
2100 0.375
2200 0.625
2300 0.5625
2400 0.40625
2500 0.4375
2600 0.46875
2700 0.5
2800 0.4375
2900 0.5625
3000 0.5625
3100 0.5625
3200 0.6875
3300 0.40625
3400 0.5625
3500 0.71875
3600 0.46875
3700 0.65625
3800 0.6875
3900 0.53125
4000 0.59375
4100 0.53125
4200 0.5
4300 0.375
4400 0.59375
4500 0.5
4600 0.5625
4700 0.59375
4800 0.625
4900 0.59375
5000 0.53125
5100 0.59375
5200 0.59375
5300 0.59375
5400 0.59375
5500 0.5625
5600 0.625
5700 0.5625
5800 0.75
5900 0.59375
6000 0.4375
6100 0.59375
6200 0.625
6300 0.59375
6400 0.59375
6500 0.53125
6600 0.5625
6700 0.46875
6800 0.5625
6900 0.625
7000 0.625
7100 0.65625
7200 0.59375
7300 0.5
7400 0.5
7500 0.53125
7600 0.53125
7700 0.6875
7800 0.53125
7900 0.625
8000 0.625
8100 0.84375
8200 0.625
8300 0.625
8400 0.6875
8500 0.78125
8600 0.59375
8700 0.75
8800 0.71875
8900 0.5
9000 0.625
9100 0.53125
9200 0.59375
9300 0.6875
9400 0.65625
9500 0.65625
9600 0.5625
9700 0.71875
9800 0.59375
9900 0.5
10000 0.625
10100 0.6875
10200 0.71875
10300 0.65625
10400 0.5625
10500 0.4375
10600 0.6875
10700 0.625
10800 0.65625
10900 0.71875
11000 0.625
11100 0.78125
11200 0.6875
11300 0.78125
11400 0.75
11500 0.875
11600 0.71875
11700 0.6875
11800 0.59375
11900 0.65625
12000 0.75
12100 0.5
12200 0.65625
12300 0.78125
12400 0.75
12500 0.71875
12600 0.6875
12700 0.59375
12800 0.78125
12900 0.6875
13000 0.5625
13100 0.53125
13200 0.65625
13300 0.5625
13400 0.625
13500 0.5625
13600 0.5
13700 0.65625
13800 1.0
13900 0.71875
14000 0.78125
14100 0.53125
14200 0.875
14300 0.6875
14400 0.5625
14500 0.6875
14600 0.78125
14700 0.75
14800 0.875
14900 0.78125
15000 0.625
15100 0.6875
15200 0.5
15300 0.6875
15400 0.5625
15500 0.8125
15600 0.9375
15700 0.6875
15800 0.78125
15900 0.78125
16000 0.53125
16100 0.84375
16200 0.78125
16300 0.75
16400 0.75
16500 0.71875
16600 0.75
16700 0.625
16800 0.65625
16900 0.71875
17000 0.59375
17100 0.65625
