0 2.3507361
100 1.8210554
200 1.9175158
300 1.9858193
400 1.4705062
500 1.9234717
600 1.4808283
700 1.5404809
800 1.9860058
900 1.555326
1000 1.306654
1100 1.8570006
1200 1.5315076
1300 1.4586773
1400 1.0421411
1500 1.4093533
1600 1.1606622
1700 1.5561798
1800 1.6579757
1900 1.7371981
2000 1.39892
2100 1.4799235
2200 1.243157
2300 1.1911904
2400 1.4557769
2500 1.3783321
2600 1.1814601
2700 1.5645194
2800 1.3781288
2900 1.1990352
3000 1.5782087
3100 1.1576607
3200 1.129935
3300 1.4850235
3400 1.2840186
3500 0.9658803
3600 1.4085494
3700 1.1415085
3800 1.052423
3900 1.2951931
4000 1.1282984
4100 1.1967888
4200 1.5000843
4300 1.5829138
4400 1.1393576
4500 1.3487883
4600 1.2862617
4700 0.9981141
4800 0.90452206
4900 1.4236345
5000 1.5296385
5100 1.1819019
5200 0.96556
5300 1.025774
5400 1.1382098
5500 1.1329877
5600 0.99959964
5700 1.2431173
5800 0.89209086
5900 1.1367233
6000 1.5306185
6100 1.1027174
6200 0.9157585
6300 1.2618285
6400 1.0605776
6500 1.1904299
6600 1.0536602
6700 1.5003467
6800 1.0444833
6900 1.1807373
7000 1.1834193
7100 1.1833942
7200 1.1602577
7300 1.2256302
7400 1.2103745
7500 1.204737
7600 1.3326552
7700 0.95904493
7800 1.1808219
7900 0.96490663
8000 1.0696278
8100 0.762068
8200 1.0015016
8300 0.99897623
8400 0.9696402
8500 0.7747347
8600 0.9741806
8700 1.0054206
8800 0.96549976
8900 1.3515115
9000 0.94686407
9100 1.2208697
9200 1.1538723
9300 1.0605118
9400 0.98897517
9500 0.86261564
9600 1.0851971
9700 0.69954216
9800 1.2462724
9900 1.3947115
10000 0.9533104
10100 0.8393573
10200 0.82678926
10300 1.0937065
10400 1.2917893
10500 1.3596512
10600 0.9912784
10700 1.0627631
10800 1.1702453
10900 1.0582304
11000 1.1204756
11100 0.800692
11200 0.9043391
11300 0.8181019
11400 0.78941643
11500 0.7328437
11600 1.0483295
11700 0.92559624
11800 1.1780658
11900 1.0423639
12000 0.80996156
12100 1.1397388
12200 0.8751129
12300 0.80567104
12400 0.99971104
12500 0.896842
12600 0.9281193
12700 1.054323
12800 0.7250658
12900 0.8917196
13000 1.3872519
13100 1.1964573
13200 1.3189098
13300 1.0896187
13400 0.9159789
13500 1.1413993
13600 1.3305775
13700 0.9092566
13800 0.35209876
13900 0.68015945
14000 0.7280082
14100 1.0895295
14200 0.6778556
14300 0.9388879
14400 1.3079126
14500 1.0165828
14600 0.65846825
14700 0.8349511
14800 0.73931915
14900 0.69805324
15000 0.9461633
15100 0.73807526
15200 1.1667114
15300 1.0076095
15400 1.028939
15500 0.642907
15600 0.49805838
15700 1.0558527
15800 0.75891936
15900 0.82326317
16000 1.1505799
16100 0.66340494
16200 0.7126092
16300 0.8347225
16400 0.91925865
16500 0.9231511
16600 0.7988078
16700 0.99024826
16800 1.0355432
16900 0.88481325
17000 1.1290345
17100 0.82882607
