0 3.424451
100 0.4908132
200 0.17734401
300 0.3825803
400 0.4912203
500 0.27045524
600 0.61649686
700 0.18596187
800 0.10006603
900 0.037640158
1000 0.2683442
1100 0.106675595
1200 0.14195779
1300 0.18834302
1400 0.044018313
1500 0.12986447
1600 0.5710816
1700 0.15752494
1800 0.06684189
1900 0.04918743
2000 0.03329306
2100 0.12060734
2200 0.59773815
2300 0.17877989
2400 0.4208167
2500 0.19219212
2600 0.1112206
2700 0.0012602393
2800 0.14883672
2900 0.07479573
3000 0.16667747
3100 0.08128285
3200 0.022718834
3300 0.05705995
3400 0.076724656
3500 0.078588106
3600 0.09812588
3700 0.01257625
3800 0.1080425
3900 0.117905766
4000 0.3516873
4100 0.0062698345
4200 0.00927131
4300 0.012331169
4400 0.022850238
4500 0.0049776747
4600 0.035511572
4700 0.15046948
4800 0.22477414
4900 0.1111284
5000 0.045568142
5100 0.17974856
5200 0.00825985
5300 0.03905343
5400 0.020826226
5500 0.017935643
5600 0.0013903106
5700 0.002952099
5800 0.034023985
5900 0.008036763
6000 0.01767107
6100 0.0008380311
6200 0.12756066
6300 0.061984967
6400 0.033773996
6500 0.04980519
6600 0.0011206338
6700 0.00092588546
6800 0.14678474
6900 0.023819564
7000 0.007784785
7100 0.015197218
7200 0.004522301
7300 0.0001645856
7400 0.00209932
7500 0.004908677
7600 0.039795548
7700 0.17838165
7800 0.0031884508
7900 0.0008797546
8000 0.0017597708
8100 0.0015050484
8200 0.015621937
8300 0.0012142594
8400 0.0069951215
8500 0.22916082
8600 0.0001662294
8700 0.023936704
8800 0.0024030712
8900 0.0009867178
9000 0.00050242495
9100 0.012814223
9200 0.00013235796
9300 0.005525
9400 0.0007116276
9500 0.026721533
9600 0.006760609
9700 0.00021330886
9800 0.045775015
9900 0.002341921
10000 0.0044640047
10100 0.0015046814
10200 0.0007482208
10300 0.0011605411
10400 0.001974087
10500 0.017398048
10600 0.009409867
10700 0.014346555
10800 0.0005369875
10900 0.00056371884
11000 0.0020971068
11100 0.0010871992
11200 0.0006840284
11300 0.007975592
11400 0.0001730773
11500 0.010801614
11600 0.0027975477
11700 0.00068459107
11800 0.00013457816
11900 0.0028187926
12000 0.0020814256
12100 0.016214084
12200 0.0034378502
12300 0.0009173724
12400 0.0033375877
12500 0.000974908
12600 0.00016868173
12700 0.00013325759
12800 0.0013082568
12900 0.0029838798
13000 7.993408e-05
13100 0.0018373682
13200 0.016959334
13300 0.0061376765
13400 0.0003291552
13500 0.00051383796
13600 0.00087937526
13700 0.05965323
13800 0.0030206027
13900 0.0002443175
14000 0.0044934857
14100 0.00026125688
14200 0.0022931246
14300 0.006325005
14400 0.0016414076
14500 0.00036392437
14600 0.0005933631
14700 0.0037752287
14800 0.0007000625
14900 0.0029478734
15000 0.0027755732
15100 0.0005815867
15200 0.00048556874
15300 0.005591411
15400 0.00019958401
15500 0.00022330087
15600 0.0005050926
15700 0.00028421442
15800 0.000722335
15900 0.0035287421
16000 0.0015734931
16100 0.0015678355
16200 0.00093085115
16300 0.00029782235
16400 0.00025587383
16500 0.00038682905
16600 6.986568e-06
16700 0.00022625676
16800 0.00043136242
16900 0.0006235063
17000 0.000131484
17100 0.0012596161
17200 0.00016161635
17300 0.0003530422
