0 2.3736486
100 0.3402058
200 0.122925505
300 0.26518446
400 0.34048796
500 0.18746528
600 0.42732307
700 0.12889895
800 0.06936049
900 0.02609017
1000 0.18600202
1100 0.07394189
1200 0.09839764
1300 0.13054943
1400 0.030511169
1500 0.09001519
1600 0.3958436
1700 0.109187976
1800 0.04633127
1900 0.03409413
2000 0.023076992
2100 0.083598636
2200 0.41432053
2300 0.123920776
2400 0.2916879
2500 0.13321742
2600 0.077092245
2700 0.0008735313
2800 0.10316575
2900 0.051844448
3000 0.11553202
3100 0.056340978
3200 0.015747495
3300 0.039550945
3400 0.053181477
3500 0.054473124
3600 0.06801568
3700 0.008717192
3800 0.074889354
3900 0.08172605
4000 0.24377108
4100 0.004345918
4200 0.0064263823
4300 0.008547315
4400 0.015838578
4500 0.0034502612
4600 0.024614746
4700 0.1042975
4800 0.15580156
4900 0.077028334
5000 0.03158543
5100 0.124592215
5200 0.0057252916
5300 0.027069774
5400 0.01443564
5500 0.012432041
5600 0.0009636899
5700 0.002046239
5800 0.023583628
5900 0.00557066
6000 0.012248652
6100 0.0005808789
6200 0.08841831
6300 0.042964704
6400 0.02341035
6500 0.03452233
6600 0.0007767642
6700 0.0006417749
6800 0.10174343
6900 0.016510464
7000 0.0053960015
7100 0.010533909
7200 0.0031346201
7300 0.000114082046
7400 0.0014551377
7500 0.0034024357
7600 0.027584173
7700 0.12364474
7800 0.0022100657
7900 0.0006097994
8000 0.0012197802
8100 0.00104322
8200 0.010828301
8300 0.0008416605
8400 0.004848649
8500 0.15884218
8600 0.00011522143
8700 0.016591659
8800 0.001665682
8900 0.0006839406
9000 0.00034825446
9100 0.008882143
9200 9.1743554e-05
9300 0.0038296382
9400 0.00049326266
9500 0.018521955
9600 0.004686097
9700 0.00014785443
9800 0.031728823
9900 0.001623296
10000 0.0030942124
10100 0.0010429657
10200 0.0005186271
10300 0.0008044258
10400 0.0013683329
10500 0.012059408
10600 0.0065224227
10700 0.009944274
10800 0.00037221136
10900 0.00039074014
11000 0.0014536036
11100 0.00075358903
11200 0.00047413234
11300 0.005528259
11400 0.000119968034
11500 0.0074871085
11600 0.0019391123
11700 0.00047452236
11800 9.328248e-05
11900 0.0019538382
12000 0.0014427343
12100 0.011238746
12200 0.0023829362
12300 0.0006358741
12400 0.0023134395
12500 0.00067575474
12600 0.00011692126
12700 9.2367125e-05
12800 0.0009068145
12900 0.002068268
13000 5.5406083e-05
13100 0.0012735666
13200 0.011755315
13300 0.004254313
13400 0.000228153
13500 0.00035616534
13600 0.0006095365
13700 0.04134847
13800 0.0020937223
13900 0.00016934799
14000 0.003114647
14100 0.00018108948
14200 0.0015894729
14300 0.0043841596
14400 0.0011377371
14500 0.00025225314
14600 0.00041128794
14700 0.0026167892
14800 0.00048524633
14900 0.00204331
15000 0.0019238808
15100 0.00040312516
15200 0.0003365706
15300 0.003875671
15400 0.0001383411
15500 0.00015478037
15600 0.0003501035
15700 0.00019700243
15800 0.0005006845
15900 0.0024459376
16000 0.0010906623
16100 0.0010867408
16200 0.00064521685
16300 0.00020643472
16400 0.00017735822
16500 0.00026812946
16600 4.84272e-06
16700 0.00015682924
16800 0.00029899765
16900 0.00043218164
17000 9.113777e-05
17100 0.0008730994
17200 0.00011202392
17300 0.00024471022
