0 9.694352
100 1.6780487
200 1.352596
300 1.166611
400 1.2947791
500 1.2863653
600 1.2705208
700 1.0670185
800 1.2523636
900 1.0908209
1000 1.0337744
1100 1.1333859
1200 1.1750205
1300 1.1083091
1400 1.0556107
1500 1.2090563
1600 1.1863716
1700 1.0500646
1800 1.0731914
1900 1.0703697
2000 1.1201881
2100 1.0957162
2200 1.188216
2300 1.0286632
2400 1.0744864
2500 1.2568448
2600 1.0800754
2700 1.0054393
2800 1.1229895
2900 1.0741365
3000 1.1627549
3100 1.1377218
3200 1.0667536
3300 1.1396463
3400 1.0684388
3500 1.1384141
3600 1.1144645
3700 1.0392905
3800 1.0959008
3900 1.0935471
4000 1.1571798
4100 1.0201113
4200 1.0313742
4300 1.0364945
4400 1.0597466
4500 1.0157841
4600 1.0807879
4700 1.0968115
4800 1.0260309
4900 1.1433778
5000 1.0443859
5100 1.0608995
5200 1.025742
5300 1.1075556
5400 1.065079
5500 1.0534817
5600 1.0059829
5700 1.0113953
5800 1.0678531
5900 1.0226814
6000 1.0428319
6100 1.0040162
6200 1.0119529
6300 1.1095622
6400 1.0516282
6500 1.0500407
6600 1.0052694
6700 1.0048323
6800 1.0937397
6900 1.0496303
7000 1.024121
7100 1.0362763
7200 1.0154727
7300 1.0009954
7400 1.0076762
7500 1.0156825
7600 1.0335646
7700 1.0046296
7800 1.0114596
7900 1.0036727
8000 1.0080085
8100 1.0069158
8200 1.0428104
8300 1.0047748
8400 1.0184433
8500 1.002466
8600 1.0009754
8700 1.0321792
8800 1.008997
8900 1.0046527
9000 1.002691
9100 1.0310496
9200 1.0007361
9300 1.0210648
9400 1.0033791
9500 1.049891
9600 1.0169384
9700 1.0011952
9800 1.0446765
9900 1.0082023
10000 1.0150282
10100 1.006639
10200 1.0037465
10300 1.0052187
10400 1.0079999
10500 1.047138
10600 1.0234149
10700 1.0441785
10800 1.0026084
10900 1.0026219
11000 1.0087054
11100 1.0047172
11200 1.0030247
11300 1.0226387
11400 1.0010264
11500 1.0273818
11600 1.011626
11700 1.0030546
11800 1.000744
11900 1.0089176
12000 1.0084224
12100 1.0328724
12200 1.0097979
12300 1.0039983
12400 1.0130591
12500 1.0040528
12600 1.0009263
12700 1.0007577
12800 1.0052066
12900 1.0102406
13000 1.0004878
13100 1.0077803
13200 1.030134
13300 1.0202601
13400 1.001728
13500 1.0023209
13600 1.0040592
13700 1.0248889
13800 1.0115876
13900 1.0013554
14000 1.0162582
14100 1.0014179
14200 1.0097761
14300 1.0182989
14400 1.0075952
14500 1.0018001
14600 1.0025758
14700 1.0135092
14800 1.0033605
14900 1.0109985
15000 1.010619
15100 1.00237
15200 1.002434
15300 1.0176003
15400 1.0011386
15500 1.0012133
15600 1.0023681
15700 1.0016305
15800 1.0032023
15900 1.0131588
16000 1.0058855
16100 1.0072834
16200 1.0039815
16300 1.0014193
16400 1.0015082
16500 1.0020249
16600 1.0000563
16700 1.0011442
16800 1.0022728
16900 1.0027356
17000 1.000735
17100 1.0054805
17200 1.0008504
17300 1.0017996
