0 0.125
100 0.96875
200 0.84375
300 0.90625
400 0.9375
500 0.9375
600 0.9375
700 1.0
800 0.96875
900 0.875
1000 1.0
1100 1.0
1200 0.96875
1300 1.0
1400 0.9375
1500 1.0
1600 0.9375
1700 0.90625
1800 0.9375
1900 0.96875
2000 1.0
2100 1.0
2200 1.0
2300 0.96875
2400 0.96875
2500 0.96875
2600 1.0
2700 0.96875
2800 0.96875
2900 1.0
3000 1.0
3100 0.96875
3200 0.9375
3300 0.96875
3400 0.96875
3500 1.0
3600 1.0
3700 0.96875
3800 0.96875
3900 0.96875
4000 0.96875
4100 0.9375
4200 0.90625
4300 1.0
4400 1.0
4500 1.0
4600 0.96875
4700 0.96875
4800 0.96875
4900 0.9375
5000 0.96875
5100 0.96875
5200 1.0
5300 0.90625
5400 0.96875
5500 1.0
5600 0.96875
5700 1.0
5800 1.0
5900 0.96875
6000 1.0
6100 1.0
6200 1.0
6300 1.0
6400 1.0
6500 1.0
6600 1.0
6700 1.0
6800 1.0
6900 1.0
7000 1.0
7100 1.0
7200 0.96875
7300 1.0
7400 1.0
7500 0.96875
7600 1.0
7700 1.0
7800 1.0
7900 0.96875
8000 1.0
8100 1.0
8200 1.0
8300 1.0
8400 1.0
8500 1.0
8600 1.0
8700 1.0
8800 1.0
8900 1.0
9000 0.96875
9100 1.0
9200 1.0
9300 1.0
9400 1.0
9500 1.0
9600 1.0
9700 1.0
9800 1.0
9900 1.0
10000 1.0
10100 1.0
10200 1.0
10300 1.0
10400 1.0
10500 1.0
10600 1.0
10700 1.0
10800 1.0
10900 1.0
11000 1.0
11100 1.0
11200 1.0
11300 1.0
11400 1.0
11500 1.0
11600 1.0
11700 1.0
11800 1.0
11900 1.0
12000 1.0
12100 1.0
12200 1.0
12300 0.96875
12400 1.0
12500 1.0
12600 1.0
12700 1.0
12800 1.0
12900 1.0
13000 1.0
13100 1.0
13200 1.0
13300 1.0
13400 1.0
13500 1.0
13600 1.0
13700 1.0
13800 1.0
13900 1.0
14000 1.0
14100 1.0
14200 1.0
14300 1.0
14400 1.0
14500 1.0
14600 1.0
14700 1.0
14800 1.0
14900 1.0
15000 1.0
15100 1.0
15200 1.0
15300 1.0
15400 1.0
15500 1.0
15600 1.0
15700 1.0
15800 1.0
15900 1.0
16000 1.0
16100 1.0
16200 1.0
16300 1.0
16400 1.0
16500 1.0
16600 1.0
16700 1.0
16800 1.0
