0 3.3000293
100 0.20954934
200 0.61254364
300 0.39485836
400 0.1582007
500 0.26822925
600 0.28208414
700 0.069305815
800 0.07226514
900 0.6094292
1000 0.10044452
1100 0.02512991
1200 0.05516193
1300 0.04972353
1400 0.15029863
1500 0.019577758
1600 0.3581534
1700 0.16380598
1800 0.34228855
1900 0.06970594
2000 0.041752044
2100 0.013816635
2200 0.019524904
2300 0.21418902
2400 0.133873
2500 0.11573324
2600 0.0021871515
2700 0.30317786
2800 0.13453062
2900 0.0418818
3000 0.0031061813
3100 0.24853149
3200 0.19298251
3300 0.29268923
3400 0.110842444
3500 0.09317199
3600 0.0023289935
3700 0.13802281
3800 0.1436141
3900 0.13438207
4000 0.07915226
4100 0.18621507
4200 0.4494288
4300 0.005172441
4400 0.03785562
4500 0.015314641
4600 0.147064
4700 0.21431102
4800 0.3291757
4900 0.24658881
5000 0.14468233
5100 0.098962985
5200 0.033568215
5300 0.5351063
5400 0.0892196
5500 0.02921929
5600 0.186217
5700 0.0071738665
5800 0.03741723
5900 0.0488207
6000 0.0012060096
6100 0.024666056
6200 0.009243036
6300 0.0117265675
6400 0.0018314755
6500 0.0053418498
6600 0.030354546
6700 0.00037382622
6800 0.0061346516
6900 0.0042973976
7000 0.0048200055
7100 0.0028517055
7200 0.057814322
7300 0.004798402
7400 0.009933881
7500 0.13592887
7600 0.00038156685
7700 0.00014212816
7800 0.012849781
7900 0.062567286
8000 0.0026881145
8100 0.009302289
8200 0.0006755145
8300 0.011102692
8400 6.176856e-05
8500 0.036755573
8600 0.007280018
8700 0.0014000328
8800 0.00076302444
8900 0.0041808574
9000 0.08769117
9100 0.0018945219
9200 0.018277125
9300 7.5907854e-05
9400 0.0005234876
9500 0.0010298874
9600 1.5596059e-05
9700 0.025835186
9800 0.0010133553
9900 1.21190915e-05
10000 0.0022460488
10100 0.013033008
10200 0.0012965077
10300 0.00304722
10400 0.0005247532
10500 0.003021171
10600 0.0092068985
10700 9.0649846e-05
10800 0.004361683
10900 0.00034372637
11000 0.0027422225
11100 0.00050755066
11200 0.0056747175
11300 0.0013717824
11400 3.599187e-05
11500 0.010900614
11600 0.00046995762
11700 0.001955939
11800 0.0007199707
11900 0.0027827378
12000 0.00351032
12100 0.001954639
12200 0.000318888
12300 0.03831128
12400 0.0001886766
12500 0.0004972826
12600 0.027760824
12700 0.0010636952
12800 0.00036504053
12900 0.010326607
13000 0.0010756609
13100 0.005794927
13200 0.00081284525
13300 0.00023316962
13400 0.00033890683
13500 0.00036067303
13600 0.0007492985
13700 0.001988855
13800 0.008064679
13900 0.0016106765
14000 0.01158707
14100 5.739632e-05
14200 0.00040635504
14300 0.0016222193
14400 0.0070566996
14500 0.0014927954
14600 3.862113e-05
14700 0.0013244563
14800 0.00021338071
14900 0.00466724
15000 0.0050770505
15100 0.002445836
15200 0.0011164062
15300 0.00048702356
15400 1.4537457e-05
15500 0.0023591171
15600 0.0022582738
15700 0.00028241743
15800 0.00040734033
15900 0.001144644
16000 0.00023636116
16100 0.000829014
16200 0.00032970152
16300 0.0008101559
16400 0.00022793263
16500 0.00016158301
16600 0.00052534195
16700 0.00014412068
16800 0.0019957456
