0 2.287406
100 0.14524853
200 0.4245829
300 0.27369496
400 0.10965637
500 0.18592234
600 0.19552583
700 0.04803913
800 0.05009038
900 0.4224241
1000 0.06962284
1100 0.017418727
1200 0.038235337
1300 0.034465723
1400 0.10417907
1500 0.013570268
1600 0.24825302
1700 0.11354165
1800 0.23725635
1900 0.04831648
2000 0.028940313
2100 0.009576961
2200 0.013533632
2300 0.14846452
2400 0.092793696
2500 0.08022017
2600 0.0015160178
2700 0.21014689
2800 0.093249515
2900 0.02903025
3000 0.0021530408
3100 0.1722689
3200 0.13376528
3300 0.20287672
3400 0.07683013
3500 0.0645819
3600 0.0016143352
3700 0.09567012
3800 0.09954571
3900 0.093146555
4000 0.05486417
4100 0.12907445
4200 0.3115203
4300 0.0035852627
4400 0.026239518
4500 0.0106153
4600 0.101936996
4700 0.14854908
4800 0.22816722
4900 0.17092234
5000 0.10028615
5100 0.068595916
5200 0.023267714
5300 0.37090743
5400 0.061842315
5500 0.020253269
5600 0.12907578
5700 0.0049725454
5800 0.025935646
5900 0.03383993
6000 0.00083594216
6100 0.017097207
6200 0.006406784
6300 0.008128237
6400 0.0012694821
6500 0.003702688
6600 0.021040168
6700 0.00025911658
6800 0.0042522163
6900 0.002978729
7000 0.0033409733
7100 0.0019766516
7200 0.040073834
7300 0.0033259988
7400 0.006885642
7500 0.09421871
7600 0.000264482
7700 9.851574e-05
7800 0.008906789
7900 0.043368336
8000 0.001863259
8100 0.0064478554
8200 0.00046823098
8300 0.0076957997
8400 4.2814703e-05
8500 0.025477022
8600 0.005046124
8700 0.00097042875
8800 0.00052888825
8900 0.0028979494
9000 0.060782887
9100 0.0013131825
9200 0.012668738
9300 5.2615316e-05
9400 0.00036285393
9500 0.0007138635
9600 1.0810364e-05
9700 0.017907586
9800 0.00070240436
9900 8.400314e-06
10000 0.0015568424
10100 0.009033793
10200 0.00089867064
10300 0.0021121718
10400 0.00036373117
10500 0.0020941163
10600 0.0063817357
10700 6.2833686e-05
10800 0.0030232882
10900 0.00023825296
11000 0.0019007638
11100 0.0003518073
11200 0.0039334144
11300 0.0009508471
11400 2.4947663e-05
11500 0.0075557297
11600 0.0003257498
11700 0.0013557536
11800 0.00049904565
11900 0.0019288469
12000 0.0024331685
12100 0.0013548526
12200 0.00022103632
12300 0.026555356
12400 0.00013078065
12500 0.00034469005
12600 0.019242337
12700 0.00073729735
12800 0.0002530268
12900 0.007157859
13000 0.00074559136
13100 0.0040167375
13200 0.0005634214
13300 0.00016162086
13400 0.00023491231
13500 0.0002499995
13600 0.00051937415
13700 0.0013785693
13800 0.0055900095
13900 0.0011164359
14000 0.008031545
14100 3.9784096e-05
14200 0.00028166384
14300 0.0011244367
14400 0.0048913313
14500 0.001034727
14600 2.6770125e-05
14700 0.00091804314
14800 0.00014790424
14900 0.0032350842
15000 0.0035191432
15100 0.0016953244
15200 0.00077383383
15300 0.000337579
15400 1.0076597e-05
15500 0.0016352154
15600 0.0015653161
15700 0.00019575685
15800 0.0002823468
15900 0.00079340674
16000 0.00016383307
16100 0.0005746287
16200 0.00022853169
16300 0.00056155724
16400 0.00015799086
16500 0.00011200081
16600 0.0003641393
16700 9.9896846e-05
16800 0.0013833455
