0 9.712713
100 1.5396638
200 1.4858495
300 1.3154852
400 1.2854943
500 1.357919
600 1.2433622
700 1.1796951
800 1.156586
900 1.3984759
1000 1.2577652
1100 1.0768595
1200 1.1306589
1300 1.1305385
1400 1.089632
1500 1.0696204
1600 1.1694894
1700 1.1425505
1800 1.2772548
1900 1.105588
2000 1.1185358
2100 1.0438721
2200 1.0767186
2300 1.1823723
2400 1.0655288
2500 1.0646187
2600 1.0093405
2700 1.1966121
2800 1.1869942
2900 1.0876377
3000 1.013025
3100 1.1075518
3200 1.124917
3300 1.0473047
3400 1.0524532
3500 1.1563666
3600 1.0103362
3700 1.1660424
3800 1.0544347
3900 1.1632259
4000 1.071692
4100 1.1157564
4200 1.1439662
4300 1.0169606
4400 1.0867424
4500 1.0399019
4600 1.0378087
4700 1.0442905
4800 1.1185827
4900 1.3150536
5000 1.0460069
5100 1.0526178
5200 1.0920734
5300 1.0861002
5400 1.055603
5500 1.0777675
5600 1.034385
5700 1.0219054
5800 1.0686358
5900 1.0391358
6000 1.0047796
6100 1.0588982
6200 1.0294402
6300 1.0405519
6400 1.0072459
6500 1.0193545
6600 1.0465138
6700 1.0021582
6800 1.0188578
6900 1.0151068
7000 1.0138261
7100 1.0115774
7200 1.0529618
7300 1.0169343
7400 1.0306172
7500 1.069344
7600 1.0018831
7700 1.0008459
7800 1.0421674
7900 1.0280921
8000 1.011562
8100 1.0260799
8200 1.0028865
8300 1.0332096
8400 1.0003914
8500 1.078726
8600 1.0220169
8700 1.0057192
8800 1.0035357
8900 1.0130085
9000 1.019859
9100 1.0067626
9200 1.0461268
9300 1.0005189
9400 1.0029714
9500 1.0047555
9600 1.0001259
9700 1.0345335
9800 1.0040283
9900 1.000097
10000 1.009365
10100 1.0377641
10200 1.0053803
10300 1.0116911
10400 1.0024874
10500 1.0100478
10600 1.0298408
10700 1.0005796
10800 1.0128943
10900 1.0019925
11000 1.0106543
11100 1.0020522
11200 1.0165839
11300 1.0055969
11400 1.0002154
11500 1.0301411
11600 1.0021883
11700 1.0070753
11800 1.0029573
11900 1.0100964
12000 1.0142274
12100 1.0080028
12200 1.0016104
12300 1.0356557
12400 1.0011234
12500 1.0021915
12600 1.0357606
12700 1.0047681
12800 1.0017073
12900 1.0298636
13000 1.0050238
13100 1.017874
13200 1.0037094
13300 1.0013146
13400 1.0016695
13500 1.0018721
13600 1.0033557
13700 1.0073624
13800 1.02225
13900 1.0058184
14000 1.0255649
14100 1.0003641
14200 1.0020413
14300 1.0059398
14400 1.0218115
14500 1.0057399
14600 1.0002676
14700 1.0060046
14800 1.0011942
14900 1.0133904
15000 1.0141362
15100 1.0075259
15200 1.0047414
15300 1.0025767
15400 1.0001171
15500 1.0085015
15600 1.008793
15700 1.0015279
15800 1.0020546
15900 1.0053217
16000 1.0013213
16100 1.0034226
16200 1.0015665
16300 1.0038533
16400 1.0012088
16500 1.0008602
16600 1.0025179
16700 1.0008576
16800 1.0077904
