0 0.046875
100 0.35625002
200 0.40625003
300 0.440625
400 0.44687498
500 0.47500002
600 0.5125
700 0.475
800 0.45937502
900 0.48437497
1000 0.49375
1100 0.45
1200 0.48749998
1300 0.47812504
1400 0.525
1500 0.50625
1600 0.44375002
1700 0.43750006
1800 0.503125
1900 0.5187501
2000 0.50937504
2100 0.51250005
2200 0.47812504
2300 0.546875
2400 0.553125
2500 0.44375002
2600 0.5
2700 0.525
2800 0.55625004
2900 0.534375
3000 0.47500002
3100 0.49375004
3200 0.509375
3300 0.5625
3400 0.49999997
3500 0.47187498
3600 0.515625
3700 0.540625
3800 0.490625
3900 0.46562502
4000 0.534375
4100 0.50937504
4200 0.53749996
4300 0.54375
4400 0.546875
4500 0.52187496
4600 0.55
4700 0.51875
4800 0.59062505
4900 0.534375
5000 0.621875
5100 0.49375004
5200 0.4625
5300 0.503125
5400 0.525
5500 0.59687495
5600 0.546875
5700 0.521875
5800 0.5
5900 0.528125
6000 0.49374998
6100 0.50624996
6200 0.49062502
6300 0.54375
6400 0.503125
6500 0.55937505
6600 0.596875
6700 0.553125
6800 0.475
6900 0.54375
7000 0.51875
7100 0.50312495
7200 0.55312496
7300 0.56562495
7400 0.54062504
7500 0.51875
7600 0.48125005
7700 0.54375
7800 0.5812501
7900 0.540625
8000 0.590625
8100 0.55625
8200 0.553125
8300 0.57500005
8400 0.55625
8500 0.4875
8600 0.53125
8700 0.559375
8800 0.5
8900 0.490625
9000 0.525
9100 0.52812505
9200 0.525
9300 0.534375
9400 0.49374998
9500 0.51250005
9600 0.5906249
9700 0.59375
9800 0.534375
9900 0.534375
10000 0.534375
10100 0.540625
10200 0.596875
10300 0.59062505
10400 0.49375
10500 0.515625
10600 0.54062504
10700 0.50625
10800 0.59062505
10900 0.546875
11000 0.55625004
11100 0.546875
11200 0.50937504
11300 0.47812504
11400 0.50937504
11500 0.465625
11600 0.56562495
11700 0.52187496
11800 0.48437503
11900 0.540625
12000 0.534375
12100 0.5
12200 0.5375
12300 0.55625004
12400 0.5125
12500 0.49374998
12600 0.528125
12700 0.5906249
12800 0.515625
12900 0.49375004
13000 0.49374998
13100 0.546875
13200 0.56875
13300 0.525
13400 0.5375
13500 0.546875
13600 0.5625
13700 0.53125
13800 0.521875
13900 0.53125
14000 0.5625
14100 0.546875
14200 0.534375
14300 0.571875
14400 0.5375
14500 0.5125
14600 0.553125
14700 0.571875
14800 0.55625004
14900 0.56875
15000 0.546875
15100 0.56875
15200 0.61875
15300 0.578125
15400 0.515625
15500 0.534375
15600 0.5625
15700 0.55
15800 0.503125
15900 0.53749996
16000 0.60625
16100 0.565625
16200 0.58125
16300 0.4625
16400 0.559375
16500 0.57187504
16600 0.58750004
16700 0.521875
16800 0.553125
16900 0.47500002
17000 0.546875
17100 0.58750004
17200 0.5437499
17300 0.5375
17400 0.5343751
17500 0.5625
17600 0.6125
17700 0.559375
17800 0.53125
17900 0.51875
18000 0.546875
18100 0.5
18200 0.575
18300 0.50625
18400 0.53749996
18500 0.63125
18600 0.546875
18700 0.5500001
18800 0.5812501
18900 0.58750004
19000 0.6
19100 0.546875
19200 0.56875
19300 0.5625
19400 0.515625
19500 0.578125
19600 0.578125
19700 0.553125
19800 0.61875
19900 0.61249995
20000 0.5375
20100 0.59375
20200 0.51250005
20300 0.58125
20400 0.565625
20500 0.559375
20600 0.528125
20700 0.5625
20800 0.553125
20900 0.521875
21000 0.60625005
21100 0.559375
21200 0.553125
21300 0.546875
21400 0.54999995
21500 0.59375
21600 0.51875
21700 0.60625
21800 0.540625
21900 0.578125
22000 0.5875
22100 0.5625
22200 0.57187504
22300 0.5625
22400 0.54375005
22500 0.584375
22600 0.60625005
22700 0.52812505
22800 0.5906249
22900 0.540625
23000 0.47187498
23100 0.590625
23200 0.546875
23300 0.5625
23400 0.628125
23500 0.6
23600 0.5375
23700 0.553125
23800 0.57500005
23900 0.57500005
24000 0.546875
24100 0.59062505
24200 0.58125
24300 0.596875
24400 0.540625
24500 0.61875004
24600 0.565625
24700 0.5375
24800 0.546875
24900 0.51875
25000 0.58125
25100 0.52500004
25200 0.5875
25300 0.59999996
25400 0.58750004
25500 0.5562501
25600 0.58750004
25700 0.5375
25800 0.5625
25900 0.53437495
26000 0.55625004
26100 0.56562495
26200 0.578125
26300 0.54375
26400 0.55312496
26500 0.55937505
26600 0.5625
26700 0.559375
26800 0.584375
26900 0.559375
27000 0.51875
27100 0.64687496
27200 0.565625
27300 0.615625
27400 0.575
27500 0.57500005
27600 0.5375
27700 0.584375
27800 0.596875
27900 0.5875
28000 0.60312504
28100 0.55937505
28200 0.5
28300 0.565625
28400 0.49375004
28500 0.546875
28600 0.528125
28700 0.584375
28800 0.575
28900 0.465625
29000 0.5375
29100 0.54375
29200 0.58125
29300 0.54375
29400 0.59062505
29500 0.5625
29600 0.534375
29700 0.634375
29800 0.60937494
29900 0.57187504
30000 0.5375
30100 0.60625
30200 0.52500004
30300 0.559375
30400 0.49375
30500 0.515625
30600 0.528125
30700 0.5625
30800 0.515625
30900 0.553125
31000 0.5375
31100 0.5625
31200 0.528125
31300 0.53125
31400 0.578125
31500 0.609375
31600 0.55625
31700 0.60625
31800 0.55
31900 0.559375
32000 0.5375
32100 0.515625
32200 0.559375
32300 0.5625
32400 0.5875
32500 0.56875
32600 0.56874996
32700 0.48437506
32800 0.528125
32900 0.58125
33000 0.571875
33100 0.521875
33200 0.59062505
33300 0.553125
33400 0.54999995
33500 0.53125
33600 0.54375
33700 0.55
33800 0.5375
33900 0.58750004
34000 0.54062504
34100 0.57812494
34200 0.58750004
34300 0.584375
34400 0.55625
34500 0.578125
34600 0.5375
34700 0.571875
34800 0.57187504
34900 0.58125
35000 0.56875
35100 0.5875
35200 0.6125001
35300 0.59375
35400 0.59062505
35500 0.603125
35600 0.55312496
35700 0.5625
35800 0.57187504
35900 0.534375
36000 0.5656251
36100 0.609375
36200 0.559375
36300 0.58750004
36400 0.528125
36500 0.603125
36600 0.5125
36700 0.60312504
36800 0.590625
36900 0.578125
37000 0.6125
37100 0.56562495
37200 0.64062506
37300 0.540625
37400 0.565625
37500 0.575
37600 0.56562495
37700 0.54375
37800 0.6218751
37900 0.590625
38000 0.55625
38100 0.5
38200 0.57187504
38300 0.590625
38400 0.565625
38500 0.521875
38600 0.53125
38700 0.52500004
38800 0.5375
38900 0.515625
39000 0.565625
39100 0.621875
39200 0.54375005
39300 0.5125
39400 0.559375
39500 0.57812506
39600 0.53125
39700 0.60625005
39800 0.53125
39900 0.55
40000 0.58750004
40100 0.496875
40200 0.596875
40300 0.56875
40400 0.553125
40500 0.575
40600 0.54999995
40700 0.578125
40800 0.5
40900 0.57500005
