0 4.763984
100 3.0841346
200 2.888637
300 2.4864357
400 2.5039287
500 2.3507552
600 2.2371037
700 2.4952476
800 2.542881
900 2.5317802
1000 2.4559815
1100 2.646489
1200 2.4993243
1300 2.6047556
1400 2.3660254
1500 2.3234525
1600 2.4416573
1700 2.538198
1800 2.3211024
1900 2.235974
2000 2.30192
2100 2.3952222
2200 2.4638624
2300 2.111197
2400 2.1878335
2500 2.6799881
2600 2.3017974
2700 2.2928367
2800 2.3254473
2900 2.1489115
3000 2.389652
3100 2.3536632
3200 2.2860754
3300 1.9382809
3400 2.2950578
3500 2.3667893
3600 2.3756375
3700 2.2435913
3800 2.4258165
3900 2.4121456
4000 2.213916
4100 2.2740722
4200 2.210531
4300 1.9779178
4400 2.2058916
4500 2.2103953
4600 1.9756206
4700 2.1152923
4800 1.8947366
4900 2.1490176
5000 1.8717633
5100 2.341007
5200 2.539193
5300 2.4162056
5400 2.2731247
5500 1.918208
5600 2.24527
5700 2.130681
5800 2.240596
5900 2.2702103
6000 2.4172263
6100 2.365867
6200 2.263463
6300 2.2924628
6400 2.3131301
6500 2.1681764
6600 1.8625323
6700 2.1909585
6800 2.3104897
6900 2.137571
7000 2.31265
7100 2.2270868
7200 2.0804937
7300 2.1713257
7400 2.364454
7500 2.2948549
7600 2.5010724
7700 2.035591
7800 1.9561161
7900 2.1593158
8000 2.0307972
8100 2.0827098
8200 2.2117398
8300 2.1153538
8400 2.0582123
8500 2.3909998
8600 2.1346934
8700 2.1004293
8800 2.4144368
8900 2.2564821
9000 2.1849542
9100 2.2482383
9200 2.197732
9300 2.2932372
9400 2.469951
9500 2.2676637
9600 2.004878
9700 2.0146716
9800 2.1365154
9900 2.3122153
10000 2.2262464
10100 2.1731923
10200 1.9262782
10300 1.9151356
10400 2.2712553
10500 2.4447417
10600 2.2688463
10700 2.2689314
10800 1.9565682
10900 2.0883164
11000 2.1103861
11100 2.2169857
11200 2.201754
11300 2.4955027
11400 2.4002645
11500 2.372131
11600 2.1396942
11700 2.3101687
11800 2.395795
11900 2.2297945
12000 2.1595297
12100 2.153992
12200 2.116339
12300 2.0570803
12400 2.2555969
12500 2.3617003
12600 2.1791406
12700 1.9280032
12800 2.2777975
12900 2.334975
13000 2.4212852
13100 2.1796062
13200 1.9293982
13300 2.3165653
13400 2.252196
13500 2.126834
13600 2.131597
13700 2.3104343
13800 2.225047
13900 2.2595105
14000 2.0416849
14100 2.1016452
14200 2.3342245
14300 2.0696423
14400 2.186395
14500 2.3845468
14600 2.2458522
14700 2.0458004
14800 2.0241444
14900 2.0746648
15000 2.1241927
15100 2.0787902
15200 1.8027008
15300 2.0090454
15400 2.229678
15500 2.397869
15600 2.1468608
15700 2.1064477
15800 2.3922765
15900 2.2860615
16000 1.9202865
16100 2.0877445
16200 2.166891
16300 2.6187863
16400 2.1764703
16500 2.038639
16600 1.9700645
16700 2.3479953
16800 2.0637639
16900 2.3109236
17000 2.1146302
17100 2.0168812
17200 2.1479604
17300 2.1721873
17400 2.086179
17500 1.9027835
17600 1.8529507
17700 1.9484327
17800 2.137645
17900 2.208246
18000 2.1541457
18100 2.366331
18200 2.0890281
18300 2.3143218
18400 2.1845691
18500 1.8424064
18600 2.1050658
18700 2.1673896
18800 1.9501636
18900 1.9037355
19000 1.9813926
19100 2.1386201
19200 2.0241807
19300 2.164663
19400 2.1338012
19500 2.11288
19600 2.0525475
19700 2.052512
19800 1.8173857
19900 1.8923881
20000 2.2113724
20100 1.9473693
20200 2.1505919
20300 1.9585614
20400 1.9261974
20500 1.9923185
20600 2.2606463
20700 1.9203827
20800 2.0001297
20900 2.245204
21000 1.9897792
21100 2.1684108
21200 2.1272247
21300 2.1543467
21400 2.0304198
21500 1.8222334
21600 2.164466
21700 1.8739867
21800 2.034564
21900 2.000147
22000 2.1434283
22100 2.0384204
22200 2.0702815
22300 2.0694823
22400 2.0893977
22500 1.8961865
22600 1.9686695
22700 2.1531148
22800 1.8769773
22900 2.213685
23000 2.4152887
23100 1.9158223
23200 2.1370595
23300 2.0860627
23400 1.8454529
23500 1.8230443
23600 2.1933284
23700 2.0605774
23800 2.0895963
23900 1.9731413
24000 2.1596305
24100 2.0356061
24200 1.9312547
24300 2.0246978
24400 2.281075
24500 1.7597021
24600 2.020318
24700 1.9839102
24800 2.0385156
24900 2.2285244
25000 1.9806011
25100 2.127346
25200 1.9793937
25300 1.926012
25400 1.9274653
25500 2.114289
25600 2.0029106
25700 2.2848294
25800 2.036778
25900 2.111891
26000 2.1399584
26100 2.0054965
26200 1.9583635
26300 2.051323
26400 2.1512287
26500 2.0542972
26600 2.1752622
26700 2.1062496
26800 1.971111
26900 2.101395
27000 2.1093535
27100 1.9066002
27200 2.1187823
27300 1.9109391
27400 2.117506
27500 1.9520051
27600 2.2939706
27700 1.9284883
27800 2.06349
27900 1.9689016
28000 1.9258785
28100 2.0567636
28200 2.2417006
28300 1.9096812
28400 2.4380658
28500 2.0257564
28600 2.1398377
28700 1.9268432
28800 2.2444823
28900 2.5596306
29000 1.958632
29100 2.1759253
29200 1.9491365
29300 2.073743
29400 1.8615655
29500 2.0948095
29600 2.1155975
29700 1.7716565
29800 1.969924
29900 1.9926366
30000 2.21184
30100 1.880675
30200 2.0896988
30300 1.9077426
30400 2.3492641
30500 2.110447
30600 2.043149
30700 2.1862407
30800 2.4769788
30900 1.980279
31000 2.3147001
31100 1.9806621
31200 2.1859124
31300 2.2293682
31400 2.0192163
31500 2.0122795
31600 2.1733406
31700 1.9101586
31800 2.112264
31900 1.9996582
32000 2.1535118
32100 2.2247128
32200 2.1909485
32300 1.9442741
32400 1.9835987
32500 1.9088571
32600 1.9038247
32700 2.3823786
32800 2.1232982
32900 2.0544255
33000 1.8103791
33100 2.1624832
33200 1.8885107
33300 2.1155055
33400 1.9803023
33500 2.2668269
33600 2.109469
33700 2.2108178
33800 2.048448
33900 1.9650834
34000 2.1139448
34100 1.9271764
34200 1.9281865
34300 1.9070623
34400 1.9382273
34500 1.9129125
34600 2.1649683
34700 2.0758862
34800 2.0799122
34900 2.015687
35000 2.0173075
35100 1.9195492
35200 1.8979063
35300 1.8252176
35400 2.013445
35500 1.7911222
35600 1.9132409
35700 1.9291632
35800 2.0270457
35900 2.2894273
36000 2.0642014
36100 1.8420038
36200 2.019047
36300 2.0412657
36400 2.1818788
36500 1.8840803
36600 2.3236885
36700 1.9209714
36800 1.8289295
36900 1.9224442
37000 1.818185
37100 2.0179162
37200 1.6921061
37300 1.9831834
37400 2.0694728
37500 1.9562392
37600 1.9251686
37700 2.157522
37800 1.7411258
37900 1.9413469
38000 2.0657403
38100 2.3593316
38200 2.1383853
38300 2.0084667
38400 2.064657
38500 2.2526631
38600 2.2827957
38700 2.2146597
38800 2.375469
38900 2.274631
39000 2.1262999
39100 1.7915261
39200 2.1829617
39300 2.241878
39400 2.1752741
39500 2.1032817
39600 2.0901675
39700 1.793504
39800 2.1618488
39900 2.1643841
40000 1.9890167
40100 2.3590703
40200 2.0611835
40300 2.0579247
40400 2.0448222
40500 1.9643188
40600 2.0794702
40700 1.8701323
40800 2.3276515
40900 2.0799046
