0 3.3021421
100 2.1377592
200 2.0022507
300 1.7234659
400 1.7355912
500 1.6294193
600 1.5506421
700 1.7295738
800 1.7625909
900 1.7548964
1000 1.7023566
1100 1.8344064
1200 1.7323996
1300 1.805479
1400 1.6400038
1500 1.6104946
1600 1.6924279
1700 1.7593448
1800 1.6088656
1900 1.549859
2000 1.5955693
2100 1.6602415
2200 1.7078192
2300 1.4633703
2400 1.5164906
2500 1.8576262
2600 1.5954844
2700 1.5892732
2800 1.6118773
2900 1.489512
3000 1.6563805
3100 1.631435
3200 1.5845867
3300 1.343514
3400 1.5908128
3500 1.6405333
3600 1.6466664
3700 1.5551391
3800 1.6814479
3900 1.6719719
4000 1.5345696
4100 1.5762666
4200 1.5322233
4300 1.3709881
4400 1.5290076
4500 1.5321293
4600 1.3693959
4700 1.4662089
4800 1.3133314
4900 1.4895854
5000 1.2974075
5100 1.6226624
5200 1.7600344
5300 1.6747861
5400 1.57561
5500 1.3296005
5600 1.5563025
5700 1.4768755
5800 1.5530629
5900 1.5735899
6000 1.6754936
6100 1.639894
6200 1.568913
6300 1.5890142
6400 1.6033397
6500 1.5028653
6600 1.291009
6700 1.5186567
6800 1.6015095
6900 1.4816514
7000 1.6030068
7100 1.5436989
7200 1.4420884
7300 1.5050483
7400 1.6389146
7500 1.5906721
7600 1.7336112
7700 1.410964
7800 1.3558763
7900 1.4967237
8000 1.4076414
8100 1.4436244
8200 1.5330613
8300 1.4662516
8400 1.4266441
8500 1.6573148
8600 1.4796567
8700 1.4559066
8800 1.6735601
8900 1.5640743
9000 1.5144949
9100 1.5583601
9200 1.5233518
9300 1.5895509
9400 1.7120396
9500 1.5718248
9600 1.3896755
9700 1.3964639
9800 1.4809196
9900 1.6027056
10000 1.5431163
10100 1.506342
10200 1.3351943
10300 1.3274709
10400 1.5743142
10500 1.6945659
10600 1.5726444
10700 1.5727035
10800 1.3561897
10900 1.4475107
11000 1.4628081
11100 1.5366974
11200 1.5261396
11300 1.7297506
11400 1.6637366
11500 1.644236
11600 1.483123
11700 1.6012869
11800 1.6606386
11900 1.5455759
12000 1.496872
12100 1.4930334
12200 1.4669343
12300 1.4258593
12400 1.5634606
12500 1.6370059
12600 1.5104651
12700 1.33639
12800 1.578849
12900 1.6184814
13000 1.678307
13100 1.510788
13200 1.3373569
13300 1.6057208
13400 1.5611033
13500 1.474209
13600 1.4775105
13700 1.6014711
13800 1.5422851
13900 1.5661733
14000 1.4151881
14100 1.4567494
14200 1.6179612
14300 1.4345667
14400 1.5154935
14500 1.6528419
14600 1.5567061
14700 1.4180409
14800 1.40303
14900 1.438048
15000 1.4723781
15100 1.4409076
15200 1.249537
15300 1.392564
15400 1.545495
15500 1.6620762
15600 1.4880905
15700 1.4600782
15800 1.6581997
15900 1.5845771
16000 1.3310412
16100 1.4471142
16200 1.5019745
16300 1.8152044
16400 1.5086143
16500 1.4130769
16600 1.3655447
16700 1.6275064
16800 1.4304922
16900 1.6018102
17000 1.46575
17100 1.3979955
17200 1.4888527
17300 1.5056455
17400 1.4460292
17500 1.318909
17600 1.2843676
17700 1.3505507
17800 1.4817026
17900 1.5306395
18000 1.49314
18100 1.6402158
18200 1.448004
18300 1.6041656
18400 1.5142279
18500 1.2770588
18600 1.4591205
18700 1.50232
18800 1.3517504
18900 1.3195689
19000 1.3733968
19100 1.4823786
19200 1.4030552
19300 1.5004301
19400 1.4790384
19500 1.4645368
19600 1.4227175
19700 1.4226929
19800 1.2597158
19900 1.3117034
20000 1.5328065
20100 1.3498136
20200 1.4906766
20300 1.3575714
20400 1.3351383
20500 1.38097
20600 1.5669606
20700 1.3311079
20800 1.3863842
20900 1.5562568
21000 1.3792099
21100 1.5030278
21200 1.4744798
21300 1.4932793
21400 1.4073797
21500 1.263076
21600 1.5002935
21700 1.2989486
21800 1.4102523
21900 1.3863964
22000 1.4857113
22100 1.4129254
22200 1.4350097
22300 1.4344559
22400 1.4482601
22500 1.3143363
22600 1.3645778
22700 1.4924254
22800 1.3010216
22900 1.5344095
23000 1.6741506
23100 1.3279468
23200 1.4812967
23300 1.4459485
23400 1.2791705
23500 1.263638
23600 1.5202993
23700 1.4282835
23800 1.4483978
23900 1.3676773
24000 1.4969418
24100 1.4109747
24200 1.3386438
24300 1.4034135
24400 1.5811207
24500 1.2197325
24600 1.4003778
24700 1.3751417
24800 1.4129914
24900 1.5446954
25000 1.372848
25100 1.4745638
25200 1.3720112
25300 1.3350098
25400 1.3360171
25500 1.4655135
25600 1.3883119
25700 1.5837231
25800 1.4117869
25900 1.4638513
26000 1.483306
26100 1.3901043
26200 1.3574342
26300 1.4218687
26400 1.4911181
26500 1.4239303
26600 1.5077769
26700 1.459941
26800 1.3662701
26900 1.4565759
27000 1.4620925
27100 1.3215545
27200 1.468628
27300 1.3245621
27400 1.4677434
27500 1.3530269
27600 1.5900593
27700 1.3367262
27800 1.4303021
27900 1.3647386
28000 1.3349173
28100 1.4256399
28200 1.5538285
28300 1.3236902
28400 1.6899384
28500 1.4041473
28600 1.4832225
28700 1.335586
28800 1.5557566
28900 1.7742008
29000 1.3576202
29100 1.5082364
29200 1.3510385
29300 1.4374092
29400 1.2903389
29500 1.4520113
29600 1.4664204
29700 1.2280188
29800 1.3654473
29900 1.3811904
30000 1.5331305
30100 1.3035846
30200 1.4484688
30300 1.3223464
30400 1.6283858
30500 1.4628503
30600 1.4162029
30700 1.5153866
30800 1.7169108
30900 1.3726248
31000 1.6044278
31100 1.3728904
31200 1.515159
31300 1.5452802
31400 1.3996141
31500 1.3948059
31600 1.5064449
31700 1.3240211
31800 1.4641098
31900 1.3860575
32000 1.4927006
32100 1.5420535
32200 1.5186497
32300 1.347668
32400 1.3749259
32500 1.3231189
32600 1.3196307
32700 1.6513389
32800 1.4717581
32900 1.4240192
33000 1.2548592
33100 1.4989191
33200 1.3090159
33300 1.4663566
33400 1.372641
33500 1.5712447
33600 1.4621725
33700 1.5324221
33800 1.4198761
33900 1.362092
34000 1.4652749
34100 1.3358169
34200 1.3365171
34300 1.3218749
34400 1.3434768
34500 1.3259299
34600 1.5006416
34700 1.4388946
34800 1.4416853
34900 1.3971677
35000 1.398291
35100 1.3305302
35200 1.3155284
35300 1.2651445
35400 1.3956137
35500 1.2415113
35600 1.3261576
35700 1.3371941
35800 1.405041
35900 1.58691
36000 1.4307954
36100 1.2767798
36200 1.3994968
36300 1.4148976
36400 1.5123632
36500 1.3059449
36600 1.6106582
36700 1.3315159
36800 1.2677174
36900 1.3325368
37000 1.2602698
37100 1.3987129
37200 1.1728786
37300 1.374638
37400 1.4344492
37500 1.3559617
37600 1.3344252
37700 1.4954803
37800 1.2068565
37900 1.3456391
38000 1.4318621
38100 1.635364
38200 1.4822158
38300 1.392163
38400 1.4311111
38500 1.5614271
38600 1.5823134
38700 1.5350852
38800 1.6465496
38900 1.5766541
39000 1.4738387
39100 1.2417912
39200 1.5131137
39300 1.5539515
39400 1.5077851
39500 1.4578838
39600 1.4487938
39700 1.2431623
39800 1.4984794
39900 1.5002367
40000 1.3786813
40100 1.6351829
40200 1.4287035
40300 1.4264448
40400 1.4173627
40500 1.361562
40600 1.441379
40700 1.2962769
40800 1.6134051
40900 1.44168
