0 26.443533
100 10.382456
200 8.302663
300 7.991809
400 7.6019397
500 7.117407
600 7.1960907
700 7.3856735
800 7.2680864
900 7.5090923
1000 6.5303135
1100 7.263444
1200 7.3764234
1300 6.8091726
1400 7.0829573
1500 6.798334
1600 6.917485
1700 7.165539
1800 6.6951933
1900 6.4335337
2000 6.798249
2100 7.104349
2200 6.706979
2300 6.293639
2400 6.5857267
2500 7.119169
2600 6.2262154
2700 6.598587
2800 6.686238
2900 6.250057
3000 6.6872816
3100 6.3773413
3200 6.270337
3300 6.0392156
3400 6.65921
3500 6.629988
3600 6.155581
3700 6.188031
3800 6.8691063
3900 6.514842
4000 6.514907
4100 6.5195384
4200 6.203314
4300 6.3256927
4400 6.5460877
4500 6.396
4600 5.5485177
4700 6.068181
4800 5.768417
4900 6.375511
5000 6.023672
5100 6.7806406
5200 6.229397
5300 6.476512
5400 6.4265814
5500 6.109833
5600 6.2899804
5700 6.699711
5800 6.2227464
5900 5.9303126
6000 6.8882055
6100 6.60093
6200 6.5235615
6300 6.022314
6400 6.3991265
6500 6.179733
6600 6.071594
6700 6.6879916
6800 6.51919
6900 6.706304
7000 6.4143553
7100 6.376198
7200 6.5474577
7300 6.296394
7400 6.3257637
7500 6.258052
7600 6.9509706
7700 6.3401203
7800 6.0094786
7900 6.156693
8000 6.002062
8100 6.077908
8200 6.19879
8300 6.2072716
8400 6.027284
8500 6.5131407
8600 6.2477107
8700 6.369828
8800 6.558651
8900 6.358864
9000 6.65401
9100 5.8559
9200 6.30231
9300 6.6405745
9400 6.4993057
9500 6.2326307
9600 6.016996
9700 6.3328395
9800 5.9823637
9900 6.70775
10000 6.487071
10100 6.213244
10200 6.1591053
10300 5.496232
10400 6.434117
10500 6.867832
10600 6.699655
10700 6.501867
10800 5.9408073
10900 6.4870925
11000 6.1588726
11100 6.43176
11200 6.352748
11300 6.651699
11400 6.3742633
11500 6.5185843
11600 5.9097652
11700 6.691564
11800 6.4355345
11900 6.0674667
12000 6.300828
12100 6.3822036
12200 5.645681
12300 6.2115316
12400 6.1038065
12500 6.5203915
12600 6.161669
12700 5.578377
12800 6.369147
12900 6.316314
13000 6.585804
13100 6.2360654
13200 5.9745445
13300 6.5925236
13400 6.320116
13500 6.5034213
13600 6.019765
13700 6.2654486
13800 6.2098665
13900 6.088572
14000 5.941177
14100 6.119603
14200 6.5158677
14300 6.3748016
14400 5.7333484
14500 6.524917
14600 6.2027736
14700 5.986903
14800 6.0786633
14900 6.4091377
15000 6.087672
15100 5.55443
15200 5.846876
15300 5.804764
15400 6.7151895
15500 6.5561547
15600 6.2798944
15700 6.3251295
15800 6.7647915
15900 6.6344223
16000 5.874356
16100 6.0892134
16200 6.2822275
16300 7.3797226
16400 6.0266023
16500 6.395956
16600 5.8568435
16700 6.3299065
16800 6.572834
16900 6.9555283
17000 6.1526027
17100 6.2960696
17200 5.9719586
17300 6.625352
17400 6.5610123
17500 6.006328
17600 5.7167506
17700 6.261063
17800 6.481552
17900 6.1671968
18000 5.9282618
18100 6.6699944
18200 6.1328983
18300 6.6236963
18400 6.1924386
18500 6.030591
18600 6.1414785
18700 6.1872888
18800 6.02876
18900 5.770995
19000 6.132917
19100 6.3102007
19200 6.444901
19300 6.230285
19400 6.5339627
19500 6.4845567
19600 5.725873
19700 6.4718885
19800 5.8187757
19900 6.409439
20000 6.654833
20100 6.481862
20200 6.1899815
20300 6.040652
20400 5.920955
20500 6.0868998
20600 6.449189
20700 6.0960894
20800 6.10756
20900 6.556149
21000 6.227298
21100 6.0730925
21200 6.289216
21300 6.2538824
21400 6.0657587
21500 5.954942
21600 6.5242653
21700 5.810595
21800 6.2203584
21900 5.9452505
22000 6.393114
22100 6.2661963
22200 6.167938
22300 6.2960114
22400 6.493203
22500 5.9945335
22600 6.023993
22700 6.142028
22800 5.9248114
22900 6.306487
23000 6.3122272
23100 6.163658
23200 6.6823473
23300 6.121956
23400 5.565439
23500 5.9333196
23600 6.286671
23700 6.1420746
23800 5.993762
23900 6.194057
24000 6.2825084
24100 6.0752783
24200 6.316376
24300 6.493113
24400 6.240182
24500 6.0420938
24600 6.0951867
24700 6.0457006
24800 6.208272
24900 6.420226
25000 5.817167
25100 6.425715
25200 5.6017036
25300 5.660161
25400 5.8345046
25500 6.301688
25600 6.093099
25700 6.1645427
25800 6.3214855
25900 6.4802275
26000 6.1942673
26100 6.341941
26200 5.7363744
26300 6.1362123
26400 6.203315
26500 5.9552383
26600 6.2062173
26700 6.351726
26800 6.3366303
26900 6.0562377
27000 6.190235
27100 5.905375
27200 5.946972
27300 6.3004546
27400 6.446412
27500 6.1643906
27600 6.5361304
27700 6.0645127
27800 5.8632574
27900 6.0296245
28000 6.328482
28100 6.43978
28200 6.491602
28300 6.0370426
28400 7.0568027
28500 6.183068
28600 6.3944664
28700 6.0931635
28800 6.80315
28900 6.769683
29000 5.958265
29100 6.243972
29200 6.467041
29300 6.291128
29400 5.990388
29500 6.171396
29600 5.9251685
29700 6.0506573
29800 6.254671
29900 6.3075347
30000 6.430016
30100 5.9911356
30200 5.940859
30300 5.9958153
30400 6.425169
30500 6.2750554
30600 6.339201
30700 6.5573354
30800 6.533502
30900 5.95154
31000 6.2115335
31100 6.012311
31200 6.309559
31300 6.6620216
31400 6.0724626
31500 6.1791615
31600 6.0249634
31700 5.7431645
31800 6.01757
31900 6.39789
32000 6.249382
32100 5.9950323
32200 6.2365284
32300 5.655027
32400 6.1544957
32500 5.694442
32600 6.061318
32700 6.620001
32800 6.105381
32900 5.99118
33000 6.027233
33100 6.4839916
33200 5.846565
33300 5.861649
33400 6.2382784
33500 6.1947145
33600 6.231347
33700 6.5769706
33800 5.9287643
33900 5.6703997
34000 6.049964
34100 6.1117315
34200 6.020019
34300 5.9024763
34400 5.712787
34500 6.0682683
34600 6.276427
34700 6.2025237
34800 6.2387114
34900 6.310211
35000 5.9579363
35100 5.8784156
35200 5.9301257
35300 5.81523
35400 6.213751
35500 5.7396555
35600 6.0102944
35700 5.631748
35800 6.254358
35900 5.661014
36000 5.8311777
36100 6.018051
36200 5.9810457
36300 6.109685
36400 6.6051292
36500 6.19833
36600 6.730629
36700 5.7581396
36800 5.6729717
36900 5.904727
37000 6.151185
37100 5.9943604
37200 5.6662426
37300 6.215853
37400 5.846722
37500 6.2703037
37600 6.0912304
37700 6.0214095
37800 5.740482
37900 5.931589
38000 5.969873
38100 6.2028747
38200 6.078593
38300 6.0587955
38400 6.094415
38500 6.5007706
38600 6.3450627
38700 6.230403
38800 6.3417096
38900 6.489027
39000 5.951882
39100 5.6744123
39200 6.3084164
39300 6.239858
39400 6.0283065
39500 5.8658032
39600 6.2101374
39700 5.8583136
39800 5.942205
39900 6.307458
40000 5.962281
40100 5.932604
40200 5.83069
40300 6.2354
40400 6.360152
40500 6.117997
40600 6.3533783
40700 6.1283846
40800 6.2368135
40900 6.038894
