0 0.192
100 0.34
200 0.37
300 0.418
400 0.412
500 0.444
600 0.418
700 0.464
800 0.43
900 0.436
1000 0.452
1100 0.478
1200 0.498
1300 0.498
1400 0.514
1500 0.514
1600 0.522
1700 0.538
1800 0.508
1900 0.508
2000 0.51
2100 0.528
2200 0.528
2300 0.512
2400 0.506
2500 0.538
2600 0.536
2700 0.53
2800 0.544
2900 0.54
3000 0.542
3100 0.558
3200 0.564
3300 0.58
3400 0.574
3500 0.55
3600 0.544
3700 0.534
3800 0.558
3900 0.556
4000 0.556
0 0.192
100 0.34
200 0.37
300 0.418
400 0.412
500 0.444
600 0.418
700 0.464
800 0.43
900 0.436
1000 0.452
1100 0.478
1200 0.498
1300 0.498
1400 0.514
1500 0.514
1600 0.522
1700 0.538
1800 0.508
1900 0.508
2000 0.51
2100 0.528
2200 0.528
2300 0.512
2400 0.506
2500 0.538
2600 0.536
2700 0.53
2800 0.544
2900 0.54
3000 0.542
3100 0.558
3200 0.564
3300 0.58
3400 0.574
3500 0.55
3600 0.544
3700 0.534
3800 0.558
3900 0.556
4000 0.556
0 0.192
100 0.34
200 0.37
300 0.418
400 0.412
500 0.444
600 0.418
700 0.464
800 0.43
900 0.436
1000 0.452
1100 0.478
1200 0.498
1300 0.498
1400 0.514
1500 0.514
1600 0.522
1700 0.538
1800 0.508
1900 0.508
2000 0.51
2100 0.528
2200 0.528
2300 0.512
2400 0.506
2500 0.538
2600 0.536
2700 0.53
2800 0.544
2900 0.54
3000 0.542
3100 0.558
3200 0.564
3300 0.58
3400 0.574
3500 0.55
3600 0.544
3700 0.534
3800 0.558
3900 0.556
4000 0.556
0 0.192
100 0.34
200 0.37
300 0.418
400 0.412
500 0.444
600 0.418
700 0.464
800 0.43
900 0.436
1000 0.452
1100 0.478
1200 0.498
1300 0.498
1400 0.514
1500 0.514
1600 0.522
1700 0.538
1800 0.508
1900 0.508
2000 0.51
2100 0.528
2200 0.528
2300 0.512
2400 0.506
2500 0.538
2600 0.536
2700 0.53
2800 0.544
2900 0.54
3000 0.542
3100 0.558
3200 0.564
3300 0.58
3400 0.574
3500 0.55
3600 0.544
3700 0.534
3800 0.558
3900 0.556
4000 0.556
4100 0.586
4200 0.548
4300 0.536
4400 0.59
4500 0.56
4600 0.568
4700 0.56
4800 0.58
4900 0.56
5000 0.592
5100 0.54
5200 0.562
5300 0.542
5400 0.566
5500 0.526
5600 0.574
5700 0.566
5800 0.56
5900 0.568
6000 0.57
6100 0.572
6200 0.562
6300 0.578
6400 0.582
6500 0.57
6600 0.572
6700 0.568
6800 0.59
6900 0.576
7000 0.562
7100 0.564
7200 0.576
7300 0.562
7400 0.574
7500 0.572
7600 0.586
7700 0.58
7800 0.592
7900 0.584
8000 0.586
8100 0.582
8200 0.582
8300 0.57
8400 0.578
8500 0.582
8600 0.58
8700 0.56
8800 0.576
8900 0.566
9000 0.594
9100 0.58
9200 0.58
9300 0.578
9400 0.588
9500 0.588
9600 0.594
9700 0.584
9800 0.582
9900 0.592
10000 0.582
10100 0.586
10200 0.58
10300 0.572
10400 0.582
10500 0.584
10600 0.576
10700 0.574
10800 0.582
10900 0.576
11000 0.578
11100 0.594
11200 0.59
