0 0.025
100 0.403125
200 0.35
300 0.43125
400 0.446875
500 0.4625
600 0.43125
700 0.453125
800 0.41875
900 0.528125
1000 0.453125
1100 0.49375
1200 0.475
1300 0.515625
1400 0.45
1500 0.525
1600 0.503125
1700 0.55625
1800 0.515625
1900 0.51875
2000 0.521875
2100 0.496875
2200 0.484375
2300 0.475
2400 0.496875
2500 0.509375
2600 0.53125
2700 0.5
2800 0.50625
2900 0.4875
3000 0.521875
3100 0.540625
3200 0.478125
3300 0.5
3400 0.528125
3500 0.503125
3600 0.46875
3700 0.540625
3800 0.4625
3900 0.509375
4000 0.475
0 0.025
100 0.403125
200 0.35
300 0.43125
400 0.446875
500 0.4625
600 0.43125
700 0.453125
800 0.41875
900 0.528125
1000 0.453125
1100 0.49375
1200 0.475
1300 0.515625
1400 0.45
1500 0.525
1600 0.503125
1700 0.55625
1800 0.515625
1900 0.51875
2000 0.521875
2100 0.496875
2200 0.484375
2300 0.475
2400 0.496875
2500 0.509375
2600 0.53125
2700 0.5
2800 0.50625
2900 0.4875
3000 0.521875
3100 0.540625
3200 0.478125
3300 0.5
3400 0.528125
3500 0.503125
3600 0.46875
3700 0.540625
3800 0.4625
3900 0.509375
4000 0.475
0 0.025
100 0.403125
200 0.35
300 0.43125
400 0.446875
500 0.4625
600 0.43125
700 0.453125
800 0.41875
900 0.528125
1000 0.453125
1100 0.49375
1200 0.475
1300 0.515625
1400 0.45
1500 0.525
1600 0.503125
1700 0.55625
1800 0.515625
1900 0.51875
2000 0.521875
2100 0.496875
2200 0.484375
2300 0.475
2400 0.496875
2500 0.509375
2600 0.53125
2700 0.5
2800 0.50625
2900 0.4875
3000 0.521875
3100 0.540625
3200 0.478125
3300 0.5
3400 0.528125
3500 0.503125
3600 0.46875
3700 0.540625
3800 0.4625
3900 0.509375
4000 0.475
0 0.025
100 0.403125
200 0.35
300 0.43125
400 0.446875
500 0.4625
600 0.43125
700 0.453125
800 0.41875
900 0.528125
1000 0.453125
1100 0.49375
1200 0.475
1300 0.515625
1400 0.45
1500 0.525
1600 0.503125
1700 0.55625
1800 0.515625
1900 0.51875
2000 0.521875
2100 0.496875
2200 0.484375
2300 0.475
2400 0.496875
2500 0.509375
2600 0.53125
2700 0.5
2800 0.50625
2900 0.4875
3000 0.521875
3100 0.540625
3200 0.478125
3300 0.5
3400 0.528125
3500 0.503125
3600 0.46875
3700 0.540625
3800 0.4625
3900 0.509375
4000 0.475
4100 0.515625
4200 0.55
4300 0.453125
4400 0.5
4500 0.559375
4600 0.534375
4700 0.521875
4800 0.49375
4900 0.49375
5000 0.51875
5100 0.5375
5200 0.46875
5300 0.51875
5400 0.515625
5500 0.553125
5600 0.521875
5700 0.509375
5800 0.553125
5900 0.58125
6000 0.559375
6100 0.50625
6200 0.540625
6300 0.534375
6400 0.51875
6500 0.496875
6600 0.503125
6700 0.546875
6800 0.55
6900 0.496875
7000 0.515625
7100 0.53125
7200 0.540625
7300 0.571875
7400 0.5875
7500 0.553125
7600 0.625
7700 0.55
7800 0.53125
7900 0.540625
8000 0.49375
8100 0.559375
8200 0.54375
8300 0.51875
8400 0.584375
8500 0.56875
8600 0.4875
8700 0.5125
8800 0.5625
8900 0.58125
9000 0.590625
9100 0.503125
9200 0.440625
9300 0.4875
9400 0.528125
9500 0.540625
9600 0.53125
9700 0.553125
9800 0.59375
9900 0.55625
10000 0.540625
10100 0.46875
10200 0.525
10300 0.553125
10400 0.628125
10500 0.55
10600 0.5375
10700 0.559375
10800 0.553125
10900 0.5125
11000 0.528125
11100 0.56875
11200 0.571875
