0 4.21205528951
100 3.12067745409
200 2.92694482234
300 2.76378926449
400 2.74401392965
500 2.69034207716
600 2.65581842833
700 2.56740526752
800 2.55454784552
900 2.53911788039
1000 2.44662840924
1100 2.43776166024
1200 2.3608194184
1300 2.29254902392
1400 2.3608557166
1500 2.31000046185
1600 2.26189581877
1700 2.28638797805
1800 2.25920629765
1900 2.26527373733
2000 2.31317940902
2100 2.21380358873
2200 2.19279691134
2300 2.19183576254
2400 2.17371921386
2500 2.16284865541
2600 2.13008166383
2700 2.16255711273
2800 2.10120130758
2900 2.10702194319
3000 2.11852226006
3100 2.06171554303
3200 2.08682333206
3300 2.04092783237
3400 2.13780169555
3500 2.1256692585
3600 2.15380168396
3700 2.14672118265
3800 2.06629622229
3900 2.03344476957
4000 2.06179917665
0 4.21205528569
100 3.12067744751
200 2.9269447819
300 2.76378922213
400 2.74401390965
500 2.69034184737
600 2.65581855473
700 2.56740533303
800 2.55454780484
900 2.53911787672
1000 2.44662831751
1100 2.4377612753
1200 2.360819275
1300 2.29254938782
1400 2.36085608757
1500 2.310000761
1600 2.26189630502
1700 2.28638871557
1800 2.25920640521
1900 2.2652740747
2000 2.31318011798
2100 2.2138038594
2200 2.1927971917
2300 2.19183570128
2400 2.1737194438
2500 2.16284869307
2600 2.13008139785
2700 2.16255539081
2800 2.10120214501
2900 2.10702050574
3000 2.11852152261
3100 2.06171357272
3200 2.08682223613
3300 2.04092728955
3400 2.13780238779
3500 2.12566908268
3600 2.1537998147
3700 2.14671808614
3800 2.06629534902
3900 2.03344225895
4000 2.06179721575
0 4.21205528712
100 3.12067745475
200 2.92694478519
300 2.76378927063
400 2.744013921
500 2.69034200998
600 2.65581863238
700 2.56740532414
800 2.55454766628
900 2.53911790897
1000 2.44662844513
1100 2.4377619344
1200 2.36081935647
1300 2.29254887705
1400 2.36085603226
1500 2.31000027519
1600 2.26189628473
1700 2.28638849241
1800 2.25920676703
1900 2.26527373983
2000 2.31317865303
2100 2.21380558092
2200 2.1927976051
2300 2.19183575003
2400 2.17371911983
2500 2.1628493229
2600 2.13008038912
2700 2.16255800583
2800 2.10120112083
2900 2.10702250384
3000 2.11852037342
3100 2.06171360758
3200 2.08682279196
3300 2.04092807841
3400 2.13779910784
3500 2.12566918813
3600 2.15380163689
3700 2.14672527624
3800 2.0662971676
3900 2.03344918227
4000 2.06179938762
0 4.21205528855
100 3.1206774613
200 2.92694477089
300 2.76378928759
400 2.74401390452
500 2.69034189995
600 2.65581845489
700 2.56740509937
800 2.55454764616
900 2.53911809052
1000 2.446628384
1100 2.43776134402
1200 2.36081968644
1300 2.29254932693
1400 2.36085575867
1500 2.31000124363
1600 2.26189649937
1700 2.28638876601
1800 2.25920681704
1900 2.2652735008
2000 2.31317951216
2100 2.21380384397
2200 2.19279747313
2300 2.19183518298
2400 2.17371844065
2500 2.16284809569
2600 2.13008014672
2700 2.16255608018
2800 2.10120087658
2900 2.10702226944
3000 2.11851955202
3100 2.06171236508
3200 2.08682235036
3300 2.04092605511
3400 2.13780392047
3500 2.12566725663
3600 2.15380172033
3700 2.14672067377
3800 2.06629670364
3900 2.03344473974
4000 2.0618007986
4100 2.06533274061
4200 2.05934073901
4300 2.11059802121
4400 2.00792841752
4500 2.06315157147
4600 2.03714373288
4700 2.03595406957
4800 2.0089114157
4900 2.09481211588
5000 2.04801054482
5100 2.13217302405
5200 2.13378509801
5300 2.13110509013
5400 2.12659200239
5500 2.12334849677
5600 2.05384623534
5700 2.03345180416
5800 2.01240350151
5900 2.02763399867
6000 1.99507585508
6100 2.01780482088
6200 2.02061638184
6300 2.06645788158
6400 2.00524416994
6500 2.02429459959
6600 2.03649272428
6700 2.03068266864
6800 2.02827739515
6900 2.04375795074
7000 2.0436289934
7100 2.06077603471
7200 2.01467974518
7300 2.00034123916
7400 1.99173990712
7500 1.99916380823
7600 1.99480117824
7700 1.98143941636
7800 1.96697045487
7900 1.95011773709
8000 1.95756968246
8100 2.00018932657
8200 1.99951011545
8300 1.99034444305
8400 2.00902105368
8500 1.99061086591
8600 2.01514596238
8700 2.02910611654
8800 1.98780998711
8900 2.01440996349
9000 1.97433823949
9100 1.98198702813
9200 1.96521134601
9300 1.9668883739
9400 1.96365849047
9500 1.96277839069
9600 1.96277566326
9700 1.95044842636
9800 1.96491098344
9900 1.95535460085
10000 1.96340855289
10100 1.96082996943
10200 1.96239616415
10300 1.96533608371
10400 1.96491995338
10500 1.97003398567
10600 1.98066274856
10700 1.96994856851
10800 1.97278044189
10900 1.96087299923
11000 1.96349768955
11100 1.96023458718
11200 1.96769961542
