0 4.99792
100 2.91124
200 3.01614
300 2.77728
400 2.52218
500 2.49334
600 2.74653
700 2.5516
800 2.75222
900 2.32586
1000 2.56051
1100 2.39961
1200 2.58739
1300 2.24566
1400 2.56154
1500 2.26507
1600 2.4066
1700 2.22098
1800 2.31869
1900 2.33056
2000 2.27187
2100 2.2769
2200 2.37106
2300 2.44325
2400 2.40266
2500 2.45474
2600 2.25686
2700 2.36222
2800 2.22087
2900 2.37864
3000 2.22016
3100 2.22508
3200 2.39462
3300 2.30668
3400 2.35457
3500 2.19819
3600 2.59286
3700 2.26034
3800 2.62459
3900 2.12908
4000 2.46029
0 4.99792
100 2.91124
200 3.01614
300 2.77728
400 2.52218
500 2.49334
600 2.74653
700 2.5516
800 2.75222
900 2.32586
1000 2.56051
1100 2.39961
1200 2.58739
1300 2.24566
1400 2.56154
1500 2.26507
1600 2.4066
1700 2.22098
1800 2.31869
1900 2.33056
2000 2.27187
2100 2.2769
2200 2.37106
2300 2.44325
2400 2.40266
2500 2.45474
2600 2.25686
2700 2.36222
2800 2.22087
2900 2.37864
3000 2.22016
3100 2.22508
3200 2.39462
3300 2.30668
3400 2.35457
3500 2.19819
3600 2.59285
3700 2.26034
3800 2.62459
3900 2.12908
4000 2.46029
0 4.99792
100 2.91124
200 3.01614
300 2.77728
400 2.52218
500 2.49334
600 2.74653
700 2.5516
800 2.75222
900 2.32586
1000 2.56051
1100 2.39961
1200 2.58739
1300 2.24566
1400 2.56154
1500 2.26507
1600 2.4066
1700 2.22098
1800 2.31869
1900 2.33056
2000 2.27187
2100 2.2769
2200 2.37106
2300 2.44326
2400 2.40266
2500 2.45474
2600 2.25686
2700 2.36222
2800 2.22087
2900 2.37864
3000 2.22016
3100 2.22507
3200 2.39462
3300 2.30668
3400 2.35457
3500 2.19819
3600 2.59286
3700 2.26034
3800 2.62459
3900 2.12907
4000 2.46028
0 4.99792
100 2.91124
200 3.01614
300 2.77728
400 2.52218
500 2.49334
600 2.74653
700 2.5516
800 2.75222
900 2.32586
1000 2.56051
1100 2.39961
1200 2.58739
1300 2.24566
1400 2.56154
1500 2.26507
1600 2.4066
1700 2.22098
1800 2.31869
1900 2.33056
2000 2.27187
2100 2.2769
2200 2.37106
2300 2.44325
2400 2.40266
2500 2.45474
2600 2.25686
2700 2.36222
2800 2.22087
2900 2.37864
3000 2.22016
3100 2.22508
3200 2.39462
3300 2.30668
3400 2.35457
3500 2.19819
3600 2.59285
3700 2.26034
3800 2.62459
3900 2.12908
4000 2.46029
4100 2.43687
4200 2.20062
4300 2.54755
4400 2.46032
4500 2.20122
4600 2.25251
4700 2.22168
4800 2.42442
4900 2.29898
5000 2.28662
5100 2.17217
5200 2.43515
5300 2.36746
5400 2.46927
5500 2.10011
5600 2.21642
5700 2.33431
5800 2.1383
5900 1.98178
6000 2.09709
6100 2.27589
6200 2.06889
6300 2.22077
6400 2.27552
6500 2.36319
6600 2.42793
6700 2.15072
6800 2.01467
6900 2.29937
7000 2.1292
7100 2.37396
7200 2.08743
7300 1.98441
7400 1.99804
7500 2.23881
7600 1.8121
7700 2.14113
7800 2.29043
7900 2.1091
8000 2.38751
8100 2.14637
8200 2.06851
8300 2.26196
8400 1.96936
8500 2.0175
8600 2.37044
8700 2.20895
8800 2.08133
8900 1.82274
9000 1.93262
9100 2.37114
9200 2.66383
9300 2.46764
9400 2.28711
9500 2.24343
9600 2.20241
9700 2.06355
9800 1.99323
9900 2.11467
10000 1.99628
10100 2.31922
10200 2.31678
10300 2.14241
10400 1.86495
10500 2.01682
10600 2.31299
10700 2.08005
10800 2.25685
10900 2.38576
11000 2.17912
11100 2.13772
11200 2.01467
