0 2.9195742569
100 2.16308878125
200 2.02880355303
300 1.91571274611
400 1.90200552364
500 1.86480302971
600 1.84087306058
700 1.77958972961
800 1.77067764278
900 1.7599824065
1000 1.69587359207
1100 1.68972762565
1200 1.6363953288
1300 1.58907389262
1400 1.63642048796
1500 1.60117031207
1600 1.56782671606
1700 1.58480338629
1800 1.56596248226
1900 1.57016810636
2000 1.60337379103
2100 1.53449172296
2200 1.51993100313
2300 1.51926478542
2400 1.50670735018
2500 1.49917245261
2600 1.4764601055
2700 1.4989703705
2800 1.45644176724
2900 1.46047632921
3000 1.46844773334
3100 1.42907232427
3200 1.44647571375
3300 1.41466337602
3400 1.48181122267
3500 1.47340165631
3600 1.49290156772
3700 1.4879937399
3800 1.4322474068
3900 1.40947650943
4000 1.42913029144
0 2.91957425332
100 2.16308878066
200 2.0288035269
300 1.91571271579
400 1.9020055056
500 1.86480287624
600 1.84087315037
700 1.77958977155
800 1.7706776133
900 1.75998240298
1000 1.69587352388
1100 1.68972736066
1200 1.63639523279
1300 1.58907415461
1400 1.63642074547
1500 1.60117051636
1600 1.56782705149
1700 1.58480389107
1800 1.56596255045
1900 1.57016834368
2000 1.60337427913
2100 1.53449190691
2200 1.51993119337
2300 1.51926474568
2400 1.50670750854
2500 1.49917247721
2600 1.4764599178
2700 1.49896917691
2800 1.45644234538
2900 1.46047532381
3000 1.46844722598
3100 1.42907095457
3200 1.44647495376
3300 1.41466299977
3400 1.4818117004
3500 1.47340153509
3600 1.49290027454
3700 1.487991596
3800 1.43224679664
3900 1.40947476984
4000 1.42912892803
0 2.91957425499
100 2.16308878656
200 2.0288035304
300 1.91571274325
400 1.90200551468
500 1.86480298775
600 1.84087319812
700 1.77958976709
800 1.77067751364
900 1.75998242569
1000 1.69587361616
1100 1.68972781347
1200 1.63639528422
1300 1.58907379224
1400 1.63642070792
1500 1.60117017983
1600 1.56782703802
1700 1.58480374453
1800 1.56596280869
1900 1.5701681095
2000 1.60337326459
2100 1.53449310199
2200 1.51993148833
2300 1.51926477546
2400 1.50670728454
2500 1.49917291228
2600 1.47645922168
2700 1.49897098948
2800 1.4564416369
2900 1.46047671313
3000 1.46844643061
3100 1.42907098039
3200 1.44647534189
3300 1.41466354789
3400 1.48180943114
3500 1.47340160829
3600 1.49290153814
3700 1.48799657457
3800 1.43224805905
3900 1.40947957139
4000 1.42913043948
0 2.9195742569
100 2.16308878812
200 2.02880351705
300 1.91571275519
400 1.90200551029
500 1.86480291032
600 1.84087307925
700 1.77958961057
800 1.77067750463
900 1.75998254793
1000 1.69587357494
1100 1.68972740806
1200 1.63639551113
1300 1.58907410491
1400 1.63642051817
1500 1.60117085199
1600 1.56782718492
1700 1.58480393091
1800 1.56596284113
1900 1.57016794283
2000 1.6033738627
2100 1.53449190022
2200 1.51993139138
2300 1.51926438221
2400 1.50670681432
2500 1.49917206225
2600 1.47645905375
2700 1.49896965529
2800 1.45644146684
2900 1.46047655188
3000 1.46844585847
3100 1.42907011597
3200 1.44647503068
3300 1.41466214471
3400 1.48181276512
3500 1.47340026984
3600 1.49290159402
3700 1.48799338701
3800 1.43224774033
3900 1.40947649014
4000 1.42913141228
4100 1.43157956691
4200 1.42742623234
4300 1.46295507019
4400 1.39178992569
4500 1.43006769759
4600 1.41204044115
4700 1.41121582632
4800 1.3924712828
4900 1.45201311659
5000 1.41957273876
5100 1.47790972165
5200 1.47902712899
5300 1.47716948938
5400 1.47404125261
5500 1.47179302865
5600 1.42361773089
5700 1.40948138882
5800 1.39489181906
5900 1.40544879484
6000 1.38288120598
6100 1.39863572217
6200 1.40058454932
6300 1.43235945952
6400 1.3899293434
6500 1.40313410014
6600 1.41158919032
6700 1.40756196731
6800 1.40589476072
6900 1.4166250672
7000 1.41653568202
7100 1.4284211049
7200 1.39646958874
7300 1.38653089565
7400 1.38056890543
7500 1.38571475734
7600 1.38269081311
7700 1.37342915195
7800 1.36340002684
7900 1.35171861506
8000 1.3568839101
8100 1.38642559457
8200 1.38595480346
8300 1.37960163812
8400 1.39254728243
8500 1.37978631569
8600 1.39679274536
8700 1.40646918893
8800 1.37784489267
8900 1.39628259348
9000 1.36850698897
9100 1.37380872651
9200 1.36218070912
9300 1.36334313004
9400 1.36110434834
9500 1.3604943104
9600 1.36049242094
9700 1.35194782987
9800 1.36197251148
9900 1.35534853038
10000 1.36093110746
10100 1.35914376991
10200 1.36022937408
10300 1.36226716689
10400 1.36197872748
10500 1.36552350721
10600 1.37289080478
10700 1.36546430079
10800 1.36742720556
10900 1.35917359612
11000 1.36099289203
11100 1.35873108122
11200 1.36390544453
