0 3.46429
100 2.01792
200 2.09063
300 1.92507
400 1.74824
500 1.72825
600 1.90375
700 1.76863
800 1.90769
900 1.61216
1000 1.77481
1100 1.66328
1200 1.79344
1300 1.55657
1400 1.77552
1500 1.57003
1600 1.66813
1700 1.53947
1800 1.60719
1900 1.61542
2000 1.57474
2100 1.57823
2200 1.64349
2300 1.69354
2400 1.6654
2500 1.70149
2600 1.56434
2700 1.63737
2800 1.53939
2900 1.64875
3000 1.5389
3100 1.54231
3200 1.65983
3300 1.59887
3400 1.63206
3500 1.52367
3600 1.79723
3700 1.56675
3800 1.81923
3900 1.47577
4000 1.70534
0 3.46429
100 2.01792
200 2.09063
300 1.92507
400 1.74824
500 1.72825
600 1.90375
700 1.76863
800 1.90769
900 1.61216
1000 1.77481
1100 1.66328
1200 1.79344
1300 1.55657
1400 1.77552
1500 1.57003
1600 1.66813
1700 1.53947
1800 1.60719
1900 1.61542
2000 1.57474
2100 1.57823
2200 1.64349
2300 1.69353
2400 1.6654
2500 1.70149
2600 1.56434
2700 1.63737
2800 1.53939
2900 1.64875
3000 1.5389
3100 1.54231
3200 1.65983
3300 1.59887
3400 1.63206
3500 1.52367
3600 1.79723
3700 1.56675
3800 1.81923
3900 1.47577
4000 1.70534
0 3.46429
100 2.01792
200 2.09063
300 1.92507
400 1.74824
500 1.72825
600 1.90375
700 1.76863
800 1.90769
900 1.61216
1000 1.77481
1100 1.66328
1200 1.79344
1300 1.55657
1400 1.77552
1500 1.57003
1600 1.66813
1700 1.53947
1800 1.60719
1900 1.61542
2000 1.57474
2100 1.57823
2200 1.64349
2300 1.69354
2400 1.6654
2500 1.70149
2600 1.56434
2700 1.63737
2800 1.53939
2900 1.64875
3000 1.5389
3100 1.5423
3200 1.65983
3300 1.59887
3400 1.63206
3500 1.52367
3600 1.79723
3700 1.56675
3800 1.81923
3900 1.47576
4000 1.70534
0 3.46429
100 2.01792
200 2.09063
300 1.92507
400 1.74824
500 1.72825
600 1.90375
700 1.76863
800 1.90769
900 1.61216
1000 1.77481
1100 1.66328
1200 1.79344
1300 1.55657
1400 1.77552
1500 1.57003
1600 1.66813
1700 1.53947
1800 1.60719
1900 1.61542
2000 1.57474
2100 1.57823
2200 1.64349
2300 1.69353
2400 1.6654
2500 1.70149
2600 1.56434
2700 1.63737
2800 1.53939
2900 1.64875
3000 1.5389
3100 1.54231
3200 1.65983
3300 1.59887
3400 1.63206
3500 1.52367
3600 1.79723
3700 1.56675
3800 1.81923
3900 1.47577
4000 1.70534
4100 1.68911
4200 1.52535
4300 1.76583
4400 1.70537
4500 1.52577
4600 1.56132
4700 1.53995
4800 1.68048
4900 1.59353
5000 1.58496
5100 1.50564
5200 1.68792
5300 1.641
5400 1.71157
5500 1.45569
5600 1.53631
5700 1.61802
5800 1.48216
5900 1.37366
6000 1.45359
6100 1.57753
6200 1.43404
6300 1.53932
6400 1.57727
6500 1.63804
6600 1.68291
6700 1.49077
6800 1.39647
6900 1.5938
7000 1.47585
7100 1.6455
7200 1.4469
7300 1.37549
7400 1.38494
7500 1.55182
7600 1.25605
7700 1.48412
7800 1.58761
7900 1.46192
8000 1.65489
8100 1.48775
8200 1.43378
8300 1.56787
8400 1.36506
8500 1.39842
8600 1.64307
8700 1.53113
8800 1.44267
8900 1.26343
9000 1.33959
9100 1.64355
9200 1.84642
9300 1.71044
9400 1.5853
9500 1.55503
9600 1.52659
9700 1.43034
9800 1.3816
9900 1.46578
10000 1.38372
10100 1.60756
10200 1.60587
10300 1.485
10400 1.29268
10500 1.39795
10600 1.60324
10700 1.44178
10800 1.56433
10900 1.65368
11000 1.51045
11100 1.48176
11200 1.39646
