0 18.7542417946
100 9.09480658913
200 9.19424325275
300 8.42814635015
400 8.30000832033
500 8.15242786002
600 7.78434913898
700 8.16034827328
800 7.8240684886
900 7.44779960036
1000 7.72075169134
1100 7.43748217392
1200 7.48197058392
1300 7.11436556745
1400 7.24295813537
1500 7.23176503301
1600 7.22707429981
1700 6.85736756873
1800 6.94493469882
1900 6.87138905501
2000 6.70912988019
2100 6.61801410437
2200 6.51931622863
2300 6.39063908863
2400 6.53883072615
2500 6.72945099688
2600 6.44785344005
2700 6.57773386288
2800 6.71639158177
2900 6.5261041491
3000 6.71296332026
3100 6.59634942293
3200 6.69607960176
3300 6.47456102204
3400 6.5515522058
3500 6.81563756132
3600 6.58152627468
3700 6.32184085226
3800 6.7122052207
3900 6.59311527443
4000 6.39431729293
0 18.7542417164
100 9.09480687118
200 9.19424337292
300 8.42814627147
400 8.30000827527
500 8.15242836738
600 7.78434888172
700 8.16034811449
800 7.82406884456
900 7.44780034709
1000 7.72075252008
1100 7.43748192191
1200 7.48197019982
1300 7.11436703277
1400 7.24295757961
1500 7.23176545
1600 7.22707547188
1700 6.85736770463
1800 6.94493702936
1900 6.87138987374
2000 6.70912854409
2100 6.61801257467
2200 6.51931822348
2300 6.39063840699
2400 6.53883239937
2500 6.72944936562
2600 6.44785416889
2700 6.57773575711
2800 6.7163986342
2900 6.52610368752
3000 6.71296026635
3100 6.59635165524
3200 6.69607775593
3300 6.4745608027
3400 6.55155364537
3500 6.81563547373
3600 6.58151517701
3700 6.32183613253
3800 6.71221342802
3900 6.59310570383
4000 6.39432123041
0 18.7542417793
100 9.09480671096
200 9.19424319673
300 8.42814626646
400 8.30000872207
500 8.15242828584
600 7.78434901524
700 8.16034827113
800 7.82406858087
900 7.44779953742
1000 7.72075200057
1100 7.43748243117
1200 7.48196963739
1300 7.11436457086
1400 7.24295683336
1500 7.23176531029
1600 7.22707345748
1700 6.85736984277
1800 6.94493423557
1900 6.87138923216
2000 6.70912781954
2100 6.61801720643
2200 6.51931797075
2300 6.3906362803
2400 6.53882676029
2500 6.72945148587
2600 6.44785138392
2700 6.57773325753
2800 6.71639153576
2900 6.52610686159
3000 6.71295532322
3100 6.59634879255
3200 6.69608330202
3300 6.47456266236
3400 6.55156072903
3500 6.81563275075
3600 6.58151680684
3700 6.32184238791
3800 6.71220882797
3900 6.59312194157
4000 6.39430281615
0 18.7542418041
100 9.09480617023
200 9.19424295068
300 8.42814658451
400 8.30000862694
500 8.15242843485
600 7.78434877324
700 8.1603487699
800 7.82406838012
900 7.44779971194
1000 7.72075124168
1100 7.43748135328
1200 7.48196821904
1300 7.11436532569
1400 7.24295754552
1500 7.23176428342
1600 7.22707356095
1700 6.8573680582
1800 6.94493504977
1900 6.87139108253
2000 6.70912757206
2100 6.61801507473
2200 6.51931891203
2300 6.39063951111
2400 6.53883040166
2500 6.72945256162
2600 6.44785524702
2700 6.57773316813
2800 6.71639390683
2900 6.52610324001
3000 6.71295488858
3100 6.5963516562
3200 6.69608367682
3300 6.47456242824
3400 6.55154857945
3500 6.81562508202
3600 6.58151183462
3700 6.32183788466
3800 6.71220847869
3900 6.59310582089
4000 6.39431885552
4100 6.71215996552
4200 6.44448581839
4300 6.49758874488
4400 6.39813009167
4500 6.42031134629
4600 6.06502030587
4700 6.28360322666
4800 6.57151582599
4900 6.37558570576
5000 6.32848205996
5100 6.46121415973
5200 6.67370352459
5300 6.33228521156
5400 6.4604696815
5500 6.58131515098
5600 6.53622918129
5700 6.4454810648
5800 6.21722414351
5900 6.26148493242
6000 6.19789535284
6100 6.35044278741
6200 6.37783697534
6300 6.35608654594
6400 6.16669565535
6500 6.21760427666
6600 6.52053506279
6700 6.36678033185
6800 6.30091898966
6900 6.52732133508
7000 6.41399626827
7100 6.30394935846
7200 6.44021537876
7300 6.45228261375
7400 6.25617176247
7500 6.42285723305
7600 6.36552019835
7700 6.38737299275
7800 6.3623659122
7900 6.25699783397
8000 6.36467253065
8100 6.32397738194
8200 6.31910902905
8300 6.41519244409
8400 6.46571711612
8500 6.33165803242
8600 6.32623962569
8700 6.30655778646
8800 6.12529874301
8900 6.32085194731
9000 6.26074995708
9100 6.30778100586
9200 6.37667212224
9300 6.43643906283
9400 6.36707954407
9500 6.35597901058
9600 6.35440664411
9700 6.3695418129
9800 6.27858662176
9900 6.36845741296
10000 6.4256962924
10100 6.36527245426
10200 6.37875064659
10300 6.32049574876
10400 6.32391171837
10500 6.38267132545
10600 6.40918531656
10700 6.37287174487
10800 6.4785581224
10900 6.42565247703
11000 6.37340534949
11100 6.38839581895
11200 6.42490400481
