0 23.3977
100 9.26409
200 9.02612
300 8.46803
400 7.8728
500 7.58605
600 7.30301
700 7.71649
800 7.22079
900 7.40751
1000 7.34629
1100 7.12891
1200 7.51789
1300 6.90804
1400 6.98906
1500 6.6283
1600 6.69078
1700 6.06716
1800 6.36959
1900 6.48176
2000 6.7776
2100 6.90578
2200 6.88838
2300 6.69732
2400 7.11178
2500 6.69854
2600 6.81736
2700 7.17692
2800 6.44329
2900 6.6268
3000 6.6726
3100 6.28799
3200 6.69605
3300 6.58415
3400 6.41307
3500 7.01218
3600 6.48593
3700 6.43477
3800 6.60488
3900 6.08828
4000 6.72063
0 23.3977
100 9.26409
200 9.02612
300 8.46803
400 7.8728
500 7.58605
600 7.30301
700 7.71649
800 7.22079
900 7.40751
1000 7.34629
1100 7.12891
1200 7.51789
1300 6.90804
1400 6.98906
1500 6.6283
1600 6.69078
1700 6.06715
1800 6.36959
1900 6.48176
2000 6.7776
2100 6.90578
2200 6.88837
2300 6.69732
2400 7.11177
2500 6.69853
2600 6.81737
2700 7.17692
2800 6.4433
2900 6.6268
3000 6.6726
3100 6.28799
3200 6.69604
3300 6.58414
3400 6.41307
3500 7.01217
3600 6.48595
3700 6.43477
3800 6.60487
3900 6.08827
4000 6.72062
0 23.3977
100 9.26409
200 9.02612
300 8.46803
400 7.8728
500 7.58605
600 7.30301
700 7.71649
800 7.22079
900 7.40751
1000 7.34629
1100 7.12891
1200 7.5179
1300 6.90804
1400 6.98906
1500 6.6283
1600 6.69078
1700 6.06715
1800 6.36959
1900 6.48176
2000 6.7776
2100 6.90578
2200 6.88838
2300 6.69733
2400 7.11177
2500 6.69854
2600 6.81735
2700 7.17692
2800 6.44329
2900 6.6268
3000 6.6726
3100 6.28799
3200 6.69606
3300 6.58414
3400 6.41307
3500 7.01218
3600 6.48593
3700 6.43477
3800 6.60488
3900 6.0883
4000 6.7206
0 23.3977
100 9.26409
200 9.02612
300 8.46803
400 7.8728
500 7.58605
600 7.30301
700 7.71649
800 7.22079
900 7.40751
1000 7.34629
1100 7.12891
1200 7.51789
1300 6.90803
1400 6.98906
1500 6.6283
1600 6.69078
1700 6.06716
1800 6.36959
1900 6.48176
2000 6.7776
2100 6.90578
2200 6.88838
2300 6.69732
2400 7.11178
2500 6.69853
2600 6.81736
2700 7.17692
2800 6.44329
2900 6.6268
3000 6.6726
3100 6.28798
3200 6.69605
3300 6.58415
3400 6.41307
3500 7.01217
3600 6.48595
3700 6.43477
3800 6.60487
3900 6.08827
4000 6.72063
4100 6.96398
4200 6.69591
4300 7.00574
4400 6.78406
4500 5.97801
4600 6.14655
4700 6.70344
4800 7.14955
4900 6.6595
5000 6.31339
5100 6.36271
5200 6.49699
5300 6.5678
5400 6.2051
5500 6.50784
5600 6.35102
5700 6.67408
5800 6.48731
5900 6.11824
6000 6.11106
6100 6.61255
6200 6.31627
6300 6.2943
6400 6.81208
6500 6.90837
6600 7.26791
6700 6.87146
6800 6.12791
6900 6.62086
7000 6.40941
7100 6.80959
7200 6.4017
7300 6.55246
7400 5.82104
7500 6.59876
7600 5.97191
7700 5.91453
7800 6.28086
7900 6.25726
8000 6.81629
8100 6.56525
8200 6.13559
8300 6.56427
8400 6.34161
8500 6.0354
8600 6.87153
8700 6.44058
8800 5.98227
8900 5.64119
9000 6.26353
9100 6.44355
9200 6.55281
9300 6.94701
9400 6.05664
9500 6.38076
9600 6.49216
9700 6.30451
9800 6.09919
9900 6.49139
10000 6.05716
10100 6.6453
10200 6.25492
10300 6.56202
10400 6.19961
10500 6.42674
10600 6.56388
10700 6.58349
10800 6.64344
10900 6.91807
11000 6.72349
11100 6.63039
11200 6.48068
