0 0.125
100 0.3125
200 0.28125
300 0.4375
400 0.4375
500 0.46875
600 0.34375
700 0.5
800 0.4375
900 0.34375
1000 0.46875
1100 0.53125
1200 0.4375
1300 0.4375
1400 0.5625
1500 0.3125
1600 0.40625
1700 0.40625
1800 0.46875
1900 0.53125
2000 0.46875
2100 0.65625
2200 0.625
2300 0.46875
2400 0.4375
2500 0.59375
2600 0.40625
2700 0.5
2800 0.34375
2900 0.625
3000 0.6875
3100 0.53125
3200 0.5625
3300 0.53125
3400 0.5625
3500 0.5
3600 0.5625
3700 0.5
3800 0.53125
3900 0.53125
4000 0.65625
4100 0.4375
4200 0.53125
4300 0.4375
4400 0.46875
4500 0.5
4600 0.53125
4700 0.5
4800 0.625
4900 0.5
5000 0.46875
5100 0.5625
5200 0.5625
5300 0.46875
5400 0.40625
5500 0.5625
5600 0.65625
5700 0.65625
5800 0.6875
5900 0.65625
6000 0.5
6100 0.5625
6200 0.6875
6300 0.625
6400 0.625
6500 0.5625
6600 0.34375
6700 0.65625
6800 0.71875
6900 0.75
7000 0.6875
7100 0.6875
7200 0.65625
7300 0.59375
7400 0.46875
7500 0.5625
7600 0.625
7700 0.65625
7800 0.46875
7900 0.84375
8000 0.59375
8100 0.65625
8200 0.59375
8300 0.59375
8400 0.6875
8500 0.65625
8600 0.78125
8700 0.59375
8800 0.625
8900 0.71875
9000 0.78125
9100 0.78125
9200 0.75
9300 0.71875
9400 0.65625
9500 0.75
9600 0.71875
9700 0.75
9800 0.71875
9900 0.59375
10000 0.65625
10100 0.625
10200 0.59375
10300 0.6875
10400 0.6875
10500 0.8125
10600 0.6875
10700 0.8125
10800 0.8125
10900 0.78125
11000 0.625
11100 0.75
11200 0.84375
11300 0.75
11400 0.8125
11500 0.6875
11600 0.6875
11700 0.875
11800 0.75
11900 0.8125
12000 0.78125
12100 0.84375
12200 0.875
12300 0.75
12400 0.65625
12500 0.84375
12600 0.8125
12700 0.8125
12800 0.875
12900 0.90625
13000 0.71875
13100 0.625
13200 0.78125
13300 0.78125
13400 0.78125
13500 0.8125
13600 0.8125
13700 0.6875
13800 0.875
13900 0.84375
14000 0.8125
14100 0.875
14200 0.8125
14300 0.8125
14400 0.8125
14500 0.90625
14600 0.84375
14700 0.84375
14800 0.6875
14900 0.75
15000 0.75
15100 0.71875
15200 0.9375
15300 0.78125
15400 0.875
15500 0.9375
15600 0.84375
15700 0.78125
15800 0.84375
15900 0.875
16000 0.71875
16100 0.875
16200 0.84375
16300 0.90625
16400 0.78125
16500 0.6875
16600 0.90625
16700 0.875
16800 0.8125
16900 0.90625
17000 0.8125
17100 0.875
17200 0.90625
17300 0.9375
17400 0.9375
17500 0.875
17600 0.9375
17700 0.96875
17800 0.78125
17900 0.75
18000 0.9375
18100 0.84375
18200 0.84375
18300 0.75
18400 0.8125
18500 0.90625
18600 0.875
18700 0.875
18800 0.84375
18900 0.84375
19000 0.875
19100 0.875
19200 0.875
19300 0.90625
19400 0.875
19500 0.84375
19600 0.875
19700 0.875
19800 0.9375
19900 0.96875
20000 0.8125
20100 0.84375
20200 0.90625
20300 0.96875
20400 0.84375
20500 0.84375
20600 0.84375
20700 0.8125
20800 0.8125
20900 0.84375
21000 0.9375
21100 0.78125
21200 0.875
21300 0.875
21400 0.96875
21500 0.9375
21600 0.84375
21700 0.875
21800 0.96875
21900 1.0
22000 0.875
22100 0.875
22200 0.96875
22300 0.875
22400 0.96875
22500 0.84375
22600 0.9375
