0 3.9622207
100 2.9629147
200 2.910804
300 2.565556
400 2.5316358
500 2.521056
600 2.4558923
700 2.5372086
800 2.6305358
900 2.5248783
1000 2.4948208
1100 2.188824
1200 2.3214805
1300 2.6396432
1400 1.9428202
1500 2.7313519
1600 2.8625145
1700 2.5836287
1800 2.431398
1900 1.9738091
2000 2.2319336
2100 1.8077856
2200 1.6653368
2300 1.9653289
2400 2.3508832
2500 1.8807049
2600 2.6833122
2700 2.3050098
2800 2.7844725
2900 1.9218478
3000 1.4624885
3100 2.2121093
3200 1.9792454
3300 1.8035859
3400 2.0409918
3500 2.2578394
3600 1.8607295
3700 2.0963979
3800 2.2286696
3900 2.2457201
4000 1.892596
4100 2.038897
4200 1.6111586
4300 2.176748
4400 2.113819
4500 2.0085537
4600 2.0700877
4700 1.8691456
4800 1.3315028
4900 1.8877982
5000 2.33066
5100 2.3627515
5200 2.1702583
5300 2.3714795
5400 2.636373
5500 2.1186123
5600 1.6469331
5700 1.4827662
5800 1.7547237
5900 1.2377458
6000 2.2699564
6100 1.7580224
6200 1.5091788
6300 1.5731003
6400 1.7856153
6500 1.9033176
6600 2.7414963
6700 1.3896878
6800 1.4175625
6900 1.1110406
7000 1.4205652
7100 1.3093308
7200 1.4765228
7300 1.472984
7400 2.2507935
7500 2.1254473
7600 1.6213049
7700 1.525558
7800 2.154619
7900 1.0399425
8000 1.2983077
8100 1.5977651
8200 1.9675062
8300 1.8448021
8400 1.5172867
8500 1.5351077
8600 1.0137318
8700 1.7294104
8800 1.4061737
8900 1.2057494
9000 1.2948653
9100 1.0402176
9200 1.3603202
9300 1.2077614
9400 1.6351227
9500 1.0418755
9600 0.99462616
9700 1.2153704
9800 1.3817371
9900 1.8609204
10000 1.2355739
10100 1.4194202
10200 1.3208766
10300 1.5724955
10400 1.3553288
10500 1.0676737
10600 1.6166283
10700 0.74765414
10800 0.7855651
10900 1.1078496
11000 1.1932738
11100 1.2725263
11200 0.95179754
11300 1.2355605
11400 1.0079532
11500 1.401642
11600 1.1247246
11700 0.7814207
11800 1.0572908
11900 1.0890435
12000 0.82597566
12100 0.7866719
12200 0.86157924
12300 0.939543
12400 1.1673968
12500 0.7277316
12600 1.0055373
12700 0.7857561
12800 0.7110917
12900 0.5314891
13000 1.121225
13100 1.2201885
13200 0.896135
13300 1.004971
13400 1.1886122
13500 0.803943
13600 0.9628973
13700 1.0801145
13800 0.5797698
13900 0.80089414
14000 0.9349922
14100 0.6090544
14200 0.7049062
14300 0.92702115
14400 0.86295104
14500 0.71985
14600 0.8127909
14700 0.7759978
14800 1.0410136
14900 1.1575763
15000 1.0150149
15100 1.1852648
15200 0.5399201
15300 0.746637
15400 0.8820353
15500 0.62891215
15600 0.5515394
15700 0.78148174
15800 0.7270528
15900 0.5919814
16000 1.106144
16100 0.64763355
16200 0.6311454
16300 0.583774
16400 1.0550706
16500 1.0008978
16600 0.6071003
16700 0.83371043
16800 0.6933139
16900 0.5296977
17000 0.7241537
17100 0.62100494
17200 0.71899325
17300 0.5450278
17400 0.5489116
17500 0.7472239
17600 0.7098692
17700 0.54470754
17800 1.021801
17900 0.9947707
18000 0.44898513
18100 0.70515466
18200 0.8367291
18300 0.9289851
18400 0.71016943
18500 0.49053606
18600 0.712547
18700 0.68842465
18800 0.7409843
18900 0.8592396
19000 0.75253314
19100 0.48392245
19200 0.97694325
19300 0.5382592
19400 0.53472114
19500 0.7386283
19600 0.5778002
19700 0.7318288
19800 0.45375824
19900 0.3651513
20000 0.6357056
20100 0.56798625
20200 0.6838191
20300 0.429729
20400 0.77621233
20500 0.5575832
20600 0.730767
20700 0.71081424
20800 0.8142815
20900 0.7351732
21000 0.5085647
21100 0.7909778
21200 0.7397864
21300 0.48942047
21400 0.70724136
21500 0.5064442
21600 0.635375
21700 0.57076246
21800 0.4140138
21900 0.39192206
22000 0.6013517
22100 0.5994077
22200 0.44452596
22300 0.84725654
22400 0.4415053
22500 0.69424975
22600 0.51355493
