0 2.746402
100 2.053736
200 2.0176156
300 1.7783079
400 1.7547961
500 1.7474629
600 1.7022948
700 1.758659
800 1.8233485
900 1.7501123
1000 1.729278
1100 1.5171772
1200 1.6091276
1300 1.8296613
1400 1.3466604
1500 1.8932288
1600 1.9841439
1700 1.7908349
1800 1.6853166
1900 1.3681402
2000 1.5470585
2100 1.2530615
2200 1.1543236
2300 1.3622622
2400 1.629508
2500 1.3036053
2600 1.8599303
2700 1.5977111
2800 1.9300492
2900 1.3321234
3000 1.0137198
3100 1.5333173
3200 1.3719084
3300 1.2501504
3400 1.4147077
3500 1.5650151
3600 1.2897594
3700 1.4531122
3800 1.5447961
3900 1.5566146
4000 1.3118476
4100 1.4132557
4200 1.11677
4300 1.5088067
4400 1.4651875
4500 1.3922234
4600 1.4348754
4700 1.295593
4800 0.9229274
4900 1.308522
5000 1.6154904
5100 1.6377345
5200 1.5043085
5300 1.6437843
5400 1.8273946
5500 1.4685102
5600 1.141567
5700 1.0277752
5800 1.2162818
5900 0.85793996
6000 1.5734138
6100 1.2185683
6200 1.046083
6300 1.0903901
6400 1.2376943
6500 1.3192792
6600 1.9002604
6700 0.96325815
6800 0.9825794
6900 0.77011466
7000 0.9846608
7100 0.907559
7200 1.0234476
7300 1.0209947
7400 1.5601311
7500 1.4732478
7600 1.1238029
7700 1.0574362
7800 1.493468
7900 0.7208332
8000 0.8999183
8100 1.1074864
8200 1.3637713
8300 1.2787194
8400 1.051703
8500 1.0640556
8600 0.7026653
8700 1.198736
8800 0.9746853
8900 0.8357618
9000 0.8975322
9100 0.7210239
9200 0.9429021
9300 0.8371564
9400 1.1333807
9500 0.7221731
9600 0.6894223
9700 0.8424306
9800 0.9577472
9900 1.2898917
10000 0.8564346
10100 0.98386717
10200 0.9155619
10300 1.0899708
10400 0.93944234
10500 0.74005497
10600 1.1205614
10700 0.5182344
10800 0.5445122
10900 0.7679028
11000 0.82711434
11100 0.882048
11200 0.6597358
11300 0.8564253
11400 0.6986599
11500 0.97154415
11600 0.7795997
11700 0.54163957
11800 0.7328581
11900 0.75486743
12000 0.5725227
12100 0.5452794
12200 0.5972012
12300 0.6512416
12400 0.80917776
12500 0.5044251
12600 0.6969853
12700 0.54464465
12800 0.49289122
12900 0.36840016
13000 0.77717394
13100 0.84577024
13200 0.6211534
13300 0.6965928
13400 0.8238832
13500 0.5572508
13600 0.66742957
13700 0.7486783
13800 0.4018658
13900 0.5551375
14000 0.6480872
14100 0.42216432
14200 0.48860377
14300 0.6425621
14400 0.5981521
14500 0.498962
14600 0.5633837
14700 0.5378807
14800 0.7215756
14900 0.8023707
15000 0.70355475
15100 0.821563
15200 0.3742441
15300 0.5175293
15400 0.6113803
15500 0.43592867
15600 0.382298
15700 0.5416819
15800 0.5039546
15900 0.41033024
16000 0.76672053
16100 0.44890538
16200 0.43747666
16300 0.40464127
16400 0.73131925
16500 0.69376945
16600 0.42080986
16700 0.577884
16800 0.48056856
16900 0.36715847
17000 0.5019451
17100 0.43044782
17200 0.49836814
17300 0.3777845
17400 0.3804765
17500 0.51793617
17600 0.49204385
17700 0.3775625
17800 0.7082585
17900 0.6895225
18000 0.31121278
18100 0.48877597
18200 0.57997644
18300 0.6439234
18400 0.49225196
18500 0.34001368
18600 0.49389994
18700 0.4771796
18800 0.5136112
18900 0.5955795
19000 0.5216162
19100 0.3354295
19200 0.67716545
19300 0.37309286
19400 0.37064046
19500 0.51197815
19600 0.4005006
19700 0.5072651
19800 0.31452125
19900 0.25310358
20000 0.44063753
20100 0.39369807
20200 0.47398728
20300 0.29786545
20400 0.5380294
20500 0.38648725
20600 0.5065291
20700 0.49269888
20800 0.56441694
20900 0.50958323
21000 0.3525102
21100 0.548264
21200 0.51278085
21300 0.33924043
21400 0.49022233
21500 0.35104036
21600 0.4404084
21700 0.39562237
21800 0.2869725
21900 0.27165967
22000 0.41682523
22100 0.41547772
22200 0.30812192
22300 0.5872735
22400 0.30602816
22500 0.48121727
22600 0.35596916
