0 6.0922728
100 4.119306
200 4.049222
300 4.1966095
400 4.4509945
500 4.4067674
600 4.342807
700 4.600223
800 4.801176
900 4.707856
1000 4.6532025
1100 4.5292306
1200 4.433129
1300 4.3662705
1400 4.514689
1500 4.5431705
1600 4.107502
1700 4.076311
1800 4.2104936
1900 4.2311945
2000 4.0268736
2100 3.8423936
2200 4.3049927
2300 3.5626273
2400 4.349931
2500 3.2662506
2600 4.1013002
2700 3.9466176
2800 3.9850783
2900 3.5565395
3000 3.4920735
3100 3.4172678
3200 3.5656152
3300 3.7429256
3400 3.73553
3500 3.7151854
3600 3.7969306
3700 3.7816563
3800 3.8564448
3900 4.330242
4000 3.7143896
4100 4.29114
4200 3.4266698
4300 3.80846
4400 4.004093
4500 3.717064
4600 3.4677806
4700 3.6640725
4800 3.295816
4900 3.6082525
5000 3.261899
5100 3.070692
5200 3.389266
5300 3.4662876
5400 3.5817118
5500 3.171676
5600 3.2378702
5700 3.1459756
5800 3.380312
5900 3.098676
6000 3.6546113
6100 3.4789062
6200 3.0797765
6300 3.2745738
6400 3.1771069
6500 3.466722
6600 3.7167847
6700 3.2452369
6800 3.2430634
6900 3.1436925
7000 3.2295306
7100 2.9852133
7200 3.2072058
7300 3.1198287
7400 3.4299133
7500 3.364895
7600 3.4829507
7700 3.5473409
7800 3.406445
7900 2.9295464
8000 2.901783
8100 3.0865319
8200 2.9511003
8300 3.1966794
8400 2.8632228
8500 3.032537
8600 3.028596
8700 3.2453814
8800 3.1768737
8900 2.792398
9000 2.8425183
9100 2.93205
9200 3.138621
9300 3.1184587
9400 3.05554
9500 2.8029404
9600 2.764286
9700 2.853178
9800 2.5026522
9900 2.8026588
10000 2.689303
10100 2.3890026
10200 3.0704787
10300 2.6648164
10400 3.1883926
10500 2.8360944
10600 2.6200955
10700 2.3083167
10800 2.6316626
10900 2.6336606
11000 2.6730862
11100 2.6645765
11200 2.6729288
11300 2.6870575
11400 2.910646
11500 2.7166162
11600 2.8652048
11700 2.8668623
11800 2.8480248
11900 2.01616
12000 2.6322143
12100 2.2044759
12200 2.2215369
12300 2.6269865
12400 2.8459
12500 2.5288355
12600 2.779871
12700 2.6248713
12800 2.6567352
12900 2.0026348
13000 2.3743968
13100 2.9531627
13200 2.6883988
13300 2.8028412
13400 2.9131994
13500 2.4449773
13600 2.7398586
13700 3.1350577
13800 2.504099
13900 2.943725
14000 2.7463212
14100 2.4247022
14200 2.4121413
14300 2.5754755
14400 2.5204763
14500 2.5288098
14600 2.7741446
14700 2.1704776
14800 2.2765517
14900 2.720183
15000 2.8254988
15100 3.2049744
15200 2.2929943
15300 2.3839114
15400 2.7086122
15500 2.52787
15600 2.4918747
15700 2.1607966
15800 2.652635
15900 2.3416367
16000 2.8683035
16100 2.3875017
16200 2.4265485
16300 2.4928765
16400 2.663411
16500 2.9033494
16600 2.5396647
16700 3.011527
16800 2.508948
16900 2.4127731
17000 2.2794333
17100 2.2496786
17200 2.7480583
17300 2.188272
17400 2.0569835
17500 2.294198
17600 2.9489794
17700 2.11743
17800 2.4320831
17900 2.6752317
18000 2.037198
18100 2.6038785
18200 2.918118
18300 2.9817271
18400 2.392951
18500 2.1972084
18600 2.6962194
18700 2.552449
18800 2.5960965
18900 2.4516182
19000 2.7180462
19100 2.089611
19200 2.7422256
19300 2.4973264
19400 2.15763
19500 2.400437
19600 2.4230473
19700 2.5014372
19800 2.2656007
19900 1.933803
20000 2.6007001
20100 2.2646604
20200 2.1953974
20300 2.2060385
20400 2.4622302
20500 2.2347064
20600 2.3377366
20700 2.308241
20800 2.466135
20900 2.6000443
21000 2.438789
21100 2.6362872
21200 2.1640663
21300 1.9616241
21400 2.9378483
21500 1.9859154
21600 2.5651631
21700 2.4068394
21800 2.148935
21900 2.2158747
22000 2.1672435
22100 2.3894281
22200 2.1924887
22300 2.5876818
22400 2.236659
22500 2.3509836
22600 2.3330393
