0 0.03125
100 0.34375
200 0.40625
300 0.28125
400 0.46875
500 0.4375
600 0.28125
700 0.40625
800 0.46875
900 0.53125
1000 0.375
1100 0.34375
1200 0.3125
1300 0.53125
1400 0.53125
1500 0.40625
1600 0.5625
1700 0.59375
1800 0.4375
1900 0.625
2000 0.3125
2100 0.46875
2200 0.65625
2300 0.46875
2400 0.40625
2500 0.6875
2600 0.375
2700 0.5625
2800 0.5625
2900 0.4375
3000 0.53125
3100 0.5625
3200 0.71875
3300 0.59375
3400 0.59375
3500 0.4375
3600 0.5
3700 0.34375
3800 0.5
3900 0.40625
4000 0.34375
4100 0.6875
4200 0.5
4300 0.5625
4400 0.5625
4500 0.5
4600 0.59375
4700 0.65625
4800 0.4375
4900 0.5
5000 0.625
5100 0.46875
5200 0.65625
5300 0.34375
5400 0.46875
5500 0.4375
5600 0.5625
5700 0.5625
5800 0.59375
5900 0.59375
6000 0.5625
6100 0.40625
6200 0.65625
6300 0.46875
6400 0.65625
6500 0.46875
6600 0.59375
6700 0.5625
6800 0.59375
6900 0.5625
7000 0.59375
7100 0.5
7200 0.5
7300 0.625
7400 0.625
7500 0.5625
7600 0.71875
7700 0.625
7800 0.71875
7900 0.625
8000 0.625
8100 0.5625
8200 0.625
8300 0.625
8400 0.78125
8500 0.65625
8600 0.625
8700 0.625
8800 0.65625
8900 0.625
9000 0.8125
9100 0.6875
9200 0.6875
9300 0.71875
9400 0.59375
9500 0.78125
9600 0.65625
9700 0.71875
9800 0.75
9900 0.84375
10000 0.6875
10100 0.78125
10200 0.65625
10300 0.71875
10400 0.75
10500 0.75
10600 0.875
10700 0.84375
10800 0.78125
10900 0.75
11000 0.9375
11100 0.84375
11200 0.75
11300 0.8125
11400 0.8125
11500 0.8125
11600 0.59375
11700 0.78125
11800 0.78125
11900 0.75
12000 0.8125
12100 0.625
12200 0.71875
12300 0.78125
12400 0.84375
12500 0.875
12600 0.75
12700 0.71875
12800 0.8125
12900 0.8125
13000 0.78125
13100 0.90625
13200 0.84375
13300 0.875
13400 0.625
13500 0.71875
13600 0.71875
13700 0.875
13800 0.75
13900 0.84375
14000 0.78125
14100 0.78125
14200 0.84375
14300 0.75
14400 0.8125
14500 0.75
14600 0.78125
14700 0.875
14800 0.71875
14900 0.78125
15000 0.84375
15100 0.90625
15200 0.84375
15300 0.78125
15400 0.875
15500 0.8125
15600 0.84375
15700 0.84375
15800 0.75
15900 1.0
16000 0.875
16100 0.8125
16200 0.875
16300 0.90625
16400 0.84375
16500 0.90625
16600 0.84375
16700 0.75
16800 0.75
16900 0.8125
