0 4.936609
100 3.3811128
200 2.655796
300 2.9014072
400 2.477446
500 2.341437
600 2.9410553
700 2.400911
800 2.3540533
900 2.340049
1000 2.0489223
1100 2.9643624
1200 3.1268263
1300 1.6240747
1400 2.3814776
1500 2.3282099
1600 2.050402
1700 1.6408738
1800 2.0059192
1900 1.8448243
2000 2.6372077
2100 2.0533426
2200 1.6319607
2300 2.3116093
2400 2.7792444
2500 1.3536284
2600 2.376669
2700 2.098581
2800 1.8444489
2900 2.9017277
3000 2.1180634
3100 2.0334084
3200 1.4157434
3300 1.514838
3400 2.0309224
3500 2.2008626
3600 2.458527
3700 3.3078048
3800 2.0256276
3900 2.1466682
4000 2.753727
4100 1.720136
4200 2.5794375
4300 1.8718196
4400 2.1851327
4500 2.0206516
4600 1.8064445
4700 1.3678709
4800 2.0572815
4900 1.7734352
5000 1.3391805
5100 2.6055949
5200 1.4281747
5300 2.3098323
5400 1.938716
5500 1.9006704
5600 1.6876264
5700 1.2250754
5800 2.1365907
5900 1.7250806
6000 1.8564547
6100 2.5327654
6200 1.3758514
6300 2.3669431
6400 1.6965799
6500 2.1123655
6600 1.4900869
6700 1.6250094
6800 1.5236559
6900 1.8948365
7000 1.7154294
7100 1.5152798
7200 1.7967829
7300 1.6219649
7400 1.5426658
7500 1.6396117
7600 1.0457424
7700 1.3727932
7800 1.3376487
7900 1.6280484
8000 1.4210411
8100 1.7890631
8200 1.439958
8300 1.3985655
8400 1.1140282
8500 1.438797
8600 1.6638197
8700 1.1874143
8800 1.4853337
8900 1.303887
9000 0.91119725
9100 1.3380638
9200 1.4619865
9300 1.0629381
9400 1.560849
9500 0.8716629
9600 1.4080589
9700 1.1636958
9800 1.2290834
9900 0.9158876
10000 1.3167926
10100 1.0298665
10200 1.6974294
10300 1.2874968
10400 1.4438186
10500 1.0252801
10600 0.83185077
10700 0.8141691
10800 1.1460134
10900 1.0346929
11000 0.5168756
11100 0.79464173
11200 0.9087689
11300 1.1569854
11400 0.8657479
11500 1.0343218
11600 1.7103319
11700 1.5622096
11800 0.9158599
11900 0.8485236
12000 1.0655732
12100 1.3729944
12200 0.98082274
12300 0.8217951
12400 0.8941081
12500 0.9695837
12600 1.0607508
12700 1.2447748
12800 0.7588817
12900 0.8983452
13000 0.90224177
13100 0.5338903
13200 1.1012737
13300 0.91542137
13400 1.3886142
13500 1.3482494
13600 1.0566515
13700 0.72034466
13800 0.8460099
13900 0.7775771
14000 0.7325113
14100 1.0163064
14200 0.84117967
14300 0.88170606
14400 0.9580287
14500 0.9629272
14600 0.7873005
14700 0.7563913
14800 0.9814001
14900 0.9731549
15000 0.7158445
15100 0.6099455
15200 0.82222307
15300 0.7453234
15400 0.74880594
15500 0.7408112
15600 0.8595208
15700 0.74517727
15800 1.0936478
15900 0.49229243
16000 0.69678813
16100 0.8203088
16200 0.85584533
16300 0.5047746
16400 0.8819233
16500 0.42724738
16600 0.6973949
16700 0.9490515
16800 0.9577721
16900 0.84838456
