0 3.4217963
100 2.3436089
200 1.8408575
300 2.0111022
400 1.7172347
500 1.6229606
600 2.0385842
700 1.6641848
800 1.6317054
900 1.6219983
1000 1.4202046
1100 2.0547395
1200 2.1673508
1300 1.1257228
1400 1.6507145
1500 1.6137922
1600 1.4212303
1700 1.137367
1800 1.3903973
1900 1.2787348
2000 1.8279731
2100 1.4232687
2200 1.131189
2300 1.6022855
2400 1.9264255
2500 0.9382637
2600 1.6473813
2700 1.4546255
2800 1.2784746
2900 2.0113244
3000 1.4681296
3100 1.4094512
3200 0.98131853
3300 1.0500057
3400 1.4077281
3500 1.5255218
3600 1.7041211
3700 2.2927957
3800 1.4040581
3900 1.487957
4000 1.9087381
4100 1.1923075
4200 1.7879299
4300 1.2974465
4400 1.5146186
4500 1.400609
4600 1.2521319
4700 0.94813585
4800 1.4259989
4900 1.2292516
5000 0.9282492
5100 1.8060608
5200 0.9899353
5300 1.6010538
5400 1.3438156
5500 1.3174443
5600 1.1697735
5700 0.8491576
5800 1.4809718
5900 1.1957347
6000 1.2867963
6100 1.7555792
6200 0.9536675
6300 1.64064
6400 1.1759796
6500 1.4641802
6600 1.0328496
6700 1.1263707
6800 1.0561178
6900 1.3134006
7000 1.1890451
7100 1.0503119
7200 1.245435
7300 1.1242604
7400 1.0692945
7500 1.1364923
7600 0.7248534
7700 0.95154774
7800 0.92718744
7900 1.1284772
8000 0.98499066
8100 1.240084
8200 0.9981028
8300 0.96941173
8400 0.7721855
8500 0.99729806
8600 1.1532719
8700 0.8230529
8800 1.0295548
8900 0.9037856
9000 0.6315938
9100 0.9274752
9200 1.0133718
9300 0.73677254
9400 1.0818981
9500 0.6041907
9600 0.975992
9700 0.8066125
9800 0.85193574
9900 0.6348449
10000 0.9127311
10100 0.71384907
10200 1.1765684
10300 0.8924248
10400 1.0007788
10500 0.71067
10600 0.576595
10700 0.56433904
10800 0.7943559
10900 0.71719444
11000 0.35827088
11100 0.55080366
11200 0.6299106
11300 0.8019612
11400 0.60009074
11500 0.71693724
11600 1.1855117
11700 1.0828412
11800 0.6348257
11900 0.58815175
12000 0.73859906
12100 0.9516872
12200 0.6798545
12300 0.56962496
12400 0.61974853
12500 0.6720642
12600 0.73525643
12700 0.86281216
12800 0.5260167
12900 0.62268543
13000 0.62538636
13100 0.37006456
13200 0.76334476
13300 0.6345217
13400 0.962514
13500 0.9345353
13600 0.73241496
13700 0.4993049
13800 0.5864094
13900 0.53897536
14000 0.5077381
14100 0.7044499
14200 0.58306134
14300 0.61115205
14400 0.6640549
14500 0.6674503
14600 0.54571515
14700 0.5242905
14800 0.6802547
14900 0.67453957
15000 0.4961856
15100 0.42278197
15200 0.5699216
15300 0.51661885
15400 0.5190327
15500 0.5134912
15600 0.5957744
15700 0.5165175
15800 0.7580589
15900 0.3412311
16000 0.48297673
16100 0.56859475
16200 0.5932268
16300 0.34988308
16400 0.6113027
16500 0.29614532
16600 0.4833973
16700 0.6578324
16800 0.663877
16900 0.5880554
