0 6.2659206
100 4.0691915
200 3.9115453
300 4.5516787
400 4.0713015
500 3.8538802
600 4.2692137
700 4.2480474
800 4.8137903
900 3.9709866
1000 4.3592777
1100 4.126192
1200 3.9938765
1300 3.6185832
1400 4.3620076
1500 4.3823833
1600 3.7924206
1700 3.7140172
1800 4.7944393
1900 3.4308586
2000 3.812994
2100 3.834413
2200 3.7530491
2300 4.1691008
2400 3.9131312
2500 3.6122813
2600 4.201601
2700 3.968749
2800 4.0051947
2900 3.6434813
3000 3.3747582
3100 3.4482298
3200 3.1911411
3300 3.441639
3400 3.288057
3500 3.4901395
3600 3.6802292
3700 3.5233037
3800 3.6451778
3900 3.432381
4000 3.7598476
4100 3.1942368
4200 3.6402512
4300 3.4460175
4400 3.1313539
4500 3.5381627
4600 3.456558
4700 3.4420877
4800 3.3804076
4900 3.7479868
5000 3.1627405
5100 3.1766875
5200 3.2348661
5300 3.1809452
5400 3.4568725
5500 3.6790323
5600 3.6412055
5700 2.7906423
5800 3.075467
5900 2.7328691
6000 3.488902
6100 3.4080627
6200 3.2492924
6300 3.251752
6400 2.7806897
6500 3.4389029
6600 3.1268642
6700 2.7757165
6800 3.04599
6900 3.331205
7000 3.021151
7100 2.986385
7200 3.1089652
7300 3.684514
7400 3.4276638
7500 3.2865489
7600 2.6317587
7700 3.3340626
7800 3.1510386
7900 3.3090935
8000 2.5784178
8100 3.2089567
8200 3.0767379
8300 3.055107
8400 2.7428584
8500 2.7967222
8600 3.368929
8700 2.937293
8800 3.1639752
8900 2.88158
9000 2.6149077
9100 2.8889399
9200 2.8958192
9300 2.763554
9400 3.284973
9500 2.2741299
9600 3.4007149
9700 2.8026013
9800 3.2153726
9900 2.580938
10000 2.4480178
10100 2.907832
10200 2.9879928
10300 2.88342
10400 3.540742
10500 3.1790175
10600 2.7149477
10700 2.8436382
10800 3.0687428
10900 2.9722004
11000 2.4269803
11100 2.5134788
11200 2.8466592
11300 2.8279276
11400 2.7812493
11500 2.7299886
11600 3.2364328
11700 3.3296385
11800 2.82517
11900 2.3355796
12000 2.8439808
12100 2.9471579
12200 2.864145
12300 2.8723314
12400 2.423828
12500 2.813475
12600 3.1577306
12700 2.9606185
12800 2.869759
12900 2.5261445
13000 2.2694516
13100 2.2291458
13200 3.138781
13300 2.7666242
13400 2.9060903
13500 2.5688252
13600 2.6829903
13700 2.5517783
13800 2.6702795
13900 2.5160544
14000 2.5809398
14100 2.7953389
14200 2.7805135
14300 2.324438
14400 2.6320238
14500 2.8065844
14600 2.4504082
14700 2.4350312
14800 2.581408
14900 2.5858686
15000 2.391027
15100 2.5967855
15200 2.5687919
15300 2.5229034
15400 2.580402
15500 2.3963757
15600 2.635365
15700 2.668233
15800 2.4838023
15900 2.4737048
16000 2.582596
16100 2.5353827
16200 2.214711
16300 2.1031072
16400 2.4457145
16500 1.948729
16600 2.6419764
16700 2.467937
16800 2.516722
16900 2.5661836
