0 8.105269
100 0.31373444
200 0.15588056
300 0.28876194
400 0.25777155
500 1.2539902
600 0.37980855
700 0.16999906
800 0.08736726
900 0.3547477
1000 0.1662697
1100 0.13803257
1200 0.2821187
1300 0.028786397
1400 0.12525307
1500 0.35194883
1600 0.27596748
1700 0.045508817
1800 0.39027196
1900 0.07632377
2000 0.023837762
2100 0.089933254
2200 0.033605587
2300 0.044777244
2400 0.06939952
2500 0.018925551
2600 0.025630614
2700 0.056386974
2800 0.072476305
2900 0.012947778
3000 0.26664677
3100 0.067436054
3200 0.2536969
3300 0.14851083
3400 0.07995863
3500 0.1455699
3600 0.02302022
3700 0.0067006955
3800 0.009858293
3900 0.052304734
4000 0.015079326
4100 0.0026019951
4200 0.039371546
4300 0.016944356
4400 0.07748411
4500 0.028805008
4600 0.041114748
4700 0.0058970554
4800 0.018275026
4900 0.14981648
5000 0.008265877
5100 0.05430138
5200 0.0058225994
5300 0.005075476
5400 0.03512332
5500 0.022335216
5600 0.026612503
5700 0.0032087872
5800 0.012724427
5900 0.020204239
6000 0.0045842
6100 0.008414295
6200 0.01604368
6300 0.12512137
6400 0.11445341
6500 0.05512766
6600 0.00953818
6700 0.16040456
6800 0.013303197
6900 0.037684113
7000 0.13100934
7100 0.101023585
7200 0.025338562
7300 0.027820848
7400 0.01227687
7500 0.012625125
7600 0.0033073889
7700 0.0026177163
7800 0.062205706
7900 0.00097319187
8000 0.0008618336
8100 0.0098048225
8200 0.07562697
8300 0.010480373
8400 0.015340692
8500 0.04379216
8600 0.007434156
8700 0.0072642737
8800 0.006061144
8900 0.040175095
9000 0.0044538397
9100 0.0024119741
9200 0.010591828
9300 0.0015082298
9400 0.0038591153
9500 0.00057866453
9600 0.01085933
9700 0.0066162148
9800 0.012873553
9900 0.019473324
10000 0.031437796
10100 0.0032069862
10200 0.010754111
10300 0.012736379
10400 0.010510877
10500 0.0048299497
10600 0.0059394585
10700 0.014087114
10800 0.0046718386
10900 0.002392363
11000 0.0058869286
11100 0.0073687457
11200 0.002688208
11300 0.022154419
11400 0.0017625481
11500 0.004043994
11600 0.0051140734
11700 0.0051642917
11800 0.0015882866
11900 0.0015053204
12000 0.0087156175
12100 0.001981541
12200 0.002547201
12300 0.006680105
12400 0.0036733337
12500 0.0041488716
12600 0.0048013064
12700 0.0047595976
12800 0.005304486
12900 0.0012625864
13000 0.0025575848
13100 0.004756177
13200 0.001687389
13300 0.00042801225
13400 0.005217125
13500 0.024727069
13600 0.006825682
13700 0.0005173565
13800 0.0013378237
13900 0.0033292463
14000 0.0070138825
14100 0.0022244598
14200 0.004957714
14300 0.0062655583
14400 0.0062864954
14500 0.005982123
14600 0.007942608
14700 0.004005527
14800 0.0021903208
14900 0.020242935
15000 0.0012133374
15100 0.00043725435
