0 5.6181445
100 0.21746415
200 0.10804816
300 0.20015453
400 0.17867362
500 0.86919975
600 0.26326323
700 0.117834374
800 0.06055837
900 0.24589238
1000 0.11524938
1100 0.09567689
1200 0.19554979
1300 0.01995321
1400 0.086818814
1500 0.24395233
1600 0.19128609
1700 0.03154431
1800 0.27051592
1900 0.052903607
2000 0.016523078
2100 0.06233698
2200 0.023293618
2300 0.03103722
2400 0.04810408
2500 0.013118193
2600 0.017765788
2700 0.03908447
2800 0.050236747
2900 0.008974716
3000 0.18482547
3100 0.04674311
3200 0.17584929
3300 0.10293986
3400 0.0554231
3500 0.100901365
3600 0.015956402
3700 0.004644568
3800 0.0068332483
3900 0.03625488
4000 0.010452192
4100 0.0018035655
4200 0.027290277
4300 0.011744933
4400 0.05370789
4500 0.01996611
4600 0.028498571
4700 0.0040875273
4800 0.012667283
4900 0.10384487
5000 0.0057294695
5100 0.03763885
5200 0.0040359185
5300 0.003518052
5400 0.024345629
5500 0.015481592
5600 0.018446382
5700 0.0022241618
5800 0.0088199
5900 0.014004511
6000 0.0031775255
6100 0.0058323443
6200 0.011120631
6300 0.08672752
6400 0.07933306
6500 0.038211584
6600 0.0066113626
6700 0.11118397
6800 0.009221073
6900 0.026120637
7000 0.09080876
7100 0.070024215
7200 0.017563352
7300 0.019283943
7400 0.008509678
7500 0.00875107
7600 0.0022925073
7700 0.0018144627
7800 0.04311771
7900 0.0006745652
8000 0.00059737754
8100 0.006796185
8200 0.05242062
8300 0.0072644413
8400 0.010633358
8500 0.03035441
8600 0.005152964
8700 0.005035211
8800 0.004201265
8900 0.027847253
9000 0.0030871665
9100 0.0016718531
9200 0.007341696
9300 0.0010454252
9400 0.002674935
9500 0.00040109968
9600 0.007527114
9700 0.0045860107
9800 0.008923267
9900 0.01349788
10000 0.02179102
10100 0.0022229136
10200 0.007454182
10300 0.0088281855
10400 0.0072855847
10500 0.003347866
10600 0.004116919
10700 0.009764443
10800 0.003238272
10900 0.0016582598
11000 0.004080508
11100 0.0051076254
11200 0.0018633237
11300 0.015356273
11400 0.0012217052
11500 0.002803083
11600 0.0035448056
11700 0.0035796142
11800 0.0011009164
11900 0.0010434086
12000 0.0060412055
12100 0.0013734996
12200 0.0017655853
12300 0.004630296
12400 0.002546161
12500 0.0028757788
12600 0.003328012
12700 0.0032991017
12800 0.0036767896
12900 0.00087515824
13000 0.0017727828
13100 0.0032967306
13200 0.0011696089
13300 0.00029667548
13400 0.0036162357
13500 0.017139498
13600 0.004731202
13700 0.0003586042
13800 0.0009273087
13900 0.0023076576
14000 0.004861653
14100 0.0015418781
14200 0.0034364257
14300 0.004342954
14400 0.0043574665
14500 0.0041464916
14600 0.005505396
14700 0.00277642
14800 0.0015182146
14900 0.014031334
15000 0.0008410214
15100 0.00030308162
