0 3.5501065
100 1.5941111
200 1.3576295
300 1.4387137
400 1.2965329
500 1.2680793
600 1.4918439
700 1.1082716
800 1.1264683
900 1.3880324
1000 1.3499405
1100 1.1594636
1200 1.2292047
1300 1.1047103
1400 1.3012838
1500 1.1789616
1600 1.1785605
1700 1.1294687
1800 1.070307
1900 1.1269819
2000 1.0742944
2100 1.2307566
2200 1.0879911
2300 1.1548073
2400 1.2234755
2500 1.068831
2600 1.0691037
2700 1.1388364
2800 1.1634951
2900 1.0509688
3000 1.1277633
3100 1.1995636
3200 1.0652227
3300 1.1855669
3400 1.1945122
3500 1.1869457
3600 1.0531113
3700 1.0286038
3800 1.0310532
3900 1.1081803
4000 1.0495292
4100 1.0109642
4200 1.1067163
4300 1.0517417
4400 1.0542588
4500 1.0913197
4600 1.1226836
4700 1.026115
4800 1.0654064
4900 1.046823
5000 1.0340226
5100 1.0734413
5200 1.0209646
5300 1.0174959
5400 1.093512
5500 1.0678172
5600 1.084456
5700 1.0156169
5800 1.0411717
5900 1.0600073
6000 1.0183846
6100 1.0322293
6200 1.0369627
6300 1.1021404
6400 1.0736102
6500 1.1107247
6600 1.0278852
6700 1.1432159
6800 1.0451488
6900 1.1039456
7000 1.0697391
7100 1.0573143
7200 1.0714998
7300 1.0769218
7400 1.0442028
7500 1.0444033
7600 1.0142062
7700 1.0129902
7800 1.0957906
7900 1.0057144
8000 1.0044261
8100 1.0316907
8200 1.1523583
8300 1.0345429
8400 1.0410852
8500 1.0651991
8600 1.0239673
8700 1.0262343
8800 1.0243546
8900 1.0802131
9000 1.019172
9100 1.0101285
9200 1.0371602
9300 1.0070223
9400 1.0150967
9500 1.0032728
9600 1.0284733
9700 1.0242457
9800 1.0314908
9900 1.0602089
10000 1.0799994
10100 1.013422
10200 1.0370276
10300 1.0421181
10400 1.0367659
10500 1.018805
10600 1.0177672
10700 1.0420055
10800 1.0168481
10900 1.0108442
11000 1.0231845
11100 1.0243462
11200 1.0123229
11300 1.0461161
11400 1.0083057
11500 1.0175127
11600 1.0195117
11700 1.020236
11800 1.0078115
11900 1.0074222
12000 1.0309057
12100 1.0091486
12200 1.0097427
12300 1.0263023
12400 1.015012
12500 1.0156784
12600 1.0130665
12700 1.0161335
12800 1.0220749
12900 1.0056252
13000 1.0107172
13100 1.0175207
13200 1.007764
13300 1.0024111
13400 1.0202601
13500 1.0768766
13600 1.0282729
13700 1.0028524
13800 1.0063261
13900 1.0130131
14000 1.0286188
14100 1.009186
14200 1.019386
14300 1.018381
14400 1.0234481
14500 1.0209262
14600 1.0279117
14700 1.0156169
14800 1.0092354
14900 1.0712895
15000 1.0056409
15100 1.0024104
