0 0.125
100 0.1875
200 0.34375
300 0.28125
400 0.34375
500 0.25
600 0.21875
700 0.28125
800 0.34375
900 0.34375
1000 0.5
1100 0.25
1200 0.34375
1300 0.375
1400 0.28125
1500 0.4375
1600 0.375
1700 0.4375
1800 0.40625
1900 0.375
2000 0.46875
2100 0.21875
2200 0.3125
2300 0.34375
2400 0.5
2500 0.34375
2600 0.40625
2700 0.4375
2800 0.40625
2900 0.53125
3000 0.5
3100 0.5
3200 0.34375
3300 0.34375
3400 0.40625
3500 0.40625
3600 0.4375
3700 0.5625
3800 0.5625
3900 0.4375
4000 0.53125
4100 0.40625
4200 0.4375
4300 0.4375
4400 0.46875
4500 0.46875
4600 0.5625
4700 0.625
4800 0.5
4900 0.53125
5000 0.5625
5100 0.59375
5200 0.65625
5300 0.4375
5400 0.5625
5500 0.4375
5600 0.59375
5700 0.59375
5800 0.4375
5900 0.5625
6000 0.5
6100 0.46875
6200 0.625
6300 0.625
6400 0.53125
6500 0.53125
6600 0.6875
6700 0.625
6800 0.40625
6900 0.5
7000 0.5
7100 0.625
7200 0.59375
7300 0.53125
7400 0.5625
7500 0.5625
7600 0.5
7700 0.6875
7800 0.625
7900 0.65625
8000 0.46875
8100 0.75
8200 0.625
8300 0.53125
8400 0.59375
8500 0.59375
8600 0.65625
8700 0.53125
8800 0.5
8900 0.59375
9000 0.625
9100 0.625
9200 0.78125
9300 0.625
9400 0.59375
9500 0.65625
9600 0.71875
9700 0.71875
9800 0.625
9900 0.5625
10000 0.6875
10100 0.625
10200 0.59375
10300 0.59375
10400 0.75
10500 0.6875
10600 0.75
10700 0.65625
10800 0.59375
10900 0.78125
11000 0.71875
11100 0.8125
11200 0.8125
11300 0.78125
11400 0.8125
11500 0.6875
11600 0.8125
11700 0.78125
11800 0.625
11900 0.65625
12000 0.6875
12100 0.71875
12200 0.71875
12300 0.59375
12400 0.71875
12500 0.59375
12600 0.59375
12700 0.75
12800 0.75
12900 0.75
13000 0.6875
13100 0.65625
13200 0.71875
13300 0.78125
13400 0.6875
13500 0.875
13600 0.90625
13700 0.78125
13800 0.875
13900 0.75
14000 0.90625
14100 0.8125
14200 0.8125
14300 0.75
14400 0.78125
14500 0.875
14600 0.75
14700 0.8125
14800 0.75
14900 0.78125
15000 0.8125
15100 0.8125
15200 0.6875
15300 0.78125
15400 0.6875
15500 0.75
15600 0.78125
15700 0.78125
15800 0.84375
15900 0.75
16000 0.78125
16100 0.84375
16200 0.8125
16300 0.78125
16400 0.75
16500 0.78125
16600 0.8125
16700 0.875
16800 0.75
16900 0.9375
17000 0.8125
17100 0.875
17200 0.875
17300 0.8125
17400 0.8125
17500 0.875
17600 0.84375
17700 0.8125
17800 0.78125
17900 0.8125
18000 0.875
18100 0.84375
18200 0.75
18300 0.75
18400 0.75
18500 0.84375
18600 0.75
18700 0.78125
18800 0.78125
18900 0.71875
19000 0.6875
19100 0.8125
19200 0.8125
19300 0.75
