0 3.4423382
100 4.8411818
200 3.1058292
300 3.407689
400 2.7583313
500 2.8943717
600 4.33244
700 4.263957
800 2.8423307
900 2.7909985
1000 2.7815127
1100 3.2923272
1200 2.7948072
1300 3.075433
1400 3.724999
1500 2.0570173
1600 3.6504037
1700 2.6404057
1800 3.072557
1900 2.9492865
2000 3.4970691
2100 3.6835384
2200 3.2389011
2300 3.299247
2400 2.0708635
2500 2.34486
2600 2.0688329
2700 2.756758
2800 2.14404
2900 2.3143356
3000 2.1033802
3100 2.1408362
3200 2.2143269
3300 2.686167
3400 2.1787598
3500 2.7191722
3600 2.2789593
3700 2.4905853
3800 2.464758
3900 2.4525313
4000 2.3117752
4100 2.7572882
4200 2.1676211
4300 2.199994
4400 2.1283543
4500 2.692406
4600 2.2360282
4700 1.8845463
4800 1.8240556
4900 2.3232083
5000 1.7386402
5100 1.8574855
5200 1.9068459
5300 2.1680126
5400 1.7694077
5500 2.1296422
5600 1.7541987
5700 1.6360152
5800 2.3443532
5900 1.9922525
6000 1.8689282
6100 2.0142686
6200 1.3576449
6300 2.0625455
6400 2.0263975
6500 2.183374
6600 1.3325696
6700 1.5441837
6800 2.2653623
6900 2.2237418
7000 2.770144
7100 1.4727416
7200 2.0727484
7300 1.7028548
7400 1.7187626
7500 2.4931433
7600 2.1371727
7700 1.3299708
7800 1.8623087
7900 1.493766
8000 2.3052692
8100 1.3518447
8200 1.6979337
8300 1.4398986
8400 1.5060452
8500 1.4781303
8600 1.5506984
8700 1.5774983
8800 2.184744
8900 1.8315932
9000 1.4154694
9100 1.8581672
9200 0.9933071
9300 1.7562726
9400 1.7258728
9500 1.419929
9600 1.1524863
9700 1.3234487
9800 1.7096459
9900 1.6780101
10000 1.412026
10100 1.6690999
10200 2.1226041
10300 1.4435408
10400 1.1174824
10500 1.174732
10600 1.0530221
10700 1.1779693
10800 1.3367018
10900 1.3003894
11000 1.3500859
11100 0.88229233
11200 1.0268722
11300 1.4064138
11400 0.9717201
11500 1.39209
11600 1.3720598
11700 0.86340433
11800 1.449326
11900 1.1354688
12000 1.6042047
12100 1.0695964
12200 1.2670358
12300 1.5964342
12400 1.306417
12500 1.6483135
12600 1.3913796
12700 1.2072809
12800 1.1587474
12900 1.3208534
13000 1.4667238
13100 1.3514844
13200 1.0778465
13300 1.1312693
13400 1.114881
13500 0.69795257
13600 0.65777713
13700 1.1388018
13800 0.7731523
13900 1.0718952
14000 0.6555979
14100 0.73072916
14200 0.93303806
14300 1.1351218
14400 0.86373824
14500 0.54682505
14600 1.1208262
14700 0.8685404
14800 1.0683781
14900 0.98462164
15000 1.2422241
15100 0.95790994
15200 1.3944784
15300 0.9482996
15400 1.1130383
15500 1.0704699
15600 0.914311
15700 0.73936474
15800 0.9771515
15900 1.4203398
16000 1.0469707
16100 0.8373242
16200 0.8015685
16300 0.95913225
16400 0.9985438
16500 0.9441196
16600 0.8582579
16700 0.60073686
16800 1.1679019
16900 0.6377433
17000 0.7986143
17100 0.7989381
17200 0.665615
17300 0.8041522
17400 0.7551117
17500 0.8245258
17600 0.8979682
17700 0.75147027
17800 1.0659125
17900 0.8742083
18000 0.80986404
18100 0.67608124
18200 1.0376827
18300 0.84721
18400 0.8278605
18500 0.7775043
18600 0.8863355
18700 0.98629934
18800 0.9278696
18900 1.1171528
19000 1.0748158
19100 0.7533973
19200 0.80944693
19300 1.2178602
