0 2.3860471
100 3.3556516
200 2.1527967
300 2.36203
400 1.9119296
500 2.0062256
600 3.0030184
700 2.9555497
800 1.9701536
900 1.9345727
1000 1.9279977
1100 2.2820673
1200 1.9372127
1300 2.1317277
1400 2.5819726
1500 1.4258157
1600 2.530267
1700 1.8301897
1800 2.1297343
1900 2.0442896
2000 2.4239836
2100 2.5532343
2200 2.2450352
2300 2.2868638
2400 1.4354131
2500 1.6253332
2600 1.4340057
2700 1.9108391
2800 1.4861354
2900 1.6041752
3000 1.457952
3100 1.4839146
3200 1.5348544
3300 1.8619092
3400 1.5102012
3500 1.8847866
3600 1.5796542
3700 1.7263422
3800 1.70844
3900 1.6999652
4000 1.6024005
4100 1.9112066
4200 1.5024805
4300 1.5249196
4400 1.4752628
4500 1.8662336
4600 1.5498967
4700 1.306268
4800 1.264339
4900 1.6103253
5000 1.2051336
5100 1.2875109
5200 1.3217249
5300 1.5027518
5400 1.22646
5500 1.4761555
5600 1.2159178
5700 1.1339993
5800 1.6249819
5900 1.3809242
6000 1.2954423
6100 1.3961846
6200 0.9410478
6300 1.4296477
6400 1.4045917
6500 1.5133995
6600 0.92366683
6700 1.0703466
6800 1.5702294
6900 1.5413803
7000 1.9201175
7100 1.0208267
7200 1.4367197
7300 1.180329
7400 1.1913555
7500 1.7281152
7600 1.4813752
7700 0.9218655
7800 1.2908541
7900 1.0353997
8000 1.5978909
8100 0.93702734
8200 1.1769179
8300 0.99806166
8400 1.043911
8500 1.0245619
8600 1.0748622
8700 1.0934385
8800 1.514349
8900 1.2695637
9000 0.98112863
9100 1.2879833
9200 0.68850803
9300 1.2173554
9400 1.1962838
9500 0.9842198
9600 0.79884267
9700 0.9173447
9800 1.1850362
9900 1.163108
10000 0.9787419
10100 1.1569319
10200 1.4712771
10300 1.0005863
10400 0.77457976
10500 0.81426215
10600 0.72989935
10700 0.81650615
10800 0.9265311
10900 0.9013613
11000 0.9358082
11100 0.61155844
11200 0.7117735
11300 0.9748518
11400 0.67354506
11500 0.9649232
11600 0.95103943
11700 0.5984663
11800 1.0045962
11900 0.787047
12000 1.1119499
12100 0.7413877
12200 0.8782423
12300 1.1065639
12400 0.9055393
12500 1.1425239
12600 0.9644308
12700 0.83682334
12800 0.8031825
12900 0.91554576
13000 1.0166554
13100 0.9367776
13200 0.7471063
13300 0.7841362
13400 0.77277666
13500 0.48378387
13600 0.45593637
13700 0.78935724
13800 0.53590834
13900 0.7429812
14000 0.45442587
14100 0.50650287
14200 0.6467327
14300 0.78680646
14400 0.5986977
14500 0.37903023
14600 0.77689755
14700 0.60202634
14800 0.74054325
14900 0.6824877
15000 0.8610441
15100 0.66397256
15200 0.96657884
15300 0.6573112
15400 0.7714994
15500 0.7419932
15600 0.6337521
15700 0.5124886
15800 0.6773098
15900 0.9845046
16000 0.72570485
16100 0.5803889
16200 0.55560493
16300 0.66481984
16400 0.69213784
16500 0.6544138
16600 0.59489906
16700 0.41639906
16800 0.80952793
16900 0.44204995
17000 0.5535573
17100 0.5537817
17200 0.4613692
17300 0.5573958
17400 0.5234035
17500 0.5715177
17600 0.6224241
17700 0.5208795
17800 0.7388342
17900 0.605955
18000 0.561355
18100 0.46862382
18200 0.71926683
18300 0.58724123
18400 0.5738292
18500 0.53892493
18600 0.6143609
18700 0.6836506
18800 0.6431502
18900 0.7743513
19000 0.74500555
19100 0.5222152
19200 0.56106585
19300 0.8441564
