0 9.574829
100 3.3079422
200 3.8750205
300 4.323119
400 3.611479
500 4.639878
600 3.6738963
700 3.6934958
800 3.5144143
900 3.88269
1000 3.276257
1100 3.920837
1200 3.3999023
1300 3.518826
1400 3.7218251
1500 3.588727
1600 3.1035218
1700 3.0128455
1800 3.5481253
1900 3.7657397
2000 2.8732052
2100 3.0450377
2200 3.3621564
2300 2.6715298
2400 4.070485
2500 3.6490397
2600 3.9013953
2700 4.145688
2800 3.833374
2900 4.0557756
3000 4.380173
3100 3.9736757
3200 3.9685442
3300 3.7034454
3400 4.0137644
3500 3.1934347
3600 3.651783
3700 3.504147
3800 3.3279452
3900 3.5882812
4000 3.3742528
4100 3.044856
4200 3.1123495
4300 3.7622428
4400 3.5315459
4500 3.622725
4600 3.2187705
4700 3.2179358
4800 3.2152197
4900 3.4122713
5000 3.6396687
5100 3.863612
5200 4.1536136
5300 3.364018
5400 3.5397177
5500 4.475112
5600 3.6976376
5700 3.6026173
5800 3.839599
5900 3.8481984
6000 3.6970134
6100 3.6723886
6200 3.511282
6300 3.0558422
6400 3.3386161
6500 3.4831686
6600 3.4655235
6700 2.9620032
6800 3.6163702
6900 3.645474
7000 3.560018
7100 3.4690607
7200 3.5013704
7300 3.5155811
7400 3.3750148
7500 4.039438
7600 3.4153051
7700 3.1705387
7800 3.1267624
7900 3.158375
8000 3.6187012
8100 2.8849916
8200 3.2370183
8300 3.6442711
8400 3.5130212
8500 3.4976544
8600 3.3313107
8700 3.5459306
8800 3.4528604
8900 3.3863645
9000 3.135818
9100 3.5533438
9200 3.0924573
9300 3.3610752
9400 3.295445
9500 3.1857977
9600 2.5732946
9700 2.6571798
9800 3.3712223
9900 2.882644
10000 3.1889575
10100 3.2358203
10200 2.808197
10300 3.1633878
10400 3.3478649
10500 3.265563
10600 2.61088
10700 3.0914745
10800 3.5718017
10900 3.0362158
11000 3.272563
11100 2.5104594
11200 3.0622492
11300 2.8481817
11400 2.4781508
11500 3.0879626
11600 2.8557053
11700 2.7999804
11800 3.2807572
11900 3.004154
12000 2.9385746
12100 2.7979817
12200 2.9910922
12300 3.4318554
12400 3.240316
12500 3.5806484
12600 2.9404187
12700 2.6674018
12800 3.1358411
12900 3.1488972
13000 2.7988138
13100 3.3239024
13200 2.5046353
13300 3.1300187
13400 3.1501956
13500 2.57461
13600 2.3507767
13700 2.9530213
13800 2.6281435
13900 2.6337466
14000 2.3639522
14100 2.743908
14200 2.8397846
14300 2.7986789
14400 2.632895
14500 2.3282523
14600 3.6624906
14700 2.5001054
14800 3.0965524
14900 3.186698
15000 2.5663624
15100 2.8933225
15200 2.9965482
15300 2.9276333
15400 3.0588393
15500 3.0756214
15600 2.980391
15700 2.4224768
15800 3.3813598
15900 3.1865058
16000 2.784782
16100 2.8202538
16200 2.9127898
16300 2.8605683
16400 2.9051833
16500 2.8361886
16600 2.9203825
16700 2.3404279
16800 2.96626
16900 2.6568668
17000 2.4707003
17100 2.724538
17200 2.3695211
17300 2.8737173
17400 2.4967942
17500 2.7918324
17600 2.8919177
17700 2.5595121
17800 2.8170772
17900 2.76896
18000 2.92374
18100 2.5779061
18200 2.8266747
18300 3.0739675
18400 3.0514972
18500 2.3823543
18600 2.6345446
18700 2.4257069
18800 2.6721087
18900 3.049395
19000 2.9730475
19100 2.6588101
19200 2.9349213
19300 2.830185
