0 3.1949677
100 0.51620215
200 0.27924603
300 0.3436909
400 0.19618806
500 0.24700125
600 0.39021444
700 0.642952
800 0.1883284
900 0.1558146
1000 0.06915386
1100 0.13006353
1200 0.1859454
1300 0.0203293
1400 0.07343116
1500 0.008325116
1600 0.12764293
1700 0.17040302
1800 0.07907568
1900 0.2228427
2000 0.024895484
2100 0.18384479
2200 0.13320717
2300 0.041212954
2400 0.05644781
2500 0.08567384
2600 0.093955055
2700 0.108653575
2800 0.46151513
2900 0.21275221
3000 0.19910477
3100 0.12626314
3200 0.09192507
3300 0.05833558
3400 0.041562676
3500 0.0352911
3600 0.01637201
3700 0.0873531
3800 0.07331139
3900 0.08479646
4000 0.06265479
4100 0.006576437
4200 0.17820553
4300 0.06987529
4400 0.036829088
4500 0.38288993
4600 0.07259893
4700 0.114988826
4800 0.39733604
4900 0.13342077
5000 0.27194506
5100 0.20450051
5200 0.044448514
5300 0.026442388
5400 0.0019269827
5500 0.0023513597
5600 0.4496949
5700 0.025468636
5800 0.005462156
5900 0.07912535
6000 0.20838973
6100 0.23218726
6200 0.005697923
6300 0.057035476
6400 0.17731708
6500 0.05989508
6600 0.002162078
6700 0.039850682
6800 0.3377136
6900 0.045373205
7000 0.0040929774
7100 0.29516104
7200 0.0021596083
7300 0.01494638
7400 0.00048943417
7500 0.037646472
7600 0.26868108
7700 0.00083783467
7800 0.034864392
7900 0.004629419
8000 0.040498987
8100 0.05882258
8200 9.1523885e-05
8300 0.21059167
8400 0.0006376659
8500 0.0025453605
8600 0.0015355747
8700 0.015541075
8800 0.0065497025
8900 0.0022233324
9000 0.045018554
9100 0.0011592995
9200 0.00052527746
9300 0.008707603
9400 0.32680112
9500 0.0011156257
9600 0.0009945213
9700 0.001871791
9800 0.02913509
9900 0.026679492
10000 0.022584977
10100 0.013999743
10200 0.0042715184
10300 0.001519462
10400 0.00034023784
10500 0.0010375935
10600 0.0013189946
10700 0.0011243462
10800 0.0016623613
10900 0.003150192
11000 0.002907496
11100 0.089294665
11200 0.00022664401
11300 0.0004405076
11400 0.040660836
11500 0.0028187085
11600 0.0018333597
11700 0.0023268869
11800 0.025160065
11900 0.0043772548
12000 0.0032392498
12100 0.00038129342
12200 1.7923097e-05
12300 0.00031854605
12400 1.8911967e-05
12500 0.00017523475
12600 0.008439667
12700 0.0012279071
12800 0.00028648414
12900 0.0009424034
13000 0.00032511266
13100 0.00042589026
13200 0.0010877411
13300 0.00026182889
13400 0.0009990843
13500 2.2807297e-05
13600 0.008607587
13700 2.6714955e-05
13800 0.0048087086
13900 4.8620128e-05
14000 0.007198452
14100 0.0012210222
14200 0.00022550186
14300 4.0291532e-05
14400 0.0049156495
14500 0.00021861965
14600 0.0037019346
14700 0.00096957444
14800 0.00073875
14900 0.0005748483
15000 0.002482155
