0 2.214583
100 0.35780406
200 0.1935586
300 0.23822838
400 0.1359872
500 0.17120822
600 0.27047604
700 0.44566038
800 0.1305393
900 0.108002454
1000 0.047933802
1100 0.09015317
1200 0.12888753
1300 0.014091197
1400 0.0508986
1500 0.0057705306
1600 0.08847534
1700 0.118114375
1800 0.054811083
1900 0.15446278
2000 0.017256234
2100 0.1274315
2200 0.09233218
2300 0.028566644
2400 0.039126642
2500 0.05938458
2600 0.06512468
2700 0.07531292
2800 0.31989792
2900 0.1474686
3000 0.1380089
3100 0.087518945
3200 0.0637176
3300 0.040435143
3400 0.028809052
3500 0.024461929
3600 0.011348212
3700 0.06054856
3800 0.050815582
3900 0.058776427
4000 0.043428995
4100 0.004558439
4200 0.12352266
4300 0.048433863
4400 0.025527978
4500 0.26539907
4600 0.050321743
4700 0.07970418
4800 0.27541235
4900 0.09248023
5000 0.18849796
5100 0.14174895
5200 0.030809361
5300 0.018328467
5400 0.0013356826
5500 0.0016298384
5600 0.31170475
5700 0.017653514
5800 0.0037860782
5900 0.054845516
6000 0.14444475
6100 0.16093995
6200 0.003949499
6300 0.03953398
6400 0.12290684
6500 0.041516107
6600 0.0014986383
6700 0.027622387
6800 0.23408523
6900 0.03145031
7000 0.0028370358
7100 0.20459004
7200 0.0014969264
7300 0.010360041
7400 0.0003392499
7500 0.026094547
7600 0.18623553
7700 0.0005807427
7800 0.024166156
7900 0.003208869
8000 0.02807176
8100 0.040772706
8200 6.3439526e-05
8300 0.14597103
8400 0.00044199632
8500 0.0017643095
8600 0.0010643792
8700 0.010772252
8800 0.004539908
8900 0.0015410966
9000 0.031204483
9100 0.0008035652
9200 0.0003640946
9300 0.0060356506
9400 0.22652127
9500 0.00077329285
9600 0.00068934966
9700 0.0012974266
9800 0.020194905
9900 0.018492814
10000 0.015654713
10100 0.009703883
10200 0.0029607909
10300 0.0010532108
10400 0.0002358349
10500 0.000719205
10600 0.00091425737
10700 0.00077933737
10800 0.001152261
10900 0.0021835468
11000 0.0020153227
11100 0.061894346
11200 0.00015709766
11300 0.0003053366
11400 0.028183945
11500 0.00195378
11600 0.0012707881
11700 0.0016128751
11800 0.017439628
11900 0.0030340818
12000 0.002245277
12100 0.00026429247
12200 1.2423345e-05
12300 0.0002207993
12400 1.3108777e-05
12500 0.00012146347
12600 0.0058499314
12700 0.0008511204
12800 0.00019857567
12900 0.00065322424
13000 0.00022535093
13100 0.00029520463
13200 0.00075396465
13300 0.00018148596
13400 0.0006925125
13500 1.5808813e-05
13600 0.0059663244
13700 1.8517396e-05
13800 0.0033331427
13900 3.3700904e-05
14000 0.004989587
14100 0.0008463481
14200 0.00015630598
14300 2.7927961e-05
14400 0.0034072686
14500 0.0001515356
14600 0.0025659855
14700 0.0006720578
14800 0.00051206246
14900 0.0003984545
15000 0.0017204988
