0 9.541489
100 1.7010901
200 1.3326156
300 1.4675808
400 1.1778961
500 1.4461037
600 1.2793323
700 1.2273622
800 1.3858727
900 1.184557
1000 1.1706932
1100 1.1784068
1200 1.157811
1300 1.0664039
1400 1.0827656
1500 1.0290781
1600 1.2304728
1700 1.2039745
1800 1.1670673
1900 1.2640343
2000 1.0718966
2100 1.3062558
2200 1.1711562
2300 1.1000718
2400 1.118552
2500 1.0713423
2600 1.1799085
2700 1.0535451
2800 1.1054976
2900 1.0488708
3000 1.1373998
3100 1.1356978
3200 1.1262405
3300 1.1271887
3400 1.0718681
3500 1.0848465
3600 1.043785
3700 1.1662425
3800 1.0588028
3900 1.1502043
4000 1.0752903
4100 1.0247627
4200 1.038089
4300 1.0883882
4400 1.0990148
4500 1.0627924
4600 1.1083288
4700 1.0571172
4800 1.0790572
4900 1.2200515
5000 1.1361835
5100 1.0525095
5200 1.0980772
5300 1.0717069
5400 1.0087874
5500 1.0104086
5600 1.0148673
5700 1.072626
5800 1.0179814
5900 1.1094091
6000 1.0523367
6100 1.0134324
6200 1.0144181
6300 1.0729268
6400 1.0370488
6500 1.0421534
6600 1.008674
6700 1.0776742
6800 1.0629418
6900 1.053829
7000 1.0160904
7100 1.038217
7200 1.0092078
7300 1.043384
7400 1.0026958
7500 1.0523272
7600 1.048969
7700 1.0036644
7800 1.0609771
7900 1.0152812
8000 1.050502
8100 1.0603254
8200 1.0005937
8300 1.0109781
8400 1.0034745
8500 1.0105938
8600 1.0061874
8700 1.0336947
8800 1.0221963
8900 1.009222
9000 1.0661393
9100 1.0057299
9200 1.0023768
9300 1.0258269
9400 1.0130632
9500 1.0046815
9600 1.0044454
9700 1.0071989
9800 1.0520006
9900 1.0403914
10000 1.0463226
10100 1.0321809
10200 1.0141623
10300 1.0071774
10400 1.0017624
10500 1.0042558
10600 1.0054783
10700 1.0044403
10800 1.0065243
10900 1.0122961
11000 1.010201
11100 1.0164967
11200 1.0012393
11300 1.0021558
11400 1.0564224
11500 1.0097075
11600 1.0070176
11700 1.0073423
11800 1.0584905
11900 1.0122019
12000 1.0120809
12100 1.0019569
12200 1.0001359
12300 1.0016017
12400 1.0001442
12500 1.0010247
12600 1.0252786
12700 1.0052173
12800 1.0013725
12900 1.0047656
13000 1.001735
13100 1.0020001
13200 1.0049367
13300 1.0015376
13400 1.0045466
13500 1.0001669
13600 1.0280781
13700 1.0001985
13800 1.0190645
13900 1.0003273
14000 1.0194237
14100 1.004524
14200 1.001194
14300 1.0002753
14400 1.0195076
14500 1.001221
14600 1.0154154
14700 1.0040731
14800 1.0033653
14900 1.0026335
15000 1.0090935
