0 0.043750003
100 0.40000004
200 0.421875
300 0.49062496
400 0.465625
500 0.5343751
600 0.55
700 0.48125005
800 0.471875
900 0.515625
1000 0.5125
1100 0.45937502
1200 0.515625
1300 0.47812498
1400 0.5625
1500 0.54062504
1600 0.484375
1700 0.46875
1800 0.515625
1900 0.53125
2000 0.55625
2100 0.50625
2200 0.47499996
2300 0.55625
2400 0.53437495
2500 0.471875
2600 0.521875
2700 0.52812505
2800 0.53437495
2900 0.56875
3000 0.49687505
3100 0.46875
3200 0.509375
3300 0.584375
3400 0.50937504
3500 0.47812504
3600 0.546875
3700 0.51875
3800 0.5
3900 0.46562502
4000 0.534375
4100 0.55
4200 0.55625004
4300 0.58124995
4400 0.55937505
4500 0.521875
4600 0.57187504
4700 0.57187504
4800 0.63125
4900 0.584375
5000 0.64375
5100 0.49375
5200 0.475
5300 0.509375
5400 0.56562495
5500 0.62187505
5600 0.559375
5700 0.54375
5800 0.503125
5900 0.521875
6000 0.521875
6100 0.534375
6200 0.53125
6300 0.55
6400 0.49062502
6500 0.565625
6600 0.559375
6700 0.51875
6800 0.475
6900 0.575
7000 0.51874995
7100 0.52187496
7200 0.565625
7300 0.559375
7400 0.47812504
7500 0.546875
7600 0.503125
7700 0.575
7800 0.55625
7900 0.53125
8000 0.57187504
8100 0.553125
8200 0.578125
8300 0.58125
8400 0.5625
8500 0.53125
8600 0.575
8700 0.553125
8800 0.490625
8900 0.50937504
9000 0.55625
9100 0.53125
9200 0.54375
9300 0.55
9400 0.4875
9500 0.56250006
9600 0.584375
9700 0.58125
9800 0.5625
9900 0.51875
10000 0.509375
10100 0.54999995
10200 0.590625
10300 0.565625
10400 0.528125
10500 0.503125
10600 0.53125
10700 0.5125
10800 0.62187505
10900 0.59375006
11000 0.56875
11100 0.57187504
11200 0.51875
11300 0.53124994
11400 0.54062504
11500 0.49375
11600 0.52500004
11700 0.496875
11800 0.5343751
11900 0.5375
12000 0.553125
12100 0.50000006
12200 0.54062504
12300 0.59999996
12400 0.5375
12500 0.46875
12600 0.546875
12700 0.578125
12800 0.52812505
12900 0.534375
13000 0.496875
13100 0.5375
13200 0.59687495
13300 0.503125
13400 0.540625
13500 0.534375
13600 0.52500004
13700 0.528125
13800 0.53125
13900 0.5
14000 0.54375
14100 0.525
14200 0.48437506
14300 0.571875
14400 0.55
14500 0.528125
14600 0.559375
14700 0.55
14800 0.57500005
14900 0.55
15000 0.546875
15100 0.571875
15200 0.584375
15300 0.55937505
15400 0.521875
15500 0.5375
15600 0.565625
15700 0.55625
15800 0.5
15900 0.50625
16000 0.5875
16100 0.584375
16200 0.58125
16300 0.46562496
16400 0.57187504
16500 0.578125
16600 0.59062505
16700 0.51250005
16800 0.5625
16900 0.503125
17000 0.55312496
17100 0.59375
17200 0.52500004
17300 0.5500001
17400 0.540625
17500 0.559375
17600 0.603125
17700 0.59062505
17800 0.50625
17900 0.540625
18000 0.565625
18100 0.53125
18200 0.575
18300 0.48437497
18400 0.54062504
18500 0.59375
18600 0.53749996
18700 0.54375
18800 0.578125
18900 0.625
19000 0.584375
19100 0.534375
19200 0.59375
19300 0.553125
19400 0.525
19500 0.5625
19600 0.584375
19700 0.56875
19800 0.609375
19900 0.60625005
20000 0.52187496
20100 0.578125
20200 0.53125
20300 0.57500005
20400 0.5656251
20500 0.565625
20600 0.51250005
20700 0.58437496
20800 0.55312496
20900 0.540625
21000 0.615625
21100 0.58124995
21200 0.54375
21300 0.53749996
21400 0.5625
21500 0.6125
21600 0.515625
21700 0.59375
21800 0.575
21900 0.5812501
22000 0.55625
22100 0.54375005
22200 0.5875
22300 0.534375
22400 0.54375
22500 0.5625
22600 0.63125
22700 0.54062504
22800 0.575
22900 0.534375
23000 0.47187504
23100 0.57500005
23200 0.54062504
23300 0.559375
23400 0.615625
23500 0.61875
23600 0.534375
23700 0.5625
23800 0.57500005
23900 0.5625
24000 0.55625004
24100 0.5625
24200 0.578125
24300 0.58125
24400 0.51875
24500 0.63750005
24600 0.53437495
24700 0.559375
24800 0.55937505
24900 0.52500004
25000 0.58750004
25100 0.540625
25200 0.6
25300 0.58750004
25400 0.590625
25500 0.553125
25600 0.57187504
25700 0.53125
25800 0.534375
25900 0.54375
26000 0.515625
26100 0.5625
26200 0.534375
26300 0.584375
26400 0.53125
26500 0.57812506
26600 0.57187504
26700 0.546875
26800 0.596875
26900 0.55625004
27000 0.565625
27100 0.609375
27200 0.57500005
27300 0.61562496
27400 0.553125
27500 0.56875
27600 0.534375
27700 0.57187504
27800 0.578125
27900 0.584375
28000 0.596875
28100 0.56562495
28200 0.471875
28300 0.5875
28400 0.490625
28500 0.546875
28600 0.53437495
28700 0.59062505
28800 0.55625004
28900 0.47812504
29000 0.54687506
29100 0.540625
29200 0.58124995
29300 0.54999995
29400 0.584375
29500 0.55
29600 0.521875
29700 0.628125
29800 0.584375
29900 0.58437496
30000 0.52187496
30100 0.571875
30200 0.52500004
30300 0.56250006
30400 0.4875
30500 0.53125
30600 0.5375
30700 0.521875
30800 0.5125
30900 0.5625
31000 0.528125
31100 0.553125
31200 0.54375005
31300 0.51875
31400 0.565625
31500 0.58125
31600 0.5375
31700 0.578125
31800 0.55625
31900 0.559375
32000 0.534375
32100 0.53125
32200 0.5593749
32300 0.575
32400 0.6
32500 0.6
32600 0.5656251
32700 0.51562506
32800 0.515625
32900 0.57500005
33000 0.571875
33100 0.51875
33200 0.609375
33300 0.546875
33400 0.5625
33500 0.534375
33600 0.5375
33700 0.53125
33800 0.55625004
33900 0.5875
34000 0.55
34100 0.59375
34200 0.56875
34300 0.56875
34400 0.59375
34500 0.575
34600 0.53437495
34700 0.56875
34800 0.54999995
34900 0.58750004
35000 0.59062505
35100 0.609375
35200 0.578125
35300 0.578125
35400 0.578125
35500 0.58124995
35600 0.57812506
35700 0.584375
35800 0.56250006
35900 0.52500004
36000 0.553125
36100 0.6
36200 0.528125
36300 0.58437496
36400 0.51875
36500 0.603125
36600 0.50937504
36700 0.59062505
36800 0.596875
36900 0.596875
37000 0.584375
37100 0.5656251
37200 0.66562504
37300 0.55312496
37400 0.584375
37500 0.6
37600 0.578125
37700 0.54375005
37800 0.5875
37900 0.59062505
38000 0.55625
38100 0.52500004
38200 0.565625
38300 0.540625
38400 0.56875
38500 0.528125
38600 0.509375
38700 0.546875
38800 0.49062505
38900 0.509375
39000 0.546875
39100 0.6125
39200 0.528125
39300 0.475
39400 0.54375
39500 0.58124995
39600 0.54375
39700 0.59375006
39800 0.52500004
39900 0.55
40000 0.575
40100 0.5125
40200 0.59375006
40300 0.58125
40400 0.54999995
40500 0.57500005
40600 0.559375
40700 0.575
40800 0.509375
40900 0.571875
41000 0.509375
41100 0.584375
41200 0.57500005
41300 0.521875
41400 0.609375
41500 0.521875
41600 0.546875
41700 0.515625
41800 0.528125
41900 0.559375
42000 0.53125
42100 0.56874996
42200 0.575
42300 0.55625004
42400 0.57500005
42500 0.528125
42600 0.55625
42700 0.55625004
