0 4.762373
100 3.0284276
200 2.7288685
300 2.4351726
400 2.3954859
500 2.2497368
600 2.232964
700 2.430255
800 2.4235911
900 2.4349644
1000 2.331306
1100 2.5771637
1200 2.3909686
1300 2.5530353
1400 2.2152135
1500 2.309864
1600 2.318447
1700 2.5796707
1800 2.248663
1900 2.1853936
2000 2.141218
2100 2.357262
2200 2.4221904
2300 2.0757072
2400 2.1592607
2500 2.498115
2600 2.2761943
2700 2.1537902
2800 2.3116972
2900 2.156732
3000 2.3165593
3100 2.3701038
3200 2.2804737
3300 1.8909931
3400 2.2812283
3500 2.33679
3600 2.3114867
3700 2.2492914
3800 2.2752867
3900 2.4076078
4000 2.267707
4100 2.231205
4200 2.0736747
4300 1.9383062
4400 2.1126351
4500 2.231674
4600 1.9084891
4700 2.072602
4800 1.8131188
4900 1.9844624
5000 1.8249766
5100 2.260014
5200 2.3838575
5300 2.3713882
5400 2.101526
5500 1.9226536
5600 2.2137365
5700 2.0729256
5800 2.2316775
5900 2.2108545
6000 2.3064609
6100 2.295408
6200 2.1723027
6300 2.2328038
6400 2.2890968
6500 2.083297
6600 1.954121
6700 2.177829
6800 2.3520386
6900 2.0532293
7000 2.2739546
7100 2.0757415
7200 2.0985065
7300 2.2454028
7400 2.3708863
7500 2.1949515
7600 2.4871066
7700 2.014934
7800 1.9802343
7900 2.2686555
8000 1.9608052
8100 2.0782127
8200 2.1208475
8300 2.116118
8400 2.0616841
8500 2.3031738
8600 1.9708415
8700 2.1673834
8800 2.3846047
8900 2.229659
9000 2.119326
9100 2.239918
9200 2.178938
9300 2.211587
9400 2.493751
9500 2.1185582
9600 1.9952761
9700 1.9884976
9800 2.0381944
9900 2.3173077
10000 2.2191908
10100 2.1618843
10200 1.9357951
10300 1.9366924
10400 2.1637397
10500 2.4725852
10600 2.222113
10700 2.3005545
10800 1.8375448
10900 2.0500677
11000 1.9840358
11100 2.2014709
11200 2.2045772
11300 2.4377742
11400 2.2924533
11500 2.2838633
11600 2.2379088
11700 2.3574681
11800 2.2593472
11900 2.215675
12000 2.1384234
12100 2.1762145
12200 2.104024
12300 1.9696172
12400 2.2163975
12500 2.3918774
12600 2.092899
12700 1.9680798
12800 2.2294123
12900 2.4014845
13000 2.3599095
13100 2.2701795
13200 1.9152341
13300 2.348872
13400 2.1799018
13500 2.1753519
13600 2.1690822
13700 2.3083296
13800 2.199646
13900 2.233894
14000 2.0375493
14100 2.143447
14200 2.3918173
14300 2.0407333
14400 2.1634107
14500 2.3375406
14600 2.1857965
14700 2.0275474
14800 2.035846
14900 2.1595228
15000 2.1045687
15100 2.0673368
15200 1.8125281
15300 2.1205
15400 2.202526
15500 2.2974472
15600 2.115885
15700 2.1107063
15800 2.5036361
15900 2.2932155
16000 1.9542452
16100 2.068125
16200 2.1997786
16300 2.641223
16400 2.1409085
16500 2.0766323
16600 1.9903992
16700 2.3509598
16800 2.1121123
16900 2.2283647
17000 2.0711234
17100 2.032801
17200 2.150349
17300 2.1592252
17400 2.1039987
17500 1.8832736
17600 1.8374141
17700 2.0321155
17800 2.1668944
17900 2.1811178
18000 2.1637607
18100 2.263865
18200 2.0559886
18300 2.3711245
18400 2.2536998
18500 1.8780973
18600 2.227037
18700 2.2162645
18800 1.9321643
18900 1.8604039
19000 1.9565039
19100 2.0893347
19200 2.0164127
19300 2.18351
19400 2.1030262
19500 2.171676
19600 2.0594387
19700 2.0025556
19800 1.7780665
19900 1.8760456
20000 2.2397673
20100 2.0122283
20200 2.1298797
20300 1.9404922
20400 1.9551586
20500 2.029512
20600 2.304885
20700 1.8430942
20800 2.0537727
20900 2.1829123
21000 1.9609087
21100 2.0954092
21200 2.132734
21300 2.136172
21400 2.0977964
21500 1.8366936
21600 2.2289867
21700 1.8547176
21800 2.0436032
21900 1.9667892
22000 2.17954
22100 2.0562046
22200 2.09457
22300 2.0703325
22400 2.1550746
22500 1.9685792
22600 1.9429506
22700 2.1995888
22800 1.9121542
22900 2.2205737
23000 2.494831
23100 1.9208312
23200 2.1271465
23300 2.053778
23400 1.8115073
23500 1.7999893
23600 2.153596
23700 2.0144837
23800 2.0678346
23900 1.9643631
24000 2.175442
24100 2.1285636
24200 1.9737098
24300 2.0568335
24400 2.307614
24500 1.7851478
24600 2.1358278
24700 1.9578462
24800 2.0177922
24900 2.2189765
25000 1.979476
25100 2.1239576
25200 1.9805204
25300 1.892569
25400 1.9469358
25500 2.1711013
25600 2.0094762
25700 2.2127402
25800 2.0392082
25900 2.0838566
26000 2.21265
26100 2.0819604
26200 2.006407
26300 1.9747189
26400 2.0832312
26500 2.0537653
26600 2.1750107
26700 2.0611722
26800 1.9224737
26900 2.1302207
27000 2.0966153
27100 1.8978416
27200 2.102531
27300 1.9517751
27400 2.206411
27500 1.9507368
27600 2.2653744
27700 1.9253339
27800 2.1297505
27900 2.0202591
28000 1.9078467
28100 2.0328307
28200 2.3576307
28300 1.9434911
28400 2.4477293
28500 2.0551407
28600 2.1547587
28700 1.9478623
28800 2.2604666
28900 2.4584093
29000 1.9856737
29100 2.1528237
29200 1.9805974
29300 2.0793474
29400 1.8579984
29500 2.0608187
29600 2.2509723
29700 1.807531
29800 2.0227766
29900 1.9978372
30000 2.2010748
30100 1.878799
30200 2.1250627
30300 1.9192383
30400 2.250577
30500 2.1441078
30600 2.0983624
30700 2.2072887
30800 2.4109824
30900 1.9373637
31000 2.3693798
31100 1.9548458
31200 2.1746912
31300 2.216137
31400 2.0498648
31500 2.0695071
31600 2.1111045
31700 1.969163
31800 2.0675352
31900 2.0239108
32000 2.197197
32100 2.262858
32200 2.199839
32300 1.905035
32400 2.0173793
32500 1.8865061
32600 1.9420695
32700 2.3269632
32800 2.194885
32900 2.1403983
33000 1.856364
33100 2.23241
33200 1.8839518
33300 2.1239464
33400 2.0269904
33500 2.232008
33600 2.0932794
33700 2.2219002
33800 2.0109167
33900 2.0578437
34000 2.2020288
34100 1.9453596
34200 2.0392976
34300 1.9466642
34400 1.9736502
34500 1.9295024
34600 2.1965482
34700 2.0977132
34800 2.0670013
34900 2.030014
35000 2.0208015
35100 1.898432
35200 1.9538034
35300 1.8729588
35400 2.031964
35500 1.8914787
35600 1.8780401
35700 1.9642705
35800 2.0395076
35900 2.31319
36000 2.0886736
36100 1.8591188
36200 2.0763264
36300 1.9914039
36400 2.1607509
36500 1.9055538
36600 2.3040473
36700 1.9127556
36800 1.8411608
36900 1.8762748
37000 1.9180262
37100 2.0076542
37200 1.7470996
37300 2.036531
37400 2.0331304
37500 1.9567094
37600 1.9359919
37700 2.186992
37800 1.8491993
37900 1.8932686
38000 2.093365
38100 2.3058116
38200 2.1916695
38300 2.0838819
38400 2.0163481
38500 2.2630093
38600 2.3385437
38700 2.1555707
38800 2.4155443
38900 2.3171682
39000 2.075683
39100 1.79393
39200 2.2561815
39300 2.2944934
39400 2.1401992
39500 2.094788
39600 2.1394503
39700 1.8908651
39800 2.1662447
39900 2.1448581
40000 2.076538
40100 2.4039834
40200 2.1382067
40300 2.0276697
40400 2.101802
40500 1.9309552
40600 2.1251495
40700 1.9094907
40800 2.3435163
40900 2.1364079
41000 2.104954
41100 1.9950405
41200 1.9945759
41300 2.2657418
41400 1.8655429
41500 2.205516
41600 2.2205238
41700 2.3189192
41800 2.1691353
41900 2.1133056
42000 2.1789155
42100 2.0459516
42200 2.018023
42300 2.0238924
42400 1.9575222
42500 2.272365
42600 1.8321854
42700 2.1430233
