0 3.3010254
100 2.0991461
200 1.8915075
300 1.687933
400 1.6604244
500 1.5593987
600 1.5477728
700 1.6845244
800 1.6799053
900 1.6877887
1000 1.6159382
1100 1.7863537
1200 1.6572932
1300 1.7696292
1400 1.535469
1500 1.6010758
1600 1.6070251
1700 1.7880914
1800 1.5586543
1900 1.5147994
2000 1.4841793
2100 1.6339294
2200 1.6789345
2300 1.4387705
2400 1.4966855
2500 1.7315614
2600 1.5777377
2700 1.4928937
2800 1.6023464
2900 1.4949328
3000 1.6057166
3100 1.6428308
3200 1.580704
3300 1.3107365
3400 1.581227
3500 1.6197394
3600 1.6022005
3700 1.55909
3800 1.5771086
3900 1.6688266
4000 1.5718548
4100 1.5465535
4200 1.4373618
4300 1.3435315
4400 1.4643672
4500 1.5468785
4600 1.3228638
4700 1.4366183
4800 1.2567582
4900 1.3755245
5000 1.2649773
5100 1.5665224
5200 1.6523641
5300 1.643721
5400 1.4566668
5500 1.3326819
5600 1.5344453
5700 1.4368424
5800 1.546881
5900 1.5324476
6000 1.5987169
6100 1.5910556
6200 1.5057255
6300 1.5476617
6400 1.586681
6500 1.4440315
6600 1.3544935
6700 1.509556
6800 1.6303089
6900 1.4231901
7000 1.5761852
7100 1.4387944
7200 1.4545739
7300 1.5563946
7400 1.6433731
7500 1.5214244
7600 1.7239308
7700 1.3966459
7800 1.3725938
7900 1.5725121
8000 1.3591266
8100 1.4405073
8200 1.4700594
8300 1.4667813
8400 1.4290506
8500 1.5964384
8600 1.3660833
8700 1.5023158
8800 1.6528821
8900 1.5454819
9000 1.469005
9100 1.5525929
9200 1.5103246
9300 1.5329553
9400 1.7285365
9500 1.4684726
9600 1.38302
9700 1.3783215
9800 1.4127687
9900 1.6062354
10000 1.5382259
10100 1.498504
10200 1.3417909
10300 1.3424128
10400 1.4997901
10500 1.7138654
10600 1.5402513
10700 1.5946229
10800 1.273689
10900 1.4209986
11000 1.3752289
11100 1.5259434
11200 1.5280966
11300 1.6897362
11400 1.5890076
11500 1.5830535
11600 1.5512002
11700 1.6340724
11800 1.5660602
11900 1.535789
12000 1.4822422
12100 1.5084369
12200 1.4583983
12300 1.3652346
12400 1.5362897
12500 1.6579231
12600 1.450687
12700 1.364169
12800 1.5453109
12900 1.6645821
13000 1.6357647
13100 1.5735685
13200 1.3275391
13300 1.628114
13400 1.5109928
13500 1.507839
13600 1.5034932
13700 1.6000121
13800 1.5246783
13900 1.5484174
14000 1.4123214
14100 1.4857242
14200 1.6578814
14300 1.4145286
14400 1.499562
14500 1.6202598
14600 1.5150787
14700 1.4053887
14800 1.4111409
14900 1.4968672
15000 1.4587759
15100 1.4329686
15200 1.2563487
15300 1.4698186
15400 1.5266747
15500 1.592469
15600 1.4666197
15700 1.4630301
15800 1.7353883
15900 1.5895358
16000 1.3545796
16100 1.433515
16200 1.5247703
16300 1.8307562
16400 1.4839647
16500 1.4394118
16600 1.3796396
16700 1.6295611
16800 1.4640046
16900 1.5445848
17000 1.4355932
17100 1.4090302
17200 1.4905083
17300 1.496661
17400 1.4583807
17500 1.3053858
17600 1.2735984
17700 1.408555
17800 1.5019767
17900 1.5118356
18000 1.4998046
18100 1.5691917
18200 1.4251027
18300 1.6435382
18400 1.5621457
18500 1.3017979
18600 1.5436643
18700 1.5361974
18800 1.3392743
18900 1.2895337
19000 1.3561451
19100 1.4482164
19200 1.3976707
19300 1.5134939
19400 1.4577067
19500 1.505291
19600 1.4274942
19700 1.3880657
19800 1.2324618
19900 1.3003757
20000 1.5524884
20100 1.3947703
20200 1.4763201
20300 1.3450466
20400 1.3552127
20500 1.4067504
20600 1.5976245
20700 1.2775356
20800 1.4235667
20900 1.5130795
21000 1.3591983
21100 1.452427
21200 1.4782987
21300 1.4806817
21400 1.4540817
21500 1.2730991
21600 1.5450158
21700 1.2855923
21800 1.4165177
21900 1.3632745
22000 1.510742
22100 1.4252523
22200 1.4518453
22300 1.4350451
22400 1.4937838
22500 1.3645151
22600 1.3467507
22700 1.5246388
22800 1.3254043
22900 1.5391845
23000 1.7292851
23100 1.3314188
23200 1.4744257
23300 1.4235704
23400 1.2556412
23500 1.2476575
23600 1.4927589
23700 1.3963337
23800 1.4333137
23900 1.3615928
24000 1.5079014
24100 1.4754078
24200 1.3680714
24300 1.4256883
24400 1.5995162
24500 1.2373701
24600 1.480443
24700 1.3570756
24800 1.398627
24900 1.5380774
25000 1.3720682
25100 1.4722153
25200 1.3727921
25300 1.3118289
25400 1.349513
25500 1.5048928
25600 1.3928627
25700 1.5337546
25800 1.4134715
25900 1.4444194
26000 1.5336921
26100 1.443105
26200 1.3907354
26300 1.3687708
26400 1.4439858
26500 1.4235617
26600 1.5076025
26700 1.4286957
26800 1.3325572
26900 1.4765564
27000 1.4532629
27100 1.3154836
27200 1.4573634
27300 1.3528674
27400 1.5293676
27500 1.3521477
27600 1.5702379
27700 1.3345398
27800 1.4762305
27900 1.4003369
28000 1.3224186
28100 1.4090508
28200 1.6341851
28300 1.3471254
28400 1.6966367
28500 1.424515
28600 1.493565
28700 1.3501552
28800 1.5668361
28900 1.7040395
29000 1.3763641
29100 1.4922237
29200 1.3728455
29300 1.4412937
29400 1.2878664
29500 1.4284507
29600 1.5602552
29700 1.252885
29800 1.402082
29900 1.3847952
30000 1.5256687
30100 1.3022842
30200 1.4729812
30300 1.3303146
30400 1.5599811
30500 1.4861823
30600 1.4544741
30700 1.529976
30800 1.6711657
30900 1.3428782
31000 1.6423289
31100 1.3549958
31200 1.5073811
31300 1.5361091
31400 1.420858
31500 1.434473
31600 1.4633062
31700 1.3649198
31800 1.4331062
31900 1.402868
32000 1.5229809
32100 1.5684936
32200 1.5248122
32300 1.3204696
32400 1.3983407
32500 1.3076264
32600 1.34614
32700 1.6129279
32800 1.5213784
32900 1.4836111
33000 1.2867335
33100 1.5473887
33200 1.3058559
33300 1.4722075
33400 1.4050027
33500 1.54711
33600 1.4509507
33700 1.5401039
33800 1.3938613
33900 1.4263886
34000 1.52633
34100 1.3484205
34200 1.4135334
34300 1.3493248
34400 1.3680301
34500 1.3374292
34600 1.5225312
34700 1.454024
34800 1.4327362
34900 1.4070985
35000 1.400713
35100 1.3158928
35200 1.3542733
35300 1.2982361
35400 1.4084501
35500 1.3110731
35600 1.3017582
35700 1.3615285
35800 1.413679
35900 1.6033812
36000 1.4477582
36100 1.288643
36200 1.4391998
36300 1.380336
36400 1.4977185
36500 1.3208293
36600 1.597044
36700 1.3258212
36800 1.2761954
36900 1.3005346
37000 1.3294744
37100 1.3915998
37200 1.2109972
37300 1.4116157
37400 1.4092586
37500 1.3562876
37600 1.3419273
37700 1.5159073
37800 1.2817672
37900 1.3123138
38000 1.45101
38100 1.5982668
38200 1.5191495
38300 1.4444368
38400 1.397626
38500 1.5685985
38600 1.620955
38700 1.4941278
38800 1.6743277
38900 1.6061386
39000 1.438754
39100 1.2434576
39200 1.5638659
39300 1.5904217
39400 1.4834731
39500 1.4519964
39600 1.482954
39700 1.3106478
39800 1.5015265
39900 1.4867023
40000 1.4393466
40100 1.6663142
40200 1.4820919
40300 1.4054735
40400 1.4568583
40500 1.3384361
40600 1.4730414
40700 1.3235581
40800 1.6244017
40900 1.4808451
41000 1.4590429
41100 1.3828567
41200 1.3825346
41300 1.5704925
41400 1.2930958
41500 1.5287473
41600 1.5391499
41700 1.6073523
41800 1.50353
41900 1.4648318
42000 1.5103092
42100 1.4181455
42200 1.3987869
42300 1.4028553
42400 1.356851
42500 1.5750835
42600 1.2699741
42700 1.4854305
