0 26.862347
100 10.20991
200 8.887086
300 8.327204
400 8.2064495
500 7.5400295
600 7.2704463
700 7.442559
800 7.390269
900 7.4190598
1000 6.761237
1100 7.347332
1200 7.4358807
1300 7.0794473
1400 7.047783
1500 6.8057747
1600 6.9551115
1700 7.117367
1800 6.707886
1900 6.5284038
2000 6.620253
2100 6.7419877
2200 6.8219805
2300 6.2511396
2400 6.21759
2500 7.2044015
2600 6.242773
2700 6.628452
2800 6.4466176
2900 6.324463
3000 6.519273
3100 6.740979
3200 6.334816
3300 6.0827093
3400 6.6827106
3500 6.755985
3600 6.245823
3700 6.198675
3800 6.930849
3900 6.3129687
4000 6.7167783
4100 6.4317274
4200 6.5458026
4300 6.1772323
4400 6.435436
4500 6.4464655
4600 5.6939073
4700 6.209258
4800 6.0628543
4900 6.0941696
5000 6.0143604
5100 6.6155925
5200 6.628743
5300 6.568507
5400 6.2775116
5500 6.006337
5600 6.355857
5700 6.442329
5800 6.0466766
5900 6.224054
6000 6.9088464
6100 6.3524
6200 6.620828
6300 6.200654
6400 6.5360956
6500 6.08143
6600 5.9103556
6700 6.7028046
6800 6.7661805
6900 6.540778
7000 6.459178
7100 6.1474156
7200 6.4709687
7300 6.228135
7400 6.4304695
7500 6.2437835
7600 6.6709404
7700 6.1902976
7800 6.118427
7900 6.065572
8000 5.9511333
8100 6.179785
8200 6.055379
8300 6.1756706
8400 5.80149
8500 6.4380116
8600 6.142346
8700 6.38672
8800 6.662325
8900 6.326091
9000 6.167121
9100 6.13271
9200 6.3238006
9300 6.698263
9400 6.6299934
9500 6.233374
9600 6.1698437
9700 6.060031
9800 5.8011136
9900 6.656312
10000 6.6142607
10100 6.1873584
10200 6.349395
10300 5.989184
10400 6.415265
10500 6.708857
10600 6.647227
10700 6.6906505
10800 5.582086
10900 6.5421333
11000 6.030436
11100 6.7999268
11200 6.3946266
11300 6.480444
11400 6.376634
11500 6.6181703
11600 6.3027596
11700 6.5166855
11800 6.3221426
11900 6.113119
12000 6.178042
12100 6.3134923
12200 5.7646065
12300 6.098648
12400 6.102904
12500 6.6624537
12600 5.8957486
12700 5.7476187
12800 6.2519884
12900 6.3373227
13000 6.751257
13100 6.387764
13200 6.016021
13300 6.4733853
13400 6.2929144
13500 6.345459
13600 6.096445
13700 6.382143
13800 6.2384257
13900 6.1278644
14000 5.9485035
14100 6.1549764
14200 6.7841496
14300 6.315454
14400 5.49789
14500 6.3639708
14600 6.312874
14700 5.8358
14800 6.2442203
14900 6.460709
15000 6.3942747
15100 5.5282693
15200 5.792507
15300 5.845012
15400 6.5488267
15500 6.567399
15600 6.167236
15700 6.1051655
15800 6.8108964
15900 6.5750356
16000 5.91695
16100 6.0522804
16200 6.2300878
16300 7.287407
16400 6.203806
16500 6.540123
16600 5.948744
16700 6.381866
16800 6.5875034
16900 7.039249
17000 6.0756016
17100 6.327543
17200 6.0631022
17300 6.501438
17400 6.4549284
17500 5.885129
17600 5.810989
17700 6.3136806
17800 6.4975166
17900 6.006365
18000 5.942792
18100 6.4786153
18200 6.0918493
18300 6.462715
18400 6.1271825
18500 5.9674425
18600 6.3785806
18700 6.1146975
18800 6.0411863
18900 5.8381004
19000 6.1205215
19100 6.3077602
19200 6.370719
19300 6.220475
19400 6.4941325
19500 6.4559727
19600 5.6360965
19700 6.214055
19800 5.723567
19900 6.3558655
20000 6.666712
20100 6.32808
20200 6.3299046
20300 5.8894525
20400 5.914552
20500 6.177868
20600 6.385032
20700 6.154488
20800 6.0123734
20900 6.4748874
21000 6.4114275
21100 6.1178493
21200 6.3308516
21300 6.269001
21400 6.3455887
21500 6.0108957
21600 6.5340986
21700 5.6629834
21800 6.18298
21900 5.8767605
22000 6.4696026
22100 6.2869234
22200 6.4283915
22300 6.1676755
22400 6.466815
22500 6.108724
22600 6.088924
22700 6.222884
22800 6.0959935
22900 6.413796
23000 6.330437
23100 6.143458
23200 6.653492
23300 6.0493927
23400 5.558848
23500 5.9334593
23600 6.36143
23700 6.198507
23800 5.885512
23900 6.1631064
24000 6.330092
24100 6.2357135
24200 6.2948217
24300 6.475633
24400 6.1356153
24500 5.995593
24600 6.163852
24700 6.0885806
24800 6.2745366
24900 6.471735
25000 5.852709
25100 6.4366856
25200 5.72131
25300 5.7417226
25400 5.803621
25500 6.2637806
25600 6.053277
25700 6.2136497
25800 6.360119
25900 6.480294
26000 6.286225
26100 6.0304036
26200 5.9950542
26300 5.962517
26400 6.2393465
26500 6.0114474
26600 6.1904526
26700 6.300205
26800 6.350849
26900 6.021783
27000 6.282081
27100 5.9559526
27200 6.1398153
27300 6.309305
27400 6.504056
27500 6.107799
27600 6.617556
27700 6.091815
27800 5.8262424
27900 6.0462055
28000 6.2315254
28100 6.4937224
28200 6.4842744
28300 6.0308027
28400 7.080668
28500 6.208301
28600 6.3510027
28700 6.1032767
28800 6.707763
28900 6.6701384
29000 6.0969896
29100 6.287327
29200 6.388021
29300 6.232156
29400 6.028464
29500 6.157082
29600 5.9403358
29700 6.084687
29800 6.1456513
29900 6.318189
30000 6.6376
30100 5.902515
30200 6.0602508
30300 5.921401
30400 6.3933
30500 6.322129
30600 6.4478264
30700 6.6469765
30800 6.5054674
30900 5.9835215
31000 6.328198
31100 6.031457
31200 6.447375
31300 6.676523
31400 6.2887287
31500 6.359042
31600 6.10582
31700 5.9416957
31800 5.9529853
31900 6.5382166
32000 6.3864603
32100 6.0723147
32200 6.1515074
32300 5.7795315
32400 6.2079654
32500 5.59684
32600 6.0187755
32700 6.6906137
32800 6.298011
32900 6.1537857
33000 5.861379
33100 6.687901
33200 5.781128
33300 5.899708
33400 6.2850466
33500 6.149665
33600 6.4308767
33700 6.6967673
33800 5.8986764
33900 5.917743
34000 6.0673885
34100 6.0953703
34200 6.0210514
34300 6.081188
34400 5.694703
34500 5.9305444
34600 6.2822304
34700 6.0934324
34800 6.2286067
34900 6.3400507
35000 6.0572367
35100 5.888776
35200 6.139367
35300 5.991894
35400 6.2695675
35500 5.753051
35600 6.0574327
35700 5.670941
35800 6.4387503
35900 5.8945403
36000 5.9377346
36100 6.082143
36200 6.094786
36300 6.2450175
36400 6.5874634
36500 6.096598
36600 6.589101
36700 5.7200246
36800 5.707729
36900 6.0541735
37000 6.1500106
37100 6.019571
37200 5.713854
37300 6.348692
37400 5.818852
37500 6.3621645
37600 6.307478
37700 6.028583
37800 5.8121996
37900 5.969366
38000 5.9265003
38100 6.1810017
38200 6.2044497
38300 6.0612783
38400 6.1388936
38500 6.5301623
38600 6.2390485
38700 6.3140416
38800 6.320224
38900 6.3363094
39000 5.834847
39100 5.689025
39200 6.3075633
39300 6.3368816
39400 6.1381407
39500 5.9376016
39600 6.3577547
39700 5.991455
39800 6.049685
39900 6.380768
40000 6.0304008
40100 5.8768034
40200 5.9891815
40300 6.386648
40400 6.420128
40500 6.250651
40600 6.413295
40700 6.1355925
40800 6.323104
40900 6.0380473
41000 6.3614078
41100 5.962001
41200 6.0904512
41300 6.0506516
41400 6.1750307
41500 6.852123
41600 6.3370504
41700 6.5652595
41800 6.4398184
41900 6.305665
42000 6.3633337
42100 5.751651
42200 5.8557277
42300 6.135488
42400 6.241028
42500 6.576817
42600 5.83761
42700 6.142023
