0 0.034375
100 0.35625
200 0.41875
300 0.44375002
400 0.44687498
500 0.49687502
600 0.503125
700 0.45
800 0.415625
900 0.46875003
1000 0.459375
1100 0.428125
1200 0.46562502
1300 0.46875003
1400 0.50312495
1500 0.528125
1600 0.49062502
1700 0.440625
1800 0.50625
1900 0.50625
2000 0.52500004
2100 0.52500004
2200 0.49375004
2300 0.525
2400 0.55
2500 0.46562502
2600 0.5375
2700 0.51875
2800 0.51875
2900 0.55
3000 0.5
3100 0.471875
3200 0.496875
3300 0.559375
3400 0.50625
3500 0.51250005
3600 0.50937504
3700 0.521875
3800 0.48750004
3900 0.459375
4000 0.50937504
4100 0.54375005
4200 0.54375005
4300 0.56875
4400 0.553125
4500 0.503125
4600 0.565625
4700 0.52500004
4800 0.58750004
4900 0.55625004
5000 0.65
5100 0.4875
5200 0.45937502
5300 0.5
5400 0.52187496
5500 0.6125
5600 0.540625
5700 0.53125
5800 0.4875
5900 0.49687505
6000 0.49062502
6100 0.50625
6200 0.525
6300 0.52812505
6400 0.534375
6500 0.54375
6600 0.5812501
6700 0.51875
6800 0.48437503
6900 0.5625
7000 0.49687493
7100 0.55312496
7200 0.56562495
7300 0.540625
7400 0.521875
7500 0.55
7600 0.49687502
7700 0.5625
7800 0.58437496
7900 0.53125
8000 0.58125
8100 0.57187504
8200 0.55
8300 0.59375
8400 0.571875
8500 0.49375
8600 0.584375
8700 0.56874996
8800 0.49062502
8900 0.503125
9000 0.565625
9100 0.54062504
9200 0.5375
9300 0.58125
9400 0.484375
9500 0.5625
9600 0.59375006
9700 0.58750004
9800 0.54062504
9900 0.528125
10000 0.5125
10100 0.565625
10200 0.584375
10300 0.575
10400 0.53125
10500 0.54062504
10600 0.54062504
10700 0.51562506
10800 0.60625005
10900 0.59375
11000 0.58750004
11100 0.565625
11200 0.5125
11300 0.5125
11400 0.534375
11500 0.52187496
11600 0.5625
11700 0.5187501
11800 0.528125
11900 0.5656251
12000 0.553125
12100 0.5124999
12200 0.540625
12300 0.546875
12400 0.540625
12500 0.46249995
12600 0.553125
12700 0.5625
12800 0.553125
12900 0.540625
13000 0.5
13100 0.52500004
13200 0.578125
13300 0.51875
13400 0.52500004
13500 0.553125
13600 0.559375
13700 0.53125
13800 0.534375
13900 0.534375
14000 0.5656251
14100 0.53749996
14200 0.515625
14300 0.58437496
14400 0.54375005
14500 0.48750004
14600 0.553125
14700 0.575
14800 0.56875
14900 0.55
15000 0.53749996
15100 0.559375
15200 0.603125
15300 0.55312496
15400 0.528125
15500 0.5
15600 0.578125
15700 0.56875
15800 0.490625
15900 0.52812505
16000 0.58750004
16100 0.57187504
16200 0.553125
16300 0.45625
16400 0.55
16500 0.565625
16600 0.58124995
16700 0.54062504
16800 0.53125
16900 0.484375
17000 0.55937505
17100 0.5875
17200 0.55937505
17300 0.56875
17400 0.534375
17500 0.5656251
17600 0.6
17700 0.575
17800 0.534375
17900 0.50937504
18000 0.56875
18100 0.515625
18200 0.56562495
18300 0.52500004
18400 0.53125
18500 0.62812495
18600 0.534375
18700 0.54375
18800 0.559375
18900 0.61875004
19000 0.584375
19100 0.546875
19200 0.56875
19300 0.55937505
19400 0.50625
19500 0.5375
19600 0.57187504
