0 4.840556
100 3.209023
200 2.8929226
300 2.5606081
400 2.6050882
500 2.40848
600 2.375053
700 2.5725355
800 2.6273625
900 2.598862
1000 2.426015
1100 2.651004
1200 2.4704692
1300 2.6615007
1400 2.3609219
1500 2.2549193
1600 2.3359618
1700 2.7149827
1800 2.2697542
1900 2.2698696
2000 2.2743185
2100 2.3760648
2200 2.4994352
2300 2.122319
2400 2.117892
2500 2.48903
2600 2.3155975
2700 2.2543013
2800 2.4166558
2900 2.0732124
3000 2.3564553
3100 2.4039135
3200 2.3559067
3300 2.0349207
3400 2.2612543
3500 2.2982233
3600 2.4316041
3700 2.3018296
3800 2.4552515
3900 2.3891993
4000 2.2974944
4100 2.2407262
4200 2.100069
4300 1.956024
4400 2.1915565
4500 2.3080585
4600 1.9340512
4700 2.1031852
4800 1.8758444
4900 2.0847073
5000 1.7971075
5100 2.333614
5200 2.4903817
5300 2.3932493
5400 2.2013135
5500 1.9497133
5600 2.180524
5700 2.032599
5800 2.2931833
5900 2.3370175
6000 2.3377469
6100 2.3182817
6200 2.2670937
6300 2.2240865
6400 2.267212
6500 2.2057629
6600 1.8623606
6700 2.2190852
6800 2.3563867
6900 2.0642273
7000 2.4004416
7100 2.0921652
7200 2.1199164
7300 2.2855566
7400 2.3516707
7500 2.1841204
7600 2.4942005
7700 2.0110369
7800 1.9727389
7900 2.1251163
8000 2.0614474
8100 2.0972137
8200 2.1583908
8300 2.0580401
8400 2.0036986
8500 2.341435
8600 1.9616098
8700 2.114594
8800 2.4544687
8900 2.2838182
9000 2.1039112
9100 2.181922
9200 2.196816
9300 2.1203556
9400 2.4410665
9500 2.0947983
9600 2.078592
9700 1.8775119
9800 2.0900414
9900 2.236097
10000 2.2908952
10100 2.116955
10200 1.9077531
10300 1.8493816
10400 2.2006464
10500 2.3393815
10600 2.2120614
10700 2.3018668
10800 1.8842304
10900 2.0709262
11000 2.0338416
11100 2.1348946
11200 2.154356
11300 2.3269374
11400 2.3118246
11500 2.2362862
11600 2.0731397
11700 2.261493
11800 2.3128476
11900 2.1831205
12000 2.0614827
12100 2.0964015
12200 2.1031423
12300 2.0685983
12400 2.2038136
12500 2.3687086
12600 2.178331
12700 1.9749281
12800 2.1421604
12900 2.361563
13000 2.4035823
13100 2.330683
13200 1.9383032
13300 2.3567402
13400 2.2925024
13500 2.1239018
13600 2.0393286
13700 2.2861087
13800 2.1659203
13900 2.199405
14000 2.0288506
14100 2.1088011
14200 2.3877075
14300 2.0044057
14400 2.167946
14500 2.3853216
14600 2.1206422
14700 2.0260353
14800 2.0678747
14900 2.1785893
15000 2.11439
15100 2.1343217
15200 1.8188266
15300 2.0673509
15400 2.19892
15500 2.4358041
15600 2.076205
15700 2.1465087
15800 2.520083
15900 2.2949202
16000 1.9662192
16100 2.0437133
16200 2.1944606
16300 2.6775548
16400 2.2149482
16500 2.0991561
16600 2.057662
16700 2.2596161
16800 2.1229966
16900 2.3031259
17000 2.06161
17100 2.0269053
17200 2.0671577
17300 2.175083
17400 2.083419
17500 1.8727648
17600 1.8622465
17700 2.0088415
17800 2.1818016
17900 2.2366562
18000 2.1932971
18100 2.3299978
18200 2.028116
18300 2.3325953
18400 2.2290854
18500 1.8415338
18600 2.2112894
18700 2.1858723
18800 1.9917356
18900 1.82974
19000 1.9460052
19100 2.1131115
19200 2.0499876
19300 2.165159
19400 2.1485884
19500 2.2519147
19600 2.0775175
