0 3.355218
100 2.2243252
200 2.0052211
300 1.7748783
400 1.8057096
500 1.6694311
600 1.6462612
700 1.7831457
800 1.8211489
900 1.8013937
1000 1.6815853
1100 1.837536
1200 1.7123988
1300 1.8448117
1400 1.6364663
1500 1.5629909
1600 1.6191654
1700 1.8818827
1800 1.5732737
1900 1.5733538
2000 1.5764375
2100 1.6469626
2200 1.7324765
2300 1.4710793
2400 1.4680109
2500 1.7252641
2600 1.60505
2700 1.5625626
2800 1.6750982
2900 1.4370413
3000 1.6333704
3100 1.6662658
3200 1.6329901
3300 1.4104996
3400 1.5673821
3500 1.593007
3600 1.6854595
3700 1.5955067
3800 1.7018507
3900 1.6560667
4000 1.5925018
4100 1.553153
4200 1.455657
4300 1.3558125
4400 1.5190711
4500 1.5998242
4600 1.3405821
4700 1.457817
4800 1.3002362
4900 1.445009
5000 1.24566
5100 1.617538
5200 1.726201
5300 1.658874
5400 1.5258343
5500 1.3514383
5600 1.5114241
5700 1.4088902
5800 1.5895135
5900 1.6198971
6000 1.6204027
6100 1.6069105
6200 1.5714296
6300 1.5416193
6400 1.5715115
6500 1.5289183
6600 1.29089
6700 1.5381527
6800 1.6333228
6900 1.4308133
7000 1.6638594
7100 1.4501784
7200 1.4694141
7300 1.5842271
7400 1.6300539
7500 1.5139169
7600 1.7288481
7700 1.3939445
7800 1.3673984
7900 1.4730184
8000 1.4288864
8100 1.4536778
8200 1.4960825
8300 1.4265248
8400 1.388858
8500 1.622959
8600 1.3596843
8700 1.4657248
8800 1.7013081
8900 1.5830221
9000 1.4583201
9100 1.512393
9200 1.5227168
9300 1.4697186
9400 1.6920184
9500 1.4520035
9600 1.4407701
9700 1.3013921
9800 1.4487064
9900 1.5499444
10000 1.5879276
10100 1.4673615
10200 1.3223537
10300 1.2818936
10400 1.5253718
10500 1.6215357
10600 1.5332841
10700 1.5955324
10800 1.306049
10900 1.4354566
11000 1.4097517
11100 1.4797962
11200 1.4932858
11300 1.6129102
11400 1.6024346
11500 1.5500755
11600 1.436991
11700 1.5675476
11800 1.6031438
11900 1.5132239
12000 1.428911
12100 1.4531147
12200 1.4577872
12300 1.433843
12400 1.5275671
12500 1.6418637
12600 1.5099039
12700 1.3689159
12800 1.4848324
12900 1.6369108
13000 1.6660364
13100 1.6155064
13200 1.3435295
13300 1.6335679
13400 1.5890416
13500 1.4721766
13600 1.4135548
13700 1.5846097
13800 1.5013015
13900 1.5245113
14000 1.4062921
14100 1.4617096
14200 1.6550326
14300 1.3893483
14400 1.5027058
14500 1.653379
14600 1.4699172
14700 1.4043407
14800 1.4333415
14900 1.5100831
15000 1.4655833
15100 1.4793991
15200 1.2607145
15300 1.4329784
15400 1.5241753
15500 1.6883707
15600 1.4391156
15700 1.4878464
15800 1.7467884
15900 1.5907176
16000 1.3628793
16100 1.4165941
16200 1.5210842
16300 1.8559396
16400 1.5352851
16500 1.4550241
16600 1.4262626
16700 1.5662466
16800 1.4715492
16900 1.5964053
17000 1.4289992
17100 1.4049437
17200 1.4328445
17300 1.5076525
17400 1.4441161
17500 1.2981017
17600 1.290811
17700 1.3924229
17800 1.5123096
17900 1.550332
18000 1.5202777
18100 1.6150314
18200 1.4057829
18300 1.6168319
18400 1.5450844
18500 1.276454
18600 1.532749
18700 1.5151312
18800 1.3805659
18900 1.2682792
19000 1.348868
19100 1.4646974
19200 1.420943
19300 1.5007739
19400 1.489288
19500 1.5609083
19600 1.4400253
