0 26.476685
100 10.830006
200 9.186851
300 8.562821
400 8.235739
500 7.553589
600 7.2714067
700 7.598031
800 7.748566
900 7.4836845
1000 6.9340677
1100 7.7300873
1200 7.4744735
1300 7.14163
1400 7.497166
1500 7.1835685
1600 7.079434
1700 7.268814
1800 6.8469515
1900 6.6728587
2000 6.741542
2100 6.919891
2200 6.8864446
2300 6.1027565
2400 6.454324
2500 7.5592546
2600 6.4897203
2700 6.4764924
2800 6.512252
2900 6.318316
3000 6.4759226
3100 6.7115507
3200 6.334835
3300 6.003607
3400 6.578945
3500 6.7143517
3600 6.1252656
3700 6.27129
3800 6.9008045
3900 6.39266
4000 6.781288
4100 6.8219266
4200 6.5120173
4300 6.133505
4400 6.3478293
4500 6.3545785
4600 5.7412834
4700 6.1419997
4800 6.137239
4900 6.115014
5000 6.286203
5100 6.590491
5200 6.619012
5300 6.4234195
5400 6.055996
5500 6.2126675
5600 6.2974787
5700 6.458952
5800 6.0189753
5900 5.9078646
6000 6.926984
6100 6.5769477
6200 6.578549
6300 6.062565
6400 6.487194
6500 6.2231874
6600 5.607752
6700 6.8202553
6800 6.4870143
6900 6.4312353
7000 6.6326127
7100 6.282504
7200 6.5451922
7300 6.3262606
7400 6.429409
7500 6.196454
7600 6.562159
7700 6.324645
7800 5.9932847
7900 5.990349
8000 6.028564
8100 6.2044554
8200 6.104036
8300 6.078866
8400 6.025876
8500 6.5639925
8600 6.262957
8700 6.3642354
8800 6.557432
8900 6.325888
9000 6.2953005
9100 5.8555484
9200 6.2813683
9300 6.5824347
9400 6.324608
9500 6.3427978
9600 5.967932
9700 5.8862967
9800 5.8334794
9900 6.4482865
10000 6.6079826
10100 6.142458
10200 6.1123576
10300 5.848888
10400 6.3722177
10500 6.453033
10600 6.599912
10700 6.672655
10800 5.8370185
10900 6.521323
11000 6.0927052
11100 6.6077585
11200 6.354963
11300 6.482825
11400 6.4213257
11500 6.4667053
11600 6.0440803
11700 6.5044446
11800 6.4058022
11900 5.858962
12000 6.0811815
12100 6.2644176
12200 5.8984222
12300 6.2677264
12400 6.153556
12500 6.6869316
12600 5.9622426
12700 5.6951013
12800 6.2038965
12900 6.4411497
13000 6.8141932
13100 6.276245
13200 5.9464464
13300 6.7069597
13400 6.3071194
13500 6.447861
13600 6.0628943
13700 6.270562
13800 6.1927214
13900 6.0941954
14000 5.940179
14100 6.0227795
14200 6.64295
14300 6.519168
14400 5.4355617
14500 6.4314256
14600 6.3506866
14700 5.8599734
14800 6.149548
14900 6.4590406
15000 6.425106
15100 5.5797286
15200 5.992148
15300 5.9199734
15400 6.8747125
15500 6.7723565
15600 6.060037
15700 6.266441
15800 6.9659367
15900 6.782341
16000 6.0198126
16100 6.161185
16200 6.2533298
16300 7.3071527
16400 6.190089
16500 6.607864
16600 6.0611253
16700 6.347272
16800 6.4805613
16900 7.0436835
17000 6.081052
17100 6.2003284
17200 5.987012
17300 6.5601606
17400 6.5007725
17500 5.997243
17600 5.7859654
17700 6.224584
17800 6.412302
17900 6.1963396
18000 5.930159
18100 6.6783724
18200 6.0847826
18300 6.6157227
18400 6.226697
18500 6.063104
18600 6.41377
18700 6.276894
18800 5.9622316
18900 5.782322
19000 6.2078853
19100 6.3721266
19200 6.4091167
19300 6.3989573
19400 6.8402586
19500 6.594852
19600 5.829835
