0 0.03125
100 0.353125
200 0.41249996
300 0.48125002
400 0.45937502
500 0.5125
600 0.51874995
700 0.46875003
800 0.425
900 0.478125
1000 0.49062502
1100 0.471875
1200 0.515625
1300 0.484375
1400 0.52500004
1500 0.5187501
1600 0.490625
1700 0.43125004
1800 0.525
1900 0.52812505
2000 0.53749996
2100 0.5125
2200 0.49687502
2300 0.553125
2400 0.54375
2500 0.471875
2600 0.5375
2700 0.534375
2800 0.54375005
2900 0.571875
3000 0.51562506
3100 0.50625
3200 0.49687502
3300 0.59062505
3400 0.525
3500 0.5
3600 0.540625
3700 0.515625
3800 0.5125
3900 0.45000002
4000 0.559375
4100 0.534375
4200 0.5625
4300 0.559375
4400 0.603125
4500 0.521875
4600 0.58437496
4700 0.56875
4800 0.61875004
4900 0.578125
5000 0.65
5100 0.52500004
5200 0.49375004
5300 0.53125
5400 0.52500004
5500 0.615625
5600 0.53125
5700 0.553125
5800 0.509375
5900 0.528125
6000 0.5
6100 0.528125
6200 0.503125
6300 0.534375
6400 0.52812505
6500 0.578125
6600 0.609375
6700 0.51874995
6800 0.4875
6900 0.59062505
7000 0.53125
7100 0.515625
7200 0.60312504
7300 0.5625
7400 0.546875
7500 0.52812505
7600 0.4875
7700 0.59375
7800 0.575
7900 0.546875
8000 0.55625004
8100 0.58750004
8200 0.559375
8300 0.5625
8400 0.57187504
8500 0.50625
8600 0.584375
8700 0.55
8800 0.50625
8900 0.534375
9000 0.57187504
9100 0.53437495
9200 0.546875
9300 0.534375
9400 0.5
9500 0.55
9600 0.60625
9700 0.60312504
9800 0.56874996
9900 0.534375
10000 0.54062504
10100 0.54375
10200 0.61875004
10300 0.60625
10400 0.521875
10500 0.54375
10600 0.528125
10700 0.528125
10800 0.61875
10900 0.59375
11000 0.58750004
11100 0.5375
11200 0.515625
11300 0.503125
11400 0.565625
11500 0.49062502
11600 0.55625004
11700 0.515625
11800 0.5125
11900 0.5625
12000 0.553125
12100 0.54999995
12200 0.54687506
12300 0.553125
12400 0.5125
12500 0.49999997
12600 0.553125
12700 0.54375
12800 0.515625
12900 0.51875
13000 0.52812505
13100 0.51875
13200 0.60937494
13300 0.50312495
13400 0.52500004
13500 0.55625004
13600 0.553125
13700 0.51874995
13800 0.52812505
13900 0.5375
14000 0.565625
14100 0.54062504
14200 0.52187496
14300 0.596875
14400 0.55625004
14500 0.50625
14600 0.54375005
14700 0.55625004
14800 0.553125
14900 0.5593749
15000 0.53749996
15100 0.584375
15200 0.5968751
15300 0.53125
15400 0.534375
15500 0.540625
15600 0.559375
15700 0.578125
15800 0.50937504
15900 0.50625
16000 0.5968751
16100 0.5625
16200 0.559375
16300 0.440625
16400 0.571875
16500 0.5625
16600 0.603125
16700 0.54375
16800 0.54062504
16900 0.4875
17000 0.59375
17100 0.6
17200 0.53125
17300 0.51875
17400 0.5375
17500 0.559375
17600 0.6281251
17700 0.5625
17800 0.5500001
17900 0.51875
18000 0.58125
18100 0.51562506
18200 0.575
18300 0.51875
18400 0.534375
18500 0.61249995
18600 0.54375
18700 0.55312496
18800 0.60312504
18900 0.6125001
19000 0.60312504
19100 0.546875
19200 0.575
19300 0.54375
19400 0.540625
19500 0.56875
19600 0.578125
19700 0.578125
19800 0.65
19900 0.628125
20000 0.52500004
20100 0.59375006
20200 0.52812505
20300 0.575
20400 0.565625
20500 0.58124995
20600 0.51875
20700 0.5625
20800 0.559375
20900 0.55625004
21000 0.615625
21100 0.553125
21200 0.55
21300 0.55
21400 0.56875
21500 0.60312504
21600 0.521875
21700 0.61875
21800 0.553125
21900 0.584375
22000 0.57500005
22100 0.553125
22200 0.54999995
22300 0.55625
22400 0.50625
22500 0.58750004
22600 0.59062505
22700 0.521875
22800 0.596875
22900 0.55312496
23000 0.47187498
23100 0.5906249
23200 0.540625
23300 0.528125
23400 0.609375
23500 0.628125
23600 0.52500004
23700 0.5625
23800 0.55625004
23900 0.571875
24000 0.53125
24100 0.58125
24200 0.58437496
24300 0.59375
24400 0.51875
24500 0.63125
24600 0.55937505
24700 0.54999995
24800 0.54375005
24900 0.51875
25000 0.5875
25100 0.546875
25200 0.584375
25300 0.6125001
25400 0.61562496
25500 0.56875
25600 0.590625
25700 0.50937504
25800 0.553125
25900 0.5375
26000 0.521875
26100 0.559375
26200 0.553125
26300 0.5968751
26400 0.53437495
26500 0.553125
26600 0.54062504
26700 0.559375
26800 0.57187504
26900 0.578125
27000 0.54375005
27100 0.6
27200 0.553125
27300 0.61249995
27400 0.55
27500 0.590625
27600 0.54375
27700 0.57187504
27800 0.584375
27900 0.58750004
28000 0.59062505
28100 0.55937505
28200 0.509375
28300 0.58437496
28400 0.49374998
28500 0.57187504
28600 0.55312496
28700 0.59375
28800 0.55
28900 0.47500002
29000 0.55
29100 0.565625
29200 0.56562495
29300 0.565625
29400 0.58437496
29500 0.553125
29600 0.53437495
29700 0.62812495
29800 0.58125
29900 0.58437496
30000 0.52812505
30100 0.6125
30200 0.515625
30300 0.596875
30400 0.49374998
30500 0.54999995
30600 0.5500001
30700 0.509375
30800 0.49062502
30900 0.5375
31000 0.496875
31100 0.55
31200 0.53125
31300 0.53749996
31400 0.553125
31500 0.58750004
31600 0.52812505
31700 0.58750004
31800 0.525
31900 0.55625
32000 0.534375
32100 0.5375
32200 0.540625
32300 0.590625
32400 0.603125
32500 0.60937494
32600 0.58437496
32700 0.47812498
32800 0.534375
32900 0.57500005
33000 0.59062505
33100 0.53125
33200 0.5812501
33300 0.546875
33400 0.56250006
33500 0.52500004
33600 0.521875
33700 0.55625004
33800 0.55312496
33900 0.56875
34000 0.565625
34100 0.56875
34200 0.5812501
34300 0.55937505
34400 0.58437496
34500 0.58125
34600 0.546875
34700 0.55625004
34800 0.56874996
34900 0.596875
35000 0.57500005
35100 0.6
35200 0.578125
35300 0.559375
35400 0.56875
35500 0.6
35600 0.578125
35700 0.571875
35800 0.5875
35900 0.50625
36000 0.5625
36100 0.6
36200 0.565625
36300 0.584375
36400 0.553125
36500 0.60625
36600 0.509375
36700 0.609375
36800 0.59999996
36900 0.5875
37000 0.609375
37100 0.565625
37200 0.640625
37300 0.55
37400 0.58437496
37500 0.57500005
37600 0.57500005
37700 0.55312496
37800 0.6125
37900 0.57500005
38000 0.571875
38100 0.49687505
38200 0.55625004
38300 0.571875
38400 0.571875
38500 0.52500004
38600 0.53125
38700 0.54062504
38800 0.5
38900 0.521875
39000 0.540625
39100 0.62500006
39200 0.525
39300 0.52500004
39400 0.58125
39500 0.57187504
39600 0.546875
39700 0.59375
39800 0.54375
39900 0.52500004
40000 0.596875
40100 0.50625
40200 0.58124995
40300 0.56874996
40400 0.55625004
40500 0.58125
40600 0.553125
40700 0.603125
40800 0.50625
40900 0.559375
41000 0.534375
41100 0.57187504
