0 4.7581596
100 3.2104943
200 2.8544066
300 2.4934359
400 2.5538146
500 2.2911623
600 2.2716014
700 2.511311
800 2.5510929
900 2.4566152
1000 2.359296
1100 2.5287757
1200 2.359288
1300 2.4852324
1400 2.3270586
1500 2.1975656
1600 2.3040345
1700 2.5643055
1800 2.244066
1900 2.251036
2000 2.2286003
2100 2.3025217
2200 2.378541
2300 2.0093994
2400 2.1504536
2500 2.4857783
2600 2.3012207
2700 2.207387
2800 2.2265427
2900 2.1135483
3000 2.2595372
3100 2.3505204
3200 2.3049154
3300 1.9198564
3400 2.2104774
3500 2.2480175
3600 2.3511944
3700 2.1624382
3800 2.3530676
3900 2.4451861
4000 2.1478043
4100 2.228948
4200 2.0452888
4300 1.9526917
4400 2.1068773
4500 2.179064
4600 1.9472439
4700 1.9997023
4800 1.8061581
4900 1.9845413
5000 1.8154812
5100 2.1955075
5200 2.4453459
5300 2.366989
5400 2.1485133
5500 1.8642597
5600 2.130327
5700 2.0021863
5800 2.195933
5900 2.2242286
6000 2.366217
6100 2.2507958
6200 2.1355832
6300 2.2457232
6400 2.244869
6500 2.1541061
6600 1.8003966
6700 2.1332774
6800 2.2592502
6900 1.9436086
7000 2.2539258
7100 2.1155612
7200 2.0726027
7300 2.274886
7400 2.2869642
7500 2.2538235
7600 2.4166193
7700 1.9575567
7800 1.9061279
7900 2.1117053
8000 2.05621
8100 2.0257003
8200 2.1251743
8300 2.0850136
8400 1.9599344
8500 2.3547611
8600 2.0402012
8700 2.0753207
8800 2.3574119
8900 2.1814213
9000 2.1163836
9100 2.240977
9200 2.1655529
9300 2.1345947
9400 2.44371
9500 2.1434622
9600 1.978778
9700 1.9103379
9800 2.049326
9900 2.2746816
10000 2.155174
10100 2.1015399
10200 1.869441
10300 1.8232816
10400 2.1858346
10500 2.389364
10600 2.2129414
10700 2.24713
10800 1.8716646
10900 2.012328
11000 1.9701899
11100 2.1986787
11200 2.226757
11300 2.337432
11400 2.255158
11500 2.247333
11600 2.1395578
11700 2.2383163
11800 2.3212516
11900 2.038038
12000 2.0906198
12100 2.1325312
12200 2.0410082
12300 2.0963886
12400 2.228488
12500 2.2792177
12600 2.2058153
12700 1.9975654
12800 2.285183
12900 2.3393285
13000 2.351131
13100 2.3196006
13200 1.9470314
13300 2.3947015
13400 2.2565248
13500 2.116332
13600 2.1007926
13700 2.2485962
13800 2.1434052
13900 2.1157632
14000 1.9733802
14100 2.0696425
14200 2.338961
14300 2.02771
14400 2.1719956
14500 2.4163451
14600 2.1877255
14700 2.0711267
14800 1.9985815
14900 2.163688
15000 2.0995748
15100 2.0995615
15200 1.799297
15300 2.055583
15400 2.1728892
15500 2.3397737
15600 2.0580454
15700 2.078253
15800 2.455816
15900 2.2966597
16000 1.8861022
16100 2.1253781
16200 2.1760263
16300 2.7027614
16400 2.1531503
16500 2.0699773
16600 1.9744616
16700 2.242464
16800 2.075525
16900 2.2753527
17000 2.0961792
17100 2.0365577
17200 2.1851132
17300 2.1625032
17400 2.0550516
17500 1.8605603
17600 1.8072898
17700 2.0158703
17800 2.0746758
17900 2.2463589
18000 2.0698166
18100 2.2724566
18200 2.0577633
18300 2.2221565
18400 2.1941586
18500 1.8479658
18600 2.1220067
18700 2.228746
18800 1.8714371
18900 1.8712788
19000 1.8829919
19100 2.0645916
19200 2.0042682
19300 2.2193465
19400 2.1015627
19500 2.2001433
19600 2.0369296
19700 1.9940422
19800 1.7307596
19900 1.8591495
20000 2.2512007
20100 1.9948345
20200 2.0789926
20300 1.9439207
20400 1.9267238
20500 2.0374188
20600 2.2075198
20700 1.913808
20800 2.0175192
20900 2.1957977
21000 1.917972
21100 2.1276546
21200 2.1588368
21300 2.16158
21400 2.0316427
21500 1.8317015
21600 2.211311
21700 1.880275
21800 2.008804
21900 1.9531795
22000 2.1711514
22100 2.0168366
22200 2.0597088
22300 2.088807
22400 2.161908
22500 1.9028296
22600 1.8568528
22700 2.1368291
22800 1.8391467
22900 2.2222562
23000 2.4980772
23100 1.917472
23200 2.1466808
23300 2.0694323
23400 1.7981278
23500 1.7709543
23600 2.1395464
23700 2.000867
23800 2.1317809
23900 1.9104115
24000 2.1426363
24100 2.0645206
24200 1.9014252
24300 1.956289
24400 2.3944855
24500 1.731072
24600 2.0535915
24700 1.9586242
24800 2.0370376
24900 2.1707594
25000 1.9728594
25100 2.0577135
25200 1.9164649
25300 1.854221
25400 1.9123676
25500 2.1068637
25600 2.0293233
25700 2.2305882
25800 2.0743024
25900 2.0996993
26000 2.1757357
26100 2.0540652
26200 1.9580551
26300 2.0093238
26400 2.0777323
26500 2.0100563
26600 2.1791964
26700 2.0970087
26800 1.8978058
26900 2.1057107
27000 2.184676
27100 1.9410415
27200 2.100944
27300 1.9420933
27400 2.1824157
27500 1.9505937
27600 2.1979687
27700 1.9687344
27800 2.116814
27900 1.9783611
28000 1.9794915
28100 2.068944
28200 2.2954528
28300 1.8987598
28400 2.5244849
28500 2.0384688
28600 2.1777601
28700 1.9304507
28800 2.1998835
28900 2.527076
29000 1.944171
29100 2.122749
29200 2.0074244
29300 2.036054
29400 1.862666
29500 2.1517122
29600 2.237938
29700 1.8001128
29800 2.0443048
29900 1.938774
30000 2.1952846
30100 1.865017
30200 2.1355762
30300 1.8788933
30400 2.2702012
30500 2.14146
30600 2.0848663
30700 2.2292461
30800 2.4554775
30900 1.9427899
31000 2.3389106
31100 1.9710381
31200 2.2336714
31300 2.174553
31400 2.0678453
31500 2.0123305
31600 2.1760454
31700 1.9437238
31800 2.119429
31900 1.9897528
32000 2.2349117
32100 2.2323067
32200 2.2371461
32300 1.8891699
32400 1.9649482
32500 1.824206
32600 1.9165198
32700 2.3600924
32800 2.1913354
32900 2.1209393
33000 1.8472023
33100 2.1679723
33200 1.892032
33300 2.0614977
33400 1.9892575
33500 2.2105258
33600 2.1059313
33700 2.2092397
33800 2.067277
33900 2.0588393
34000 2.0805247
34100 1.9824547
34200 1.9570979
34300 1.9809674
34400 1.8880128
34500 1.940002
34600 2.194674
34700 2.0817804
34800 2.0447578
34900 1.9938984
35000 2.0005836
35100 1.8539972
35200 1.9307904
35300 1.8878047
35400 2.0845504
35500 1.7926823
35600 1.8684025
35700 1.9401449
35800 1.9616257
35900 2.2679873
36000 2.072983
36100 1.8185424
36200 2.1064157
36300 1.9998232
36400 2.1547387
36500 1.8688656
36600 2.3293812
36700 1.8654177
36800 1.7953886
36900 1.8995012
37000 1.8739963
37100 2.014382
37200 1.7045132
37300 2.002822
37400 1.9733411
37500 1.9315351
37600 1.895305
37700 2.178324
37800 1.7582457
37900 1.9097184
38000 2.0404932
38100 2.3643548
38200 2.15775
38300 2.0126731
38400 2.0238264
38500 2.2672198
38600 2.3424993
38700 2.2401445
38800 2.3773232
38900 2.2744899
39000 2.0874283
39100 1.8304158
39200 2.2233074
39300 2.233086
39400 2.1791513
39500 2.140009
39600 2.1366475
39700 1.8369825
39800 2.147138
39900 2.1546354
40000 1.9994043
40100 2.3239672
40200 2.1458933
40300 2.110097
40400 2.12757
40500 1.9272362
40600 2.1316302
40700 1.9113858
40800 2.3211715
40900 2.055007
41000 2.1294668
41100 1.9941155
