0 3.298105
100 2.2253451
200 1.978524
300 1.728318
400 1.7701694
500 1.5881127
600 1.5745541
700 1.7407081
800 1.7682828
900 1.7027959
1000 1.6353395
1100 1.7528137
1200 1.6353338
1300 1.7226318
1400 1.6129941
1500 1.5232364
1600 1.5970349
1700 1.7774411
1800 1.5554681
1900 1.5602992
2000 1.544748
2100 1.5959865
2200 1.648679
2300 1.3928095
2400 1.4905808
2500 1.7230102
2600 1.5950847
2700 1.5300441
2800 1.5433218
2900 1.465
3000 1.5661918
3100 1.6292566
3200 1.5976456
3300 1.3307431
3400 1.5321862
3500 1.558207
3600 1.6297238
3700 1.4988879
3800 1.6310222
3900 1.6948738
4000 1.4887445
4100 1.5449891
4200 1.4176861
4300 1.3535028
4400 1.460376
4500 1.5104121
4600 1.3497267
4700 1.386088
4800 1.2519333
4900 1.3755792
5000 1.2583957
5100 1.5218099
5200 1.6949847
5300 1.6406717
5400 1.489236
5500 1.2922064
5600 1.4766302
5700 1.3878099
5800 1.5221049
5900 1.5417178
6000 1.6401366
6100 1.5601327
6200 1.4802735
6300 1.5566168
6400 1.5560246
6500 1.4931127
6600 1.2479398
6700 1.4786752
6800 1.5659928
6900 1.3472068
7000 1.5623024
7100 1.4663954
7200 1.4366188
7300 1.5768307
7400 1.5852027
7500 1.5622314
7600 1.6750729
7700 1.356875
7800 1.3212272
7900 1.4637226
8000 1.4252563
8100 1.4041084
8200 1.4730586
8300 1.4452213
8400 1.358523
8500 1.6321961
8600 1.4141597
8700 1.4385027
8800 1.6340334
8900 1.512046
9000 1.4669653
9100 1.553327
9200 1.5010469
9300 1.4795883
9400 1.6938508
9500 1.4857348
9600 1.3715844
9700 1.3241453
9800 1.4204845
9900 1.5766891
10000 1.4938529
10100 1.4566765
10200 1.2957978
10300 1.2638025
10400 1.5151051
10500 1.6561809
10600 1.5338941
10700 1.5575918
10800 1.2973391
10900 1.3948394
11000 1.3656316
11100 1.524008
11200 1.5434704
11300 1.6201844
11400 1.5631564
11500 1.5577326
11600 1.4830284
11700 1.5514826
11800 1.608969
11900 1.4126604
12000 1.4491072
12100 1.478158
12200 1.4147191
12300 1.4531058
12400 1.5446702
12500 1.5798333
12600 1.5289547
12700 1.3846068
12800 1.5839682
12900 1.621499
13000 1.6296798
13100 1.6078246
13200 1.3495793
13300 1.6598806
13400 1.5641038
13500 1.4669297
13600 1.4561585
13700 1.5586082
13800 1.4856952
13900 1.4665352
14000 1.3678429
14100 1.434567
14200 1.6212441
14300 1.4055015
14400 1.5055126
14500 1.6748828
14600 1.5164158
14700 1.4355956
14800 1.3853111
14900 1.4997542
15000 1.4553143
15100 1.4553051
15200 1.2471776
15300 1.4248216
15400 1.5061321
15500 1.6218075
15600 1.4265283
15700 1.4405353
15800 1.7022419
15900 1.5919232
16000 1.3073465
16100 1.4731998
16200 1.5083065
16300 1.8734115
16400 1.49245
16500 1.434799
16600 1.3685925
16700 1.5543576
16800 1.4386444
16900 1.5771543
17000 1.4529607
17100 1.4116342
17200 1.514605
17300 1.4989331
17400 1.4244531
17500 1.2896421
17600 1.2527179
17700 1.3972949
17800 1.4380558
17900 1.5570574
18000 1.4346875
18100 1.5751469
18200 1.4263328
18300 1.5402815
18400 1.5208747
18500 1.2809123
18600 1.470863
18700 1.544849
18800 1.2971814
18900 1.2970716
19000 1.3051906
19100 1.4310659
19200 1.3892528
19300 1.5383338
19400 1.4566923
19500 1.5250231
19600 1.411892
19700 1.3821647
19800 1.1996711
19900 1.2886642
20000 1.5604135
20100 1.3827139
20200 1.4410478
20300 1.3474232
20400 1.3355032
20500 1.4122312
20600 1.5301361
20700 1.3265506
20800 1.3984377
20900 1.5220109
21000 1.3294369
21100 1.4747777
21200 1.4963917
21300 1.4982932
21400 1.4082274
21500 1.2696388
21600 1.5327641
21700 1.3033073
21800 1.3923968
21900 1.3538408
22000 1.5049275
22100 1.3979647
22200 1.4276814
22300 1.4478508
22400 1.4985204
22500 1.318941
22600 1.2870723
22700 1.481137
22800 1.2747993
22900 1.5403507
23000 1.7315351
23100 1.3290904
23200 1.4879658
23300 1.4344212
23400 1.2463672
23500 1.2275319
23600 1.4830205
23700 1.3868952
23800 1.4776379
23900 1.3241963
24000 1.4851624
24100 1.4310166
24200 1.3179675
24300 1.3559963
24400 1.6597309
24500 1.1998876
24600 1.4234412
24700 1.3576149
24800 1.4119668
24900 1.5046557
25000 1.367482
25100 1.4262983
25200 1.3283923
25300 1.285248
25400 1.3255522
25500 1.4603667
25600 1.4066198
25700 1.5461259
25800 1.437797
25900 1.4554006
26000 1.508105
26100 1.4237696
26200 1.3572204
26300 1.3927572
26400 1.4401743
26500 1.3932649
26600 1.5105038
26700 1.4535357
26800 1.3154588
26900 1.4595674
27000 1.5143019
27100 1.3454274
27200 1.4562634
27300 1.3461565
27400 1.5127354
27500 1.3520485
27600 1.5235158
27700 1.3646227
27800 1.4672636
27900 1.3712955
28000 1.3720789
28100 1.4340826
28200 1.5910867
28300 1.31612
28400 1.7498395
28500 1.412959
28600 1.5095084
28700 1.3380865
28800 1.524843
28900 1.7516356
29000 1.3475966
29100 1.4713775
29200 1.3914405
29300 1.411285
29400 1.2911017
29500 1.4914533
29600 1.5512204
29700 1.2477431
29800 1.4170041
29900 1.3438557
30000 1.5216553
30100 1.2927313
30200 1.4802686
30300 1.3023496
30400 1.5735836
30500 1.4843469
30600 1.4451191
30700 1.5451957
30800 1.7020073
30900 1.3466394
31000 1.6212093
31100 1.3662195
31200 1.5482631
31300 1.5072852
31400 1.4333212
31500 1.3948412
31600 1.5083197
31700 1.3472867
31800 1.4690763
31900 1.3791915
32000 1.5491227
32100 1.5473171
32200 1.5506716
32300 1.3094728
32400 1.3619983
32500 1.2644433
32600 1.3284303
32700 1.6358913
32800 1.518918
32900 1.470123
33000 1.2803831
33100 1.5027239
33200 1.3114567
33300 1.4289213
33400 1.3788482
33500 1.5322198
33600 1.4597204
33700 1.5313283
33800 1.4329273
33900 1.4270787
34000 1.4421098
34100 1.3741329
34200 1.3565569
34300 1.373102
34400 1.3086708
34500 1.3447069
34600 1.5212321
34700 1.4429803
34800 1.4173181
34900 1.382065
35000 1.386699
35100 1.285093
35200 1.3383219
35300 1.3085265
35400 1.4449003
35500 1.2425927
35600 1.2950779
35700 1.344806
35800 1.3596953
35900 1.5720489
36000 1.4368824
36100 1.2605175
36200 1.4600562
36300 1.3861718
36400 1.493551
36500 1.295399
36600 1.6146041
36700 1.293009
36800 1.2444686
36900 1.3166339
37000 1.2989552
37100 1.3962631
37200 1.1814785
37300 1.3882504
37400 1.3678159
37500 1.3388381
37600 1.3137254
37700 1.5098991
37800 1.218723
37900 1.3237159
38000 1.4143622
38100 1.6388459
38200 1.4956383
38300 1.3950787
38400 1.4028096
38500 1.571517
38600 1.6236968
38700 1.5527499
38800 1.6478349
38900 1.5765562
39000 1.4468951
39100 1.2687476
39200 1.5410792
39300 1.5478574
39400 1.5104725
39500 1.4833412
39600 1.4810112
39700 1.2732992
39800 1.4882828
39900 1.4934795
40000 1.3858814
40100 1.6108513
40200 1.4874198
40300 1.4626077
40400 1.4747192
40500 1.3358583
40600 1.4775335
40700 1.3248717
40800 1.6089134
40900 1.4244223
41000 1.4760339
41100 1.3822155
