0 26.988804
100 11.5322275
200 9.067237
300 8.382896
400 8.040781
500 7.4198017
600 7.43254
700 7.7733936
800 7.690878
900 7.7890825
1000 6.962834
1100 7.4792066
1200 7.636901
1300 7.3086824
1400 7.241827
1500 6.9558425
1600 7.1408067
1700 7.3799114
1800 6.890376
1900 6.770177
2000 6.718585
2100 6.8677206
2200 6.893485
2300 6.0881186
2400 6.4593096
2500 7.34067
2600 6.283531
2700 6.6612506
2800 6.553708
2900 6.3810244
3000 6.6744776
3100 6.69052
3200 6.4407578
3300 5.9719405
3400 6.5836763
3500 6.628905
3600 6.113189
3700 6.2846513
3800 6.886581
3900 6.4238744
4000 6.4475117
4100 6.715844
4200 6.239567
4300 6.2028933
4400 6.3210073
4500 6.471605
4600 5.7076283
4700 5.9806294
4800 5.846364
4900 6.06294
5000 6.084488
5100 6.6081877
5200 6.672206
5300 6.4776115
5400 6.2724137
5500 6.0752244
5600 6.3240685
5700 6.46531
5800 6.132306
5900 6.047678
6000 6.913862
6100 6.5012946
6200 6.433195
6300 6.0534396
6400 6.5006332
6500 6.1471353
6600 5.9631753
6700 6.523736
6800 6.386181
6900 6.448158
7000 6.416356
7100 6.3231726
7200 6.283476
7300 6.2510066
7400 6.290952
7500 6.1960435
7600 6.767404
7700 6.2851515
7800 6.026276
7900 6.1665053
8000 5.986497
8100 6.0553927
8200 6.1157885
8300 6.211776
8400 5.879955
8500 6.3222747
8600 6.2208076
8700 6.425778
8800 6.30779
8900 6.2870593
9000 6.2739286
9100 5.9065523
9200 6.236122
9300 6.5470634
9400 6.4701066
9500 6.1425743
9600 6.042736
9700 6.0278378
9800 6.0575695
9900 6.512516
10000 6.1866484
10100 6.0637927
10200 6.1406965
10300 5.634671
10400 6.442087
10500 6.605998
10600 6.642808
10700 6.460346
10800 5.826683
10900 6.3794627
11000 6.114399
11100 6.44723
11200 6.261223
11300 6.4358463
11400 6.2473083
11500 6.5236406
11600 6.044727
11700 6.5301003
11800 6.267951
11900 5.985598
12000 6.2395782
12100 6.075761
12200 5.662658
12300 6.131052
12400 6.0181823
12500 6.657365
12600 6.2303925
12700 5.5500803
12800 6.1207943
12900 6.146262
13000 6.8306766
13100 6.3122425
13200 5.9310856
13300 6.6218343
13400 6.44153
13500 6.3703127
13600 6.150538
13700 6.1963243
13800 6.2873907
13900 6.0253015
14000 6.0463834
14100 6.1584415
14200 6.7451606
14300 6.2649827
14400 5.532261
14500 6.7525125
14600 6.2458544
14700 5.9011397
14800 6.2420945
14900 6.401761
15000 6.293807
15100 5.486819
15200 5.8171945
15300 5.9899216
15400 6.682105
15500 6.6609344
15600 6.2451854
15700 6.1384134
15800 6.5341473
15900 6.6496215
16000 5.915601
16100 6.021511
16200 6.179206
16300 7.301566
16400 6.1578903
16500 6.638569
16600 5.959232
16700 6.314572
16800 6.572024
16900 6.974186
17000 6.0468917
17100 6.404601
17200 6.04489
17300 6.575275
17400 6.564533
17500 5.837891
17600 5.802499
17700 6.396607
17800 6.46953
17900 6.054719
18000 6.0424833
18100 6.499469
18200 6.166973
18300 6.537318
18400 6.2289395
18500 5.874466
18600 6.1129184
18700 6.1190658
18800 6.013192
18900 5.712626
19000 6.1465735
19100 6.133614
19200 6.3873053
19300 6.275073
19400 6.6385026
19500 6.470131
19600 5.5855227
19700 6.300133
19800 5.655352
19900 6.3906593
20000 6.675644
20100 6.400372
20200 6.2347593
20300 5.9813747
20400 5.917575
20500 6.1989007
20600 6.28882
20700 6.1977463
20800 5.9942665
20900 6.513991
21000 6.2283354
21100 6.0394554
21200 6.3800435
21300 6.3133173
21400 6.1569567
21500 6.0476904
21600 6.5018563
21700 5.692361
21800 6.2660184
21900 5.966635
22000 6.482669
22100 6.2832227
22200 6.27202
22300 6.1670375
22400 6.4533405
22500 5.963723
22600 5.9742365
22700 6.1839595
22800 5.9383407
22900 6.251631
23000 6.35536
23100 6.0189505
23200 6.477875
23300 6.014555
23400 5.5930824
23500 5.9436274
23600 6.351577
23700 6.180937
23800 5.9668117
23900 6.044086
24000 6.1911364
24100 6.1666026
24200 6.23625
24300 6.4727335
24400 6.144312
24500 6.132198
24600 6.1396756
24700 5.978624
24800 6.299154
24900 6.4967275
25000 5.7577734
25100 6.324441
25200 5.604411
25300 5.826001
25400 5.7867827
25500 6.2574573
25600 6.0785975
25700 6.267329
25800 6.213316
25900 6.4274282
26000 6.242324
26100 6.203455
26200 5.9296913
26300 6.0372744
26400 6.1799297
26500 5.958052
26600 6.181299
26700 6.349189
26800 6.2672744
26900 6.072912
27000 6.206049
27100 5.9934406
27200 6.146929
27300 6.3163605
27400 6.4182816
27500 6.161818
27600 6.490547
27700 6.004361
27800 5.9461446
27900 6.0655127
28000 6.256563
28100 6.5444193
28200 6.626248
28300 6.049137
28400 7.186304
28500 6.1399975
28600 6.391799
28700 6.0396643
28800 6.7778435
28900 6.8183913
29000 6.03347
29100 6.2528358
29200 6.521904
29300 6.21533
29400 5.9653316
29500 6.1851234
29600 5.844857
29700 6.085403
29800 6.16572
29900 6.3124723
30000 6.4859586
30100 5.941035
30200 6.1694617
30300 5.9486866
30400 6.42587
30500 6.295983
30600 6.454082
30700 6.6154428
30800 6.4057274
30900 5.9518332
31000 6.24676
31100 6.152928
31200 6.457849
31300 6.6241527
31400 6.1757526
31500 6.296437
31600 6.0485053
31700 5.852441
31800 5.9101954
31900 6.5378675
32000 6.4764132
32100 6.102675
32200 6.208306
32300 5.7582364
32400 6.194338
32500 5.6160903
32600 5.9567356
32700 6.6442842
32800 6.3600736
32900 6.1070037
33000 6.0075073
33100 6.5837364
33200 5.7466445
33300 5.940089
33400 6.20689
33500 6.1559134
33600 6.292896
33700 6.717872
33800 5.7984147
33900 5.7082114
34000 6.0689816
34100 6.1326723
34200 6.0054884
34300 6.0341005
34400 5.5865903
34500 5.9179235
34600 6.354664
34700 6.1137323
34800 6.2284694
34900 6.24072
35000 6.0349946
35100 5.7964897
35200 6.0941052
35300 6.013001
35400 6.1872745
35500 5.681698
35600 6.000523
35700 5.6748276
35800 6.307015
35900 5.796241
36000 5.9065332
36100 5.9940042
36200 5.940118
36300 6.0063953
36400 6.6605554
36500 5.9604816
36600 6.7452207
36700 5.6938996
36800 5.7107134
36900 6.0538034
37000 6.106441
37100 6.106165
37200 5.5906954
37300 6.283661
37400 5.868141
37500 6.2781343
37600 6.127158
37700 6.034677
37800 5.6877255
37900 5.9313574
38000 5.9866414
38100 6.0891376
38200 6.239525
38300 5.9406514
38400 6.044198
38500 6.4843836
38600 6.2627716
38700 6.16183
38800 6.31928
38900 6.4476967
39000 5.871534
39100 5.7316327
39200 6.419509
39300 6.243761
39400 5.9921927
39500 5.9073925
39600 6.2884064
39700 5.9589767
39800 5.983403
39900 6.313903
40000 5.9115796
40100 6.0391316
40200 5.9602327
40300 6.427208
40400 6.4497967
40500 6.1520543
40600 6.4069843
40700 6.1194043
40800 6.2529225
40900 6.158382
41000 6.2996135
41100 5.8378153
