0 0.03125
100 0.3125
200 0.375
300 0.40625
400 0.34375
500 0.40625
600 0.46875
700 0.40625
800 0.375
900 0.40625
1000 0.46875
1100 0.625
1200 0.40625
1300 0.40625
1400 0.46875
1500 0.53125
1600 0.3125
1700 0.5625
1800 0.5
1900 0.46875
2000 0.53125
2100 0.53125
2200 0.4375
2300 0.4375
2400 0.375
2500 0.46875
2600 0.34375
2700 0.5
2800 0.6875
2900 0.46875
3000 0.6875
3100 0.375
3200 0.5
3300 0.53125
3400 0.40625
3500 0.5625
3600 0.5
3700 0.625
3800 0.5625
3900 0.40625
4000 0.71875
4100 0.59375
4200 0.53125
4300 0.5625
4400 0.4375
4500 0.53125
4600 0.375
4700 0.71875
4800 0.5
4900 0.46875
5000 0.46875
5100 0.5625
5200 0.71875
5300 0.625
5400 0.40625
5500 0.5625
5600 0.5
5700 0.59375
5800 0.53125
5900 0.5
6000 0.46875
6100 0.53125
6200 0.59375
6300 0.4375
6400 0.71875
6500 0.71875
6600 0.59375
6700 0.5
6800 0.625
6900 0.625
7000 0.53125
7100 0.5625
7200 0.71875
7300 0.5
7400 0.59375
7500 0.5625
7600 0.59375
7700 0.65625
7800 0.71875
7900 0.6875
8000 0.59375
8100 0.71875
8200 0.625
8300 0.6875
8400 0.53125
8500 0.75
8600 0.65625
8700 0.5625
8800 0.8125
8900 0.5
9000 0.6875
9100 0.625
9200 0.59375
9300 0.65625
9400 0.625
9500 0.78125
9600 0.625
9700 0.625
9800 0.6875
9900 0.65625
10000 0.53125
10100 0.75
10200 0.5
10300 0.59375
10400 0.6875
10500 0.5
10600 0.40625
10700 0.5625
10800 0.75
10900 0.59375
11000 0.6875
11100 0.53125
11200 0.6875
11300 0.625
11400 0.6875
11500 0.625
11600 0.53125
11700 0.65625
11800 0.71875
11900 0.6875
12000 0.8125
12100 0.6875
12200 0.65625
12300 0.59375
12400 0.625
12500 0.71875
12600 0.78125
12700 0.71875
12800 0.65625
12900 0.75
13000 0.75
13100 0.75
13200 0.78125
13300 0.6875
13400 0.6875
13500 0.53125
13600 0.59375
13700 0.5625
13800 0.84375
13900 0.71875
14000 0.78125
14100 0.625
14200 0.84375
14300 0.71875
14400 0.84375
14500 0.65625
14600 0.8125
14700 0.75
14800 0.78125
14900 0.71875
15000 0.75
15100 0.84375
15200 0.8125
15300 0.8125
15400 0.78125
15500 0.75
15600 0.71875
15700 0.84375
15800 0.78125
15900 0.6875
16000 0.5625
16100 0.5625
16200 0.875
16300 0.8125
16400 0.78125
16500 0.53125
16600 0.8125
16700 0.6875
16800 0.625
16900 0.75
17000 0.65625
17100 0.6875
17200 0.84375
17300 0.75
17400 0.65625
17500 0.71875
17600 0.625
17700 0.8125
17800 0.75
17900 0.75
18000 0.75
18100 0.71875
18200 0.78125
18300 0.625
18400 0.65625
18500 0.78125
18600 0.71875
18700 0.65625
18800 0.6875
18900 0.71875
19000 0.84375
19100 0.65625
19200 0.8125
19300 0.75
19400 0.65625
19500 0.78125
19600 0.6875
19700 0.6875
19800 0.75
19900 0.75
20000 0.6875
20100 0.8125
20200 0.90625
20300 0.71875
20400 0.84375
20500 0.6875
20600 0.875
20700 0.78125
20800 0.59375
20900 0.625
21000 0.71875
21100 0.8125
21200 0.75
21300 0.78125
21400 0.6875
21500 0.6875
21600 0.8125
21700 0.8125
21800 0.59375
21900 0.6875
22000 0.75
22100 0.8125
22200 0.6875
22300 0.71875
22400 0.78125
22500 0.84375
22600 0.71875
22700 0.75
22800 0.75
22900 0.71875
23000 0.875
23100 0.71875
23200 0.6875
23300 0.6875
23400 0.71875
23500 0.75
23600 0.6875
23700 0.59375
23800 0.65625
23900 0.6875
24000 0.78125
24100 0.6875
24200 0.8125
24300 0.75
24400 0.84375
24500 0.71875
24600 0.78125
24700 0.875
24800 0.625
24900 0.71875
25000 0.59375
25100 0.875
25200 0.78125
25300 0.78125
25400 0.6875
25500 0.78125
25600 0.78125
25700 0.71875
25800 0.78125
25900 0.625
26000 0.8125
26100 0.625
26200 0.625
26300 0.78125
26400 0.65625
26500 0.65625
26600 0.78125
26700 0.625
26800 0.65625
26900 0.71875
27000 0.6875
27100 0.65625
27200 0.78125
27300 0.8125
27400 0.6875
27500 0.71875
27600 0.78125
27700 0.8125
27800 0.875
27900 0.78125
28000 0.65625
28100 0.5625
28200 0.84375
28300 0.75
28400 0.71875
28500 0.8125
28600 0.78125
28700 0.8125
