0 3.3290956
100 2.872775
200 2.4215925
300 2.2144036
400 2.576009
500 2.5777767
600 2.2514143
700 2.3293135
800 2.4622853
900 2.134464
1000 1.9061855
1100 1.8259012
1200 1.9710273
1300 2.3792715
1400 2.415804
1500 1.6744313
1600 2.7378738
1700 1.9152765
1800 2.0540597
1900 2.0958786
2000 2.0487313
2100 2.0605547
2200 2.0105832
2300 2.1854572
2400 2.2763746
2500 2.18393
2600 2.5243845
2700 2.4661903
2800 1.8914497
2900 1.9068538
3000 1.5275867
3100 2.2785232
3200 1.8130548
3300 1.8327652
3400 2.0706697
3500 1.7204686
3600 2.108448
3700 1.6613266
3800 1.8187782
3900 2.245492
4000 1.9527904
4100 1.9403552
4200 2.0371146
4300 1.9107919
4400 2.3394184
4500 1.8975456
4600 2.6543586
4700 1.2399652
4800 2.0878673
4900 2.3209777
5000 1.980072
5100 1.6776572
5200 1.7796314
5300 1.5574865
5400 2.1155229
5500 2.2451348
5600 2.1157777
5700 1.8181225
5800 1.700595
5900 1.8034761
6000 1.964068
6100 2.2527452
6200 1.7657043
6300 2.2594383
6400 1.516899
6500 1.2858983
6600 1.6755947
6700 1.9939947
6800 1.6680989
6900 1.7716528
7000 2.2119107
7100 1.7699543
7200 1.0969843
7300 1.7206885
7400 1.6397418
7500 1.8469499
7600 1.7135743
7700 1.4634644
7800 1.5279223
7900 1.3825994
8000 1.7676693
8100 1.3354537
8200 1.9770585
8300 1.6491463
8400 1.8022767
8500 1.2595198
8600 1.4689662
8700 2.0677989
8800 1.1592168
8900 2.0859146
9000 1.375772
9100 1.7373725
9200 1.4349523
9300 1.6036406
9400 1.7889022
9500 1.094932
9600 1.4778864
9700 1.5890574
9800 1.3760812
9900 1.4231552
10000 1.6760442
10100 1.41203
10200 1.9535967
10300 1.6873856
10400 1.2524966
10500 1.78969
10600 1.7474685
10700 1.618329
10800 1.1562768
10900 1.8041031
11000 1.286909
11100 1.615141
11200 1.281706
11300 1.4167774
11400 1.5856119
11500 1.6192693
11600 1.7884263
11700 1.232526
11800 1.3169441
11900 1.3345699
12000 0.93851596
12100 1.2673959
12200 1.330706
12300 1.6968995
12400 1.4384526
12500 1.1834521
12600 1.2049602
12700 1.5322582
12800 1.4270546
12900 1.1924179
13000 0.91086894
13100 1.3515666
13200 0.91026515
13300 1.5301788
13400 1.3669966
13500 1.9594971
13600 1.5167931
13700 1.6138583
13800 1.0103552
13900 1.4190801
14000 1.4230615
14100 1.3234417
14200 1.0495782
14300 1.2785518
14400 1.0830742
14500 1.4728636
14600 1.0852278
14700 1.2558608
14800 0.9326441
14900 1.2683502
15000 1.108274
15100 1.1121776
15200 0.9559998
15300 0.93640083
15400 1.3773594
15500 1.3753057
15600 1.0597883
15700 0.9605117
15800 1.0175344
15900 1.0930746
16000 1.6996292
16100 1.639602
16200 0.78688854
16300 1.1664988
16400 1.2889861
16500 1.2605597
16600 1.2458521
16700 1.284659
16800 1.7571448
16900 1.168712
17000 1.291502
17100 1.2961261
17200 0.9791122
17300 1.1558529
17400 1.5294837
17500 1.0768399
17600 1.5231062
17700 1.0916492
17800 1.0254174
17900 1.2239401
18000 1.3695973
18100 1.1717095
18200 1.0850266
18300 1.133033
18400 1.3091654
18500 1.1079525
18600 1.1714017
18700 1.4683844
18800 1.3393364
18900 1.3353704
19000 0.79190934
19100 1.2516277
19200 1.1532472
19300 1.1992973
19400 1.6304088
19500 1.252017
19600 1.3939573
19700 1.0786979
19800 1.1641937
19900 1.0248257
20000 1.3125206
20100 1.0650527
20200 0.71252704
20300 1.2755473
20400 0.84070396
20500 1.1597339
20600 0.68769264
20700 1.3317666
20800 1.6551914
20900 1.2534212
21000 1.1839845
21100 0.9619957
21200 1.0691888
21300 1.432706
21400 1.4058218
21500 1.1097091
21600 1.1329119
21700 1.0143132
21800 1.6542637
21900 1.4357475
22000 1.0782508
22100 0.8801692
22200 1.4912535
22300 1.1952323
22400 0.9640576
22500 0.8310771
22600 0.9774792
22700 1.0291784
22800 1.2370259
22900 1.2487096
23000 1.0093954
23100 1.1570603
23200 1.1660523
23300 1.1572604
23400 1.2003999
23500 1.0852174
23600 1.1511915
23700 1.4005535
23800 1.31999
23900 1.13389
24000 1.1829373
24100 1.1091532
24200 0.84846556
24300 1.1469616
24400 0.9755981
24500 1.2419848
24600 1.4996523
24700 0.92395526
24800 2.0743458
24900 1.2727594
25000 1.4107777
25100 0.7314436
25200 1.073171
25300 0.73680884
25400 1.326732
25500 1.0722117
25600 0.79112595
25700 1.1772918
25800 1.3378494
25900 1.4496063
26000 0.79779637
26100 1.1290506
26200 1.6605257
26300 1.0533377
26400 1.6133528
26500 1.3708724
26600 1.1587197
26700 1.347273
26800 1.4465864
26900 1.1294949
27000 1.171147
27100 1.4679748
27200 0.98319334
27300 0.8418977
27400 1.514106
27500 1.3932495
27600 0.96412444
27700 0.84422654
27800 0.91525084
27900 1.1178716
28000 1.5469099
28100 1.6464224
28200 0.8491986
28300 1.3082347
28400 1.2994672
28500 0.8754328
28600 1.3066072
28700 1.0074368
