0 2.3075533
100 1.991256
200 1.67852
300 1.5349076
400 1.7855535
500 1.7867787
600 1.5605614
700 1.6145571
800 1.7067261
900 1.4794977
1000 1.3212671
1100 1.2656182
1200 1.366212
1300 1.6491854
1400 1.6745076
1500 1.1606274
1600 1.8977494
1700 1.3275685
1800 1.4237657
1900 1.4527524
2000 1.4200723
2100 1.4282677
2200 1.39363
2300 1.5148435
2400 1.5778626
2500 1.5137849
2600 1.74977
2700 1.709433
2800 1.311053
2900 1.3217304
3000 1.0588424
3100 1.5793519
3200 1.2567139
3300 1.2703761
3400 1.4352788
3500 1.192538
3600 1.4614649
3700 1.1515439
3800 1.2606809
3900 1.5564564
4000 1.3535712
4100 1.3449517
4200 1.4120202
4300 1.32446
4400 1.6215613
4500 1.3152784
4600 1.8398612
4700 0.85947835
4800 1.4471993
4900 1.6087792
5000 1.3724813
5100 1.1628634
5200 1.2335465
5300 1.0795674
5400 1.4663687
5500 1.5562088
5600 1.4665453
5700 1.2602265
5800 1.1787627
5900 1.2500744
6000 1.3613882
6100 1.561484
6200 1.2238929
6300 1.5661232
6400 1.0514343
6500 0.8913168
6600 1.1614337
6700 1.3821318
6800 1.1562381
6900 1.2280161
7000 1.5331798
7100 1.2268388
7200 0.76037157
7300 1.1926904
7400 1.1365824
7500 1.2802081
7600 1.1877592
7700 1.0143962
7800 1.059075
7900 0.9583448
8000 1.225255
8100 0.92566603
8200 1.3703926
8300 1.1431011
8400 1.249243
8500 0.8730326
8600 1.0182098
8700 1.4332889
8800 0.8035078
8900 1.4458458
9000 0.95361245
9100 1.2042549
9200 0.9946331
9300 1.1115589
9400 1.2399725
9500 0.758949
9600 1.0243928
9700 1.1014507
9800 0.9538268
9900 0.98645604
10000 1.1617453
10100 0.97874457
10200 1.35413
10300 1.1696066
10400 0.8681645
10500 1.2405186
10600 1.2112528
10700 1.1217402
10800 0.80147004
10900 1.250509
11000 0.89201736
11100 1.1195304
11200 0.8884109
11300 0.9820353
11400 1.0990624
11500 1.1223919
11600 1.2396426
11700 0.8543219
11800 0.9128361
11900 0.92505336
12000 0.6505297
12100 0.8784919
12200 0.9223751
12300 1.1762011
12400 0.99705935
12500 0.8203065
12600 0.8352148
12700 1.0620804
12800 0.9891589
12900 0.82652104
13000 0.63136625
13100 0.9368345
13200 0.6309477
13300 1.0606391
13400 0.9475299
13500 1.3582199
13600 1.0513608
13700 1.1186414
13800 0.7003249
13900 0.98363143
14000 0.98639107
14100 0.9173399
14200 0.7275122
14300 0.8862246
14400 0.7507298
14500 1.0209112
14600 0.75222266
14700 0.8704964
14800 0.64645964
14900 0.8791534
15000 0.768197
15100 0.77090275
15200 0.66264856
15300 0.6490636
15400 0.9547128
15500 0.9532892
15600 0.73458934
15700 0.66577595
15800 0.7053011
15900 0.7576615
16000 1.1780932
16100 1.1364855
16200 0.5454296
16300 0.80855536
16400 0.8934571
16500 0.8737534
16600 0.8635589
16700 0.8904578
16800 1.21796
16900 0.81008947
17000 0.89520097
17100 0.89840615
17200 0.67866886
17300 0.8011762
17400 1.0601573
17500 0.7464085
17600 1.0557368
17700 0.7566735
17800 0.71076524
17900 0.8483707
18000 0.94933254
18100 0.81216717
18200 0.7520831
18300 0.78535867
18400 0.90744424
18500 0.76797414
18600 0.8119538
18700 1.0178065
18800 0.92835724
18900 0.9256083
19000 0.5489097
19100 0.8675622
19200 0.79937005
19300 0.8312895
19400 1.1301132
19500 0.86783206
19600 0.9662175
19700 0.74769646
19800 0.8069576
19900 0.71035504
20000 0.90976995
20100 0.73823833
20200 0.4938861
20300 0.884142
20400 0.5827316
20500 0.80386627
20600 0.47667223
20700 0.92311025
20800 1.1472913
20900 0.86880535
21000 0.82067555
21100 0.6668046
21200 0.74110526
21300 0.9930761
21400 0.9744414
21500 0.7691918
21600 0.78527474
21700 0.7030683
21800 1.1466483
21900 0.9951843
22000 0.74738646
22100 0.6100868
22200 1.0336581
22300 0.8284719
22400 0.6682338
22500 0.57605875
22600 0.67753696
22700 0.7133721
22800 0.85744095
22900 0.86553955
23000 0.6996596
23100 0.8020131
23200 0.8082459
23300 0.8021518
23400 0.8320538
23500 0.7522154
23600 0.79794514
23700 0.9707897
23800 0.9149474
23900 0.7859527
24000 0.8199496
24100 0.7688064
24200 0.5881115
24300 0.7950132
24400 0.67623305
24500 0.8608783
24600 1.0394797
24700 0.640437
24800 1.437827
24900 0.88220966
25000 0.97787654
25100 0.50699806
25200 0.7438655
25300 0.510717
25400 0.9196206
25500 0.74320054
25600 0.5483667
25700 0.81603646
25800 0.92732656
25900 1.0047905
26000 0.5529903
26100 0.78259826
26200 1.1509887
26300 0.73011804
26400 1.1182909
26500 0.95021635
26600 0.8031633
26700 0.9338585
26800 1.0026972
26900 0.78290623
27000 0.81177723
27100 1.0175226
27200 0.6814977
27300 0.58355904
27400 1.0494983
27500 0.965727
27600 0.6682801
27700 0.58517325
27800 0.6344035
27900 0.7748496
28000 1.0722363
28100 1.141213
28200 0.5886196
28300 0.9067992
28400 0.900722
28500 0.6068038
28600 0.9056711
28700 0.6983019
