0 9.996646
100 9.123922
200 6.912654
300 6.2801194
400 6.3409905
500 6.0948443
600 6.0710697
700 5.6863317
800 5.3821487
900 5.773109
1000 5.0663204
1100 5.2176313
1200 5.357444
1300 5.518856
1400 5.3065853
1500 4.7510877
1600 5.8605976
1700 4.8873014
1800 4.7364635
1900 4.638731
2000 4.8774986
2100 5.0068226
2200 4.608085
2300 5.0530224
2400 5.266317
2500 4.9209986
2600 4.7738924
2700 4.6647873
2800 4.7572823
2900 4.353974
3000 4.241125
3100 4.2434826
3200 4.391998
3300 4.5748596
3400 4.8095436
3500 4.2425747
3600 4.660528
3700 4.3228736
3800 4.6799784
3900 5.252483
4000 4.139201
4100 4.5118484
4200 4.727748
4300 3.78299
4400 4.7460136
4500 4.01194
4600 4.5736475
4700 3.729513
4800 4.4775224
4900 4.564064
5000 4.433357
5100 4.209948
5200 3.547609
5300 3.9881067
5400 4.601816
5500 4.7586446
5600 3.973226
5700 4.1592846
5800 4.429498
5900 3.68813
6000 4.218479
6100 4.252612
6200 3.587338
6300 3.7619643
6400 4.2653923
6500 3.657178
6600 3.898222
6700 4.0465
6800 3.5400665
6900 3.9989
7000 3.687562
7100 3.9898489
7200 3.066165
7300 3.626225
7400 3.9606075
7500 4.002274
7600 3.8558831
7700 3.7258883
7800 3.420135
7900 3.1346946
8000 4.2996764
8100 3.5854378
8200 3.681354
8300 3.7273521
8400 4.663023
8500 3.563903
8600 3.3351803
8700 3.3655827
8800 3.4192057
8900 3.7951636
9000 3.7566147
9100 3.6914933
9200 3.908645
9300 4.1910505
9400 3.9191585
9500 2.9950585
9600 4.0638037
9700 3.7730522
9800 3.7600307
9900 3.7111998
10000 3.8171067
10100 3.649058
10200 3.9959998
10300 3.8207245
10400 3.6175244
10500 4.2454367
10600 3.8977594
10700 4.0844
10800 3.4410343
10900 4.0890913
11000 3.2076135
11100 4.076605
11200 3.736354
11300 3.36083
11400 3.4962215
11500 3.458919
11600 3.278387
11700 3.115799
11800 3.6397347
11900 3.3865967
12000 3.027204
12100 3.5484653
12200 3.508867
12300 3.838547
12400 3.7542996
12500 3.1424222
12600 3.234303
12700 3.7356853
12800 3.0298715
12900 3.3532228
13000 2.776846
13100 3.3172145
13200 2.9680681
13300 3.463575
13400 2.9015713
13500 3.7806528
13600 3.6818647
13700 3.4839716
13800 3.0476162
13900 3.670434
14000 3.429965
14100 3.061595
14200 3.5193741
14300 3.1609137
14400 2.933004
14500 3.8044384
14600 3.1906645
14700 3.6264687
14800 3.2334256
14900 3.6429386
15000 3.1603825
15100 2.6691406
15200 2.9102962
15300 3.2027352
15400 3.4396837
15500 3.1451447
15600 2.8835554
15700 3.152918
15800 3.2398226
15900 3.2346292
16000 3.4875526
16100 3.008995
16200 3.164967
16300 3.1996531
16400 3.2728033
16500 3.5186725
16600 3.6769965
16700 3.1721625
16800 3.5632572
16900 3.769401
17000 3.0482826
17100 3.532198
17200 3.1381996
17300 3.0554538
17400 3.469066
17500 3.617405
17600 3.666765
17700 3.1965852
17800 3.2654295
17900 3.5999913
18000 3.4258208
18100 3.1201847
18200 3.4259286
18300 3.2729635
18400 2.986494
18500 3.6025186
18600 3.4622786
18700 4.1490793
18800 3.4134288
18900 3.4944234
19000 3.0077357
19100 3.2758515
19200 3.415722
19300 3.262443
19400 3.0405548
19500 3.443616
19600 3.737348
19700 3.1540165
19800 3.6306965
19900 2.9448376
20000 3.6057901
20100 2.9436266
20200 2.921143
20300 3.6517498
20400 2.966925
20500 3.5134842
20600 2.6894627
20700 3.6903143
20800 3.671822
20900 3.506788
21000 3.1755428
21100 3.0180285
21200 3.1326349
21300 3.746633
21400 3.440153
21500 3.0985355
21600 3.0902867
21700 3.2375243
21800 4.0575447
21900 3.781553
22000 3.0170999
22100 3.1173165
22200 3.4000952
22300 3.688225
22400 2.9277732
22500 2.761446
22600 3.1845093
22700 3.2541323
22800 3.5916586
22900 3.355447
23000 3.623514
23100 3.054437
23200 3.1554818
23300 3.4085376
23400 3.638395
23500 2.9343367
23600 3.51342
23700 3.7976625
23800 3.3127766
23900 3.3888865
24000 3.2147124
24100 3.269195
24200 2.9749694
24300 3.2774034
24400 3.3363984
24500 3.680531
24600 3.8386135
24700 3.055879
24800 3.7143621
24900 3.4630744
25000 3.255701
25100 3.0668561
25200 3.7191415
25300 2.6226568
25400 3.454781
25500 2.7983296
25600 2.851297
25700 3.6023726
25800 3.3980389
25900 3.6887255
26000 3.1779685
26100 3.239432
26200 3.4465683
26300 3.0893264
26400 3.8111894
26500 3.3964465
26600 3.7227747
26700 3.5159328
26800 3.6157985
26900 3.1069398
27000 3.277212
27100 3.777351
27200 3.1151588
27300 2.7799623
27400 3.2701693
27500 3.5895042
27600 3.2743678
27700 2.8581514
27800 3.1149411
27900 2.7417383
28000 4.4175444
28100 3.5772443
28200 2.8232346
28300 3.7021608
28400 3.1432052
28500 2.8529947
28600 3.7015853
28700 3.1547372
