0 3.9756145
100 0.46912068
200 0.22388837
300 0.09495869
400 0.058345586
500 0.32279253
600 0.06516083
700 0.07021384
800 0.016096283
900 0.15307266
1000 0.014307222
1100 0.2537691
1200 0.027917035
1300 0.054130554
1400 0.17850924
1500 0.055619255
1600 0.005786273
1700 0.12786475
1800 0.02697616
1900 0.0073665055
2000 0.030987656
2100 0.039624278
2200 0.027382942
2300 0.028771432
2400 0.13223697
2500 0.0077272253
2600 0.084584385
2700 0.028625399
2800 0.022830337
2900 0.2437295
3000 0.002197383
3100 0.12651688
3200 0.047444925
3300 0.006366423
3400 0.023881394
3500 0.008154239
3600 0.012976633
3700 0.0929496
3800 0.04031977
3900 0.00345468
4000 0.009756285
4100 0.013479241
4200 0.03062535
4300 0.015583369
4400 0.00668687
4500 0.17255475
4600 0.004510658
4700 0.06451335
4800 0.022067964
4900 0.0059156865
5000 0.11324557
5100 0.025953196
5200 0.0024235523
5300 0.0033174767
5400 0.09359285
5500 0.034045618
5600 0.006135027
5700 0.051717788
5800 0.010368325
5900 0.010823004
6000 0.026850246
6100 0.008007088
6200 0.00370547
6300 0.0070896405
6400 0.008771916
6500 0.029891932
6600 0.006426014
6700 0.03303815
6800 0.0066364873
6900 0.005513432
7000 0.0070572025
7100 0.004692816
7200 0.010336393
7300 0.006488951
7400 0.017149389
7500 0.020260215
7600 0.002500777
7700 0.0024294222
7800 0.0044990825
7900 0.012275957
8000 0.008044989
8100 0.0133209955
8200 0.013230764
8300 0.007235405
8400 0.0076021906
8500 0.0124556385
8600 0.0107657295
8700 0.005022317
8800 0.023391126
8900 0.018602699
9000 0.0052112397
9100 0.011032348
9200 0.0099739535
9300 0.008554282
9400 0.0059668585
9500 0.0021357604
9600 0.0006849208
9700 0.018283607
9800 0.0021263615
9900 0.002977543
10000 0.0024682486
10100 0.017027225
10200 0.007116221
10300 0.04940583
10400 0.0070578
10500 0.007591952
10600 0.0029885073
10700 0.0010167747
10800 0.0069994107
10900 0.0048666326
11000 0.0027271195
11100 0.0024683438
11200 0.0046477388
11300 0.0026557988
11400 0.005166879
11500 0.010241558
11600 0.00066524243
11700 0.010598733
11800 0.00035136158
11900 0.0053111636
12000 0.0050964085
12100 0.0014447825
12200 0.002953937
12300 0.0038474726
12400 0.0009908132
12500 0.0032256995
12600 0.00060090446
12700 0.0035395036
12800 0.0025100752
12900 0.002400185
13000 0.0005764614
13100 0.0005176092
13200 0.003863635
13300 0.0026120201
13400 0.00035012254
13500 0.0029649166
13600 0.008162879
