0 3.054078
100 1.669747
200 1.374402
300 1.2461662
400 1.2430192
500 1.5303227
600 1.2790338
700 1.2224246
800 1.091964
900 1.2392063
1000 1.0660396
1100 1.2396688
1200 1.0832521
1300 1.13836
1400 1.2781825
1500 1.1943974
1600 1.0365463
1700 1.1567229
1800 1.111003
1900 1.0441666
2000 1.1314301
2100 1.1613579
2200 1.1250249
2300 1.1058968
2400 1.1324983
2500 1.0424
2600 1.0972724
2700 1.1077609
2800 1.1032178
2900 1.2209852
3000 1.015152
3100 1.1168242
3200 1.108304
3300 1.0301502
3400 1.1118184
3500 1.0457658
3600 1.055584
3700 1.0348184
3800 1.0948497
3900 1.0196309
4000 1.0432976
4100 1.0664929
4200 1.1256667
4300 1.0647264
4400 1.0351193
4500 1.1729021
4600 1.0254064
4700 1.071058
4800 1.0603368
4900 1.0306512
5000 1.2131135
5100 1.1316528
5200 1.0142068
5300 1.0174557
5400 1.1116859
5500 1.0963333
5600 1.0318756
5700 1.1101351
5800 1.0497676
5900 1.0491533
6000 1.1195703
6100 1.0316263
6200 1.0225048
6300 1.0326385
6400 1.0441588
6500 1.1291394
6600 1.0330627
6700 1.0554762
6800 1.0304708
6900 1.0266671
7000 1.0363934
7100 1.0222245
7200 1.0376755
7300 1.0301677
7400 1.0730203
7500 1.0555089
7600 1.0153058
7700 1.0148828
7800 1.0274248
7900 1.0418029
8000 1.0368211
8100 1.0469902
8200 1.0650988
8300 1.0362678
8400 1.030883
8500 1.0573152
8600 1.0402007
8700 1.0307236
8800 1.0494328
8900 1.0432625
9000 1.0287127
9100 1.048952
9200 1.0370905
9300 1.0432045
9400 1.0270047
9500 1.0116161
9600 1.0047402
9700 1.0597131
9800 1.013793
9900 1.0171086
10000 1.0162323
10100 1.0721422
10200 1.036957
10300 1.0612202
10400 1.0286945
10500 1.0363683
10600 1.0135162
10700 1.0074742
10800 1.037072
10900 1.0256307
11000 1.0160457
11100 1.0147176
11200 1.0236516
11300 1.013066
11400 1.0264995
11500 1.0482197
11600 1.0041411
11700 1.0471159
11800 1.0028156
11900 1.0285385
12000 1.0270468
12100 1.0105379
12200 1.0149592
12300 1.0152533
12400 1.0072174
12500 1.0196062
12600 1.0040423
12700 1.0195358
12800 1.0140901
12900 1.0113829
13000 1.0042157
13100 1.003454
13200 1.02161
13300 1.0122273
13400 1.0027212
13500 1.0163463
13600 1.0280249
