0 0.0625
100 0.46875
200 0.40625
300 0.46875
400 0.375
500 0.3125
600 0.4375
700 0.46875
800 0.375
900 0.5625
1000 0.40625
1100 0.34375
1200 0.375
1300 0.375
1400 0.40625
1500 0.34375
1600 0.53125
1700 0.4375
1800 0.5
1900 0.46875
2000 0.40625
2100 0.4375
2200 0.53125
2300 0.4375
2400 0.5
2500 0.5625
2600 0.59375
2700 0.46875
2800 0.53125
2900 0.34375
3000 0.5
3100 0.53125
3200 0.53125
3300 0.46875
3400 0.46875
3500 0.5
3600 0.625
3700 0.65625
3800 0.625
3900 0.625
4000 0.53125
4100 0.4375
4200 0.5625
4300 0.625
4400 0.625
4500 0.5625
4600 0.71875
4700 0.53125
4800 0.5
4900 0.5625
5000 0.59375
5100 0.53125
5200 0.59375
5300 0.5625
5400 0.59375
5500 0.5
5600 0.40625
5700 0.84375
5800 0.59375
5900 0.65625
6000 0.5625
6100 0.40625
6200 0.59375
6300 0.46875
6400 0.59375
6500 0.59375
6600 0.6875
6700 0.5625
6800 0.625
6900 0.46875
7000 0.46875
7100 0.65625
7200 0.84375
7300 0.625
7400 0.59375
7500 0.5625
7600 0.59375
7700 0.53125
7800 0.71875
7900 0.46875
8000 0.59375
8100 0.53125
8200 0.5625
8300 0.59375
8400 0.53125
8500 0.6875
8600 0.5625
8700 0.5625
8800 0.625
8900 0.59375
9000 0.65625
9100 0.5
9200 0.625
9300 0.65625
9400 0.59375
9500 0.6875
9600 0.625
9700 0.59375
9800 0.4375
9900 0.65625
10000 0.71875
10100 0.78125
10200 0.75
10300 0.6875
10400 0.53125
10500 0.71875
10600 0.65625
10700 0.65625
10800 0.65625
10900 0.71875
11000 0.8125
11100 0.65625
11200 0.78125
11300 0.71875
11400 0.53125
11500 0.875
11600 0.84375
11700 0.6875
11800 0.6875
11900 0.6875
12000 0.75
12100 0.625
12200 0.71875
12300 0.71875
12400 0.65625
12500 0.6875
12600 0.59375
12700 0.8125
12800 0.59375
12900 0.59375
13000 0.59375
13100 0.5625
13200 0.625
13300 0.75
13400 0.75
13500 0.5
13600 0.8125
13700 0.78125
13800 0.84375
13900 0.78125
14000 0.65625
14100 0.78125
14200 0.84375
14300 0.6875
14400 0.71875
14500 0.8125
14600 0.78125
14700 0.84375
14800 0.6875
14900 0.71875
15000 0.625
15100 0.59375
15200 0.6875
15300 0.6875
15400 0.8125
15500 0.875
15600 0.6875
15700 0.8125
15800 0.8125
15900 0.71875
16000 0.84375
16100 0.71875
16200 0.65625
16300 0.71875
16400 0.8125
16500 0.71875
16600 0.71875
16700 0.71875
16800 0.78125
16900 0.8125
17000 0.75
17100 0.6875
17200 0.84375
17300 0.78125
17400 0.78125
17500 0.71875
17600 0.75
17700 0.875
17800 0.8125
17900 0.84375
18000 0.6875
18100 0.78125
18200 0.75
18300 0.8125
18400 0.8125
18500 0.8125
18600 0.75
18700 0.84375
18800 0.90625
18900 0.8125
19000 0.75
19100 0.78125
19200 0.90625
19300 0.75
19400 0.8125
19500 0.78125
19600 0.875
19700 0.875
19800 0.90625
19900 0.8125
20000 0.8125
20100 0.8125
20200 0.71875
20300 0.8125
20400 0.90625
20500 0.75
20600 0.90625
20700 0.8125
20800 0.78125
20900 0.8125
