0 3.4047995
100 2.3348186
200 2.3077292
300 2.295398
400 2.1509593
500 2.5451179
600 2.3698502
700 1.9475652
800 2.086146
900 2.212023
1000 2.3096156
1100 2.4021068
1200 2.3444974
1300 2.2845442
1400 2.3162873
1500 2.3450274
1600 2.2217915
1700 2.6195812
1800 2.09626
1900 2.0313
2000 2.1279728
2100 2.1427357
2200 1.9040856
2300 2.1304405
2400 2.267786
2500 1.735814
2600 1.3513508
2700 2.1198895
2800 1.9184916
2900 2.437994
3000 2.0485067
3100 1.7362967
3200 1.8748878
3300 2.1892195
3400 2.1434205
3500 2.0642812
3600 1.8673768
3700 1.6814055
3800 1.588478
3900 1.7145845
4000 1.9477555
4100 1.8218865
4200 1.9407128
4300 1.3973373
4400 1.9382875
4500 1.8108135
4600 1.547406
4700 1.65597
4800 1.9953032
4900 1.7537085
5000 1.8841463
5100 1.5454141
5200 2.1423886
5300 1.6265965
5400 1.8078004
5500 1.6183058
5600 2.4374928
5700 0.82026005
5800 2.1914632
5900 1.8636537
6000 2.0472088
6100 2.5240543
6200 1.7041181
6300 2.3669653
6400 1.4503876
6500 1.5929415
6600 1.8387105
6700 1.8715507
6800 1.5963537
6900 1.8801223
7000 2.2403343
7100 1.3511251
7200 1.0731237
7300 1.5460408
7400 1.6551961
7500 1.8914604
7600 1.8785169
7700 1.5008272
7800 1.2387218
7900 1.7529696
8000 1.7952653
8100 1.6321725
8200 2.04121
8300 1.5553424
8400 1.626194
8500 1.1534389
8600 1.6701205
8700 1.6616324
8800 1.5115153
8900 1.9494416
9000 1.5297452
9100 1.7143155
9200 1.8691797
9300 1.5100548
9400 1.6177716
9500 1.2814239
9600 1.3268071
9700 1.4239392
9800 1.7986635
9900 1.4708217
10000 1.2666448
10100 1.1811746
10200 0.9961308
10300 1.2169843
10400 1.5633422
10500 1.2163538
10600 1.5142289
10700 1.2173864
10800 1.6919676
10900 1.3160915
11000 1.0954789
11100 1.134711
11200 1.2024379
11300 1.4249092
11400 1.5649807
11500 0.7329326
11600 1.0266333
11700 1.3697935
11800 1.1689407
11900 1.85598
12000 1.0640717
12100 1.4919193
12200 1.2978038
12300 1.1793166
12400 1.6487553
12500 1.1782143
12600 1.5242667
12700 0.7543752
12800 1.3939021
12900 1.3672893
13000 1.3730438
13100 1.6090255
13200 1.373845
13300 1.3026121
13400 1.0361375
13500 1.5855726
13600 1.112893
13700 0.8200477
13800 0.9097865
13900 0.7990514
14000 1.5127828
14100 0.9729105
14200 1.1142668
14300 1.0639995
14400 1.1863697
14500 1.2708358
14600 0.9899156
14700 0.7182034
14800 1.1654258
14900 1.2586869
15000 1.2166892
15100 1.3724188
15200 1.2391165
15300 1.2326006
15400 0.9260189
15500 0.8865236
15600 1.1941984
15700 0.9514333
15800 0.7802736
15900 1.3156675
16000 0.93892604
16100 1.3293366
16200 1.2990726
16300 0.96605
16400 0.89174116
16500 1.344166
16600 1.00997
16700 1.2070194
16800 0.959342
16900 0.8245206
17000 1.2078382
17100 1.0708436
17200 0.7408495
17300 1.0235049
17400 1.0090615
17500 1.1611806
17600 0.9880025
17700 1.0831616
17800 1.0323519
17900 0.8579263
18000 1.371586
18100 0.91237056
18200 1.1509427
18300 0.8813698
18400 0.8594565
18500 0.87093353
18600 1.0690486
18700 0.7592146
18800 0.97472954
18900 0.9001538
19000 1.2337204
19100 1.2993149
19200 0.5848374
19300 0.9656792
19400 0.8324477
19500 1.0617337
19600 0.7820133
19700 0.70847285
19800 0.7264757
19900 0.8056149
20000 0.85519785
20100 0.91674477
20200 1.3444613
20300 1.1042722
20400 0.7869672
20500 0.9746691
20600 0.6306387
20700 0.73568535
20800 0.9408889
20900 0.9745992
