0 2.360027
100 1.6183729
200 1.599596
300 1.5910487
400 1.4909313
500 1.7641412
600 1.6426549
700 1.3499494
800 1.4460063
900 1.5332575
1000 1.6009035
1100 1.6650136
1200 1.6250818
1300 1.5835254
1400 1.605528
1500 1.6254492
1600 1.5400286
1700 1.8157554
1800 1.4530168
1900 1.40799
2000 1.4749984
2100 1.4852313
2200 1.3198116
2300 1.4767089
2400 1.5719094
2500 1.2031746
2600 0.936685
2700 1.4693954
2800 1.329797
2900 1.6898887
3000 1.4199166
3100 1.2035091
3200 1.2995732
3300 1.5174513
3400 1.4857059
3500 1.4308507
3600 1.294367
3700 1.1654615
3800 1.1010491
3900 1.1884594
4000 1.3500812
4100 1.2628355
4200 1.3451996
4300 0.96856046
4400 1.3435185
4500 1.2551603
4600 1.0725801
4700 1.147831
4800 1.3830388
4900 1.2155781
5000 1.3059907
5100 1.0711994
5200 1.4849906
5300 1.1274707
5400 1.2530718
5500 1.1217241
5600 1.6895412
5700 0.56856096
5800 1.5190066
5900 1.2917863
6000 1.4190171
6100 1.7495412
6200 1.1812047
6300 1.6406554
6400 1.0053321
6500 1.1041429
6600 1.274497
6700 1.29726
6800 1.106508
6900 1.3032014
7000 1.5528814
7100 0.93652856
7200 0.74383265
7300 1.0716338
7400 1.1472945
7500 1.3110604
7600 1.3020887
7700 1.0402942
7800 0.8586166
7900 1.215066
8000 1.2443831
8100 1.1313357
8200 1.4148589
8300 1.0780813
8400 1.1271918
8500 0.79950297
8600 1.1576393
8700 1.1517558
8800 1.0477026
8900 1.3512499
9000 1.0603386
9100 1.188273
9200 1.2956166
9300 1.0466902
9400 1.1213539
9500 0.8882154
9600 0.91967267
9700 0.98699945
9800 1.2467386
9900 1.019496
10000 0.8779713
10100 0.8187279
10200 0.6904653
10300 0.84354925
10400 1.0836263
10500 0.8431122
10600 1.0495836
10700 0.84382796
10800 1.1727825
10900 0.91224515
11000 0.7593281
11100 0.7865218
11200 0.8334664
11300 0.98767185
11400 1.084762
11500 0.5080302
11600 0.71160793
11700 0.9494685
11800 0.81024796
11900 1.2864673
12000 0.73755825
12100 1.0341196
12200 0.89956903
12300 0.81744003
12400 1.1428301
12500 0.81667596
12600 1.0565412
12700 0.5228931
12800 0.9661793
12900 0.94773275
13000 0.95172143
13100 1.1152915
13200 0.95227677
13300 0.9029019
13400 0.7181958
13500 1.0990351
13600 0.7713986
13700 0.56841373
13800 0.63061595
13900 0.55386025
14000 1.0485811
14100 0.67437017
14200 0.77235085
14300 0.7375083
14400 0.8223288
14500 0.8808762
14600 0.6861572
14700 0.49782068
14800 0.80781156
14900 0.87245524
15000 0.8433447
15100 0.95128816
15200 0.8588901
15300 0.85437363
15400 0.6418674
15500 0.61449134
15600 0.8277553
15700 0.6594833
15800 0.54084444
15900 0.91195124
16000 0.65081394
16100 0.92142594
16200 0.90044856
16300 0.66961485
16400 0.61810786
16500 0.9317049
16600 0.70005786
16700 0.83664215
16800 0.6649652
16900 0.5715141
17000 0.83720964
17100 0.74225223
17200 0.51351774
17300 0.7094395
17400 0.6994281
17500 0.80486906
17600 0.68483114
17700 0.7507904
17800 0.71557176
17900 0.5946692
18000 0.95071095
18100 0.63240707
18200 0.7977727
18300 0.610919
18400 0.5957298
18500 0.60368514
18600 0.74100804
18700 0.52624744
18800 0.67563105
18900 0.6239391
19000 0.85514987
19100 0.9006164
19200 0.40537837
19300 0.66935784
19400 0.5770088
19500 0.7359377
19600 0.5420503
19700 0.49107596
19800 0.5035546
19900 0.5584097
20000 0.59277797
20100 0.63543904
20200 0.93190956
20300 0.7654232
20400 0.5454841
20500 0.67558914
20600 0.43712544
20700 0.50993824
20800 0.6521745
20900 0.6755407
