0 9.638777
100 6.6231933
200 5.5285034
300 6.04642
400 5.399168
500 5.1994934
600 4.9207544
700 5.3854103
800 5.067667
900 4.6476097
1000 5.695417
1100 4.958171
1200 5.1222878
1300 4.72304
1400 4.7227607
1500 4.6034365
1600 4.6019435
1700 4.7525067
1800 4.8523026
1900 4.655201
2000 4.635378
2100 4.833936
2200 4.19064
2300 4.708556
2400 5.268689
2500 4.0810795
2600 3.3833213
2700 4.311102
2800 3.7391272
2900 4.276472
3000 4.7315693
3100 4.4027805
3200 4.545543
3300 4.6891932
3400 4.1851816
3500 4.1017303
3600 4.381527
3700 4.232992
3800 3.6960304
3900 3.997075
4000 3.6052945
4100 3.9932065
4200 4.171123
4300 3.725349
4400 3.9610274
4500 4.0093026
4600 3.877326
4700 4.5952682
4800 3.7666447
4900 3.6598175
5000 4.117099
5100 3.6930552
5200 4.043475
5300 3.697771
5400 3.8208253
5500 3.85282
5600 4.076068
5700 2.8680844
5800 3.7761538
5900 3.6934452
6000 3.911398
6100 3.9976192
6200 3.7460845
6300 3.50442
6400 3.427276
6500 3.8214195
6600 2.9908848
6700 3.2438254
6800 3.486523
6900 4.1074615
7000 3.5304048
7100 3.9110842
7200 3.0452123
7300 2.9834316
7400 3.7586565
7500 3.650493
7600 3.4814577
7700 3.1651645
7800 3.3864698
7900 3.3503985
8000 3.886589
8100 3.026394
8200 2.9236903
8300 3.4724345
8400 3.3418365
8500 2.9584312
8600 3.1755233
8700 4.144706
8800 3.7360191
8900 4.0184937
9000 3.1914558
9100 3.9458108
9200 3.3304806
9300 3.3840027
9400 3.3443427
9500 3.4591084
9600 2.821113
9700 3.4075797
9800 3.4132476
9900 3.249306
10000 3.5770223
10100 3.920642
10200 3.1997428
10300 2.9214387
10400 3.1576629
10500 3.4075391
10600 3.0034912
10700 3.3881812
10800 3.3047647
10900 3.1416368
11000 2.9824982
11100 3.1773438
11200 3.36514
11300 3.431123
11400 3.5773509
11500 2.5367897
11600 2.8548486
11700 3.1491117
11800 3.308359
11900 3.1572156
12000 2.8751674
12100 3.063211
12200 3.3402672
12300 3.1150436
12400 3.1387079
12500 3.4177456
12600 3.0699806
12700 2.6179585
12800 3.0871487
12900 3.2563083
13000 2.9925466
13100 3.3738313
13200 3.1464405
13300 2.9314718
13400 2.838756
13500 2.9553628
13600 2.9915004
13700 2.386686
13800 3.3071885
13900 2.856302
14000 3.1634655
14100 3.0354955
14200 2.7819104
14300 2.8499086
14400 3.3666954
14500 3.1058617
14600 3.039145
14700 2.3432376
14800 3.1102247
14900 2.7267554
15000 2.963871
15100 3.2350912
15200 3.1745293
15300 3.2321713
15400 2.6650758
15500 2.9087377
15600 3.125986
15700 2.762295
15800 2.6854544
15900 2.7030182
16000 2.979463
16100 3.1563034
16200 2.7729125
16300 2.4695842
16400 2.7740567
16500 2.9386106
16600 2.6390464
16700 2.9992714
16800 2.8436575
16900 2.5121622
17000 2.880356
17100 2.91363
17200 2.630591
17300 2.9986866
17400 2.6424716
17500 2.7385364
17600 3.0971658
17700 3.3372912
17800 2.6409135
17900 2.8318872
18000 3.1973226
18100 2.6060932
18200 2.8984299
18300 2.517123
18400 2.6429472
18500 2.5996165
18600 2.9189668
18700 2.3773694
18800 3.2913098
18900 2.7129042
19000 2.9162583
19100 3.099781
19200 2.175108
19300 2.8392067
19400 2.851517
19500 3.0497293
19600 2.5243635
19700 2.6935296
19800 2.8566756
19900 2.52836
20000 2.8270001
20100 2.8628283
20200 2.9909396
20300 2.6165612
20400 2.6765928
20500 2.851243
20600 2.5765448
20700 2.420595
20800 2.8303466
20900 2.5587587
