0 5.906576
100 0.7351756
200 0.4361866
300 0.6170765
400 0.75441426
500 0.16362321
600 0.15250644
700 0.11151961
800 0.31784096
900 0.16758756
1000 0.10096936
1100 0.07744901
1200 0.18287319
1300 0.07229189
1400 0.3081939
1500 0.17172095
1600 0.3423316
1700 0.17416595
1800 0.09177579
1900 0.031910885
2000 0.15508895
2100 0.062194638
2200 0.018081862
2300 0.013547345
2400 0.09426426
2500 0.03098658
2600 0.109388836
2700 0.11721458
2800 0.073382914
2900 0.019498283
3000 0.031370416
3100 0.038849927
3200 0.17373219
3300 0.04055057
3400 0.034687128
3500 0.060804337
3600 0.046100486
3700 0.026829153
3800 0.48215997
3900 0.010804449
4000 0.07409252
4100 0.027531886
4200 0.08544412
4300 0.12754956
4400 0.064287014
4500 0.06290171
4600 0.071289346
4700 0.09106577
4800 0.022463487
4900 0.007087969
5000 0.030789195
5100 0.032398663
5200 0.045529164
5300 0.023977678
5400 0.009756721
5500 0.18564379
5600 0.14409903
5700 0.045473196
5800 0.029938385
5900 0.060115445
6000 0.05903334
6100 0.027746534
6200 0.05586886
6300 0.026890466
6400 0.040842693
6500 0.031381924
6600 0.011908026
6700 0.016397638
6800 0.0029799917
6900 0.006243784
7000 0.03977066
7100 0.005777819
7200 0.0085176425
7300 0.0753031
7400 0.01399006
7500 0.018621158
7600 0.026070917
7700 0.0039908406
7800 0.034137767
7900 0.011061201
8000 0.046161093
8100 0.08357658
8200 0.026454695
8300 0.002707634
8400 0.0030609267
8500 0.028865583
8600 0.00041959248
8700 0.007298127
8800 0.055123862
8900 0.0012334255
9000 0.034950208
9100 0.00050093234
9200 0.012207409
9300 0.023407325
9400 0.0047290707
9500 0.0019532705
9600 0.015697503
9700 0.0015798113
9800 0.0025825421
9900 0.007177184
10000 0.0050925217
10100 0.0071080886
10200 0.0051493826
10300 0.026115624
10400 0.0033050189
10500 0.0027647896
10600 0.0018332816
10700 0.007380242
10800 0.0064690406
10900 0.001127583
11000 0.033186577
11100 0.0034745147
11200 0.0049826517
11300 0.0021407919
11400 0.022662766
11500 0.007214618
11600 0.006175058
11700 0.00044979007
11800 0.004287869
11900 0.00652988
12000 0.0075195315
12100 0.0034387682
12200 0.0079426095
12300 0.002301122
12400 0.005220646
12500 0.0015756221
12600 0.018332126
12700 0.010607743
12800 0.010219705
12900 0.003445192
13000 0.004334042
13100 0.0026722406
13200 0.0024693985
13300 0.0035948418
13400 0.0020884739
13500 0.0048604184
13600 0.0004223522
13700 0.0020276438
13800 0.00058220327
13900 0.0025459344
14000 0.0031226708
14100 0.016325073
14200 0.030227207
14300 0.0072651566
14400 0.010939958
14500 0.00076157134
14600 0.005295388
14700 0.004003964
14800 0.0027120728
14900 0.0057503683
15000 0.014271658
15100 0.011809253
15200 0.0065964973
15300 0.00091735227
15400 0.0040612738
15500 0.0046097445
15600 0.0040440224
15700 0.0027820175
15800 0.003522135
15900 0.0009609649
16000 0.0016749632
16100 0.00037257976
16200 0.006336968
16300 0.0013322893
16400 0.0032548797
