0 4.0941267
100 0.5095849
200 0.30234152
300 0.42772484
400 0.52292013
500 0.11341497
600 0.10570941
700 0.077299505
800 0.22031057
900 0.11616285
1000 0.06998663
1100 0.053683564
1200 0.12675804
1300 0.050108917
1400 0.21362373
1500 0.1190279
1600 0.23728618
1700 0.12072264
1800 0.06361413
1900 0.022118941
2000 0.107499465
2100 0.04311004
2200 0.012533392
2300 0.009390304
2400 0.06533901
2500 0.02147826
2600 0.07582256
2700 0.08124696
2800 0.05086516
2900 0.01351518
3000 0.021744315
3100 0.026928717
3200 0.12042198
3300 0.028107515
3400 0.024043286
3500 0.042146355
3600 0.031954423
3700 0.018596552
3800 0.33420783
3900 0.0074890736
4000 0.051357023
4100 0.019083649
4200 0.05922535
4300 0.088410616
4400 0.04456036
4500 0.043600146
4600 0.04941401
4700 0.06312198
4800 0.015570503
4900 0.004913006
5000 0.021341443
5100 0.022457043
5200 0.031558413
5300 0.01662006
5400 0.0067628436
5500 0.12867847
5600 0.099881835
5700 0.031519618
5800 0.020751707
5900 0.04166885
6000 0.040918794
6100 0.019232431
6200 0.038725343
6300 0.01863905
6400 0.028309997
6500 0.021752292
6600 0.008254015
6700 0.011365976
6800 0.002065573
6900 0.004327861
7000 0.02756692
7100 0.004004879
7200 0.0059039798
7300 0.05219613
7400 0.009697171
7500 0.012907203
7600 0.018070983
7700 0.00276624
7800 0.023662496
7900 0.00766704
8000 0.031996433
8100 0.05793087
8200 0.018336996
8300 0.0018767888
8400 0.0021216727
8500 0.020008098
8600 0.00029083935
8700 0.005058676
8800 0.03820895
8900 0.0008549454
9000 0.024225637
9100 0.00034721984
9200 0.008461531
9300 0.016224721
9400 0.003277942
9500 0.001353904
9600 0.010880681
9700 0.0010950417
9800 0.0017900818
9900 0.004974845
10000 0.0035298672
10100 0.0049269516
10200 0.00356928
10300 0.018101972
10400 0.0022908645
10500 0.0019164061
10600 0.001270734
10700 0.005115594
10800 0.0044839974
10900 0.0007815809
11000 0.023003183
11100 0.0024083501
11200 0.003453711
11300 0.0014838838
11400 0.015708633
11500 0.005000792
11600 0.004280224
11700 0.0003117707
11800 0.0029721244
11900 0.004526168
12000 0.005212142
12100 0.0023835725
12200 0.0055053975
12300 0.0015950163
12400 0.003618676
12500 0.001092138
12600 0.012706862
12700 0.007352727
12800 0.0070837596
12900 0.0023880252
13000 0.0030041288
13100 0.001852256
13200 0.0017116566
13300 0.0024917545
13400 0.0014476198
13500 0.0033689854
13600 0.00029275223
13700 0.0014054556
13800 0.00040355255
13900 0.0017647073
14000 0.0021644705
14100 0.011315679
14200 0.020951902
14300 0.0050358227
14400 0.0075830007
14500 0.000527881
14600 0.0036704834
14700 0.0027753362
14800 0.0018798657
14900 0.0039858515
15000 0.009892359
15100 0.008185551
15200 0.0045723435
15300 0.00063586014
15400 0.0028150603
15500 0.0031952313
15600 0.0028031028
15700 0.0019283476
15800 0.002441358
15900 0.0006660901
16000 0.001160996
16100 0.0002582526
16200 0.0043924516
16300 0.0009234726
16400 0.0022561108
