0 4.4684467
100 1.3469146
200 1.3530583
300 1.3794763
400 1.4201831
500 1.2903249
600 1.2971467
700 1.299014
800 1.2886949
900 1.1317499
1000 1.2369388
1100 1.1373842
1200 1.1927693
1300 1.182607
1400 1.2805578
1500 1.2583189
1600 1.1053239
1700 1.4169917
1800 1.2377564
1900 1.1134622
2000 1.0822845
2100 1.1605111
2200 1.0595372
2300 1.0469966
2400 1.1422157
2500 1.1063926
2600 1.1313938
2700 1.1383545
2800 1.0967696
2900 1.0750535
3000 1.0490854
3100 1.088683
3200 1.1390374
3300 1.1301831
3400 1.0697176
3500 1.134826
3600 1.1531832
3700 1.081429
3800 1.1032537
3900 1.0363088
4000 1.2163512
4100 1.0881977
4200 1.1603762
4300 1.073119
4400 1.1019164
4500 1.1295412
4600 1.091857
4700 1.1980234
4800 1.0796697
4900 1.0272539
5000 1.0558095
5100 1.0724319
5200 1.0876347
5300 1.0606889
5400 1.0352271
5500 1.0324335
5600 1.0992844
5700 1.0351422
5800 1.0555545
5900 1.0815468
6000 1.1069777
6100 1.0721657
6200 1.0511409
6300 1.0626509
6400 1.089895
6500 1.0939395
6600 1.045269
6700 1.0494463
6800 1.013875
6900 1.024273
7000 1.1122425
7100 1.0224464
7200 1.0304213
7300 1.1156789
7400 1.0388873
7500 1.0591519
7600 1.0840557
7700 1.0171332
7800 1.0386503
7900 1.0272135
8000 1.0822842
8100 1.1030629
8200 1.0605092
8300 1.0124159
8400 1.0120746
8500 1.0937809
8600 1.0023046
8700 1.020481
8800 1.0307299
8900 1.0052068
9000 1.091748
9100 1.0028173
9200 1.0415789
9300 1.0656953
9400 1.0173166
9500 1.0082127
9600 1.0382762
9700 1.0067134
9800 1.0115271
9900 1.0261116
10000 1.0187066
10100 1.0271548
10200 1.0149171
10300 1.0562637
10400 1.0131516
10500 1.010482
10600 1.0089829
10700 1.0282239
10800 1.0212399
10900 1.005435
11000 1.060431
11100 1.0128111
11200 1.0192407
11300 1.0102046
11400 1.060931
11500 1.0265194
11600 1.0223173
11700 1.0024558
11800 1.0163662
11900 1.0215944
12000 1.0256772
12100 1.0141444
12200 1.0288951
12300 1.0105033
12400 1.021288
12500 1.0061314
12600 1.0466723
12700 1.0318995
12800 1.0370066
12900 1.0122683
13000 1.0161419
13100 1.012701
13200 1.0112995
13300 1.013123
13400 1.0096223
13500 1.0193596
13600 1.0024014
13700 1.0081546
13800 1.0028064
13900 1.0093622
14000 1.0127921
14100 1.04789
14200 1.0458412
14300 1.0274066
14400 1.034512
14500 1.0033503
14600 1.0176071
14700 1.0138767
14800 1.0121193
14900 1.0202962
15000 1.0295014
15100 1.0313647
15200 1.022795
15300 1.0045338
15400 1.018372
15500 1.0150443
15600 1.0140296
15700 1.0085804
15800 1.0139667
15900 1.0044192
16000 1.006999
16100 1.002192
16200 1.0206952
16300 1.0062232
16400 1.0125308
