0 0.015625
100 0.15625
200 0.38125
300 0.45000002
400 0.45000005
500 0.51875
600 0.49687505
700 0.48749998
800 0.44687507
900 0.48125
1000 0.515625
1100 0.4375
1200 0.49062496
1300 0.5
1400 0.553125
1500 0.49374998
1600 0.45312503
1700 0.46875003
1800 0.521875
1900 0.53749996
2000 0.503125
2100 0.515625
2200 0.49062502
2300 0.55312496
2400 0.546875
2500 0.46875003
2600 0.48750004
2700 0.540625
2800 0.51875
2900 0.55625004
3000 0.4875
3100 0.48749998
3200 0.5
3300 0.59375
3400 0.490625
3500 0.53125
3600 0.52812505
3700 0.5
3800 0.46875003
3900 0.44687504
4000 0.52812505
4100 0.49687496
4200 0.54375
4300 0.578125
4400 0.5375
4500 0.5125
4600 0.553125
4700 0.53437495
4800 0.60625
4900 0.55312496
5000 0.646875
5100 0.4875
5200 0.48749998
5300 0.509375
5400 0.5375
5500 0.59062505
5600 0.534375
5700 0.534375
5800 0.446875
5900 0.5375
6000 0.4875
6100 0.515625
6200 0.51562506
6300 0.515625
6400 0.475
6500 0.553125
6600 0.5875
6700 0.515625
6800 0.47812504
6900 0.55625004
7000 0.503125
7100 0.52500004
7200 0.553125
7300 0.515625
7400 0.503125
7500 0.521875
7600 0.50937504
7700 0.54375
7800 0.54375
7900 0.53125
8000 0.553125
8100 0.553125
8200 0.54375
8300 0.57187504
8400 0.546875
8500 0.53125
8600 0.58750004
8700 0.521875
8800 0.503125
8900 0.50625
9000 0.559375
9100 0.540625
9200 0.55937505
9300 0.534375
9400 0.50625
9500 0.571875
9600 0.578125
9700 0.596875
9800 0.58124995
9900 0.52187496
10000 0.53125
10100 0.553125
10200 0.596875
10300 0.59375
10400 0.525
10500 0.5375
10600 0.53749996
10700 0.52812505
10800 0.625
10900 0.575
11000 0.575
11100 0.540625
11200 0.53125
11300 0.46875
11400 0.55
11500 0.484375
11600 0.54999995
11700 0.553125
11800 0.53125
11900 0.54375005
12000 0.540625
12100 0.53125
12200 0.53437495
12300 0.5875
12400 0.515625
12500 0.484375
12600 0.55625
12700 0.5625
12800 0.51875
12900 0.54062504
13000 0.50625
13100 0.534375
13200 0.5812501
13300 0.5
13400 0.55312496
13500 0.565625
13600 0.54999995
13700 0.53125
13800 0.50624996
13900 0.51874995
14000 0.58124995
14100 0.534375
14200 0.515625
14300 0.58125
14400 0.55937505
14500 0.515625
14600 0.5625
14700 0.546875
14800 0.559375
14900 0.55625
15000 0.55937505
15100 0.55
15200 0.615625
15300 0.575
15400 0.521875
15500 0.515625
15600 0.58124995
15700 0.575
15800 0.471875
15900 0.521875
16000 0.56874996
16100 0.56875
16200 0.54687506
16300 0.484375
16400 0.56875
16500 0.5625
16600 0.578125
16700 0.52500004
16800 0.55625004
16900 0.5
17000 0.578125
17100 0.584375
17200 0.56562495
17300 0.546875
17400 0.525
17500 0.54687506
17600 0.59374994
17700 0.57187504
17800 0.54062504
17900 0.5375
18000 0.5625
18100 0.5125
18200 0.559375
18300 0.496875
18400 0.53125
18500 0.6125
18600 0.546875
18700 0.5375
18800 0.58437496
18900 0.615625
19000 0.58750004
19100 0.52500004
19200 0.596875
19300 0.55
19400 0.5125
19500 0.553125
19600 0.5875
19700 0.5625
19800 0.62187505
19900 0.596875
20000 0.525
20100 0.56875
20200 0.55312496
20300 0.590625
20400 0.59375
20500 0.56875
20600 0.55
20700 0.58125
20800 0.55625
20900 0.515625
21000 0.59062505
21100 0.578125
21200 0.51875
21300 0.55625
21400 0.55
21500 0.58750004
21600 0.5375
21700 0.61562496
21800 0.53437495
21900 0.5812501
22000 0.5375
22100 0.571875
22200 0.59062505
22300 0.53125
22400 0.52187496
22500 0.553125
22600 0.609375
22700 0.5375
22800 0.6
22900 0.54375005
23000 0.46562505
23100 0.5875
23200 0.52812505
23300 0.525
23400 0.6
23500 0.584375
23600 0.51875
23700 0.55
23800 0.56562495
23900 0.575
24000 0.50937504
24100 0.55
24200 0.57187504
24300 0.55937505
24400 0.528125
24500 0.615625
24600 0.55
24700 0.546875
24800 0.54062504
24900 0.5125
25000 0.5625
25100 0.53125
25200 0.58437496
25300 0.58125
25400 0.584375
25500 0.571875
25600 0.571875
25700 0.50625
25800 0.5625
25900 0.534375
26000 0.54375
26100 0.56875
26200 0.56874996
26300 0.575
26400 0.56875
26500 0.578125
26600 0.56874996
26700 0.521875
26800 0.59375
26900 0.559375
27000 0.5375
27100 0.596875
27200 0.571875
27300 0.62812495
27400 0.571875
27500 0.57812506
27600 0.528125
27700 0.6
27800 0.57500005
27900 0.57500005
28000 0.603125
28100 0.5375
28200 0.47500002
28300 0.578125
28400 0.48125002
28500 0.55625004
28600 0.534375
28700 0.571875
28800 0.565625
28900 0.478125
29000 0.54375005
29100 0.5375
29200 0.571875
29300 0.521875
29400 0.59375
29500 0.565625
29600 0.51250005
29700 0.63437504
29800 0.56250006
29900 0.59375
30000 0.515625
30100 0.5875
30200 0.521875
30300 0.575
30400 0.49374998
30500 0.521875
30600 0.525
30700 0.51875
30800 0.50625
30900 0.54062504
31000 0.51250005
31100 0.58750004
31200 0.53749996
31300 0.51875
31400 0.54999995
31500 0.5812501
31600 0.5375
31700 0.596875
31800 0.54375005
31900 0.54375
32000 0.51875
32100 0.49375
32200 0.54375005
32300 0.57500005
32400 0.5625
32500 0.59062505
32600 0.56875
32700 0.51250005
32800 0.515625
32900 0.571875
33000 0.58125
33100 0.49375004
33200 0.590625
33300 0.534375
33400 0.54375005
33500 0.503125
33600 0.565625
33700 0.5375
33800 0.546875
33900 0.55312496
34000 0.534375
34100 0.5625
34200 0.584375
34300 0.553125
34400 0.565625
34500 0.55625
34600 0.52187496
34700 0.534375
34800 0.52187496
34900 0.571875
35000 0.57187504
35100 0.571875
35200 0.56562495
35300 0.559375
35400 0.559375
35500 0.596875
35600 0.571875
35700 0.54687494
35800 0.55625004
35900 0.521875
36000 0.54999995
36100 0.6
36200 0.53125
36300 0.58437496
36400 0.521875
36500 0.609375
36600 0.50625
36700 0.60312504
36800 0.5906249
36900 0.58125
37000 0.60625005
37100 0.5625
37200 0.64375
37300 0.53749996
37400 0.596875
37500 0.57187504
37600 0.57187504
37700 0.5125
37800 0.571875
37900 0.56250006
38000 0.54999995
38100 0.496875
38200 0.5625
38300 0.5625
38400 0.57187504
38500 0.503125
38600 0.5
38700 0.54062504
38800 0.515625
38900 0.52187496
39000 0.53749996
39100 0.60625
39200 0.53125
39300 0.49374998
39400 0.534375
39500 0.553125
39600 0.54375
39700 0.575
39800 0.5343751
39900 0.521875
40000 0.5625
40100 0.534375
40200 0.59375
40300 0.55312496
40400 0.55
40500 0.5500001
40600 0.56562495
40700 0.596875
40800 0.50624996
40900 0.55625
41000 0.525
41100 0.58124995
41200 0.57500005
41300 0.51874995
41400 0.596875
41500 0.51874995
41600 0.521875
41700 0.5
41800 0.528125
41900 0.54375005
42000 0.52812505
42100 0.55937505
42200 0.58437496
42300 0.52187496
42400 0.58750004
42500 0.515625
42600 0.57812506
42700 0.553125
42800 0.57187504
42900 0.603125
43000 0.6
43100 0.584375
43200 0.5375
43300 0.52500004
43400 0.60625005
43500 0.534375
43600 0.559375
43700 0.56562495
43800 0.6125
43900 0.6281251
44000 0.5875001
44100 0.534375
44200 0.55625004
44300 0.528125
44400 0.596875
44500 0.64375
44600 0.5875
44700 0.5875
44800 0.57187504
44900 0.553125
45000 0.5625
45100 0.54375
45200 0.540625
45300 0.5875
45400 0.5125
45500 0.55
45600 0.51875
45700 0.571875
45800 0.57187504
