0 4.7561893
100 4.175191
200 3.112564
300 2.533242
400 2.5057032
500 2.3002737
600 2.2234845
700 2.453036
800 2.4638119
900 2.523268
1000 2.2835033
1100 2.5797687
1200 2.4237003
1300 2.5283282
1400 2.2327032
1500 2.2807403
1600 2.3888326
1700 2.565837
1800 2.28641
1900 2.2000751
2000 2.3025439
2100 2.3297822
2200 2.3939776
2300 2.0242825
2400 2.1328866
2500 2.5332294
2600 2.2842798
2700 2.253259
2800 2.3480093
2900 2.1333718
3000 2.4018178
3100 2.3781514
3200 2.3070562
3300 1.9029082
3400 2.287604
3500 2.2470224
3600 2.3781323
3700 2.299949
3800 2.3720732
3900 2.5270708
4000 2.278605
4100 2.341325
4200 2.1209354
4300 1.9502213
4400 2.1910434
4500 2.2713163
4600 1.9597949
4700 2.1209927
4800 1.836993
4900 2.0684135
5000 1.852559
5100 2.3095262
5200 2.5283697
5300 2.3947814
5400 2.1788754
5500 1.961327
5600 2.2765799
5700 2.029349
5800 2.3747098
5900 2.2327535
6000 2.3438323
6100 2.4123418
6200 2.2994578
6300 2.31465
6400 2.392825
6500 2.1969469
6600 1.9071299
6700 2.1927707
6800 2.3673623
6900 2.1184628
7000 2.3966887
7100 2.136309
7200 2.1449542
7300 2.3306892
7400 2.400938
7500 2.215539
7600 2.5027354
7700 2.1063259
7800 2.053674
7900 2.1938405
8000 2.1334844
8100 2.1596975
8200 2.170745
8300 2.1621342
8400 2.1079838
8500 2.2753496
8600 2.0260131
8700 2.1144657
8800 2.4998565
8900 2.3107064
9000 2.1189237
9100 2.2220762
9200 2.2064142
9300 2.2339587
9400 2.4277742
9500 2.060851
9600 2.0595737
9700 1.8891479
9800 2.0675209
9900 2.3117983
10000 2.2319314
10100 2.1166224
10200 1.9190053
10300 1.875442
10400 2.1732621
10500 2.4097552
10600 2.1582477
10700 2.2168648
10800 1.8420422
10900 2.0750568
11000 1.9847214
11100 2.2154307
11200 2.14917
11300 2.4513922
11400 2.298645
11500 2.2629602
11600 2.1694486
11700 2.3075733
11800 2.2961147
11900 2.131326
12000 2.109834
12100 2.1417303
12200 2.0691986
12300 2.0723245
12400 2.2522116
12500 2.3953378
12600 2.157468
12700 1.956148
12800 2.2290545
12900 2.3241389
13000 2.366146
13100 2.2470484
13200 1.8971236
13300 2.320507
13400 2.216069
13500 2.098562
13600 2.1188874
13700 2.2403116
13800 2.1512852
13900 2.1841092
14000 2.0073044
14100 2.1135197
14200 2.3260458
14300 2.0085752
14400 2.2417681
14500 2.3352726
14600 2.1771688
14700 2.048152
14800 2.014488
14900 2.1033227
15000 2.062832
15100 2.133338
15200 1.7987399
15300 2.0217676
15400 2.189972
15500 2.37297
15600 2.050849
15700 2.0404186
15800 2.4853134
15900 2.263774
16000 1.9233389
16100 2.0700371
16200 2.265924
16300 2.6126852
16400 2.1695411
16500 2.145241
16600 1.9741914
16700 2.284089
16800 2.084057
16900 2.3481495
17000 2.043236
17100 2.025886
17200 2.1351252
17300 2.1795552
17400 2.121104
17500 1.8810666
17600 1.8933735
17700 2.0397995
17800 2.1723077
17900 2.1690938
18000 2.1101701
18100 2.3332148
18200 2.085119
18300 2.3993351
18400 2.1556098
18500 1.8872749
18600 2.164385
18700 2.2280881
18800 1.9883795
18900 1.8504617
19000 1.9255404
19100 2.1371703
19200 1.9955533
19300 2.1891851
19400 2.167476
19500 2.1851003
19600 2.0913246
19700 2.0683758
19800 1.8355172
19900 1.9466343
20000 2.291428
20100 2.0513935
20200 2.0991824
20300 1.9428511
20400 1.96093
20500 2.0545948
20600 2.2031062
20700 1.9153309
20800 2.0547125
20900 2.1849148
21000 1.9666442
21100 2.05255
21200 2.1602633
21300 2.146536
21400 2.0702982
21500 1.8792697
21600 2.220689
21700 1.8502519
21800 2.059718
21900 1.9452282
22000 2.2043471
22100 2.032068
22200 2.070013
22300 2.0991404
22400 2.2270234
22500 1.9560328
22600 1.9316591
22700 2.1288319
22800 1.8897351
22900 2.2554398
23000 2.555648
23100 1.9856464
23200 2.2127795
23300 2.1833968
23400 1.8321116
23500 1.8837202
23600 2.2662184
23700 2.0525627
23800 2.061633
23900 1.9739829
24000 2.2822552
24100 2.1376698
24200 1.9793339
24300 2.1082203
24400 2.3920085
24500 1.7917988
24600 2.0931115
24700 2.0579724
24800 2.0350194
24900 2.27122
25000 2.0504873
25100 2.1535492
25200 1.9911209
25300 1.9064051
25400 1.9953291
25500 2.1536865
25600 2.0749767
25700 2.277748
25800 2.1098285
25900 2.147208
26000 2.2220914
26100 2.1878803
26200 2.0483062
26300 2.0723407
26400 2.102022
26500 2.0720997
26600 2.1534333
26700 2.2051806
26800 1.9650398
26900 2.1392238
27000 2.1515937
27100 2.0552778
27200 2.0923998
27300 1.9754524
27400 2.1108587
27500 2.021404
27600 2.2277036
27700 1.9160647
27800 2.1339362
27900 2.0564518
28000 1.989568
28100 2.1233597
28200 2.368413
28300 1.9660017
28400 2.5001655
28500 1.9940519
28600 2.2554877
28700 1.9908354
28800 2.3326194
28900 2.570505
29000 1.9285758
29100 2.1445017
29200 2.0487323
29300 2.1113799
29400 1.8639332
29500 2.1308222
29600 2.3147953
29700 1.8455794
29800 2.1283207
29900 1.9990187
30000 2.2363467
30100 1.8988004
30200 2.0950205
30300 1.9377306
30400 2.3483267
30500 2.1965282
30600 2.0848556
30700 2.3193023
30800 2.4677846
30900 1.9825274
31000 2.4198918
31100 1.9358051
31200 2.2043767
31300 2.290731
31400 2.1591587
31500 2.0904803
31600 2.1727676
31700 2.015728
31800 2.1480372
31900 2.0624955
32000 2.2466745
32100 2.3537407
32200 2.2387693
32300 1.9193233
32400 2.0189157
32500 1.8704821
32600 1.8993219
32700 2.372945
32800 2.268713
32900 2.1202555
33000 1.8709339
33100 2.2593086
33200 1.998762
33300 2.117941
33400 2.0906596
33500 2.3787112
33600 2.1210024
33700 2.2048495
33800 2.0288098
33900 2.115833
34000 2.1914918
34100 2.01306
34200 1.9466238
34300 2.0076942
34400 1.954304
34500 2.0837548
34600 2.203889
34700 2.1714773
34800 2.0950785
34900 2.033629
35000 2.0427198
35100 1.8991355
35200 2.0037425
35300 1.9855105
35400 2.1368408
35500 1.904665
35600 1.8859584
35700 2.0112002
35800 2.0291233
35900 2.2639031
36000 2.1284955
36100 1.8740565
36200 2.0958145
36300 2.0342464
36400 2.223726
36500 1.9495682
36600 2.352275
36700 1.9401877
36800 1.8571278
36900 1.9033815
37000 1.8833829
37100 2.0548208
37200 1.7690383
37300 2.0157096
37400 2.0033145
37500 1.9883429
37600 1.9975591
37700 2.2272696
37800 1.8119199
37900 1.9940966
38000 2.075159
38100 2.411886
38200 2.2160826
38300 2.074151
38400 2.0125754
38500 2.3265142
38600 2.3511775
38700 2.262941
38800 2.442812
38900 2.3395278
39000 2.1387284
39100 1.8140056
39200 2.2343247
39300 2.3453753
39400 2.1991715
39500 2.2247458
39600 2.1603208
39700 1.8988522
39800 2.1510959
39900 2.242765
40000 2.1554794
40100 2.3060267
40200 2.0535715
40300 2.1043284
40400 2.0955033
40500 1.9907768
40600 2.0744212
40700 1.9587073
40800 2.3292627
40900 2.1164055
41000 2.2000234
41100 2.006412
41200 2.0933237
41300 2.2590866
41400 1.8859125
41500 2.2782865
41600 2.210925
41700 2.3417332
41800 2.12849
41900 2.1982124
42000 2.125384
42100 2.1039462
42200 1.9904696
42300 2.2378016
42400 1.967405
42500 2.2580757
42600 1.8677913
42700 2.1405702
42800 2.0213475
42900 2.0820236
43000 1.8915406
43100 2.0620735
43200 2.2475407
43300 2.171074
43400 1.9595182
43500 2.1895168
43600 2.0845985
43700 2.148025
43800 1.8085171
43900 1.7048678
44000 1.931348
44100 2.20294
44200 2.1149385
44300 2.260181
44400 1.8997275
44500 1.7472312
44600 1.9101951
44700 2.1728208
44800 2.032577
44900 2.0132434
45000 2.095392
45100 2.061961
45200 2.1603901
45300 1.9300616
45400 2.3792527
45500 2.0508473
45600 2.181662
45700 1.9751021
45800 1.9704131
