0 3.2967393
100 2.894022
200 2.157465
300 1.7559096
400 1.7368212
500 1.5944282
600 1.541202
700 1.7003151
800 1.7077843
900 1.748996
1000 1.5828038
1100 1.7881594
1200 1.6799811
1300 1.7525036
1400 1.5475919
1500 1.5808886
1600 1.6558125
1700 1.7785026
1800 1.5848187
1900 1.5249759
2000 1.5960019
2100 1.614882
2200 1.6593789
2300 1.4031256
2400 1.4784044
2500 1.7559009
2600 1.5833421
2700 1.56184
2800 1.627516
2900 1.4787407
3000 1.6648132
3100 1.6484089
3200 1.5991296
3300 1.3189955
3400 1.5856464
3500 1.5575173
3600 1.6483957
3700 1.5942031
3800 1.6441959
3900 1.751632
4000 1.5794086
4100 1.6228828
4200 1.4701204
4300 1.3517904
4400 1.5187156
4500 1.5743566
4600 1.3584263
4700 1.4701601
4800 1.2733065
4900 1.433715
5000 1.284096
5100 1.6008416
5200 1.7525324
5300 1.659936
5400 1.5102813
5500 1.3594882
5600 1.5780048
5700 1.4066375
5800 1.6460235
5900 1.5476267
6000 1.6246207
6100 1.6721079
6200 1.5938627
6300 1.6043931
6400 1.6585798
6500 1.5228076
6600 1.3219217
6700 1.5199128
6800 1.6409305
6900 1.4684066
7000 1.661258
7100 1.4807765
7200 1.486769
7300 1.6155107
7400 1.6642034
7500 1.5356946
7600 1.734764
7700 1.4599938
7800 1.4234984
7900 1.5206543
8000 1.4788187
8100 1.4969882
8200 1.5046457
8300 1.4986773
8400 1.461143
8500 1.5771523
8600 1.4043254
8700 1.4656359
8800 1.7327685
8900 1.6016597
9000 1.468726
9100 1.5402259
9200 1.5293698
9300 1.5484622
9400 1.6828048
9500 1.4284731
9600 1.4275877
9700 1.3094575
9800 1.4330963
9900 1.6024165
10000 1.5470569
10100 1.4671309
10200 1.3301531
10300 1.2999574
10400 1.5063906
10500 1.670315
10600 1.4959832
10700 1.5366136
10800 1.2768064
10900 1.4383198
11000 1.375704
11100 1.5356195
11200 1.4896911
11300 1.6991756
11400 1.5932993
11500 1.5685645
11600 1.5037472
11700 1.599488
11800 1.5915453
11900 1.4773226
12000 1.4624255
12100 1.4845343
12200 1.4342592
12300 1.4364259
12400 1.5611141
12500 1.6603217
12600 1.4954429
12700 1.3558985
12800 1.5450628
12900 1.6109704
13000 1.6400875
13100 1.5575352
13200 1.3149859
13300 1.6084529
13400 1.536062
13500 1.4546124
13600 1.4687009
13700 1.5528656
13800 1.4911573
13900 1.5139091
14000 1.3913574
14100 1.4649802
14200 1.612292
14300 1.3922383
14400 1.5538752
14500 1.6186875
14600 1.5090984
14700 1.4196708
14800 1.3963367
14900 1.4579122
15000 1.4298463
15100 1.4787172
15200 1.2467915
15300 1.4013824
15400 1.517973
15500 1.6448176
15600 1.4215403
15700 1.4143105
15800 1.722688
15900 1.5691285
16000 1.333157
16100 1.4348403
16200 1.5706187
16300 1.8109753
16400 1.5038114
16500 1.4869678
16600 1.3684052
16700 1.58321
16800 1.4445583
16900 1.6276132
17000 1.4162633
17100 1.4042372
17200 1.4799559
17300 1.5107526
17400 1.4702373
17500 1.303856
17600 1.3123865
17700 1.4138813
17800 1.505729
17900 1.5035013
18000 1.4626584
18100 1.6172613
18200 1.4452944
18300 1.6630924
18400 1.4941549
18500 1.3081592
18600 1.5002375
18700 1.5443931
18800 1.3782396
18900 1.2826424
19000 1.334683
19100 1.4813735
19200 1.3832121
19300 1.5174274
19400 1.5023799
19500 1.5145961
19600 1.4495957
19700 1.4336889
19800 1.2722836
19900 1.3493041
20000 1.5882969
20100 1.4219177
20200 1.4550424
20300 1.3466817
20400 1.3592131
20500 1.4241365
20600 1.5270768
20700 1.3276062
20800 1.4242182
20900 1.5144675
21000 1.3631738
21100 1.4227194
21200 1.4973805
21300 1.4878654
21400 1.4350214
21500 1.3026105
21600 1.5392643
21700 1.2824969
21800 1.4276876
21900 1.3483294
22000 1.5279369
22100 1.4085222
22200 1.4348238
22300 1.4550133
22400 1.543655
22500 1.3558186
22600 1.338924
22700 1.4755938
22800 1.3098645
22900 1.5633518
23000 1.7714403
23100 1.3763452
23200 1.5337819
23300 1.5134153
23400 1.269923
23500 1.3056953
23600 1.570823
23700 1.4227281
23800 1.4290152
23900 1.3682607
24000 1.5819387
24100 1.4817199
24200 1.3719697
24300 1.4613069
24400 1.658014
24500 1.2419803
24600 1.4508344
24700 1.4264778
24800 1.410568
24900 1.5742898
25000 1.4212896
25100 1.4927266
25200 1.3801398
25300 1.3214194
25400 1.3830568
25500 1.4928218
25600 1.4382643
25700 1.5788147
25800 1.4624217
25900 1.4883312
26000 1.5402365
26100 1.5165231
26200 1.4197776
26300 1.4364371
26400 1.4570106
26500 1.4362701
26600 1.4926462
26700 1.5285147
26800 1.3620619
26900 1.4827969
27000 1.4913712
27100 1.42461
27200 1.4503411
27300 1.3692793
27400 1.4631357
27500 1.4011304
27600 1.5441265
27700 1.3281149
27800 1.4791318
27900 1.4254237
28000 1.3790635
28100 1.4718008
28200 1.6416588
28300 1.3627286
28400 1.7329826
28500 1.3821715
28600 1.5633849
28700 1.3799419
28800 1.6168486
28900 1.7817383
29000 1.3367869
29100 1.4864553
29200 1.420073
29300 1.4634969
29400 1.29198
29500 1.4769734
29600 1.6044939
29700 1.2792581
29800 1.4752395
29900 1.3856142
30000 1.5501174
30100 1.3161482
30200 1.4521575
30300 1.3431325
30400 1.627736
30500 1.5225173
30600 1.4451118
30700 1.6076179
30800 1.710538
30900 1.3741833
31000 1.6773412
31100 1.3417978
31200 1.5279574
31300 1.5878137
31400 1.4966147
31500 1.4490105
31600 1.5060478
31700 1.3971962
31800 1.4889059
31900 1.429613
32000 1.5572761
32100 1.6314887
32200 1.5517966
32300 1.3303735
32400 1.3994057
32500 1.2965194
32600 1.3165096
32700 1.6448002
32800 1.5725521
32900 1.4696491
33000 1.2968326
33100 1.5660334
33200 1.3854363
33300 1.4680448
33400 1.4491348
33500 1.6487969
33600 1.4701668
33700 1.5282851
33800 1.4062637
33900 1.4665837
34000 1.5190264
34100 1.395347
34200 1.3492968
34300 1.3916276
34400 1.3546203
34500 1.4443488
34600 1.5276194
34700 1.5051534
34800 1.4521977
34900 1.4096042
35000 1.4159055
35100 1.3163804
35200 1.3888885
35300 1.376251
35400 1.4811453
35500 1.3202132
35600 1.3072468
35700 1.3940578
35800 1.4064811
35900 1.569218
36000 1.4753606
36100 1.2989969
36200 1.4527079
36300 1.4100323
36400 1.5413694
36500 1.3513377
36600 1.6304728
36700 1.3448356
36800 1.2872629
36900 1.3193235
37000 1.3054615
37100 1.4242932
37200 1.2262039
37300 1.3971834
37400 1.3885918
37500 1.3782142
37600 1.3846024
37700 1.5438256
37800 1.2559272
37900 1.3822025
38000 1.4383906
38100 1.671792
38200 1.5360714
38300 1.4376919
38400 1.395011
38500 1.6126168
38600 1.6297121
38700 1.5685511
38800 1.6932282
38900 1.6216371
39000 1.4824536
39100 1.2573729
39200 1.5487158
39300 1.6256903
39400 1.5243496
39500 1.5420762
39600 1.4974203
39700 1.316184
39800 1.491026
39900 1.5545663
40000 1.4940645
40100 1.598416
40200 1.4234273
40300 1.4586093
40400 1.4524922
40500 1.3799013
40600 1.4378792
40700 1.3576725
40800 1.614522
40900 1.4669805
41000 1.52494
41100 1.3907388
41200 1.4509815
41300 1.5658795
41400 1.307215
41500 1.5791879
41600 1.5324965
41700 1.6231658
41800 1.4753568
41900 1.5236847
42000 1.473204
42100 1.4583443
42200 1.3796884
42300 1.5511258
42400 1.3637012
42500 1.5651789
42600 1.2946543
42700 1.4837302
42800 1.4010913
42900 1.4431489
43000 1.3111161
43100 1.4293203
43200 1.5578765
43300 1.5048738
43400 1.3582345
43500 1.5176574
43600 1.4449337
43700 1.4888976
43800 1.2535685
43900 1.1817243
44000 1.3387084
44100 1.5269616
44200 1.4659636
44300 1.5666381
44400 1.3167907
44500 1.2110884
44600 1.3240464
44700 1.5060847
44800 1.408875
44900 1.395474
45000 1.4524151
45100 1.4292425
45200 1.4974684
45300 1.3378167
45400 1.6491723
45500 1.4215391
45600 1.512213
45700 1.3690364
45800 1.3657863
