0 26.998497
100 19.085703
200 10.098772
300 8.406586
400 7.760056
500 7.057228
600 7.101994
700 7.4708443
800 7.313158
900 7.4002347
1000 6.6492357
1100 7.2771883
1200 7.557889
1300 7.0434475
1400 7.0517473
1500 6.799762
1600 6.9819155
1700 7.127739
1800 6.736043
1900 6.3813033
2000 6.766927
2100 6.75797
2200 6.7802773
2300 6.1786537
2400 6.499292
2500 7.118881
2600 6.4167085
2700 6.6252294
2800 6.6348767
2900 6.1795816
3000 6.789235
3100 6.5856123
3200 6.3686647
3300 6.150472
3400 6.970389
3500 6.649089
3600 6.2458487
3700 6.3849287
3800 6.897387
3900 6.5683618
4000 6.7465386
4100 6.869854
4200 6.3554287
4300 6.308696
4400 6.398157
4500 6.5516567
4600 5.679444
4700 5.996413
4800 6.04284
4900 6.1648107
5000 6.1160564
5100 6.6625953
5200 6.680124
5300 6.5238996
5400 6.413345
5500 6.180423
5600 6.386124
5700 6.922098
5800 6.2910223
5900 6.1292725
6000 7.1122875
6100 6.6914644
6200 6.542873
6300 6.2508554
6400 6.7476406
6500 6.3165135
6600 6.1523185
6700 6.8796177
6800 6.6227818
6900 6.657147
7000 6.8864813
7100 6.4308996
7200 6.4467864
7300 6.4123735
7400 6.391065
7500 6.29755
7600 6.9585924
7700 6.4397335
7800 6.3756766
7900 6.4284835
8000 6.1075625
8100 6.2788177
8200 6.3297553
8300 6.2303915
8400 5.9209685
8500 6.4445286
8600 6.250289
8700 6.5926423
8800 6.5060196
8900 6.44105
9000 6.4983735
9100 6.1221805
9200 6.3087864
9300 6.8058124
9400 6.5964775
9500 6.209615
9600 6.2578144
9700 5.9521823
9800 6.024953
9900 6.638972
10000 6.570507
10100 6.3419847
10200 6.276752
10300 5.77486
10400 6.4830303
10500 6.8270454
10600 6.755678
10700 6.645206
10800 5.884839
10900 6.45226
11000 6.158119
11100 6.5593305
11200 6.53493
11300 6.412678
11400 6.3567915
11500 6.755405
11600 6.1353016
11700 6.5399303
11800 6.35368
11900 6.0830956
12000 6.165721
12100 6.190777
12200 5.6986756
12300 6.2063026
12400 6.0318284
12500 6.7309246
12600 5.9827685
12700 5.7822495
12800 6.3686943
12900 6.378333
13000 6.9034543
13100 6.3492236
13200 6.134639
13300 6.6197977
13400 6.4545155
13500 6.4661837
13600 6.114557
13700 6.2685637
13800 6.3338933
13900 6.20788
14000 5.9612107
14100 6.112855
14200 6.856742
14300 6.3271675
14400 5.710994
14500 6.620714
14600 6.2931266
14700 6.028944
14800 6.347136
14900 6.472567
15000 6.4077435
15100 5.6641474
15200 6.0064325
15300 5.87177
15400 6.7611938
15500 6.646589
15600 6.14443
15700 6.1658487
15800 6.807336
15900 6.7403684
16000 6.0701985
16100 6.0625257
16200 6.2991543
16300 7.239357
16400 6.0382514
16500 6.6403584
16600 6.1222005
16700 6.3590302
16800 6.866545
16900 7.0031567
17000 6.22216
17100 6.3337274
17200 6.0479884
17300 6.610842
17400 6.6823354
17500 5.9668627
17600 5.85419
17700 6.1433907
17800 6.3713875
17900 6.107621
18000 6.0987363
18100 6.5810986
18200 6.205606
18300 6.6790643
18400 6.2452435
18500 6.044546
18600 6.4821544
18700 6.238933
18800 6.1006093
18900 5.8600936
19000 6.308436
19100 6.3379054
19200 6.344117
19300 6.3522835
19400 6.718707
19500 6.6718016
19600 5.7687645
19700 6.3533797
19800 5.8130865
19900 6.4957294
20000 6.8156276
20100 6.670363
20200 6.3824267
20300 5.989272
20400 6.1141453
20500 6.3762126
20600 6.4770293
20700 6.258675
20800 6.2088614
20900 6.6740055
21000 6.389403
21100 6.1657834
21200 6.318413
21300 6.452953
21400 6.3646107
21500 6.2481546
21600 6.691382
21700 5.832218
21800 6.441856
21900 5.897462
22000 6.5514765
22100 6.297869
22200 6.3154554
22300 6.2759886
22400 6.5765533
22500 6.180825
22600 6.124698
22700 6.4243426
22800 6.1850004
22900 6.526278
23000 6.4683666
23100 6.304115
23200 6.732261
23300 6.3992996
23400 5.783661
23500 5.9849024
23600 6.592214
23700 6.3644595
23800 5.981888
23900 6.191688
24000 6.389735
24100 6.4818115
24200 6.4016404
24300 6.6015787
24400 6.2207847
24500 6.184635
24600 6.2899933
24700 6.216153
24800 6.4948187
24900 6.5594563
25000 6.002489
25100 6.60742
25200 5.8121777
25300 5.82309
25400 5.8903637
25500 6.4143724
25600 6.2204905
25700 6.394253
25800 6.421877
25900 6.5780897
26000 6.3357954
26100 6.3037944
26200 6.0514407
26300 6.2101197
26400 6.2926364
26500 6.0956817
26600 6.378447
26700 6.3863106
26800 6.4931507
26900 6.123372
27000 6.32057
27100 6.115738
27200 6.1951046
27300 6.4068604
27400 6.657901
27500 6.2918844
27600 6.5575047
27700 6.174021
27800 5.9324617
27900 6.1191154
28000 6.4700766
28100 6.6523046
28200 6.778105
28300 6.228183
28400 7.1904345
28500 6.305313
28600 6.415968
28700 6.080662
28800 6.809452
28900 7.0115285
29000 6.0687737
29100 6.4722576
29200 6.600932
29300 6.394755
29400 6.119852
29500 6.2053294
29600 5.8129067
29700 6.212431
29800 6.237171
29900 6.370269
30000 6.6749516
30100 6.0435405
30200 6.113517
30300 6.047776
30400 6.6324472
30500 6.2944713
30600 6.5428705
30700 6.6833854
30800 6.727157
30900 6.0989523
31000 6.4190645
31100 6.2080956
31200 6.5793257
31300 6.704741
31400 6.2529626
31500 6.231338
31600 6.2477756
31700 6.0262885
31800 6.0591702
31900 6.7689595
32000 6.558099
32100 6.2463746
32200 6.2926493
32300 5.9297175
32400 6.353209
32500 5.851656
32600 6.1905136
32700 6.8440113
32800 6.4792013
32900 6.227667
33000 6.043578
33100 6.785979
33200 6.003127
33300 5.977038
33400 6.4159517
33500 6.326741
33600 6.430323
33700 6.8495607
33800 6.167181
33900 6.0012975
34000 6.3120527
34100 6.356658
34200 6.1147647
34300 6.1505513
34400 5.926142
34500 6.042516
34600 6.4698954
34700 6.322356
34800 6.3336735
34900 6.4613323
35000 6.1718287
35100 5.991102
35200 6.243348
35300 6.1644177
35400 6.578022
35500 5.91434
35600 6.0510716
35700 5.7277346
35800 6.478661
35900 5.9335384
36000 6.0409946
36100 6.258971
36200 6.2348943
36300 6.25088
36400 6.8819356
36500 6.3226833
36600 6.9879117
36700 5.8917947
36800 5.8401947
36900 6.154977
37000 6.226799
37100 6.247857
37200 5.839332
37300 6.4913387
37400 5.958782
37500 6.368658
37600 6.3598967
37700 6.1740556
37800 5.9113517
37900 6.1056457
38000 6.189254
38100 6.5251174
38200 6.263381
38300 6.168338
38400 6.254236
38500 6.5544252
38600 6.43013
38700 6.471323
38800 6.505376
38900 6.555413
39000 6.0814147
39100 5.811394
39200 6.4806485
39300 6.43524
39400 6.2169504
39500 6.043822
39600 6.4600697
39700 6.0671625
39800 6.1513433
39900 6.524393
40000 6.1782036
40100 6.0503826
40200 6.266241
40300 6.474567
40400 6.566925
40500 6.3425117
40600 6.4903793
40700 6.163085
40800 6.5008345
40900 6.1407366
41000 6.4206576
41100 5.928038
41200 6.2085752
41300 6.193611
41400 6.33947
41500 6.980337
41600 6.610182
41700 6.687815
41800 6.3947964
41900 6.4066954
42000 6.581113
42100 6.0551953
42200 6.125754
42300 6.2120337
42400 6.2953024
42500 6.5984216
42600 5.8367047
42700 6.207473
42800 6.1565146
42900 6.045987
43000 5.8122764
43100 6.0348816
43200 6.3223324
43300 6.5327353
43400 6.249004
43500 6.206262
43600 6.313419
43700 6.0488358
43800 5.486963
43900 5.655576
44000 6.197549
44100 6.3728437
44200 6.1374702
44300 6.7035956
44400 6.115341
44500 5.953081
44600 6.113025
44700 6.3780775
44800 6.2523627
44900 6.0649095
45000 6.380896
45100 6.375694
45200 6.174266
45300 6.0251265
45400 6.7351747
45500 6.153721
45600 6.591439
45700 6.177594
45800 5.9868836
