0 0.03125
100 0.34375
200 0.40625
300 0.34375
400 0.5
500 0.28125
600 0.34375
700 0.40625
800 0.3125
900 0.625
1000 0.53125
1100 0.5625
1200 0.40625
1300 0.6875
1400 0.46875
1500 0.46875
1600 0.28125
1700 0.65625
1800 0.4375
1900 0.46875
2000 0.46875
2100 0.53125
2200 0.65625
2300 0.53125
2400 0.5625
2500 0.5625
2600 0.4375
2700 0.46875
2800 0.53125
2900 0.53125
3000 0.59375
3100 0.53125
3200 0.53125
3300 0.6875
3400 0.46875
3500 0.46875
3600 0.625
3700 0.46875
3800 0.5
3900 0.53125
4000 0.59375
4100 0.5
4200 0.53125
4300 0.46875
4400 0.65625
4500 0.625
4600 0.46875
4700 0.5625
4800 0.5625
4900 0.59375
5000 0.5
5100 0.46875
5200 0.65625
5300 0.5625
5400 0.40625
5500 0.5625
5600 0.53125
5700 0.625
5800 0.59375
5900 0.5625
6000 0.6875
6100 0.59375
6200 0.625
6300 0.625
6400 0.65625
6500 0.3125
6600 0.59375
6700 0.5625
6800 0.53125
6900 0.625
7000 0.53125
7100 0.53125
7200 0.53125
7300 0.59375
7400 0.5
7500 0.53125
7600 0.625
7700 0.59375
7800 0.53125
7900 0.65625
8000 0.78125
8100 0.65625
8200 0.65625
8300 0.5625
8400 0.6875
8500 0.625
8600 0.6875
8700 0.6875
8800 0.6875
8900 0.53125
9000 0.65625
9100 0.5625
9200 0.75
9300 0.5625
9400 0.5625
9500 0.6875
9600 0.71875
9700 0.75
9800 0.53125
9900 0.8125
10000 0.71875
10100 0.71875
10200 0.75
10300 0.8125
10400 0.71875
10500 0.75
10600 0.6875
10700 0.5
10800 0.625
10900 0.71875
11000 0.6875
11100 0.6875
11200 0.71875
11300 0.625
11400 0.71875
11500 0.625
11600 0.8125
11700 0.65625
11800 0.59375
11900 0.6875
12000 0.65625
12100 0.5625
12200 0.8125
12300 0.71875
12400 0.71875
12500 0.8125
12600 0.71875
12700 0.78125
12800 0.625
12900 0.75
13000 0.625
13100 0.75
13200 0.71875
13300 0.65625
13400 0.75
13500 0.65625
13600 0.71875
13700 0.71875
13800 0.84375
13900 0.6875
14000 0.6875
14100 0.71875
14200 0.84375
14300 0.78125
14400 0.8125
14500 0.78125
14600 0.875
14700 0.875
14800 0.65625
14900 0.8125
15000 0.625
15100 0.71875
15200 0.75
15300 0.78125
15400 0.78125
15500 0.8125
15600 0.84375
15700 0.75
