0 3.31927
100 2.64969
200 2.81219
300 3.15209
400 2.43947
500 2.57419
600 2.65474
700 2.22633
800 2.85358
900 1.54659
1000 2.1112
1100 1.97401
1200 2.49063
1300 1.58438
1400 2.30232
1500 2.1074
1600 2.83326
1700 1.91536
1800 2.07896
1900 2.23346
2000 2.35962
2100 1.99858
2200 1.92694
2300 2.08475
2400 1.90847
2500 1.7473
2600 2.05565
2700 1.62415
2800 2.6928
2900 1.7391
3000 1.93426
3100 1.98592
3200 1.64444
3300 1.12873
3400 1.86031
3500 2.02338
3600 1.80539
3700 1.77957
3800 1.90781
3900 1.48255
4000 1.92572
4100 2.26464
4200 1.71414
4300 2.16047
4400 1.56507
4500 1.55959
4600 1.6414
4700 1.6952
4800 1.73976
4900 2.11662
5000 2.14499
5100 2.09623
5200 1.64402
5300 1.74095
5400 1.97028
5500 1.73027
5600 2.19212
5700 1.78094
5800 1.43118
5900 1.86826
6000 1.23673
6100 1.46872
6200 1.6572
6300 1.69175
6400 1.97892
6500 2.3352
6600 1.56242
6700 1.6164
6800 1.86512
6900 1.53488
7000 2.19504
7100 2.03212
7200 1.95839
7300 1.46715
7400 2.09471
7500 1.73149
7600 1.55012
7700 1.44034
7800 1.91216
7900 1.44304
8000 0.884457
8100 1.61404
8200 1.66002
8300 1.66813
8400 1.3426
8500 1.70798
8600 1.20223
8700 1.22684
8800 1.23787
8900 2.09845
9000 1.29056
9100 1.71847
9200 1.239
9300 2.05761
9400 1.9328
9500 1.25104
9600 1.48185
9700 1.03602
9800 1.71304
9900 0.856435
10000 1.10466
10100 1.5893
10200 1.10711
10300 0.959489
10400 1.24554
10500 1.37361
10600 1.43042
10700 1.67243
10800 1.96778
10900 1.27576
11000 1.09381
11100 1.10664
11200 1.38857
11300 1.9397
11400 1.22141
11500 1.41591
11600 1.05186
11700 1.4413
11800 1.52534
11900 1.59571
12000 1.67944
12100 1.66096
12200 1.23121
12300 1.33712
12400 1.0576
12500 0.94073
12600 1.37043
12700 1.14756
12800 1.45749
12900 1.17044
13000 1.25705
13100 0.96528
13200 1.34857
13300 1.4271
13400 1.18124
13500 1.46784
13600 1.52406
13700 1.32011
13800 0.937041
13900 1.11396
14000 1.12909
14100 1.12389
14200 0.942946
14300 0.889073
14400 0.934856
14500 1.0517
14600 0.822885
14700 0.90726
14800 1.3063
14900 1.18252
15000 1.29545
15100 1.10041
15200 1.12456
15300 0.811372
15400 0.817068
15500 1.01745
15600 0.76435
15700 1.12612
