0 2.30074
100 1.83662
200 1.94926
300 2.18486
400 1.69091
500 1.78429
600 1.84012
700 1.54317
800 1.97795
900 1.07202
1000 1.46337
1100 1.36828
1200 1.72638
1300 1.09821
1400 1.59585
1500 1.46074
1600 1.96387
1700 1.32763
1800 1.44102
1900 1.54812
2000 1.63556
2100 1.38531
2200 1.33566
2300 1.44504
2400 1.32285
2500 1.21114
2600 1.42487
2700 1.12577
2800 1.86651
2900 1.20545
3000 1.34073
3100 1.37653
3200 1.13984
3300 0.782376
3400 1.28947
3500 1.4025
3600 1.2514
3700 1.23351
3800 1.32239
3900 1.02762
4000 1.33481
4100 1.56973
4200 1.18815
4300 1.49752
4400 1.08482
4500 1.08103
4600 1.13773
4700 1.17502
4800 1.20591
4900 1.46713
5000 1.48679
5100 1.45299
5200 1.13955
5300 1.20674
5400 1.3657
5500 1.19933
5600 1.51946
5700 1.23445
5800 0.992015
5900 1.29498
6000 0.857234
6100 1.01804
6200 1.14868
6300 1.17263
6400 1.37168
6500 1.61863
6600 1.08299
6700 1.12041
6800 1.2928
6900 1.0639
7000 1.52149
7100 1.40856
7200 1.35745
7300 1.01695
7400 1.45194
7500 1.20018
7600 1.07446
7700 0.998365
7800 1.32541
7900 1.00024
8000 0.613059
8100 1.11877
8200 1.15064
8300 1.15626
8400 0.930618
8500 1.18388
8600 0.833321
8700 0.850381
8800 0.858023
8900 1.45453
9000 0.894548
9100 1.19115
9200 0.85881
9300 1.42622
9400 1.33972
9500 0.867153
9600 1.02714
9700 0.718117
9800 1.18739
9900 0.593635
10000 0.765689
10100 1.10162
10200 0.767394
10300 0.665067
10400 0.863342
10500 0.952116
10600 0.991491
10700 1.15924
10800 1.36396
10900 0.884289
11000 0.758168
11100 0.767063
11200 0.962485
11300 1.3445
11400 0.846615
11500 0.981435
11600 0.729092
11700 0.99903
11800 1.05729
11900 1.10606
12000 1.1641
12100 1.15129
12200 0.853408
12300 0.926818
12400 0.733076
12500 0.652065
12600 0.949908
12700 0.795427
12800 1.01025
12900 0.81129
13000 0.871322
13100 0.669081
13200 0.93476
13300 0.989193
13400 0.818771
13500 1.01743
13600 1.0564
13700 0.91503
13800 0.649507
13900 0.772139
14000 0.782627
14100 0.779023
14200 0.6536
14300 0.616258
14400 0.647993
14500 0.728984
14600 0.57038
14700 0.628865
14800 0.905461
14900 0.819657
15000 0.897935
15100 0.762745
15200 0.779489
15300 0.5624
15400 0.566348
15500 0.705244
15600 0.529807
15700 0.780564
