0 9.99656
100 6.52236
200 5.49619
300 5.22575
400 5.4551
500 6.03766
600 4.98794
700 4.83577
800 5.03933
900 4.70436
1000 4.5896
1100 4.56563
1200 4.63739
1300 4.19876
1400 4.68785
1500 4.63141
1600 4.81153
1700 4.64383
1800 4.54142
1900 4.57742
2000 4.50025
2100 4.23708
2200 3.77768
2300 4.62366
2400 3.86332
2500 3.49456
2600 3.67422
2700 4.00842
2800 3.78746
2900 4.18199
3000 4.00995
3100 3.77821
3200 3.98148
3300 3.57613
3400 4.13638
3500 3.75062
3600 3.91892
3700 3.76887
3800 3.63342
3900 3.71034
4000 3.811
4100 3.65085
4200 3.72142
4300 4.04399
4400 3.88462
4500 3.69517
4600 3.47651
4700 3.42171
4800 3.84929
4900 3.762
5000 3.70149
5100 3.87307
5200 3.74233
5300 3.40956
5400 3.82869
5500 3.70063
5600 4.28435
5700 3.88389
5800 3.42857
5900 3.60861
6000 3.04906
6100 2.91281
6200 4.27744
6300 3.43687
6400 3.22361
6500 3.70343
6600 3.11124
6700 3.36312
6800 3.40774
6900 3.36348
7000 3.12714
7100 3.84121
7200 3.45742
7300 3.58166
7400 3.19126
7500 3.63857
7600 3.08941
7700 3.38871
7800 3.55533
7900 3.05037
8000 2.72779
8100 2.9265
8200 3.08671
8300 2.88741
8400 2.99429
8500 3.27225
8600 3.34049
8700 3.20781
8800 3.53508
8900 3.34114
9000 3.54581
9100 3.4492
9200 3.02262
9300 3.3517
9400 3.06028
9500 3.12258
9600 3.02094
9700 3.13367
9800 3.36278
9900 2.73498
10000 3.35277
10100 3.04531
10200 2.82319
10300 2.81773
10400 3.01133
10500 2.68149
10600 3.32037
10700 3.58565
10800 2.89256
10900 3.14922
11000 2.58978
11100 3.13288
11200 3.12164
11300 2.8787
11400 2.99027
11500 3.10478
11600 2.85516
11700 3.02403
11800 3.05274
11900 2.84038
12000 3.92656
12100 3.46427
12200 2.69775
12300 3.00333
12400 2.88587
12500 2.7328
12600 2.634
12700 3.2144
12800 3.27822
12900 2.97038
13000 3.25295
13100 3.00109
13200 3.33407
13300 3.02912
13400 2.83259
13500 3.3739
13600 2.62028
13700 3.14944
13800 3.27496
13900 2.83935
14000 2.86774
14100 3.25901
14200 2.97446
14300 3.03376
14400 3.03648
14500 3.00009
14600 2.85067
14700 2.48407
14800 3.44823
14900 2.84454
15000 3.11523
15100 3.21526
15200 2.63021
15300 2.72663
15400 2.78324
15500 3.01993
15600 2.54701
15700 3.15839
