0 7.8829436
100 0.3922872
200 0.44258416
300 0.09434201
400 0.330871
500 0.042322572
600 0.41539925
700 0.22409353
800 0.44274086
900 0.26528656
1000 0.32945985
1100 0.09620225
1200 0.088706166
1300 0.13761228
1400 0.23301353
1500 0.4434136
1600 0.05575025
1700 0.02155864
1800 0.022417538
1900 0.037320595
2000 0.026565505
2100 0.0316387
2200 0.19212025
2300 0.029353432
2400 0.014699067
2500 0.07274296
2600 0.11530074
2700 0.01583906
2800 0.021934114
2900 0.04892353
3000 0.037374016
3100 0.07207719
3200 0.18258812
3300 0.13233922
3400 0.049441878
3500 0.41625398
3600 0.22607382
3700 0.031305056
3800 0.17948733
3900 0.16846058
4000 0.027109684
4100 0.068121925
4200 0.0120506035
4300 0.087651715
4400 0.023505406
4500 0.021262083
4600 0.04983096
4700 0.012486066
4800 0.026522458
4900 0.012718471
5000 0.07209016
5100 0.02382552
5200 0.009682495
5300 0.05490649
5400 0.022399696
5500 0.004609441
5600 0.07378452
5700 0.046615023
5800 0.0076510455
5900 0.01437729
6000 0.015351259
6100 0.013326461
6200 0.0058860946
6300 0.01782764
6400 0.0027555341
6500 0.0005460671
6600 0.080635175
6700 0.09921374
6800 0.00530667
6900 0.002708135
7000 0.014616667
7100 0.0073845675
7200 0.017674085
7300 0.0025872942
7400 0.00389968
7500 0.0085321935
7600 0.02786483
7700 0.054236617
7800 0.0073590395
7900 0.0041765315
8000 0.004628433
8100 0.012003027
8200 0.02554597
8300 0.021939347
8400 0.06814474
8500 0.061169006
8600 0.0012881445
8700 0.0016889566
8800 0.0067623337
8900 0.0036243892
9000 0.022880072
9100 0.0047508804
9200 0.01948237
9300 0.014614325
9400 0.005269503
9500 0.011547157
9600 0.008424071
9700 0.043353274
9800 0.0327597
9900 0.006626331
10000 0.018174633
10100 0.03626798
10200 0.0060165357
10300 0.0034699657
10400 0.00856006
10500 0.0010216308
10600 0.002684734
10700 0.009189729
10800 0.0052660857
10900 0.00034515685
11000 0.00502007
11100 0.005631204
11200 0.010960782
11300 0.023446191
11400 0.013149022
11500 0.006941194
11600 0.0013410237
11700 0.0023408828
11800 0.007527213
11900 0.057004455
12000 0.008557151
12100 0.0017383983
12200 0.008385923
12300 0.009556332
12400 0.00849843
12500 0.0031670558
12600 0.0018082531
12700 0.0019876424
12800 0.0130256275
12900 0.0045996807
13000 0.011721348
13100 0.011404346
13200 0.015298647
13300 0.0027836214
13400 0.004172635
13500 0.0071049244
13600 0.0019984439
13700 0.002187096
13800 0.0022977304
13900 0.0027524985
14000 0.00064190367
14100 0.010681761
14200 0.0018962843
14300 0.0018897991
14400 0.0018538734
14500 0.0037625649
14600 0.0046645557
14700 0.0008795435
14800 0.0019553155
14900 0.0024373124
15000 0.0027034557
15100 0.00087763235
15200 0.002115194
15300 0.0026362862
15400 0.007844282
15500 0.0047870637
15600 0.0048724287
15700 0.00018895221
15800 0.0035693964
15900 0.003153074
16000 0.008072968
16100 0.0025732848
16200 0.0009793888
16300 0.002520496
16400 0.003741852
16500 0.001946227
16600 0.0018877505
16700 0.0012161349
16800 0.008024121
16900 0.003135746
17000 0.0041581085
17100 0.0027488954
17200 0.0024580015
