0 5.4640403
100 0.27191275
200 0.30677596
300 0.0653929
400 0.2293423
500 0.02933577
600 0.2879328
700 0.1553298
800 0.3068846
900 0.18388264
1000 0.22836415
1100 0.06668232
1200 0.06148643
1300 0.09538557
1400 0.16151267
1500 0.30735087
1600 0.03864313
1700 0.014943311
1800 0.015538653
1900 0.025868665
2000 0.018413804
2100 0.021930277
2200 0.13316761
2300 0.020346249
2400 0.010188617
2500 0.050421577
2600 0.07992038
2700 0.0109788
2800 0.015203569
2900 0.033911206
3000 0.025905695
3100 0.049960103
3200 0.12656043
3300 0.091730565
3400 0.0342705
3500 0.28852528
3600 0.15670243
3700 0.021699011
3800 0.124411136
3900 0.11676797
4000 0.018791001
4100 0.04721852
4200 0.008352842
4300 0.06075554
4400 0.016292706
4500 0.014737753
4600 0.034540188
4700 0.008654681
4800 0.018383967
4900 0.008815772
5000 0.04996909
5100 0.016514592
5200 0.0067113945
5300 0.03805828
5400 0.015526285
5500 0.0031950208
5600 0.051143534
5700 0.03231107
5800 0.0053033005
5900 0.009965578
6000 0.010640682
6100 0.009237199
6200 0.00407993
6300 0.012357178
6400 0.0019099907
6500 0.00037850486
6600 0.055892043
6700 0.06876972
6800 0.0036783032
6900 0.0018771361
7000 0.010131502
7100 0.005118592
7200 0.012250742
7300 0.0017933757
7400 0.0027030522
7500 0.005914066
7600 0.019314429
7700 0.037593957
7800 0.0051008975
7900 0.002894951
8000 0.003208185
8100 0.008319864
8200 0.017707117
8300 0.015207197
8400 0.047234334
8500 0.042399123
8600 0.00089287374
8700 0.0011706955
8800 0.0046872925
8900 0.0025122352
9000 0.015859257
9100 0.0032930595
9200 0.01350415
9300 0.010129878
9400 0.0036525414
9500 0.008003879
9600 0.0058391206
9700 0.0300502
9800 0.022707293
9900 0.0045930226
10000 0.012597696
10100 0.025139049
10200 0.0041703447
10300 0.002405197
10400 0.005933381
10500 0.00070814055
10600 0.0018609158
10700 0.0063698348
10800 0.0036501724
10900 0.0002392445
11000 0.0034796475
11100 0.0039032535
11200 0.0075974353
11300 0.01625166
11400 0.009114208
11500 0.004811269
11600 0.0009295268
11700 0.0016225764
11800 0.0052174665
11900 0.039512478
12000 0.0059313653
12100 0.0012049659
12200 0.0058126785
12300 0.0066239443
12400 0.005890663
12500 0.0021952358
12600 0.0012533856
12700 0.0013777287
12800 0.009028677
12900 0.0031882557
13000 0.00812462
13100 0.00790489
13200 0.010604214
13300 0.0019294594
13400 0.00289225
13500 0.0049247583
13600 0.0013852157
13700 0.0015159795
13800 0.0015926653
13900 0.0019078866
14000 0.0004449337
14100 0.007404033
14200 0.0013144041
14300 0.0013099089
14400 0.0012850071
14500 0.0026080112
14600 0.0032332237
14700 0.00060965307
14800 0.0013553214
14900 0.0016894162
15000 0.0018738927
15100 0.0006083284
15200 0.0014661407
15300 0.0018273343
15400 0.0054372423
15500 0.0033181396
15600 0.0033773102
15700 0.00013097169
15800 0.002474117
15900 0.0021855445
16000 0.005595755
16100 0.0017836652
16200 0.00067886064
16300 0.0017470748
16400 0.0025936542
16500 0.0013490218
16600 0.0013084889
16700 0.0008429605
16800 0.0055618966
16900 0.0021735337
17000 0.0028821812
17100 0.0019053891
17200 0.0017037567
