0 3.0908515
100 1.4384847
200 1.4555879
300 1.2478154
400 1.2669002
500 1.1305188
600 1.3222287
700 1.226707
800 1.2730578
900 1.1952794
1000 1.4600726
1100 1.1452186
1200 1.2434554
1300 1.1827599
1400 1.1409752
1500 1.275615
1600 1.1054173
1700 1.0734293
1800 1.0802528
1900 1.1063381
2000 1.0686998
2100 1.1022129
2200 1.1733961
2300 1.0960515
2400 1.0559139
2500 1.1359124
2600 1.2047864
2700 1.0593005
2800 1.056679
2900 1.090312
3000 1.1072409
3100 1.1262394
3200 1.0893505
3300 1.2899947
3400 1.1392527
3500 1.114168
3600 1.210537
3700 1.1003121
3800 1.0257692
3900 1.1635966
4000 1.0882401
4100 1.0445057
4200 1.037188
4300 1.1587493
4400 1.0724361
4500 1.0597572
4600 1.0876547
4700 1.0484028
4800 1.0748054
4900 1.0401549
5000 1.0782305
5100 1.0500034
5200 1.0363169
5300 1.0603383
5400 1.072983
5500 1.0203588
5600 1.1132349
5700 1.0621848
5800 1.0292995
5900 1.0508146
6000 1.0534424
6100 1.0431659
6200 1.0227226
6300 1.0485737
6400 1.0127628
6500 1.0030055
6600 1.0629622
6700 1.0837243
6800 1.0209312
6900 1.0127692
7000 1.0411633
7100 1.0289547
7200 1.0577681
7300 1.0106938
7400 1.0146203
7500 1.0309446
7600 1.0651197
7700 1.057091
7800 1.0252995
7900 1.017103
8000 1.0190156
8100 1.035403
8200 1.0495079
8300 1.0633088
8400 1.1530166
8500 1.1430315
8600 1.0064553
8700 1.008299
8800 1.0233645
8900 1.0160203
9000 1.0713587
9100 1.0181863
9200 1.0490937
9300 1.0503281
9400 1.0197154
9500 1.0371523
9600 1.031167
9700 1.1246028
9800 1.0333358
9900 1.021838
10000 1.0529902
10100 1.0844098
10200 1.0231671
10300 1.0159501
10400 1.0289029
10500 1.00505
10600 1.0114882
10700 1.0292552
10800 1.0215857
10900 1.0018938
11000 1.0193387
11100 1.0224547
11200 1.0375311
11300 1.0421526
11400 1.0451077
11500 1.0237685
11600 1.0066974
11700 1.0099715
11800 1.0250783
11900 1.0634878
12000 1.02774
12100 1.0079969
12200 1.0271363
12300 1.0264628
12400 1.0312812
12500 1.0130321
12600 1.0077028
12700 1.0082266
12800 1.0446819
12900 1.0138823
13000 1.0376494
13100 1.0292968
13200 1.0333042
13300 1.0120004
13400 1.0169736
13500 1.025989
13600 1.0087802
13700 1.0093379
13800 1.0082507
13900 1.0117695
14000 1.0032403
14100 1.0318824
14200 1.0070531
14300 1.0076399
14400 1.0088089
14500 1.0149491
14600 1.0198948
14700 1.0044091
14800 1.0088181
14900 1.0098101
15000 1.0104067
15100 1.0040708
15200 1.0095067
15300 1.0111396
15400 1.0239613
15500 1.0179756
15600 1.01808
15700 1.0012245
15800 1.0164883
15900 1.0134538
16000 1.0284534
16100 1.0104526
16200 1.0044389
16300 1.0104257
16400 1.0158187
16500 1.0082816
16600 1.0077343
16700 1.006227
16800 1.0276871
16900 1.0133692
17000 1.0167745
17100 1.0096109
17200 1.0099005
