0 0.0625
100 0.78125
200 0.875
300 0.875
400 0.8125
500 0.96875
600 0.90625
700 0.96875
800 0.90625
900 1.0
1000 0.96875
1100 1.0
1200 0.96875
1300 1.0
1400 0.96875
1500 0.96875
1600 0.9375
1700 1.0
1800 1.0
1900 0.875
2000 0.96875
2100 1.0
2200 1.0
2300 0.96875
2400 0.9375
2500 1.0
2600 0.96875
2700 0.96875
2800 0.96875
2900 0.9375
3000 0.9375
3100 0.96875
3200 1.0
3300 0.96875
3400 0.9375
3500 1.0
3600 0.9375
3700 1.0
3800 0.96875
3900 1.0
4000 1.0
4100 0.90625
4200 1.0
4300 1.0
4400 0.9375
4500 0.96875
4600 0.96875
4700 0.96875
4800 0.9375
4900 1.0
5000 1.0
5100 1.0
5200 0.96875
5300 1.0
5400 1.0
5500 1.0
5600 1.0
5700 1.0
5800 1.0
5900 0.96875
6000 1.0
6100 0.96875
6200 0.96875
6300 1.0
6400 0.96875
6500 1.0
6600 0.96875
6700 0.9375
6800 1.0
6900 0.96875
7000 1.0
7100 1.0
7200 1.0
7300 1.0
7400 1.0
7500 1.0
7600 1.0
7700 0.96875
7800 1.0
7900 0.96875
8000 1.0
8100 1.0
8200 0.96875
8300 1.0
8400 1.0
8500 1.0
8600 1.0
8700 1.0
8800 1.0
8900 1.0
9000 1.0
9100 1.0
9200 0.96875
9300 0.96875
9400 1.0
9500 1.0
9600 0.96875
9700 0.96875
9800 1.0
9900 1.0
10000 1.0
10100 1.0
10200 0.96875
10300 0.96875
10400 1.0
10500 1.0
10600 1.0
10700 0.96875
10800 1.0
10900 1.0
11000 0.96875
11100 1.0
11200 1.0
11300 1.0
11400 1.0
11500 1.0
11600 1.0
11700 1.0
11800 1.0
11900 1.0
12000 1.0
12100 0.96875
12200 1.0
12300 1.0
12400 1.0
12500 1.0
12600 1.0
12700 0.96875
12800 0.96875
12900 0.96875
13000 1.0
13100 1.0
13200 1.0
13300 1.0
13400 0.96875
13500 0.96875
13600 1.0
13700 1.0
13800 1.0
13900 1.0
14000 1.0
14100 1.0
14200 1.0
14300 1.0
14400 0.96875
14500 1.0
14600 1.0
14700 1.0
14800 1.0
14900 1.0
15000 1.0
15100 1.0
15200 1.0
15300 1.0
15400 1.0
15500 1.0
15600 1.0
15700 1.0
15800 1.0
15900 1.0
16000 1.0
16100 1.0
16200 1.0
16300 0.96875
16400 0.96875
16500 1.0
16600 1.0
16700 1.0
16800 1.0
16900 1.0
17000 1.0
17100 1.0
17200 1.0
17300 1.0
17400 1.0
17500 1.0
17600 1.0
17700 1.0
17800 1.0
17900 1.0
18000 1.0
18100 1.0
18200 1.0
18300 1.0
18400 1.0
18500 1.0
18600 1.0
18700 1.0
18800 1.0
18900 1.0
19000 1.0
19100 1.0
19200 1.0
19300 1.0
19400 1.0
19500 1.0
19600 1.0
19700 1.0
19800 1.0
19900 1.0
20000 1.0
20100 1.0
20200 1.0
20300 1.0
20400 1.0
20500 1.0
20600 1.0
20700 1.0
20800 1.0
20900 1.0
21000 1.0
21100 1.0
21200 1.0
21300 1.0
21400 1.0
21500 1.0
21600 1.0
21700 1.0
21800 1.0
21900 1.0
22000 1.0
22100 1.0
22200 1.0
22300 1.0
22400 1.0
22500 1.0
22600 1.0
22700 1.0
22800 1.0
22900 1.0
23000 1.0
23100 1.0
23200 1.0
23300 1.0
23400 1.0
23500 1.0
23600 1.0
23700 1.0
23800 1.0
23900 1.0
24000 1.0
24100 1.0
24200 1.0
24300 1.0
24400 1.0
24500 1.0
24600 1.0
24700 1.0
24800 1.0
24900 1.0
25000 1.0
25100 1.0
25200 1.0
25300 1.0
25400 1.0
25500 1.0
25600 1.0
25700 1.0
25800 1.0
25900 1.0
26000 1.0
26100 1.0
26200 1.0
26300 1.0
26400 1.0
26500 1.0
26600 1.0
26700 1.0
26800 1.0
26900 1.0
27000 1.0
27100 1.0
27200 1.0
27300 1.0
27400 1.0
27500 1.0
27600 1.0
27700 1.0
27800 1.0
27900 1.0
28000 1.0
28100 1.0
28200 1.0
28300 1.0
28400 1.0
28500 1.0
28600 1.0
28700 1.0
28800 1.0
28900 1.0
29000 0.96875
29100 1.0
29200 1.0
29300 1.0
29400 1.0
29500 1.0
29600 1.0
29700 1.0
29800 1.0
29900 1.0
30000 1.0
30100 1.0
30200 1.0
30300 1.0
30400 1.0
30500 1.0
30600 1.0
30700 1.0
30800 1.0
30900 1.0
31000 1.0
31100 1.0
31200 1.0
31300 1.0
31400 1.0
31500 1.0
31600 1.0
31700 1.0
31800 1.0
31900 1.0
32000 1.0
32100 1.0
32200 1.0
32300 1.0
32400 1.0
32500 1.0
32600 1.0
32700 0.96875
32800 1.0
32900 1.0
33000 1.0
33100 1.0
33200 1.0
33300 1.0
33400 1.0
33500 1.0
