0 3.57755
100 1.00445
200 0.785083
300 0.480014
400 0.517794
500 0.194918
600 0.363134
700 0.286754
800 0.379405
900 0.0273316
1000 0.172924
1100 0.015354
1200 0.0776318
1300 0.0398821
1400 0.207268
1500 0.28729
1600 0.120037
1700 0.0418772
1800 0.0179933
1900 0.39695
2000 0.0535871
2100 0.000169078
2200 0.0057253
2300 0.0893266
2400 0.250317
2500 0.0111375
2600 0.230742
2700 0.0457778
2800 0.315233
2900 0.72383
3000 0.260623
3100 0.349706
3200 0.0187641
3300 0.185736
3400 0.395857
3500 0.0215293
3600 0.152349
3700 0.0152128
3800 0.121704
3900 0.0153369
4000 0.0165804
4100 0.476559
4200 0.00154783
4300 0.00103419
4400 0.350875
4500 0.107499
4600 0.0976896
4700 0.0454891
4800 0.270064
4900 0.0159873
5000 0.000880807
5100 0.00291206
5200 0.153425
5300 0.00027472
5400 0.00308527
5500 0.0499355
5600 0.0171254
5700 0.000223078
5800 0.00477892
5900 0.473924
6000 0.0145492
6100 0.108805
6200 0.0481205
6300 0.00547978
6400 0.137163
6500 0.00902322
6600 0.289999
6700 0.686692
6800 0.00236499
6900 0.0524931
7000 0.000471029
7100 0.000567151
7200 0.000262993
7300 0.00692386
7400 0.000844197
7500 0.00145506
7600 0.000171669
7700 0.443925
7800 0.00315225
7900 0.134007
8000 0.0039676
8100 0.0294289
8200 0.0748718
8300 0.00154027
8400 0.00268358
8500 0.0139485
8600 0.000703386
8700 0.00187231
8800 0.000596199
8900 0.000433091
9000 0.015493
9100 0.000199692
9200 0.0760136
9300 0.0770367
9400 0.0404254
9500 0.00895869
9600 0.135861
9700 0.0767716
9800 0.000297472
9900 0.0264109
10000 0.0273693
10100 0.000224317
10200 0.0546567
10300 0.10792
10400 0.000236401
10500 0.00109978
10600 0.000202699
10700 0.462224
10800 0.000145473
10900 0.0264317
11000 0.0575809
11100 0.000205505
11200 7.92717e-05
11300 0.00103291
11400 0.00598987
11500 0.0204963
11600 2.13623e-05
11700 0.00507983
11800 0.00875762
11900 0.00180444
12000 0.0380701
12100 0.0930139
12200 0.0277189
12300 0.00233015
12400 0.000509347
12500 0.00737629
12600 0.010337
12700 0.241947
12800 0.10963
12900 0.234516
13000 0.0264107
13100 0.000734899
13200 0.000353589
13300 0.00021353
13400 0.198371
13500 0.124792
13600 0.000918598
13700 0.000665174
13800 0.00609915
13900 0.037445
14000 0.000697583
14100 0.00967139
14200 0.00313991
14300 0.000177421
14400 0.0453047
14500 6.56377e-05
14600 0.0222935
14700 0.00018438
14800 0.0026639
14900 0.00166264
15000 0.010074
15100 0.00173739
15200 0.0112988
15300 0.000295254
15400 0.00984234
15500 0.00268919
15600 0.00101298
15700 0.0056133
15800 0.00171428
15900 0.0237877
16000 0.00601107
16100 0.0306973
16200 0.00476712
16300 0.0825687
16400 0.0560265
16500 0.00040953
16600 0.00635594
16700 0.000449712
16800 0.00019536
16900 0.000536609
17000 0.00181146
17100 0.00971658
17200 5.06434e-05
17300 0.00182094
17400 0.000285402
17500 0.000242581
17600 0.00198769
17700 0.00332577
17800 0.021695
17900 0.000834738
18000 0.00385054
18100 0.0053607
18200 0.00130041
18300 0.00558186
18400 0.000174476
18500 0.00258812
18600 0.00859268
18700 0.00045125
18800 0.00722783
18900 0.00338542
19000 0.00079598
19100 0.00025013
19200 0.000339271
19300 0.000588445
19400 0.00146535
19500 0.00147897
19600 0.000572945
19700 0.00113604
19800 9.52187e-05
19900 0.00281294
20000 0.00275443
20100 0.0011139
20200 0.00132246
20300 0.000345197
20400 0.00181747
20500 0.00100364
20600 0.00110024
20700 4.71895e-05
20800 0.000363581
20900 0.00277924
21000 0.012369
21100 0.00179738
21200 0.0118268
21300 0.000211892
21400 0.000279951
21500 0.00095129
21600 0.00128768
21700 0.00070106
21800 8.51886e-05
21900 0.00270741
22000 0.0017362
22100 0.00110677
22200 9.997e-05
22300 4.70284e-05
22400 0.0153264
22500 0.000291005
22600 0.000876013
22700 0.00045678
22800 0.00208885
22900 0.000705821
23000 0.00133839
23100 0.000599143
23200 0.00103121
23300 0.00148044
23400 0.00126818
23500 0.00011244
23600 0.000554346
23700 0.00137846
23800 0.00123186
23900 0.00456322
24000 0.00167075
24100 0.000701505
24200 0.000467385
24300 0.0014294
24400 0.000641922
24500 0.00941198
24600 0.000249661
24700 0.00455508
24800 0.000851319
24900 0.000162268
25000 0.000559937
25100 0.000443388
25200 0.000925287
25300 0.000838454
25400 0.000176626
25500 3.34193e-05
25600 8.39462e-05
25700 7.43836e-05
25800 0.000211901
25900 0.00102885
26000 0.00166647
26100 0.000971673
26200 0.000534425
26300 0.00249199
26400 0.00059317
26500 0.000190086
26600 0.000839947
26700 0.000339053
26800 0.00120191
26900 0.00232066
27000 0.00148788
27100 0.00276608
27200 0.000890256
27300 0.00232879
27400 0.00340657
27500 0.000293443
27600 0.00104907
27700 0.00078569
27800 0.000826404
27900 0.000367367
28000 0.000254211
28100 0.0014612
28200 0.00132607
28300 0.000907986
28400 0.00279359
28500 0.000547529
28600 0.000524949
28700 0.000209246
28800 0.0044574
28900 6.07613e-05
29000 0.198968
29100 7.18676e-05
29200 0.000833394
29300 0.00222947
29400 6.81727e-05
29500 0.000203315
29600 0.000501589
29700 0.000441438
29800 0.000164695
29900 0.000635172
30000 0.00153312
30100 0.000109139
30200 0.00142338
30300 0.0021385
30400 0.00458958
30500 0.000618866
30600 0.00288301
30700 0.000439593
30800 0.000222153
30900 0.00147567
31000 0.000107062
31100 0.0004056
31200 0.000686768
31300 2.92401e-05
31400 0.00095264
31500 0.004867
31600 0.00106254
31700 0.000180387
31800 0.000824727
31900 0.00410192
32000 0.00397072
32100 0.00106617
32200 0.000433803
32300 0.000675756
32400 0.000666153
32500 0.00525719
32600 0.00147159
32700 0.0837773
32800 0.00402437
32900 0.00455501
33000 0.000572938
33100 0.0014426
33200 0.000694312
33300 0.00138155
33400 0.00196491
33500 0.000626377
