0 2.47977
100 0.696228
200 0.544178
300 0.332721
400 0.358908
500 0.135107
600 0.251705
700 0.198763
800 0.262984
900 0.0189448
1000 0.119862
1100 0.0106426
1200 0.0538103
1300 0.0276441
1400 0.143667
1500 0.199134
1600 0.083203
1700 0.029027
1800 0.012472
1900 0.275145
2000 0.0371437
2100 0.000117196
2200 0.00396847
2300 0.0619165
2400 0.173507
2500 0.00771993
2600 0.159938
2700 0.0317307
2800 0.218503
2900 0.501721
3000 0.18065
3100 0.242398
3200 0.0130063
3300 0.128742
3400 0.274387
3500 0.014923
3600 0.105601
3700 0.0105447
3800 0.0843587
3900 0.0106307
4000 0.0114927
4100 0.330326
4200 0.00107288
4300 0.000716849
4400 0.243208
4500 0.074513
4600 0.0677133
4700 0.0315306
4800 0.187194
4900 0.0110816
5000 0.000610529
5100 0.00201849
5200 0.106346
5300 0.000190422
5400 0.00213855
5500 0.0346127
5600 0.0118704
5700 0.000154626
5800 0.0033125
5900 0.328499
6000 0.0100848
6100 0.0754178
6200 0.0333546
6300 0.0037983
6400 0.0950742
6500 0.00625442
6600 0.201012
6700 0.475978
6800 0.00163929
6900 0.0363854
7000 0.000326492
7100 0.000393119
7200 0.000182293
7300 0.00479925
7400 0.000585153
7500 0.00100857
7600 0.000118992
7700 0.307705
7800 0.00218497
7900 0.0928868
8000 0.00275013
8100 0.0203985
8200 0.0518972
8300 0.00106764
8400 0.00186011
8500 0.00966835
8600 0.00048755
8700 0.00129778
8800 0.000413253
8900 0.000300196
9000 0.0107389
9100 0.000138416
9200 0.0526886
9300 0.0533978
9400 0.0280208
9500 0.00620969
9600 0.094172
9700 0.053214
9800 0.000206192
9900 0.0183066
10000 0.018971
10100 0.000155485
10200 0.0378851
10300 0.0748046
10400 0.00016386
10500 0.000762312
10600 0.0001405
10700 0.32039
10800 0.000100834
10900 0.018321
11000 0.0399121
11100 0.000142445
11200 5.4947e-05
11300 0.000715959
11400 0.00415186
11500 0.0142069
11600 1.48072e-05
11700 0.00352107
11800 0.00607032
11900 0.00125074
12000 0.0263882
12100 0.0644723
12200 0.0192133
12300 0.00161513
12400 0.000353052
12500 0.00511286
12600 0.00716506
12700 0.167705
12800 0.0759895
12900 0.162554
13000 0.0183065
13100 0.000509393
13200 0.00024509
13300 0.000148008
13400 0.1375
13500 0.0864995
13600 0.000636724
13700 0.000461064
13800 0.00422761
13900 0.0259549
14000 0.000483527
14100 0.0067037
14200 0.00217642
14300 0.000122979
14400 0.0314028
14500 4.54966e-05
14600 0.0154527
14700 0.000127803
14800 0.00184648
14900 0.00115245
15000 0.00698278
15100 0.00120427
15200 0.00783175
15300 0.000204654
15400 0.00682219
15500 0.001864
15600 0.000702143
15700 0.00389085
15800 0.00118825
15900 0.0164884
16000 0.00416656
16100 0.0212777
16200 0.00330432
16300 0.0572322
16400 0.0388346
16500 0.000283864
16600 0.0044056
16700 0.000311717
16800 0.000135413
16900 0.000371949
17000 0.00125561
17100 0.00673502
17200 3.51034e-05
17300 0.00126218
17400 0.000197826
17500 0.000168144
17600 0.00137776
17700 0.00230525
17800 0.0150378
17900 0.000578596
18000 0.00266899
18100 0.00371576
18200 0.000901376
18300 0.00386905
18400 0.000120938
18500 0.00179395
18600 0.00595599
18700 0.000312782
18800 0.00500995
18900 0.00234659
19000 0.000551731
19100 0.000173377
19200 0.000235165
19300 0.000407879
19400 0.0010157
19500 0.00102514
19600 0.000397135
19700 0.000787444
19800 6.60005e-05
19900 0.00194978
20000 0.00190923
20100 0.000772095
20200 0.000916661
20300 0.000239272
20400 0.00125978
20500 0.00069567
20600 0.000762626
20700 3.27093e-05
20800 0.000252015
20900 0.00192643
21000 0.00857355
21100 0.00124585
21200 0.00819772
21300 0.000146872
21400 0.000194048
21500 0.000659384
21600 0.000892555
21700 0.000485938
21800 5.90483e-05
21900 0.00187663
22000 0.00120344
22100 0.000767158
22200 6.9294e-05
22300 3.25976e-05
22400 0.0106234
22500 0.000201709
22600 0.000607206
22700 0.000316616
22800 0.00144788
22900 0.000489238
23000 0.000927701
23100 0.000415294
23200 0.00071478
23300 0.00102616
23400 0.000879036
23500 7.79373e-05
23600 0.000384243
23700 0.000955478
23800 0.000853863
23900 0.00316298
24000 0.00115807
24100 0.000486246
24200 0.000323967
24300 0.000990784
24400 0.000444947
24500 0.00652389
24600 0.000173052
24700 0.00315734
24800 0.000590089
24900 0.000112476
25000 0.000388119
25100 0.000307333
25200 0.00064136
25300 0.000581172
25400 0.000122427
25500 2.31645e-05
25600 5.81871e-05
25700 5.15588e-05
25800 0.000146878
25900 0.000713142
26000 0.00115511
26100 0.000673512
26200 0.000370435
26300 0.00172732
26400 0.000411154
26500 0.000131757
26600 0.000582207
26700 0.000235014
26800 0.000833104
26900 0.00160856
27000 0.00103132
27100 0.0019173
27200 0.000617079
27300 0.00161419
27400 0.00236126
27500 0.000203399
27600 0.000727162
27700 0.000544599
27800 0.000572819
27900 0.00025464
28000 0.000176206
28100 0.00101283
28200 0.000919161
28300 0.000629368
28400 0.00193637
28500 0.000379518
28600 0.000363867
28700 0.000145038
28800 0.00308963
28900 4.21165e-05
29000 0.137914
29100 4.98148e-05
29200 0.000577665
29300 0.00154535
29400 4.72537e-05
29500 0.000140927
29600 0.000347675
29700 0.000305982
29800 0.000114158
29900 0.000440268
30000 0.00106268
30100 7.56497e-05
30200 0.000986612
30300 0.00148229
30400 0.00318125
30500 0.000428965
30600 0.00199835
30700 0.000304703
30800 0.000153985
30900 0.00102286
31000 7.42097e-05
31100 0.000281141
31200 0.000476032
31300 2.02677e-05
31400 0.00066032
31500 0.00337355
31600 0.000736499
31700 0.000125035
31800 0.000571657
31900 0.00284324
32000 0.00275229
32100 0.000739014
32200 0.000300689
32300 0.000468398
32400 0.000461742
32500 0.00364401
32600 0.00102003
32700 0.05807
32800 0.00278948
32900 0.00315729
33000 0.00039713
33100 0.000999936
33200 0.000481261
33300 0.000957615
33400 0.00136198
33500 0.000434172
