0 9.58109
100 3.03886
200 1.4891
300 1.5744
400 1.38322
500 1.16696
600 1.35995
700 1.1395
800 1.37233
900 1.08763
1000 1.15998
1100 1.05729
1200 1.0641
1300 1.10687
1400 1.06547
1500 1.03085
1600 1.12915
1700 1.11127
1800 1.05172
1900 1.16243
2000 1.05994
2100 1.00102
2200 1.01949
2300 1.0435
2400 1.0581
2500 1.0286
2600 1.05904
2700 1.04217
2800 1.06868
2900 1.01729
3000 1.10259
3100 1.13847
3200 1.0445
3300 1.05156
3400 1.07303
3500 1.04691
3600 1.06927
3700 1.0399
3800 1.16708
3900 1.02867
4000 1.04403
4100 1.08354
4200 1.00697
4300 1.00426
4400 1.03612
4500 1.03024
4600 1.12781
4700 1.03595
4800 1.0262
4900 1.03929
5000 1.00406
5100 1.0103
5200 1.01586
5300 1.00147
5400 1.01202
5500 1.07539
5600 1.03275
5700 1.00124
5800 1.01501
5900 1.00101
6000 1.02606
6100 1.05568
6200 1.05853
6300 1.0185
6400 1.00855
6500 1.02856
6600 1.02943
6700 1.0175
6800 1.00933
6900 1.0666
7000 1.00231
7100 1.00235
7200 1.0013
7300 1.02398
7400 1.00352
7500 1.006
7600 1.00103
7700 1.00046
7800 1.00969
7900 1.03811
8000 1.01422
8100 1.03526
8200 1.09556
8300 1.0059
8400 1.01016
8500 1.03067
8600 1.0029
8700 1.00752
8800 1.00278
8900 1.00253
9000 1.03245
9100 1.00114
9200 1.06687
9300 1.06247
9400 1.06601
9500 1.02188
9600 1.03508
9700 1.02249
9800 1.00168
9900 1.0651
10000 1.05566
10100 1.00141
10200 1.04443
10300 1.01309
10400 1.00144
10500 1.00512
10600 1.00107
10700 1.01049
10800 1.00088
10900 1.07326
11000 1.05483
11100 1.00116
11200 1.0005
11300 1.00394
11400 1.02058
11500 1.03101
11600 1.00016
11700 1.01753
11800 1.02651
11900 1.00597
12000 1.0761
12100 1.07763
12200 1.04087
12300 1.00925
12400 1.00245
12500 1.02496
12600 1.03494
12700 1.00553
12800 1.02605
12900 1.05308
13000 1.03239
13100 1.00348
13200 1.00198
13300 1.00105
13400 1.00758
13500 1.01602
13600 1.00433
13700 1.003
13800 1.02315
13900 1.0705
14000 1.00272
14100 1.02491
14200 1.01015
14300 1.00108
14400 1.04005
14500 1.00041
14600 1.03436
14700 1.001
14800 1.01003
14900 1.00663
15000 1.02875
15100 1.00642
15200 1.02471
15300 1.00155
15400 1.02366
15500 1.00821
15600 1.0041
15700 1.01747
15800 1.00669
15900 1.05018
16000 1.01494
16100 1.06189
16200 1.01302
16300 1.03303
16400 1.07752
16500 1.0019
16600 1.01836
16700 1.00232
16800 1.00115
16900 1.00291
17000 1.00629
17100 1.02401
17200 1.00035
17300 1.00649
17400 1.00135
17500 1.00126
17600 1.00791
17700 1.01309
17800 1.04848
17900 1.00383
18000 1.01296
18100 1.01478
18200 1.00627
18300 1.01625
18400 1.00108
18500 1.01124
18600 1.02224
18700 1.00247
18800 1.02166
18900 1.01025
19000 1.00374
19100 1.00133
19200 1.00181
19300 1.00295
19400 1.00657
19500 1.00664
19600 1.00282
19700 1.00475
19800 1.00063
19900 1.01151
20000 1.00895
20100 1.00511
20200 1.00508
20300 1.00184
20400 1.00785
20500 1.00487
20600 1.00487
20700 1.00031
20800 1.00166
20900 1.01023
21000 1.03482
21100 1.00811
21200 1.03712
21300 1.0012
21400 1.00134
21500 1.00424
21600 1.00535
21700 1.00311
21800 1.00051
21900 1.01022
22000 1.00724
22100 1.00431
22200 1.00061
22300 1.00031
22400 1.04405
22500 1.00148
22600 1.00418
22700 1.00224
22800 1.00824
22900 1.00345
23000 1.00507
23100 1.00266
23200 1.00468
23300 1.00563
23400 1.00569
23500 1.00062
23600 1.00297
23700 1.00618
23800 1.00586
23900 1.01592
24000 1.00743
24100 1.00369
24200 1.00237
24300 1.00632
24400 1.00303
24500 1.02324
24600 1.00128
24700 1.0157
24800 1.00414
24900 1.00099
25000 1.00282
25100 1.00235
25200 1.00415
25300 1.00411
25400 1.00094
25500 1.00023
25600 1.00057
25700 1.00048
25800 1.00124
25900 1.00463
26000 1.00721
26100 1.0043
26200 1.00287
26300 1.00951
26400 1.00289
26500 1.00106
26600 1.00385
26700 1.00173
26800 1.00463
26900 1.0085
27000 1.0061
27100 1.01026
27200 1.0039
27300 1.00949
27400 1.01209
27500 1.00137
27600 1.00468
27700 1.00365
27800 1.00402
27900 1.00179
28000 1.00156
28100 1.00679
28200 1.00626
28300 1.00449
28400 1.01093
28500 1.00265
28600 1.00247
28700 1.00123
28800 1.01289
28900 1.00041
29000 1.01679
29100 1.0005
29200 1.00371
29300 1.00925
29400 1.00049
29500 1.00123
29600 1.00263
29700 1.00245
29800 1.001
29900 1.00336
30000 1.00656
30100 1.00068
30200 1.006
30300 1.00856
30400 1.01794
30500 1.00263
30600 1.00944
30700 1.00227
30800 1.00117
30900 1.00568
31000 1.00066
31100 1.0021
31200 1.00281
31300 1.00022
31400 1.00396
31500 1.01538
31600 1.00498
31700 1.00103
31800 1.0039
31900 1.01143
32000 1.01681
32100 1.00499
32200 1.0021
32300 1.00365
32400 1.00318
32500 1.01899
32600 1.00681
32700 1.03245
32800 1.01636
32900 1.01308
33000 1.00284
33100 1.00601
33200 1.00382
33300 1.00615
33400 1.00856
33500 1.00309
