0 0.050000004
100 0.375
200 0.425
300 0.471875
400 0.42187506
500 0.515625
600 0.50312495
700 0.44375
800 0.446875
900 0.490625
1000 0.5125
1100 0.43124998
1200 0.471875
1300 0.48125
1400 0.53125
1500 0.53125
1600 0.46875
1700 0.446875
1800 0.509375
1900 0.51875
2000 0.5375
2100 0.51875
2200 0.49687502
2300 0.54375
2400 0.55625
2500 0.45937502
2600 0.51875
2700 0.5375
2800 0.51875
2900 0.55
3000 0.49062505
3100 0.47187498
3200 0.521875
3300 0.584375
3400 0.49687502
3500 0.48125002
3600 0.525
3700 0.509375
3800 0.5
3900 0.471875
4000 0.55
4100 0.5375
4200 0.53437495
4300 0.55
4400 0.515625
4500 0.496875
4600 0.5875
4700 0.5875
4800 0.61249995
4900 0.55312496
5000 0.63125
5100 0.50937504
5200 0.49062502
5300 0.52500004
5400 0.54375005
5500 0.60937506
5600 0.51250005
5700 0.55
5800 0.5125
5900 0.509375
6000 0.503125
6100 0.5125
6200 0.50937504
6300 0.509375
6400 0.509375
6500 0.565625
6600 0.57500005
6700 0.521875
6800 0.48125005
6900 0.6
7000 0.490625
7100 0.54062504
7200 0.553125
7300 0.54375
7400 0.534375
7500 0.51875
7600 0.46249998
7700 0.55312496
7800 0.5812501
7900 0.509375
8000 0.5875
8100 0.5687501
8200 0.553125
8300 0.57187504
8400 0.55937505
8500 0.515625
8600 0.578125
8700 0.5625
8800 0.51250005
8900 0.534375
9000 0.584375
9100 0.58125
9200 0.50625
9300 0.54375
9400 0.49687502
9500 0.56874996
9600 0.58125
9700 0.603125
9800 0.565625
9900 0.52500004
10000 0.51875
10100 0.54375005
10200 0.58750004
10300 0.60312504
10400 0.5375
10500 0.52812505
10600 0.528125
10700 0.50312495
10800 0.6125
10900 0.57500005
11000 0.56874996
11100 0.553125
11200 0.515625
11300 0.53125
11400 0.515625
11500 0.525
11600 0.54375
11700 0.496875
11800 0.484375
11900 0.575
12000 0.553125
12100 0.515625
12200 0.52812505
12300 0.55937505
12400 0.521875
12500 0.478125
12600 0.55312496
12700 0.5375
12800 0.5625
12900 0.51250005
13000 0.490625
13100 0.525
13200 0.609375
13300 0.484375
13400 0.509375
13500 0.578125
13600 0.5625
13700 0.54375
13800 0.52500004
13900 0.503125
14000 0.559375
14100 0.540625
14200 0.46875003
14300 0.56874996
14400 0.55625
14500 0.484375
14600 0.5375
14700 0.55
14800 0.55312496
14900 0.540625
15000 0.54375
15100 0.5625
15200 0.609375
15300 0.5625
15400 0.51250005
15500 0.55
15600 0.57187504
15700 0.58125
15800 0.48437503
15900 0.496875
16000 0.59687495
16100 0.57187504
16200 0.58125
16300 0.471875
16400 0.559375
16500 0.58437496
16600 0.57187504
16700 0.51250005
16800 0.565625
16900 0.51875
17000 0.57500005
17100 0.59999996
17200 0.553125
17300 0.534375
17400 0.5125
17500 0.58125
17600 0.59375
17700 0.5625
17800 0.55937505
17900 0.5125
18000 0.575
18100 0.51874995
18200 0.5625
18300 0.49375
18400 0.521875
18500 0.621875
18600 0.52500004
18700 0.52500004
18800 0.58437496
18900 0.6125
19000 0.5625
19100 0.5625
19200 0.56875
19300 0.55312496
19400 0.5
19500 0.534375
19600 0.565625
19700 0.57500005
19800 0.6125
19900 0.575
20000 0.52500004
20100 0.559375
20200 0.53749996
20300 0.571875
20400 0.565625
20500 0.5625
20600 0.52812505
20700 0.565625
20800 0.546875
20900 0.5375
21000 0.590625
21100 0.54375
21200 0.55
21300 0.55
21400 0.5625
21500 0.60312504
21600 0.50937504
21700 0.603125
21800 0.55625004
21900 0.590625
22000 0.5625
22100 0.5625
22200 0.57187504
22300 0.53437495
22400 0.553125
22500 0.56875
22600 0.584375
22700 0.54375
22800 0.59375
22900 0.54375
23000 0.49062502
23100 0.575
23200 0.565625
23300 0.54375005
23400 0.60625
23500 0.578125
23600 0.546875
23700 0.56874996
23800 0.55312496
23900 0.57187504
24000 0.515625
24100 0.55625
24200 0.578125
24300 0.57500005
24400 0.503125
24500 0.628125
24600 0.5625
24700 0.553125
24800 0.5625
24900 0.53125
25000 0.575
25100 0.534375
25200 0.578125
25300 0.59999996
25400 0.59999996
25500 0.559375
25600 0.571875
25700 0.53125
25800 0.55625004
25900 0.52812505
26000 0.525
26100 0.559375
26200 0.5625
26300 0.55
26400 0.53749996
26500 0.54375
26600 0.553125
26700 0.546875
26800 0.59375006
26900 0.540625
27000 0.54375
27100 0.590625
27200 0.559375
27300 0.609375
27400 0.55937505
27500 0.58750004
27600 0.565625
27700 0.575
27800 0.584375
27900 0.571875
28000 0.59375
28100 0.53749996
28200 0.49062496
28300 0.5812501
28400 0.5
28500 0.54062504
28600 0.53749996
28700 0.559375
28800 0.559375
28900 0.48125005
29000 0.55937505
29100 0.55625
29200 0.596875
29300 0.5375
29400 0.59375006
29500 0.54687494
29600 0.525
29700 0.628125
29800 0.584375
29900 0.565625
30000 0.51875
30100 0.58437496
30200 0.5375
30300 0.55625004
30400 0.5125
30500 0.51875
30600 0.5625
30700 0.525
30800 0.49375
30900 0.54687506
31000 0.53125
31100 0.55312496
31200 0.54375
31300 0.52812505
31400 0.540625
31500 0.5812501
31600 0.55625004
31700 0.58750004
31800 0.53125006
31900 0.559375
32000 0.553125
32100 0.53125
32200 0.525
32300 0.575
32400 0.58750004
32500 0.603125
32600 0.57500005
32700 0.5125
32800 0.540625
32900 0.55
33000 0.596875
33100 0.50937504
33200 0.578125
33300 0.52812505
33400 0.5718751
33500 0.515625
33600 0.54375005
33700 0.534375
33800 0.55937505
33900 0.590625
34000 0.57187504
34100 0.5875
34200 0.56874996
34300 0.57500005
34400 0.578125
34500 0.584375
34600 0.54687494
34700 0.55937505
34800 0.55625
34900 0.56875
35000 0.578125
35100 0.59062505
35200 0.578125
35300 0.571875
35400 0.60937494
35500 0.609375
35600 0.59062505
35700 0.55625004
35800 0.59375
35900 0.50937504
36000 0.553125
36100 0.6
36200 0.546875
36300 0.575
36400 0.546875
36500 0.61562496
36600 0.5125
36700 0.59375006
36800 0.59375
36900 0.615625
37000 0.61875
37100 0.5562499
37200 0.65625
37300 0.54375
37400 0.59375
37500 0.57500005
37600 0.6
37700 0.5375
37800 0.60312504
37900 0.590625
38000 0.55
38100 0.51250005
38200 0.584375
38300 0.565625
38400 0.54375
38500 0.5125
38600 0.49375
38700 0.559375
38800 0.49687502
38900 0.496875
39000 0.52812505
39100 0.61249995
39200 0.540625
39300 0.49062502
39400 0.540625
39500 0.565625
39600 0.5500001
39700 0.62500006
39800 0.53749996
39900 0.528125
40000 0.578125
40100 0.509375
40200 0.584375
40300 0.55625
40400 0.58437496
40500 0.57500005
40600 0.55312496
40700 0.58125
40800 0.5
40900 0.565625
41000 0.540625
41100 0.59374994
41200 0.596875
41300 0.5375
41400 0.61875
41500 0.53749996
41600 0.515625
41700 0.48125002
41800 0.553125
41900 0.5625
42000 0.5375
42100 0.584375
42200 0.59062505
42300 0.55937505
42400 0.58750004
42500 0.55625004
42600 0.54687506
42700 0.559375
42800 0.5625
42900 0.59999996
43000 0.62187505
43100 0.584375
43200 0.55
43300 0.52812505
43400 0.596875
43500 0.53125
43600 0.553125
43700 0.546875
43800 0.62499994
43900 0.640625
44000 0.565625
44100 0.52812505
44200 0.55
44300 0.521875
44400 0.584375
44500 0.63125
44600 0.59687495
44700 0.60625005
44800 0.54375
44900 0.565625
45000 0.58750004
45100 0.5500001
45200 0.540625
45300 0.565625
45400 0.5375
45500 0.578125
45600 0.546875
45700 0.584375
45800 0.58125
45900 0.54375
46000 0.53124994
46100 0.49687502
46200 0.578125
46300 0.61875
46400 0.53125
46500 0.575
46600 0.565625
46700 0.575
46800 0.60312504
