0 4.7329926
100 3.1921556
200 2.883931
300 2.5648732
400 2.5776136
500 2.36966
600 2.3654397
700 2.6002114
800 2.543342
900 2.5381918
1000 2.4067047
1100 2.657125
1200 2.5224726
1300 2.5459306
1400 2.3154697
1500 2.275433
1600 2.381149
1700 2.588462
1800 2.3075376
1900 2.2410343
2000 2.2846744
2100 2.3909774
2200 2.5046337
2300 2.139404
2400 2.1025853
2500 2.561397
2600 2.3386319
2700 2.2314646
2800 2.3719258
2900 2.1641252
3000 2.365729
3100 2.430075
3200 2.3426566
3300 1.9166756
3400 2.3174703
3500 2.353811
3600 2.414502
3700 2.2483203
3800 2.3881993
3900 2.5146267
4000 2.2485774
4100 2.2646837
4200 2.1374032
4300 1.980433
4400 2.232358
4500 2.2935817
4600 1.9490595
4700 2.0920882
4800 1.8096403
4900 2.0131414
5000 1.8669766
5100 2.2785988
5200 2.4642181
5300 2.3203108
5400 2.2025392
5500 1.8547792
5600 2.2584329
5700 2.0464225
5800 2.227736
5900 2.299771
6000 2.3351948
6100 2.2882898
6200 2.309481
6300 2.235795
6400 2.291674
6500 2.1005838
6600 1.910178
6700 2.1899304
6800 2.3195531
6900 2.0143104
7000 2.3352563
7100 2.0691705
7200 2.0994976
7300 2.2958684
7400 2.4086587
7500 2.232153
7600 2.5739229
7700 1.9659317
7800 1.990771
7900 2.221217
8000 2.0207856
8100 2.1203938
8200 2.2336593
8300 2.1184397
8400 1.9894167
8500 2.3391688
8600 1.9592489
8700 2.0972435
8800 2.4391928
8900 2.2727067
9000 2.114871
9100 2.1290965
9200 2.2171683
9300 2.2381334
9400 2.4314172
9500 2.1045368
9600 2.046991
9700 1.9223281
9800 2.0528152
9900 2.3129563
10000 2.2915947
10100 2.0783484
10200 1.8595052
10300 1.8342193
10400 2.1440718
10500 2.4790988
10600 2.2347257
10700 2.245057
10800 1.9116973
10900 2.0398958
11000 2.0141335
11100 2.1149049
11200 2.1270773
11300 2.2891366
11400 2.2583845
11500 2.2877526
11600 2.125669
11700 2.260155
11800 2.33999
11900 2.1241658
12000 2.082582
12100 2.1413786
12200 2.078302
12300 2.043697
12400 2.2389562
12500 2.385583
12600 2.160166
12700 2.0398505
12800 2.1373236
12900 2.3863
13000 2.4285822
13100 2.29647
13200 1.923905
13300 2.4177337
13400 2.1872373
13500 2.1943617
13600 2.103715
13700 2.2792158
13800 2.215627
13900 2.2174237
14000 2.0253153
14100 2.163426
14200 2.4296381
14300 1.9131663
14400 2.213295
14500 2.4351165
14600 2.2853446
14700 2.0674388
14800 2.0698996
14900 2.1871107
15000 2.1240482
15100 2.0968616
15200 1.8023818
15300 2.0004485
15400 2.2645926
15500 2.3071215
15600 2.0874197
15700 2.1002626
15800 2.580031
15900 2.2497196
16000 1.9716104
16100 2.0778942
16200 2.15918
16300 2.6852362
16400 2.1282337
16500 1.995617
16600 2.0709777
16700 2.2948692
16800 2.1061614
16900 2.3140833
17000 2.0241616
17100 1.9885757
17200 2.124291
17300 2.1802151
17400 2.0871036
17500 1.8540368
17600 1.8775084
17700 2.0281172
17800 2.1862545
17900 2.2500346
18000 2.1237993
18100 2.2882855
18200 2.1034803
18300 2.3704574
18400 2.1691751
18500 1.9000202
18600 2.2395363
18700 2.2447925
18800 1.9582386
18900 1.8559902
19000 2.0038128
19100 2.0722249
19200 1.9888752
19300 2.1936445
19400 2.1715183
19500 2.177859
19600 2.13009
19700 2.019291
19800 1.7544202
19900 1.9146161
20000 2.2576115
20100 2.0486887
20200 2.1405604
20300 1.9407176
20400 2.002279
20500 2.0535657
20600 2.1677778
20700 1.8937382
20800 2.0754569
20900 2.1868682
21000 1.9042617
21100 2.126404
21200 2.1456952
21300 2.161322
21400 2.0355911
21500 1.8913586
21600 2.23849
21700 1.8655218
21800 2.0371146
21900 1.9211712
22000 2.1856003
22100 2.0443454
22200 2.0981708
22300 2.106911
22400 2.137202
22500 1.92535
22600 1.9216578
22700 2.1093514
22800 1.8833015
22900 2.2526104
23000 2.465006
23100 1.9612354
23200 2.1336462
23300 2.18619
23400 1.8179711
23500 1.9247638
23600 2.2133267
23700 2.0152955
23800 2.1138873
23900 2.0081253
24000 2.1897702
24100 2.1086104
24200 1.9599953
24300 2.050381
24400 2.3804688
24500 1.7930405
24600 2.0331788
24700 1.9897423
24800 1.9708974
24900 2.162934
25000 2.019158
25100 2.1404328
25200 1.9798334
25300 1.8626916
25400 1.9301802
25500 2.0955725
25600 2.0133817
25700 2.2314358
25800 2.042348
25900 2.2183194
26000 2.2150037
26100 2.1260004
26200 2.0402846
26300 2.0977817
26400 2.1393802
26500 2.060528
26600 2.165804
26700 2.0675867
26800 1.9715493
26900 2.1709402
27000 2.1360083
27100 1.9933568
27200 2.0698152
27300 1.9439198
27400 2.1555784
27500 1.9868834
27600 2.1190777
27700 1.9830925
27800 2.0367393
27900 2.0484595
28000 1.9828663
28100 2.0775115
28200 2.392522
28300 1.924026
28400 2.5096643
28500 2.0406346
28600 2.1647964
28700 2.0283496
28800 2.2783623
28900 2.5168567
29000 1.9652069
29100 2.1380584
29200 1.9447131
29300 2.1564877
29400 1.8279793
29500 2.1933572
29600 2.2562456
29700 1.8371317
29800 2.0460649
29900 1.9842107
30000 2.1761081
30100 1.8975902
30200 2.095271
30300 1.9232099
30400 2.2930632
30500 2.1178267
30600 1.9821678
30700 2.2211938
30800 2.4029522
30900 1.9880575
31000 2.352634
31100 2.0414295
31200 2.2175124
31300 2.2252643
31400 2.1042824
31500 2.0725849
31600 2.1096466
31700 1.9517177
31800 2.1762347
31900 2.0099843
32000 2.235168
32100 2.262416
32200 2.1932712
32300 1.9063237
32400 1.9665118
32500 1.8550564
32600 1.9186505
32700 2.3281288
32800 2.2021189
32900 2.1342816
33000 1.8950276
33100 2.1894333
33200 1.9156771
33300 2.1144493
33400 2.0048316
33500 2.258956
33600 2.159342
33700 2.219736
33800 2.0007188
33900 2.0203965
34000 2.132846
34100 2.0118847
34200 1.9607962
34300 1.9753081
34400 1.9547533
34500 1.984154
34600 2.175231
34700 2.1056874
34800 2.1023834
34900 2.0584793
35000 1.9364846
35100 1.8728387
35200 1.930949
35300 1.9279643
35400 2.0809243
35500 1.8540101
35600 1.8954433
35700 2.0234618
35800 1.9497336
35900 2.3285067
36000 2.0692878
36100 1.8751905
36200 2.0800154
36300 2.0048857
36400 2.173542
36500 1.8360164
36600 2.3008788
36700 1.8970182
36800 1.835534
36900 1.8768165
37000 1.8313785
37100 1.994888
37200 1.6914903
37300 2.0135863
37400 2.0012555
37500 1.9753312
37600 1.9839265
37700 2.1809938
37800 1.7770568
37900 1.9106348
38000 2.1262176
38100 2.3703437
38200 2.1404235
38300 2.0466912
38400 2.0923643
38500 2.272117
38600 2.3388798
38700 2.2145512
38800 2.368356
38900 2.2682254
39000 2.1666162
39100 1.8639299
39200 2.2057648
39300 2.2691524
39400 2.1747522
39500 2.1813598
39600 2.1177344
39700 1.829278
39800 2.089053
39900 2.1976511
40000 2.035405
40100 2.3782737
40200 2.0601647
40300 2.176411
40400 2.0816877
40500 1.9157822
40600 2.10621
40700 1.9035592
40800 2.3807168
40900 2.0595772
41000 2.1470873
41100 1.9290276
41200 2.00761
41300 2.2469823
41400 1.9228446
41500 2.2048073
41600 2.2585053
41700 2.3690755
41800 2.1417105
41900 2.1538694
42000 2.1041214
42100 2.0102475
42200 1.9841391
42300 2.0832024
42400 1.9598017
42500 2.2211525
42600 1.8440566
42700 2.121645
42800 2.022837
42900 2.0657728
43000 1.8732873
43100 2.1472194
43200 2.1918094
43300 2.1623683
43400 1.9197683
43500 2.1533039
43600 2.0046687
43700 2.147217
43800 1.7637032
43900 1.6425029
44000 1.9624416
44100 2.220233
44200 2.0474548
44300 2.1801748
44400 1.8613005
44500 1.741552
44600 1.8537016
44700 2.142391
44800 2.0803423
44900 1.9672914
45000 1.9972624
45100 2.1199229
45200 2.172933
45300 1.9596487
45400 2.3281586
45500 2.0333085
45600 2.1126406
45700 1.9571643
45800 1.9668288
45900 2.0860472
46000 2.1724515
46100 2.423945
46200 1.9038935
46300 1.828055
46400 2.3414783
46500 2.0047286
46600 2.0780425
46700 2.259793
46800 1.9663227
