0 3.2806604
100 2.2126336
200 1.9989886
300 1.7778347
400 1.7866656
500 1.642523
600 1.6395978
700 1.8023292
800 1.7629104
900 1.7593405
1000 1.6682005
1100 1.8417788
1200 1.7484448
1300 1.7647047
1400 1.6049614
1500 1.57721
1600 1.6504867
1700 1.7941853
1800 1.5994632
1900 1.5533667
2000 1.5836157
2100 1.6572993
2200 1.7360797
2300 1.482922
2400 1.4574012
2500 1.7754252
2600 1.6210161
2700 1.5467335
2800 1.6440936
2900 1.5000572
3000 1.6397984
3100 1.6843996
3200 1.6238058
3300 1.3285383
3400 1.606348
3500 1.6315376
3600 1.6736052
3700 1.5584168
3800 1.6553737
3900 1.7430065
4000 1.5585951
4100 1.5697591
4200 1.4815351
4300 1.3727316
4400 1.5473527
4500 1.5897897
4600 1.350985
4700 1.4501251
4800 1.2543471
4900 1.3954033
5000 1.2940896
5100 1.5794044
5200 1.7080659
5300 1.6083169
5400 1.5266839
5500 1.285635
5600 1.5654263
5700 1.418472
5800 1.5441489
5900 1.5940799
6000 1.6186337
6100 1.5861216
6200 1.6008102
6300 1.5497351
6400 1.5884674
6500 1.4560138
6600 1.3240345
6700 1.5179441
6800 1.6077917
6900 1.3962135
7000 1.6186764
7100 1.4342396
7200 1.4552609
7300 1.5913746
7400 1.6695551
7500 1.5472105
7600 1.7841074
7700 1.36268
7800 1.3798974
7900 1.5396303
8000 1.4007018
8100 1.4697449
8200 1.5482546
8300 1.4683905
8400 1.3789586
8500 1.6213882
8600 1.3580478
8700 1.4536984
8800 1.6907196
8900 1.5753202
9000 1.4659169
9100 1.4757773
9200 1.536824
9300 1.551356
9400 1.68533
9500 1.4587537
9600 1.418866
9700 1.3324564
9800 1.4229031
9900 1.6032192
10000 1.5884124
10100 1.4406013
10200 1.2889107
10300 1.271384
10400 1.4861574
10500 1.7183803
10600 1.5489938
10700 1.556155
10800 1.3250875
10900 1.413948
11000 1.3960909
11100 1.4659404
11200 1.4743776
11300 1.5867085
11400 1.5653929
11500 1.5857493
11600 1.4734014
11700 1.5666201
11800 1.6219574
11900 1.4723595
12000 1.4435358
12100 1.4842906
12200 1.440569
12300 1.4165828
12400 1.5519261
12500 1.65356
12600 1.497313
12700 1.4139166
12800 1.4814799
12900 1.6540573
13000 1.6833649
13100 1.5917916
13200 1.3335494
13300 1.6758453
13400 1.5160774
13500 1.5210156
13600 1.458184
13700 1.579832
13800 1.5357556
13900 1.537001
14000 1.4038416
14100 1.4995725
14200 1.6840968
14300 1.3261058
14400 1.5341392
14500 1.6878941
14600 1.5840801
14700 1.4330394
14800 1.4347451
14900 1.5159897
15000 1.472278
15100 1.4534338
15200 1.2493159
15300 1.3866051
15400 1.5696961
15500 1.5991747
15600 1.4468892
15700 1.4557911
15800 1.7883412
15900 1.5593868
16000 1.3666162
16100 1.4402865
16200 1.4966295
16300 1.8612639
16400 1.4751792
16500 1.3832563
16600 1.4354924
16700 1.5906821
16800 1.4598798
16900 1.6040003
17000 1.403042
17100 1.3783756
17200 1.4724462
17300 1.51121
17400 1.44667
17500 1.2851204
17600 1.3013897
17700 1.4057838
17800 1.5153961
17900 1.5596051
18000 1.4721055
18100 1.5861187
18200 1.4580215
18300 1.6430758
18400 1.5035577
18500 1.3169937
18600 1.5523282
18700 1.5559715
18800 1.3573476
18900 1.2864743
19000 1.3889371
19100 1.4363568
19200 1.3785832
19300 1.5205185
19400 1.5051818
19500 1.5095769
19600 1.476466
19700 1.3996658
19800 1.2160714
19900 1.3271108
20000 1.564857
20100 1.4200428
20200 1.4837234
20300 1.3452029
20400 1.3878741
20500 1.4234233
20600 1.502589
20700 1.3126392
20800 1.4385971
20900 1.5158216
21000 1.3199337
21100 1.4739109
21200 1.4872825
21300 1.4981143
21400 1.4109643
21500 1.3109899
21600 1.5516031
21700 1.2930812
21800 1.4120203
21900 1.3316544
22000 1.5149426
22100 1.4170322
22200 1.4543412
22300 1.4603994
22400 1.4813955
22500 1.3345509
22600 1.3319917
22700 1.462091
22800 1.3054051
22900 1.5613906
23000 1.7086121
23100 1.3594248
23200 1.4789308
23300 1.5153514
23400 1.2601216
23500 1.3341446
23600 1.5341612
23700 1.3968964
23800 1.4652351
23900 1.3919264
24000 1.517833
24100 1.4615774
24200 1.3585652
24300 1.4212158
24400 1.6500152
24500 1.242841
24600 1.4092922
24700 1.3791842
24800 1.366122
24900 1.4992317
25000 1.3995736
25100 1.4836351
25200 1.3723159
25300 1.2911195
25400 1.337899
25500 1.4525402
25600 1.3955699
25700 1.5467134
25800 1.4156477
25900 1.5376219
26000 1.5353236
26100 1.4736311
26200 1.4142176
26300 1.4540714
26400 1.4829054
26500 1.4282492
26600 1.5012208
26700 1.433142
26800 1.3665738
26900 1.5047811
27000 1.4805682
27100 1.3816897
27200 1.4346865
27300 1.3474225
27400 1.494133
27500 1.3772026
27600 1.4688327
27700 1.374575
27800 1.4117601
27900 1.419884
28000 1.3744181
28100 1.4400213
28200 1.65837
28300 1.3336332
28400 1.7395668
28500 1.4144602
28600 1.5005225
28700 1.4059448
28800 1.5792404
28900 1.7445521
29000 1.3621776
29100 1.4819891
29200 1.3479724
29300 1.4947634
29400 1.2670587
29500 1.5203195
29600 1.5639102
29700 1.2734027
29800 1.4182241
29900 1.3753501
30000 1.5083632
30100 1.3153093
30200 1.4523313
30300 1.3330675
30400 1.5894303
30500 1.4679656
30600 1.373934
30700 1.5396142
30800 1.6655995
30900 1.3780165
31000 1.6307216
31100 1.4150112
31200 1.5370624
31300 1.5424356
31400 1.4585774
31500 1.4366063
31600 1.4622955
31700 1.3528277
31800 1.508451
31900 1.393215
32000 1.5493003
32100 1.5681871
32200 1.5202597
32300 1.3213629
32400 1.3630822
32500 1.2858272
32600 1.3299072
32700 1.6137359
32800 1.5263925
32900 1.4793713
33000 1.3135331
33100 1.5175996
33200 1.3278462
33300 1.4656246
33400 1.3896433
33500 1.565789
33600 1.4967419
33700 1.5386038
33800 1.3867925
33900 1.4004321
34000 1.4783763
34100 1.3945322
34200 1.3591204
34300 1.3691792
34400 1.3549317
34500 1.3753108
34600 1.5077553
34700 1.4595513
34800 1.4572611
34900 1.4268291
35000 1.3422688
35100 1.2981529
35200 1.3384318
35300 1.3363631
35400 1.4423867
35500 1.2851019
35600 1.3138212
35700 1.4025568
35800 1.3514524
35900 1.6139978
36000 1.434321
36100 1.299783
36200 1.4417568
36300 1.3896809
36400 1.5065845
36500 1.2726296
36600 1.5948476
36700 1.3149128
36800 1.2722952
36900 1.3009101
37000 1.2694148
37100 1.382751
37200 1.1724517
37300 1.3957117
37400 1.3871646
37500 1.3691952
37600 1.3751531
37700 1.5117496
37800 1.2317619
37900 1.3243511
38000 1.4737817
38100 1.642997
38200 1.4836285
38300 1.4186583
38400 1.4503164
38500 1.5749115
38600 1.6211879
38700 1.5350099
38800 1.6416192
38900 1.572214
39000 1.5017838
39100 1.2919778
39200 1.5289196
39300 1.5728567
39400 1.5074234
39500 1.5120034
39600 1.4679017
39700 1.2679589
39800 1.4480212
39900 1.5232958
40000 1.4108353
40100 1.6484938
40200 1.4279974
40300 1.5085732
40400 1.442916
40500 1.327919
40600 1.4599135
40700 1.3194467
40800 1.6501871
40900 1.4275901
41000 1.4882475
41100 1.3371
41200 1.3915693
41300 1.5574895
41400 1.3328143
41500 1.5282559
41600 1.5654767
41700 1.6421181
41800 1.4845206
41900 1.4929485
42000 1.4584658
42100 1.3933973
42200 1.3753004
42300 1.4439659
42400 1.358431
42500 1.5395856
42600 1.2782027
42700 1.4706122
42800 1.4021237
42900 1.4318845
43000 1.2984638
43100 1.4883391
43200 1.5192466
43300 1.4988395
43400 1.330682
43500 1.4925565
43600 1.3895305
43700 1.4883375
43800 1.2225059
43900 1.1384963
44000 1.3602608
44100 1.5389482
44200 1.4191875
44300 1.5111821
44400 1.2901552
44500 1.2071519
44600 1.284888
44700 1.4849923
44800 1.4419833
44900 1.3636224
45000 1.3843968
45100 1.4694186
45200 1.5061624
45300 1.358325
45400 1.6137565
45500 1.4093821
45600 1.4643708
45700 1.3566029
45800 1.3633019
45900 1.4459378
46000 1.5058286
46100 1.6801506
46200 1.3196784
46300 1.2671112
46400 1.6229892
46500 1.3895719
46600 1.4403893
46700 1.5663692
46800 1.362951
