0 26.399794
100 10.7486925
200 8.936126
300 8.09149
400 8.153267
500 7.3762503
600 7.32277
700 7.3777075
800 7.7795253
900 7.6693077
1000 6.7791557
1100 7.68879
1200 7.5610156
1300 7.0076027
1400 7.0879965
1500 7.1120644
1600 7.0361633
1700 7.3243394
1800 6.9483833
1900 6.489579
2000 6.7188764
2100 6.821685
2200 6.821661
2300 6.1464353
2400 6.239509
2500 7.2624226
2600 6.269311
2700 6.754977
2800 6.418422
2900 6.3091617
3000 6.5963087
3100 6.7797017
3200 6.2839904
3300 6.0127926
3400 6.617465
3500 6.7330317
3600 6.099535
3700 6.4469786
3800 6.9126
3900 6.314156
4000 6.7022805
4100 6.6781907
4200 6.405258
4300 6.1123476
4400 6.7552996
4500 6.387966
4600 5.675162
4700 5.9957614
4800 5.937665
4900 6.1230893
5000 6.156231
5100 6.3886204
5200 6.651716
5300 6.553088
5400 5.8737836
5500 5.9039164
5600 6.330324
5700 6.4346523
5800 5.8383503
5900 5.8162823
6000 6.8291583
6100 6.379799
6200 6.5301113
6300 6.1797423
6400 6.5635376
6500 6.152484
6600 5.7939596
6700 6.7958107
6800 6.6891484
6900 6.3277893
7000 6.3558025
7100 6.3475485
7200 6.454169
7300 6.011612
7400 6.3422537
7500 6.1961455
7600 6.7037144
7700 6.250769
7800 6.0221653
7900 5.9929442
8000 6.0312123
8100 6.087243
8200 6.0036883
8300 6.220631
8400 5.8377876
8500 6.431074
8600 6.353653
8700 6.365695
8800 6.474848
8900 6.2437534
9000 6.175801
9100 6.0052843
9200 6.2436876
9300 6.5299187
9400 6.419323
9500 6.1412177
9600 5.9760375
9700 6.0595994
9800 5.8511033
9900 6.441822
10000 6.5201087
10100 6.2446203
10200 6.164655
10300 5.7685475
10400 6.1630425
10500 6.41692
10600 6.666033
10700 6.664192
10800 5.741774
10900 6.333372
11000 6.033641
11100 6.5932064
11200 6.441873
11300 6.6127005
11400 6.4228745
11500 6.41685
11600 6.196072
11700 6.367818
11800 6.380186
11900 6.1118135
12000 6.198267
12100 6.215265
12200 5.7062125
12300 6.2371025
12400 6.19063
12500 6.678125
12600 5.7812862
12700 5.7066383
12800 6.0610085
12900 6.222401
13000 6.773731
13100 6.2953734
13200 5.939838
13300 6.6062236
13400 6.128463
13500 6.410236
13600 6.1448517
13700 6.1568985
13800 6.387666
13900 6.1024766
14000 5.877993
14100 6.103401
14200 6.698021
14300 6.2674885
14400 5.567951
14500 6.5740576
14600 6.3757734
14700 5.8325973
14800 6.1832714
14900 6.239015
15000 6.339797
15100 5.486266
15200 5.90201
15300 5.8958583
15400 6.723428
15500 6.559125
15600 6.177166
15700 6.3607683
15800 6.6179667
15900 6.543185
16000 5.887145
16100 5.9465694
16200 6.310119
16300 7.516247
16400 6.1651263
16500 6.4112344
16600 5.9657145
16700 6.33368
16800 6.442772
16900 6.897567
17000 6.0811357
17100 6.283346
17200 5.9781013
17300 6.6083
17400 6.4712267
17500 5.915933
17600 5.820959
17700 6.1358223
17800 6.355671
17900 5.897035
18000 5.883191
18100 6.429308
18200 6.046537
18300 6.36003
18400 6.1432614
18500 5.929317
18600 6.317399
18700 6.099875
18800 6.000222
18900 5.850122
19000 5.9445105
19100 6.3528676
19200 6.3245425
19300 6.206416
19400 6.5660787
19500 6.4471703
19600 5.4943027
19700 6.349679
19800 5.7034526
19900 6.304693
20000 6.6010666
20100 6.4249372
20200 6.3368063
20300 6.0841136
20400 6.0187593
20500 6.2180347
20600 6.242677
20700 6.270457
20800 6.0907435
20900 6.5223684
21000 6.1785207
21100 5.99949
21200 6.3649335
21300 6.326706
21400 6.2879963
21500 6.029586
21600 6.645673
21700 5.661431
21800 6.1528687
21900 5.986127
22000 6.5101433
22100 6.374415
22200 6.277952
22300 6.0791836
22400 6.3489246
22500 5.976564
22600 5.9176555
22700 6.220564
22800 5.946903
22900 6.4480495
23000 6.351634
23100 6.083343
23200 6.566515
23300 6.069656
23400 5.504136
23500 5.947856
23600 6.6291723
23700 6.1539783
23800 6.0462112
23900 6.222547
24000 6.2675686
24100 6.404432
24200 6.331706
24300 6.4571404
24400 6.0376167
24500 6.1135287
24600 6.1191425
24700 6.229701
24800 6.340417
24900 6.2680187
25000 5.849624
25100 6.480176
25200 5.603102
25300 5.655263
25400 5.8203974
25500 6.3799677
25600 6.0867987
25700 6.218312
25800 6.446007
25900 6.489053
26000 6.2359924
26100 6.1594477
26200 5.859191
26300 6.017149
26400 6.286527
26500 5.9907494
26600 6.147285
26700 6.1868086
26800 6.220573
26900 6.1234336
27000 6.2617245
27100 6.041598
27200 5.948742
27300 6.283363
27400 6.471706
27500 6.0472775
27600 6.4793773
27700 6.1022806
27800 5.79809
27900 6.009491
28000 6.273699
28100 6.5356894
28200 6.6770544
28300 6.0628433
28400 7.085335
28500 6.2397017
28600 6.451232
28700 6.1727448
28800 6.740972
28900 6.891525
29000 6.1622605
29100 6.227182
29200 6.5213656
29300 6.3619175
29400 5.9877267
29500 6.1653957
29600 6.034232
29700 6.081703
29800 6.220999
29900 6.3321543
30000 6.6811686
30100 5.9823513
30200 6.0852942
30300 6.058593
30400 6.385182
30500 6.235934
30600 6.3725586
30700 6.4483023
30800 6.5389137
30900 5.9490347
31000 6.27915
31100 6.0890117
31200 6.560729
31300 6.745448
31400 6.1718187
31500 6.2798767
31600 6.1000586
31700 5.80921
31800 6.0154057
31900 6.5887465
32000 6.341918
32100 6.073462
32200 6.12702
32300 5.765568
32400 6.1651115
32500 5.6179285
32600 6.168854
32700 6.559335
32800 6.339098
32900 6.182262
33000 5.9343457
33100 6.614871
33200 5.804209
33300 5.971837
33400 6.3466907
33500 6.269665
33600 6.269599
33700 6.5374093
33800 5.8578644
33900 5.7611766
34000 6.024215
34100 6.133177
34200 5.843318
34300 6.06504
34400 5.7873154
34500 5.993572
34600 6.3732095
34700 6.2066255
34800 6.2652698
34900 6.33304
35000 6.00076
35100 5.8384585
35200 6.1151743
35300 5.927609
35400 6.1251774
35500 5.773855
35600 6.0417333
35700 5.5517735
35800 6.2765446
35900 5.7182155
36000 5.984531
36100 6.112165
36200 6.116951
36300 6.1503487
36400 6.6435757
36500 6.0013986
36600 6.6364174
36700 5.7170324
36800 5.693432
36900 6.0117865
37000 5.973177
37100 6.116421
37200 5.6085653
37300 6.2609663
37400 5.8656554
37500 6.242176
37600 6.2571373
37700 5.9996676
37800 5.6597476
37900 5.8823304
38000 5.96716
38100 6.0255437
38200 6.0608053
38300 6.078699
38400 6.128849
38500 6.4758577
38600 6.2098784
38700 6.2891164
38800 6.241799
38900 6.4310546
39000 5.975685
39100 5.6834846
39200 6.2984076
39300 6.2460294
39400 6.109602
39500 5.7867656
39600 6.401919
39700 6.0198727
39800 6.0475245
39900 6.3757067
40000 5.980178
40100 5.979778
40200 5.902232
40300 6.3571863
40400 6.4976163
40500 6.213686
40600 6.459606
40700 6.120216
40800 6.2507644
40900 6.093177
41000 6.2985687
41100 5.8338957
41200 6.041781
41300 6.0534477
41400 6.196222
41500 6.8251677
41600 6.4170656
41700 6.5748396
41800 6.4183083
41900 6.374013
42000 6.309151
42100 5.7712235
42200 5.9258385
42300 6.0845513
42400 6.2084584
42500 6.5465484
42600 5.771221
42700 6.177722
42800 6.0481033
42900 5.843383
43000 5.819947
43100 6.0173426
43200 6.1234546
43300 6.4095902
43400 6.119731
43500 6.2318554
43600 6.264764
43700 5.9107275
43800 5.418758
43900 5.556619
44000 6.099387
44100 6.2873993
44200 6.153183
44300 6.676962
44400 5.957618
44500 5.883812
44600 5.8596673
44700 6.185317
44800 6.128261
44900 5.909862
45000 6.285247
45100 6.2874556
45200 6.128643
45300 5.9637833
45400 6.5073175
45500 6.0949254
45600 6.4722896
45700 6.0565696
45800 5.85416
45900 6.0934367
46000 6.209017
46100 6.2710533
46200 5.904774
46300 6.0556703
46400 6.3039913
46500 6.200278
46600 6.2764716
46700 6.4451976
46800 6.01461
