0 7.2279615
100 0.28387377
200 0.82739544
300 0.41493046
400 0.56713754
500 0.30929515
600 0.26350224
700 0.28723183
800 0.0385208
900 0.1852722
1000 0.09037796
1100 0.019060912
1200 0.011377692
1300 0.09500084
1400 0.115088835
1500 0.0228954
1600 0.20110929
1700 0.36140525
1800 0.081236415
1900 0.12469158
2000 0.035236623
2100 0.026849492
2200 0.18748845
2300 0.28302386
2400 0.12951244
2500 0.031652763
2600 0.33337757
2700 0.027158469
2800 0.0570393
2900 0.12553485
3000 0.0618372
3100 0.0048229555
3200 0.24219207
3300 0.37888318
3400 0.021864578
3500 0.03693236
3600 0.05660886
3700 0.06258592
3800 0.1800926
3900 0.008678508
4000 0.085586056
4100 0.013354821
4200 0.022631148
4300 0.034791786
4400 0.18830037
4500 0.15750161
4600 0.01318686
4700 0.16168809
4800 0.020482771
4900 0.02439883
5000 0.10184725
5100 0.13894255
5200 0.01359066
5300 0.011459688
5400 0.012023183
5500 0.043412432
5600 0.054621175
5700 0.0143673755
5800 0.022035964
5900 0.05451194
6000 0.017020373
6100 0.013883646
6200 0.0057335515
6300 0.033227984
6400 0.014320225
6500 0.026936
6600 0.05852067
6700 0.047897905
6800 0.34604716
6900 0.01163643
7000 0.029094523
7100 0.058624353
7200 0.0017165281
7300 0.0115633
7400 0.0011792207
7500 0.0061772135
7600 0.0038182063
7700 0.012087126
7800 0.0027483182
7900 0.008243378
8000 0.002392917
8100 0.010112626
8200 0.0333375
8300 0.0074192923
8400 0.13143793
8500 0.011420293
8600 0.0044067055
8700 0.007846095
8800 0.0033907492
8900 0.00854755
9000 0.008251968
9100 0.0034910429
9200 0.005684353
9300 0.0028423415
9400 0.020449372
9500 0.014122606
9600 0.25908896
9700 0.018962493
9800 0.019281538
9900 0.0023311174
10000 0.010581042
10100 0.042248834
10200 0.0044820877
10300 0.05375356
10400 0.004858278
10500 0.015817447
10600 0.0032461106
10700 0.0022817352
10800 0.0031277672
10900 0.006611879
11000 0.015059188
11100 0.0073238807
11200 0.121215306
11300 0.0029244695
11400 0.0019188453
11500 0.0008402444
11600 0.012824028
11700 0.003520742
11800 0.003983711
11900 0.0034224712
12000 0.005009315
12100 0.0035562706
12200 0.005235563
12300 0.005237138
12400 0.005518569
12500 0.0011684375
12600 0.0009731361
12700 0.0023631034
12800 0.00040789432
12900 0.017144399
13000 0.00011902553
13100 0.0014081728
13200 0.00515407
13300 0.0032134817
13400 0.005217048
13500 0.0048287124
13600 0.0009335314
13700 0.0050812317
13800 0.0011019516
13900 0.0020982707
14000 0.0032033578
14100 0.0005940077
14200 0.0035742822
14300 0.0008883016
14400 0.0108319
14500 0.0017676749
14600 0.0019151316
14700 0.000753718
14800 0.0012919535
14900 0.0013131633
15000 0.0005975759
15100 0.0018177206
15200 0.0012150434
15300 0.0056953547
