0 5.010041
100 0.1967663
200 0.57350683
300 0.28760788
400 0.3931098
500 0.21438706
600 0.18264583
700 0.19909394
800 0.026700586
900 0.1284209
1000 0.06264523
1100 0.013212018
1200 0.007886415
1300 0.065849565
1400 0.0797735
1500 0.015869882
1600 0.13939834
1700 0.25050703
1800 0.05630879
1900 0.08642962
2000 0.024424165
2100 0.018610649
2200 0.1299571
2300 0.1961772
2400 0.08977119
2500 0.021940025
2600 0.23107973
2700 0.018824816
2800 0.039536633
2900 0.087014124
3000 0.04286228
3100 0.003343018
3200 0.16787475
3300 0.26262182
3400 0.01515537
3500 0.025599562
3600 0.03923827
3700 0.043381255
3800 0.12483068
3900 0.0060154833
4000 0.059323736
4100 0.0092568565
4200 0.015686717
4300 0.024115829
4400 0.13051987
4500 0.10917179
4600 0.009140435
4700 0.112073645
4800 0.014197575
4900 0.01691198
5000 0.07059513
5100 0.09630764
5200 0.009420328
5300 0.00794325
5400 0.008333835
5500 0.030091206
5600 0.037860513
5700 0.009958706
5800 0.015274166
5900 0.037784796
6000 0.011797623
6100 0.00962341
6200 0.003974195
6300 0.023031883
6400 0.009926024
6500 0.018670613
6600 0.040563438
6700 0.033200298
6800 0.23986162
6900 0.008065759
7000 0.020166786
7100 0.040635306
7200 0.0011898066
7300 0.008015069
7400 0.0008173735
7500 0.0042817183
7600 0.002646579
7700 0.008378157
7800 0.001904989
7900 0.0057138745
8000 0.0016586436
8100 0.007009538
8200 0.023107793
8300 0.0051426617
8400 0.09110583
8500 0.007915944
8600 0.0030544954
8700 0.005438498
8800 0.0023502882
8900 0.00592471
9000 0.0057198284
9100 0.0024198066
9200 0.0039400933
9300 0.001970161
9400 0.014174424
9500 0.009789045
9600 0.17958678
9700 0.013143798
9800 0.013364944
9900 0.0016158075
10000 0.0073342193
10100 0.02928466
10200 0.0031067464
10300 0.037259128
10400 0.003367502
10500 0.010963819
10600 0.0022500325
10700 0.0015815783
10800 0.002168003
10900 0.0045830053
11000 0.010438234
11100 0.005076527
11200 0.08402005
11300 0.0020270878
11400 0.0013300423
11500 0.00058241305
11600 0.008888938
11700 0.0024403925
11800 0.0027612979
11900 0.0023722763
12000 0.0034721924
12100 0.002465019
12200 0.0036290158
12300 0.0036301073
12400 0.0038251807
12500 0.0008098992
12600 0.00067452656
12700 0.0016379785
12800 0.0002827308
12900 0.011883591
13000 8.250221e-05
13100 0.000976071
13200 0.003572529
13300 0.0022274158
13400 0.003616182
13500 0.0033470085
13600 0.00064707466
13700 0.0035220415
13800 0.00076381466
13900 0.0014544105
14000 0.0022203985
14100 0.0004117348
14200 0.0024775036
14300 0.0006157237
14400 0.007508101
14500 0.0012252589
14600 0.0013274681
14700 0.0005224375
14800 0.0008955139
14900 0.0009102155
15000 0.00041420807
15100 0.0012599479
15200 0.00084220385
15300 0.003947719
