0 2.790185
100 1.8244745
200 1.497659
300 1.495544
400 1.3622646
500 1.2560692
600 1.1544781
700 1.1717632
800 1.1111724
900 1.2351109
1000 1.2224805
1100 1.0730243
1200 1.0457735
1300 1.1167719
1400 1.233849
1500 1.0738277
1600 1.3892903
1700 1.3211181
1800 1.2378451
1900 1.1786995
2000 1.1052363
2100 1.0780632
2200 1.2007967
2300 1.1616433
2400 1.0871866
2500 1.0978974
2600 1.1130162
2700 1.0979373
2800 1.1394794
2900 1.2398407
3000 1.1984288
3100 1.0234692
3200 1.2592194
3300 1.1429294
3400 1.0744008
3500 1.0931461
3600 1.1001524
3700 1.0694846
3800 1.1439636
3900 1.0336198
4000 1.0793931
4100 1.0385361
4200 1.073677
4300 1.1047912
4400 1.1468657
4500 1.0923966
4600 1.0438278
4700 1.1574693
4800 1.0770713
4900 1.0772817
5000 1.0544882
5100 1.1348927
5200 1.0354357
5300 1.0410202
5400 1.0397679
5500 1.0756112
5600 1.0621331
5700 1.0543299
5800 1.0455041
5900 1.0736586
6000 1.0524292
6100 1.0481187
6200 1.0234573
6300 1.0539712
6400 1.0489789
6500 1.0647812
6600 1.1440294
6700 1.0848502
6800 1.0647137
6900 1.0307167
7000 1.0551001
7100 1.0335715
7200 1.0083439
7300 1.0331235
7400 1.005938
7500 1.0232375
7600 1.0167451
7700 1.041513
7800 1.0112401
7900 1.027909
8000 1.0103226
8100 1.0331656
8200 1.047221
8300 1.0259525
8400 1.015505
8500 1.0344679
8600 1.0166334
8700 1.0276749
8800 1.012265
8900 1.0258739
9000 1.0288854
9100 1.0133494
9200 1.0240445
9300 1.0123293
9400 1.0631891
9500 1.0383261
9600 1.0046549
9700 1.0383755
9800 1.0464671
9900 1.0103093
10000 1.0322312
10100 1.1341435
10200 1.0175538
10300 1.0611169
10400 1.0175672
10500 1.0423944
10600 1.011744
10700 1.0100726
10800 1.0116214
10900 1.0221412
11000 1.0348777
11100 1.0261662
11200 1.0156775
11300 1.0109321
11400 1.0089273
11500 1.0039802
11600 1.0370215
11700 1.0146732
11800 1.0131354
11900 1.0124793
12000 1.020662
12100 1.0146284
12200 1.0201979
12300 1.0192833
12400 1.0222023
12500 1.0060251
12600 1.0045667
12700 1.0101775
12800 1.0023432
12900 1.0311317
13000 1.0007532
13100 1.006314
13200 1.0183332
13300 1.0135804
13400 1.0185988
13500 1.0159894
13600 1.0046151
13700 1.0195268
13800 1.0048363
13900 1.0093843
14000 1.0123844
14100 1.0031741
14200 1.013227
14300 1.00466
14400 1.0227306
14500 1.0076188
14600 1.0072284
14700 1.0039341
14800 1.0052166
14900 1.0061156
15000 1.0028267
15100 1.0076803
15200 1.0056609
15300 1.0222936
