0 6.52138
100 0.864557
200 0.17494759
300 0.08324336
400 0.079086445
500 0.09588019
600 0.33872306
700 0.099202536
800 0.15917058
900 0.5116127
1000 0.5050247
1100 0.27829197
1200 0.02390917
1300 0.15578754
1400 0.17604397
1500 0.19297642
1600 0.20530401
1700 0.25553298
1800 0.1972103
1900 0.028873134
2000 0.032025993
2100 0.1437644
2200 0.013952716
2300 0.058235858
2400 0.14887811
2500 0.052262485
2600 0.4616206
2700 0.07470146
2800 0.13448513
2900 0.013594562
3000 0.20469384
3100 0.20191193
3200 0.011435364
3300 0.24934371
3400 0.045076907
3500 0.028065577
3600 0.037326824
3700 0.015293284
3800 0.018635467
3900 0.010856613
4000 0.10842889
4100 0.043973405
4200 0.006598991
4300 0.07524634
4400 0.03920603
4500 0.03424306
4600 0.31858787
4700 0.066554576
4800 0.06388005
4900 0.048513155
5000 0.016521746
5100 0.18373533
5200 0.010737977
5300 0.047275472
5400 0.0012440812
5500 0.011097435
5600 0.010786849
5700 0.033009235
5800 0.05036682
5900 0.009145385
6000 0.035312574
6100 0.0155108655
6200 0.050228592
6300 0.05140087
6400 0.026227176
6500 0.005277632
6600 0.3150066
6700 0.07661192
6800 0.12053785
6900 0.01568892
7000 0.011234449
7100 0.0045586578
7200 0.022303596
7300 0.0046271966
7400 0.0027574573
7500 0.009961695
7600 0.15923172
7700 0.0011286407
7800 0.36008644
7900 0.026284998
8000 0.017636083
8100 0.010086092
8200 0.072157614
8300 0.003111275
8400 0.017964222
8500 0.029925097
8600 0.024698993
8700 0.1361931
8800 0.0041818204
8900 0.0029255052
9000 0.014993219
9100 0.002178797
9200 0.0011979772
9300 0.0033253003
9400 0.0019128993
9500 0.0141929975
9600 0.01620453
9700 0.0130071845
9800 0.001865255
9900 0.003983994
10000 0.011068841
10100 0.018758353
10200 0.008676817
10300 0.03185855
10400 0.00350906
10500 0.002337584
10600 0.0013247008
10700 0.009920306
10800 0.0044774585
10900 0.0008241069
11000 0.010633389
11100 0.008010846
11200 0.0001738589
11300 0.0017778643
11400 0.0013413138
11500 0.014677514
11600 0.0056330487
11700 0.0026292
11800 0.00071600394
11900 0.0034461645
12000 0.0028224993
12100 0.0035752023
12200 0.0006024479
12300 0.001415477
12400 0.012836123
12500 0.0015407093
12600 0.0012388743
12700 0.0035128773
12800 0.00046526417
12900 0.004800765
13000 0.010969843
13100 0.011028921
13200 0.0008884634
13300 0.0012194704
13400 0.00040052665
13500 0.0021118247
13600 0.007071396
13700 0.0028566301
13800 0.0067875558
13900 0.001284559
14000 0.0037668822
14100 0.0023205888
14200 0.0068509197
14300 0.0036993735
14400 0.0043935655
14500 0.0002658893
14600 0.002723797
14700 0.0014994546
14800 0.0022983453
14900 0.0032305957
15000 0.0005901189
15100 0.0019293604
15200 0.0023759531
15300 0.0038371908
15400 0.00058320106
15500 0.00076538965
15600 0.0019682907
15700 0.0031970127
15800 0.0024754507
15900 0.005196324
16000 0.0014750933
16100 0.001856804
16200 0.0018784305
16300 0.0015827572
16400 0.00027844554
16500 0.0010701957
16600 0.0014844185
16700 0.0016487301
16800 0.000756572
16900 0.0012095057
17000 0.0007583731
17100 0.0025805312
17200 0.0068613067
17300 0.0040804134
17400 0.0018770777
17500 0.0006448375
17600 0.00027325525
17700 0.0042207637
17800 0.0049596387
17900 0.00923415
18000 0.0012361218
18100 0.012313314
18200 0.003584185
18300 0.0060507236
18400 0.0006081073
