0 4.520276
100 0.5992653
200 0.12126443
300 0.057699904
400 0.05481855
500 0.06645908
600 0.23478495
700 0.06876196
800 0.110328645
900 0.3546229
1000 0.35005644
1100 0.19289729
1200 0.016572574
1300 0.10798369
1400 0.12202439
1500 0.13376106
1600 0.1423059
1700 0.17712197
1800 0.13669576
1900 0.020013332
2000 0.022198725
2100 0.09964989
2200 0.009671286
2300 0.04036602
2400 0.103194445
2500 0.036225595
2600 0.31997102
2700 0.051779106
2800 0.093217984
2900 0.009423032
3000 0.14188296
3100 0.13995469
3200 0.0079263905
3300 0.1728319
3400 0.03124493
3500 0.019453576
3600 0.025872983
3700 0.010600497
3800 0.012917122
3900 0.0075252303
4000 0.07515718
4100 0.030480042
4200 0.004574072
4300 0.052156787
4400 0.02717555
4500 0.02373548
4600 0.22082828
4700 0.046132118
4800 0.044278275
4900 0.033626758
5000 0.0114520015
5100 0.12735562
5200 0.0074429982
5300 0.03276886
5400 0.00086233136
5500 0.0076921554
5600 0.007476874
5700 0.022880258
5800 0.034911618
5900 0.0063390974
6000 0.024476811
6100 0.010751313
6200 0.034815807
6300 0.035628367
6400 0.018179294
6500 0.0036581757
6600 0.21834594
6700 0.053103335
6800 0.08355047
6900 0.0108747315
7000 0.007787127
7100 0.0031598208
7200 0.015459675
7300 0.0032073283
7400 0.0019113238
7500 0.006904921
7600 0.11037102
7700 0.00078231416
7800 0.2495929
7900 0.018219372
8000 0.012224401
8100 0.006991146
8200 0.050015848
8300 0.0021565715
8400 0.01245185
8500 0.020742496
8600 0.017120037
8700 0.09440186
8800 0.0028986172
8900 0.0020278057
9000 0.010392508
9100 0.0015102271
9200 0.00083037454
9300 0.0023049226
9400 0.0013259208
9500 0.009837836
9600 0.011232125
9700 0.009015894
9800 0.0012928962
9900 0.0027614944
10000 0.007672336
10100 0.0130023
10200 0.0060143108
10300 0.022082664
10400 0.0024322951
10500 0.0016202898
10600 0.0009182126
10700 0.0068762316
10800 0.0031035377
10900 0.0005712274
11000 0.007370504
11100 0.005552695
11200 0.00012050981
11300 0.0012323216
11400 0.0009297279
11500 0.0101736775
11600 0.003904532
11700 0.0018224225
11800 0.0004962961
11900 0.0023886992
12000 0.0019564074
12100 0.0024781413
12200 0.00041758505
12300 0.0009811339
12400 0.008897322
12500 0.0010679383
12600 0.0008587222
12700 0.002434941
12800 0.00032249655
12900 0.0033276367
13000 0.0076037156
13100 0.0076446654
13200 0.0006158359
13300 0.0008452725
13400 0.0002776239
13500 0.0014638053
13600 0.004901518
13700 0.0019800651
13800 0.0047047753
13900 0.0008903885
14000 0.0026110038
14100 0.0016085096
14200 0.0047486955
14300 0.0025642102
14400 0.0030453876
14500 0.00018430041
14600 0.0018879921
14700 0.0010393427
14800 0.0015930915
14900 0.0022392783
15000 0.00040903926
15100 0.0013373308
15200 0.0016468853
15300 0.002659738
15400 0.00040424417
15500 0.0005305277
15600 0.0013643152
15700 0.0022160003
15800 0.0017158517
15900 0.0036018174
16000 0.0010224568
16100 0.0012870384
16200 0.0013020288
16300 0.0010970837
16400 0.00019300374
16500 0.00074180315
16600 0.0010289205
16700 0.0011428127
16800 0.00052441575
16900 0.00083836546
17000 0.0005256642
17100 0.0017886879
17200 0.0047558956
17300 0.002828327
17400 0.0013010912
17500 0.00044696731
17600 0.0001894061
17700 0.0029256104
17800 0.0034377596
17900 0.0064006248
18000 0.0008568143
18100 0.008534939
18200 0.0024843677
18300 0.004194042
18400 0.00042150787
