0 3.5627446
100 1.6913677
200 1.3921072
300 1.2818308
400 1.1929028
500 1.255444
600 1.2696209
700 1.2832198
800 1.2649751
900 1.2420706
1000 1.3281463
1100 1.343191
1200 1.0759256
1300 1.2580739
1400 1.2265273
1500 1.3087289
1600 1.2143708
1700 1.2308666
1800 1.1822606
1900 1.0852704
2000 1.0816262
2100 1.052804
2200 1.054553
2300 1.1772544
2400 1.1240926
2500 1.1708267
2600 1.2411935
2700 1.1011481
2800 1.0392545
2900 1.0406295
3000 1.1841493
3100 1.1468924
3200 1.04493
3300 1.2104275
3400 1.0911179
3500 1.0851495
3600 1.0836372
3700 1.0541096
3800 1.0605576
3900 1.0360683
4000 1.1095221
4100 1.1250299
4200 1.0287828
4300 1.1480954
4400 1.0764731
4500 1.0922654
4600 1.0377526
4700 1.120893
4800 1.1426182
4900 1.0908692
5000 1.0524771
5100 1.1012809
5200 1.0427892
5300 1.1047618
5400 1.0065265
5500 1.0287364
5600 1.0425425
5700 1.1010561
5800 1.1143649
5900 1.0363796
6000 1.1161847
6100 1.0506883
6200 1.1018031
6300 1.0693865
6400 1.0497093
6500 1.017523
6600 1.0326519
6700 1.1176443
6800 1.0903816
6900 1.05054
7000 1.0344269
7100 1.0171856
7200 1.0733143
7300 1.0192499
7400 1.0117301
7500 1.0272446
7600 1.2314612
7700 1.0054271
7800 1.1428018
7900 1.051532
8000 1.0533524
8100 1.0359159
8200 1.1011732
8300 1.0113587
8400 1.0617169
8500 1.0558003
8600 1.072164
8700 1.0199068
8800 1.0153728
8900 1.0111953
9000 1.0422356
9100 1.0089406
9200 1.0055157
9300 1.0138307
9400 1.0083892
9500 1.0476792
9600 1.0516994
9700 1.0412767
9800 1.0087936
9900 1.0168848
10000 1.0359862
10100 1.058399
10200 1.0345873
10300 1.0507352
10400 1.0137608
10500 1.0103513
10600 1.0050771
10700 1.0350213
10800 1.0167373
10900 1.0042825
11000 1.0362573
11100 1.0216138
11200 1.0011069
11300 1.0073909
11400 1.0058377
11500 1.0473142
11600 1.0194197
11700 1.0114963
11800 1.0039172
11900 1.011868
12000 1.0102233
12100 1.01387
12200 1.0031344
12300 1.006499
12400 1.0445175
12500 1.0060489
12600 1.0054638
12700 1.0140138
12800 1.0025976
12900 1.0169833
13000 1.0379965
13100 1.0422323
13200 1.0042969
13300 1.0054862
13400 1.0022916
13500 1.0090848
13600 1.0258498
13700 1.0120634
13800 1.0263832
13900 1.006563
14000 1.0140077
14100 1.0099368
14200 1.0250076
14300 1.0115237
14400 1.0165699
14500 1.0015976
14600 1.0106564
14700 1.0068336
14800 1.0104511
14900 1.0119314
15000 1.0029588
15100 1.0081624
15200 1.00971
15300 1.0148919
15400 1.0032705
15500 1.0041511
15600 1.0080028
15700 1.0138555
15800 1.0109615
15900 1.0201707
16000 1.006283
16100 1.008221
16200 1.00803
16300 1.0065634
16400 1.0016185
16500 1.0046965
16600 1.0072093
16700 1.0065861
16800 1.0036525
16900 1.0052538
17000 1.0037113
17100 1.0117807
17200 1.0242643
17300 1.0166023
17400 1.0084257
17500 1.0033298
17600 1.0016111
17700 1.0159259
17800 1.0146738
17900 1.0332288
18000 1.0055201
18100 1.0408695
18200 1.0129969
18300 1.0226419
18400 1.002861
