0 0.0375
100 0.15625
200 0.359375
300 0.4875
400 0.49375004
500 0.49687502
600 0.52500004
700 0.4625
800 0.465625
900 0.49062502
1000 0.49687505
1100 0.478125
1200 0.49687502
1300 0.47812498
1400 0.53125
1500 0.53125
1600 0.4875
1700 0.478125
1800 0.49687502
1900 0.54375
2000 0.534375
2100 0.540625
2200 0.49687502
2300 0.553125
2400 0.51562506
2500 0.46875
2600 0.51875
2700 0.51875
2800 0.54375
2900 0.546875
3000 0.49375004
3100 0.4875
3200 0.50625
3300 0.584375
3400 0.51250005
3500 0.503125
3600 0.5375
3700 0.546875
3800 0.503125
3900 0.478125
4000 0.50625
4100 0.515625
4200 0.54062504
4300 0.584375
4400 0.52812505
4500 0.509375
4600 0.55625004
4700 0.53125
4800 0.59062505
4900 0.525
5000 0.60312504
5100 0.50312495
5200 0.45937502
5300 0.496875
5400 0.540625
5500 0.58750004
5600 0.52500004
5700 0.540625
5800 0.51874995
5900 0.525
6000 0.46875003
6100 0.503125
6200 0.49375
6300 0.540625
6400 0.484375
6500 0.55
6600 0.55
6700 0.490625
6800 0.4875
6900 0.578125
7000 0.4875
7100 0.503125
7200 0.53125
7300 0.54375005
7400 0.5125
7500 0.525
7600 0.45625004
7700 0.54687506
7800 0.5625
7900 0.53125
8000 0.58125
8100 0.56875
8200 0.58124995
8300 0.55312496
8400 0.525
8500 0.475
8600 0.565625
8700 0.534375
8800 0.471875
8900 0.4875
9000 0.56250006
9100 0.521875
9200 0.53125
9300 0.51875
9400 0.44687504
9500 0.54375005
9600 0.571875
9700 0.559375
9800 0.5375
9900 0.503125
10000 0.50625
10100 0.54375
10200 0.609375
10300 0.57500005
10400 0.503125
10500 0.496875
10600 0.52500004
10700 0.521875
10800 0.58125
10900 0.54375
11000 0.559375
11100 0.571875
11200 0.5
11300 0.4875
11400 0.50625
11500 0.47500002
11600 0.55625004
11700 0.525
11800 0.484375
11900 0.50312495
12000 0.546875
12100 0.503125
12200 0.534375
12300 0.553125
12400 0.515625
12500 0.47812504
12600 0.55625004
12700 0.546875
12800 0.4875
12900 0.50625
13000 0.51875
13100 0.528125
13200 0.578125
13300 0.50937504
13400 0.5125
13500 0.528125
13600 0.54999995
13700 0.51875
13800 0.509375
13900 0.503125
14000 0.55
14100 0.515625
14200 0.50625
14300 0.5875
14400 0.553125
14500 0.49374998
14600 0.53125
14700 0.559375
14800 0.5625
14900 0.56875
15000 0.5125
15100 0.52812505
15200 0.61875004
15300 0.57187504
15400 0.534375
15500 0.51874995
15600 0.5625
15700 0.546875
15800 0.5
15900 0.525
16000 0.5749999
16100 0.59375
16200 0.56875
16300 0.475
16400 0.55625
16500 0.55937505
16600 0.590625
16700 0.51875
16800 0.528125
16900 0.50312495
17000 0.5749999
17100 0.596875
17200 0.55
17300 0.54687506
17400 0.553125
17500 0.56874996
17600 0.615625
17700 0.56875
17800 0.54375005
17900 0.515625
18000 0.5625
18100 0.496875
18200 0.58125
18300 0.51250005
18400 0.546875
18500 0.61875
18600 0.53125
18700 0.528125
18800 0.5875
18900 0.60312504
19000 0.58437496
19100 0.553125
19200 0.5812501
19300 0.55
19400 0.51875
19500 0.54062504
19600 0.559375
19700 0.55937505
19800 0.63125
19900 0.6
20000 0.52500004
20100 0.55
20200 0.55312496
20300 0.59375
20400 0.5875
20500 0.59062505
20600 0.525
20700 0.609375
20800 0.55625
20900 0.53437495
21000 0.61562496
21100 0.55312496
21200 0.565625
21300 0.5625
21400 0.571875
21500 0.578125
21600 0.50625
21700 0.60312504
21800 0.57187504
21900 0.590625
22000 0.553125
22100 0.58125
22200 0.553125
22300 0.54687506
22400 0.53749996
22500 0.5875001
22600 0.571875
22700 0.52187496
22800 0.59062505
22900 0.525
23000 0.5
23100 0.5875
23200 0.54375005
23300 0.5375
23400 0.62187505
23500 0.625
23600 0.5125
23700 0.571875
23800 0.5625
23900 0.578125
24000 0.559375
24100 0.559375
24200 0.58124995
24300 0.56562495
24400 0.515625
24500 0.62500006
24600 0.55312496
24700 0.5625
24800 0.55
24900 0.5
25000 0.571875
25100 0.528125
25200 0.575
25300 0.60625
25400 0.609375
25500 0.55625
25600 0.565625
25700 0.509375
25800 0.565625
25900 0.534375
26000 0.515625
26100 0.58125
26200 0.56562495
26300 0.57187504
26400 0.52500004
26500 0.55625
26600 0.571875
26700 0.528125
26800 0.578125
26900 0.55625004
27000 0.57500005
27100 0.61875004
27200 0.534375
27300 0.59375
27400 0.534375
27500 0.58125
27600 0.534375
27700 0.596875
