0 4.7556515
100 4.159324
200 3.0838227
300 2.5007308
400 2.5327773
500 2.3067765
600 2.2063425
700 2.4947047
800 2.460063
900 2.517383
1000 2.4123886
1100 2.5548997
1200 2.3943608
1300 2.592956
1400 2.27815
1500 2.2347207
1600 2.3410852
1700 2.5470924
1800 2.2883933
1900 2.1986594
2000 2.1831584
2100 2.2851908
2200 2.3623896
2300 2.0764883
2400 2.19761
2500 2.5132656
2600 2.2954152
2700 2.2349162
2800 2.2869098
2900 2.1434329
3000 2.3573656
3100 2.3468323
3200 2.2664466
3300 1.9515802
3400 2.2749405
3500 2.3191388
3600 2.404178
3700 2.2330902
3800 2.380266
3900 2.4561474
4000 2.239869
4100 2.2884486
4200 2.1849184
4300 1.9256419
4400 2.2202697
4500 2.2575579
4600 1.9263381
4700 2.089414
4800 1.8883725
4900 2.2013085
5000 1.8712637
5100 2.3166218
5200 2.5865185
5300 2.4184294
5400 2.1657672
5500 1.9648304
5600 2.2425892
5700 2.0740056
5800 2.3565419
5900 2.2237985
6000 2.4117968
6100 2.3213348
6200 2.3609211
6300 2.3232317
6400 2.3278112
6500 2.1679413
6600 1.9760884
6700 2.275631
6800 2.390579
6900 2.0682049
7000 2.324929
7100 2.2226539
7200 2.1856384
7300 2.2937632
7400 2.3896239
7500 2.2832105
7600 2.5659902
7700 2.0184672
7800 2.0095801
7900 2.2848716
8000 1.9842781
8100 2.145307
8200 2.1033618
8300 2.1749828
8400 2.0982099
8500 2.5273433
8600 2.0515656
8700 2.185672
8800 2.513323
8900 2.3293948
9000 2.1855378
9100 2.3040793
9200 2.2581322
9300 2.304051
9400 2.5841205
9500 2.1550546
9600 2.0852222
9700 2.0804245
9800 2.0736034
9900 2.3225255
10000 2.3054156
10100 2.1393774
10200 1.892316
10300 1.9603453
10400 2.231224
10500 2.502112
10600 2.2532141
10700 2.2752283
10800 1.9253684
10900 2.173693
11000 2.0932565
11100 2.277173
11200 2.262138
11300 2.4780395
11400 2.4039567
11500 2.4135072
11600 2.2705941
11700 2.3663108
11800 2.4373534
11900 2.2497127
12000 2.1741495
12100 2.1462777
12200 2.0793824
12300 2.118585
12400 2.2368586
12500 2.3722584
12600 2.1610947
12700 1.9987638
12800 2.311987
12900 2.4057913
13000 2.416475
13100 2.2415497
13200 1.9324497
13300 2.3671591
13400 2.2436962
13500 2.1962965
13600 2.1270351
13700 2.301855
13800 2.2958896
13900 2.2883244
14000 2.0371654
14100 2.1467826
14200 2.3312933
14300 2.0077603
14400 2.267392
14500 2.457163
14600 2.239005
14700 2.090725
14800 2.0982795
14900 2.2055204
15000 2.1553783
15100 2.1815114
15200 1.8071644
15300 2.091763
15400 2.177593
15500 2.3828712
15600 2.1360781
15700 2.1298265
15800 2.5527284
15900 2.215467
16000 1.9772663
16100 2.0924885
16200 2.2130315
16300 2.6103044
16400 2.1219842
16500 2.09712
16600 1.956697
16700 2.334244
16800 2.0813832
16900 2.2798138
17000 2.0023532
17100 1.9693776
17200 2.114835
17300 2.1521375
17400 2.1262438
17500 1.8798815
17600 1.8597742
17700 2.0119116
17800 2.1226356
17900 2.215132
18000 2.1961732
18100 2.395151
18200 2.0444593
18300 2.2815957
18400 2.2033954
18500 1.8597298
18600 2.1343298
18700 2.1906009
18800 1.9249809
18900 1.8826329
19000 1.9260824
19100 2.08967
19200 2.026089
19300 2.212743
19400 2.138446
19500 2.1651726
19600 1.9798015
19700 2.0119615
19800 1.7901889
19900 1.9173859
20000 2.2504592
20100 2.0209968
20200 2.0702412
20300 1.9055017
20400 1.9515735
20500 1.9938282
20600 2.2253702
20700 1.8828104
20800 1.9989065
20900 2.168844
21000 1.9893118
21100 2.1413014
21200 2.1049676
21300 2.08956
21400 2.0286698
21500 1.8265202
21600 2.2629862
21700 1.8242882
21800 2.047941
21900 1.9605589
22000 2.2035167
22100 2.0680866
22200 2.1677508
22300 2.1124241
22400 2.0974338
22500 1.9481801
22600 1.9556553
22700 2.1481354
22800 1.9268074
22900 2.293516
23000 2.4709516
23100 1.8783436
23200 2.2012365
23300 2.127566
23400 1.8075373
23500 1.8323859
23600 2.2007856
23700 2.0109277
23800 2.086882
23900 1.9966329
24000 2.1484127
24100 2.1285975
24200 1.9331877
24300 2.0676966
24400 2.341602
24500 1.7921706
24600 2.0857744
24700 2.049823
24800 2.0721688
24900 2.1846297
25000 2.0077412
25100 2.107484
25200 2.0193086
25300 1.8657422
25400 1.9325553
25500 2.1353173
25600 2.019426
25700 2.2736492
25800 2.0777938
25900 2.0948906
26000 2.1782806
26100 2.0559342
26200 1.9766291
26300 2.0493343
26400 2.1906917
26500 2.03393
26600 2.1226978
26700 2.152794
26800 1.9421567
26900 2.1576862
27000 2.1028576
27100 1.9865327
27200 2.1378157
27300 1.9450185
27400 2.1924396
27500 2.0274823
27600 2.2024388
27700 1.9010825
