0 3.2963665
100 2.8830237
200 2.137543
300 1.7333745
400 1.7555875
500 1.5989356
600 1.52932
700 1.7291975
800 1.7051858
900 1.744917
1000 1.6721404
1100 1.7709216
1200 1.6596445
1300 1.7973002
1400 1.5790933
1500 1.5489904
1600 1.6227167
1700 1.76551
1800 1.5861933
1900 1.5239946
2000 1.5132501
2100 1.5839736
2200 1.6374836
2300 1.439312
2400 1.5232671
2500 1.742063
2600 1.5910605
2700 1.5491259
2800 1.585165
2900 1.4857144
3000 1.6340013
3100 1.6267002
3200 1.570981
3300 1.3527323
3400 1.5768685
3500 1.6075045
3600 1.6664491
3700 1.5478601
3800 1.6498747
3900 1.7024716
4000 1.5525589
4100 1.5862317
4200 1.5144701
4300 1.3347533
4400 1.5389737
4500 1.5648198
4600 1.3352358
4700 1.4482713
4800 1.3089201
4900 1.5258307
5000 1.2970612
5100 1.6057599
5200 1.792838
5300 1.6763276
5400 1.5011954
5500 1.3619167
5600 1.5544444
5700 1.4375912
5800 1.6334304
5900 1.5414196
6000 1.6717302
6100 1.6090267
6200 1.6364659
6300 1.6103414
6400 1.6135159
6500 1.5027025
6600 1.3697201
6700 1.5773472
6800 1.6570231
6900 1.4335704
7000 1.6115179
7100 1.5406263
7200 1.5149691
7300 1.5899155
7400 1.6563611
7500 1.582601
7600 1.7786089
7700 1.3990948
7800 1.3929348
7900 1.5837523
8000 1.3753967
8100 1.4870136
8200 1.4579394
8300 1.5075831
8400 1.4543682
8500 1.7518208
8600 1.422037
8700 1.5149924
8800 1.7421029
8900 1.6146134
9000 1.5148994
9100 1.597066
9200 1.565218
9300 1.5970464
9400 1.7911758
9500 1.49377
9600 1.4453659
9700 1.4420404
9800 1.4373124
9900 1.609852
10000 1.5979924
10100 1.4829034
10200 1.3116535
10300 1.3588078
10400 1.5465667
10500 1.7343318
10600 1.5618091
10700 1.5770681
10800 1.3345637
10900 1.5066891
11000 1.4509348
11100 1.5784161
11200 1.5679945
11300 1.7176461
11400 1.6662958
11500 1.6729157
11600 1.5738559
11700 1.6402017
11800 1.6894447
11900 1.559382
12000 1.5070056
12100 1.4876864
12200 1.441318
12300 1.4684913
12400 1.5504723
12500 1.6443243
12600 1.4979568
12700 1.3854375
12800 1.6025472
12900 1.6675675
13000 1.6749729
13100 1.5537239
13200 1.339472
13300 1.6407896
13400 1.5552118
13500 1.5223567
13600 1.4743484
13700 1.5955244
13800 1.5913894
13900 1.5861456
14000 1.4120555
14100 1.4880364
14200 1.6159294
14300 1.3916733
14400 1.5716363
14500 1.7031757
14600 1.55196
14700 1.4491801
14800 1.4544165
14900 1.5287502
15000 1.4939945
15100 1.5121084
15200 1.252631
15300 1.4498997
15400 1.5093925
15500 1.6516805
15600 1.4806166
15700 1.4762832
15800 1.7694165
15900 1.5356448
16000 1.3705366
16100 1.4504025
16200 1.5339566
16300 1.8093251
16400 1.4708474
16500 1.4536128
16600 1.356279
16700 1.6179746
16800 1.4427049
16900 1.5802466
17000 1.3879255
17100 1.3650686
17200 1.465892
17300 1.4917481
17400 1.4738
17500 1.3030345
17600 1.2890973
17700 1.3945508
17800 1.4712988
17900 1.5354125
18000 1.5222713
18100 1.6601921
18200 1.4171113
18300 1.5814817
18400 1.5272774
18500 1.2890664
18600 1.4794047
18700 1.5184088
18800 1.334295
18900 1.3049417
19000 1.3350586
19100 1.4484489
19200 1.4043778
19300 1.5337566
19400 1.482258
19500 1.5007833
19600 1.3722938
19700 1.3945854
19800 1.2408644
19900 1.3290306
20000 1.5598994
20100 1.4008483
20200 1.434982
20300 1.3207932
20400 1.3527277
20500 1.3820164
20600 1.5425091
20700 1.3050647
20800 1.3855364
20900 1.5033281
21000 1.3788859
21100 1.484237
21200 1.4590523
21300 1.4483727
21400 1.4061668
21500 1.2660474
21600 1.5685825
21700 1.2645003
21800 1.4195244
21900 1.3589559
22000 1.5273614
22100 1.4334884
22200 1.5025704
22300 1.4642209
22400 1.4538304
22500 1.3503755
22600 1.355557
22700 1.4889741
22800 1.3355612
22900 1.5897441
23000 1.7127331
23100 1.3019686
23200 1.5257809
23300 1.4747164
23400 1.2528894
23500 1.2701131
23600 1.5254683
23700 1.3938689
23800 1.4465164
23900 1.3839605
24000 1.4891663
24100 1.4754313
24200 1.3399836
24300 1.433218
24400 1.6230749
24500 1.242238
24600 1.4457487
24700 1.420829
24800 1.4363179
24900 1.5142698
25000 1.3916601
25100 1.4607966
25200 1.399678
25300 1.293234
25400 1.3395452
25500 1.4800892
25600 1.3997595
25700 1.5759736
25800 1.440217
25900 1.4520675
26000 1.5098691
26100 1.4250649
26200 1.3700949
26300 1.4204903
26400 1.5184718
26500 1.4098129
26600 1.471342
26700 1.492203
26800 1.3462005
26900 1.4955941
27000 1.4575897
27100 1.3769596
27200 1.481821
27300 1.3481841
27400 1.5196834
27500 1.4053437
27600 1.5266143
27700 1.31773
