0 26.99841
100 18.583883
200 10.190384
300 8.121241
400 7.8666935
500 7.1982
600 7.255446
700 7.328051
800 7.315809
900 7.7214413
1000 6.5573683
1100 7.3510456
1200 7.6139145
1300 6.901639
1400 6.9457893
1500 6.9407644
1600 6.846121
1700 7.117057
1800 6.591617
1900 6.6344953
2000 6.973733
2100 6.927148
2200 6.6713057
2300 6.32939
2400 6.501388
2500 7.4093313
2600 6.583256
2700 6.771812
2800 6.5297847
2900 6.3604655
3000 6.6687007
3100 6.6269135
3200 6.2416015
3300 6.2421126
3400 6.843162
3500 6.6453686
3600 6.337598
3700 6.4326143
3800 6.860728
3900 6.6542997
4000 6.6381354
4100 6.8414493
4200 6.405192
4300 6.3178
4400 6.6458826
4500 6.50188
4600 5.775172
4700 6.17075
4800 6.0118184
4900 6.4291515
5000 6.2480307
5100 6.7216215
5200 6.6006145
5300 6.6910915
5400 6.3441467
5500 6.16301
5600 6.342761
5700 6.6298733
5800 6.3375154
5900 6.0024643
6000 7.1550183
6100 6.463337
6200 6.6248164
6300 6.1648974
6400 6.5093603
6500 6.413173
6600 6.203195
6700 6.778816
6800 6.7065434
6900 6.716004
7000 6.6443434
7100 6.5515523
7200 6.453563
7300 6.3221335
7400 6.322748
7500 6.4765835
7600 7.0096617
7700 6.4359884
7800 6.25047
7900 6.277216
8000 6.1085777
8100 6.163168
8200 6.3575697
8300 6.4074593
8400 5.99176
8500 6.760649
8600 6.351233
8700 6.6273756
8800 6.39642
8900 6.3163285
9000 6.7802167
9100 6.0937257
9200 6.2782216
9300 6.88799
9400 6.676528
9500 6.3421383
9600 6.18655
9700 6.3271766
9800 6.185
9900 6.6530294
10000 6.539701
10100 6.2632504
10200 6.174748
10300 5.6349654
10400 6.5246544
10500 6.9364276
10600 6.673303
10700 6.6515665
10800 6.0252433
10900 6.610464
11000 6.26963
11100 6.417223
11200 6.4514875
11300 6.6496916
11400 6.432527
11500 6.950039
11600 6.1460466
11700 6.6949596
11800 6.620848
11900 6.3124723
12000 6.3166347
12100 6.342267
12200 5.788138
12300 6.192523
12400 6.178233
12500 6.7688437
12600 6.0629435
12700 5.6031446
12800 6.4235935
12900 6.538629
13000 6.7928805
13100 6.3631864
13200 5.8884916
13300 6.617248
13400 6.3631835
13500 6.510629
13600 6.260193
13700 6.290079
13800 6.4425464
13900 6.1927805
14000 6.0044403
14100 6.193818
14200 6.8815637
14300 6.280426
14400 5.722934
14500 6.560823
14600 6.4119053
14700 6.142432
14800 6.3423953
14900 6.5272017
15000 6.4023094
15100 5.5373673
15200 5.8965816
15300 6.0435915
15400 6.8063836
15500 6.6400733
15600 6.1431284
15700 6.2308855
15800 6.7765045
15900 6.7545967
16000 6.122241
16100 6.0909066
16200 6.223874
16300 7.3277287
16400 6.258994
16500 6.544729
16600 6.0096893
16700 6.3982263
16800 6.685149
16900 6.9034066
17000 5.974345
17100 6.1945443
17200 5.981792
17300 6.755268
17400 6.611964
17500 5.9339185
17600 5.8232427
17700 6.2754154
17800 6.482373
17900 6.1312327
18000 5.952858
18100 6.7030673
18200 6.129039
18300 6.569034
18400 6.325819
18500 6.0714602
18600 6.2199216
18700 6.2293158
18800 6.1212273
18900 5.936403
19000 6.1231174
19100 6.4286847
19200 6.377326
19300 6.2866635
19400 6.5414762
19500 6.459856
19600 5.819049
19700 6.3845606
19800 5.8174715
19900 6.5678434
20000 6.6227283
20100 6.5250854
20200 6.385906
20300 5.9345407
20400 5.989118
20500 6.2577744
20600 6.3837986
20700 6.121745
20800 6.1637907
20900 6.4614754
21000 6.221926
21100 6.0845304
21200 6.4727755
21300 6.3921375
21400 6.280267
21500 6.0249557
21600 6.6014214
21700 5.7323446
21800 6.182805
21900 5.9661674
22000 6.436676
22100 6.292166
22200 6.3841248
22300 6.225916
22400 6.42406
22500 6.020098
22600 6.1449504
22700 6.2225266
22800 6.027455
22900 6.2646484
23000 6.250829
23100 6.093535
23200 6.7601223
23300 6.045703
23400 5.6255646
23500 5.862493
23600 6.516939
23700 6.050737
23800 5.9818196
23900 6.1810637
24000 6.2827864
24100 6.4488487
24200 6.3256783
24300 6.55315
24400 6.1645947
24500 6.033045
24600 6.160971
24700 6.0743785
24800 6.392269
24900 6.5408535
25000 5.8309464
25100 6.4305162
25200 5.9140434
25300 5.7699447
25400 5.684184
25500 6.401712
25600 6.157124
25700 6.2637753
25800 6.35651
25900 6.5613894
26000 6.2229533
26100 6.2053986
26200 5.9368606
26300 6.075087
26400 6.301955
26500 6.0808964
26600 6.243107
26700 6.3128495
26800 6.3713636
26900 6.0742393
27000 6.299806
27100 5.8910184
27200 6.1821365
27300 6.4331765
27400 6.4667706
27500 6.1903048
27600 6.6130557
27700 6.0765777
