0 2.2662916
100 1.7500339
200 1.8116988
300 1.713912
400 1.5711293
500 1.590694
600 1.4446793
700 1.6828858
800 1.807358
900 1.558419
1000 1.7489516
1100 1.3026919
1200 1.456722
1300 1.5260663
1400 1.267338
1500 1.3247877
1600 1.1101363
1700 1.4445109
1800 1.389588
1900 1.1302347
2000 1.3172905
2100 1.785126
2200 1.3991303
2300 1.4493198
2400 1.1908095
2500 1.1117883
2600 1.3838496
2700 1.5285585
2800 1.4221728
2900 1.5215604
3000 1.4108815
3100 1.0006686
3200 1.162906
3300 1.3964518
3400 1.0046452
3500 1.2612238
3600 1.2206931
3700 0.9815835
3800 1.0853351
3900 1.4098814
4000 1.2547908
4100 1.2353694
4200 1.3723892
4300 1.2332909
4400 1.3584325
4500 1.277986
4600 1.3443987
4700 1.097437
4800 0.96854943
4900 1.0191363
5000 1.1999859
5100 1.7085671
5200 1.2940472
5300 1.6210958
5400 1.1097677
5500 1.5065477
5600 1.4794084
5700 1.2413256
5800 1.1610712
5900 0.90258527
6000 0.9174528
6100 1.0214741
6200 0.9932285
6300 1.1541519
6400 1.094259
6500 1.2190447
6600 1.243555
6700 0.9693447
6800 0.9815472
6900 1.1619146
7000 1.3539345
7100 0.9199282
7200 0.9984153
7300 0.8784631
7400 1.3771093
7500 0.8462605
7600 1.1856449
7700 0.8072145
7800 0.987093
7900 1.101891
8000 1.0209875
8100 1.0606852
8200 1.1769724
8300 0.95732033
8400 1.5697615
8500 1.0124317
8600 1.1093035
8700 1.0193143
8800 1.2208335
8900 1.0286305
9000 1.0419487
9100 1.1091495
9200 0.89854723
9300 1.0997359
9400 1.0213037
9500 0.93809915
9600 0.962734
9700 1.079469
9800 0.77522093
9900 1.0656575
10000 0.9535128
10100 0.9930378
10200 0.9699688
10300 1.0305746
10400 1.047942
10500 1.054986
10600 1.1006829
10700 1.0777344
10800 1.3348602
10900 0.6911849
11000 0.81640124
11100 0.88860285
11200 0.87956715
11300 1.1991194
11400 0.999129
11500 0.95266235
11600 1.137269
11700 0.9085218
11800 1.0093902
11900 0.9608911
12000 0.79829264
12100 0.67722976
12200 1.0296118
12300 0.89133227
12400 1.162633
12500 0.72983587
12600 0.9238647
12700 1.038625
12800 0.88810027
12900 0.8873174
13000 0.8009897
13100 0.8746221
13200 1.0110644
13300 1.1155932
13400 1.0138333
13500 1.1498194
13600 0.6178533
13700 0.8140607
13800 0.7138163
13900 0.7556273
14000 1.2128181
14100 1.0134858
14200 0.9587586
14300 1.01936
14400 1.1842299
14500 0.75941205
14600 1.0868287
14700 1.0525001
14800 1.0754752
14900 0.9076197
15000 0.79478097
15100 1.1952174
15200 1.029639
15300 0.86544526
15400 0.9406442
15500 0.73735267
15600 0.7277574
15700 0.9520123
15800 0.90015876
15900 1.028327
16000 0.82593113
16100 1.4955664
16200 1.0422927
16300 1.1366358
16400 1.0932823
16500 0.5710636
16600 1.1814017
16700 1.0072893
16800 0.8790108
16900 0.5652872
17000 0.6835604
17100 0.7020354
17200 0.69187576
17300 0.9034698
17400 0.68594444
17500 0.76724386
17600 0.60016656
17700 0.72771454
17800 1.0091941
17900 0.64070475
18000 1.1108539
18100 0.8946749
18200 0.5776839
18300 0.65507007
18400 0.73937976
18500 0.839217
18600 0.7409971
18700 0.687554
18800 0.6226623
18900 1.0269907
19000 0.7639167
19100 1.0337886
19200 0.9037514
19300 0.59637797
19400 0.8243606
19500 0.7023216
19600 0.9760531
19700 0.7266926
19800 0.6401032
19900 0.6264136
20000 0.94173175
20100 0.53956777
20200 0.6818086
20300 0.7446337
20400 0.69684255
20500 0.9028161
20600 0.80945826
20700 0.62187827
20800 0.7584858
20900 0.6961175
21000 0.6188276
21100 0.6617241
21200 0.6494138
21300 0.9278389
21400 1.0150976
