0 9.699098
100 4.551599
200 5.49343
300 5.4530907
400 5.034833
500 4.6207333
600 5.2971554
700 5.1323957
800 5.0639277
900 4.7962513
1000 4.056093
1100 4.0773973
1200 3.8495572
1300 4.8742266
1400 4.242373
1500 4.6544304
1600 4.441983
1700 5.14707
1800 4.6102934
1900 3.8369808
2000 4.2540975
2100 4.219927
2200 4.77598
2300 4.375249
2400 4.928118
2500 3.8626325
2600 4.8560143
2700 4.9787474
2800 4.807891
2900 3.987844
3000 4.719636
3100 3.9037676
3200 4.4889016
3300 4.5156727
3400 3.4029915
3500 3.9521317
3600 4.333125
3700 4.1999416
3800 4.1398716
3900 4.6503215
4000 4.2030034
4100 4.4284916
4200 3.9747453
4300 4.426024
4400 4.3419943
4500 4.4003477
4600 4.685367
4700 3.855514
4800 4.015589
4900 4.1568413
5000 4.366279
5100 3.9813435
5200 3.6384742
5300 4.3146615
5400 3.3972394
5500 4.353445
5600 4.0358067
5700 4.0987587
5800 3.7238333
5900 3.9597473
6000 3.5196166
6100 3.718822
6200 3.6287427
6300 3.8170896
6400 3.8116229
6500 4.0630913
6600 3.947113
6700 3.9201286
6800 3.7838259
6900 3.8468971
7000 4.2904854
7100 3.8128033
7200 3.802648
7300 3.8886404
7400 4.3846064
7500 3.2790062
7600 3.7793398
7700 3.5859642
7800 3.8664973
7900 4.0616713
8000 3.852939
8100 3.7443223
8200 3.6322029
8300 3.5883849
8400 3.873744
8500 3.017712
8600 3.9492064
8700 4.2255936
8800 4.0827713
8900 3.4601011
9000 3.899788
9100 4.2834983
9200 3.7203076
9300 4.058056
9400 4.0927134
9500 3.626933
9600 3.5618765
9700 3.8503194
9800 2.9528103
9900 3.763435
10000 4.072937
10100 3.9339051
10200 3.5411165
10300 3.7669485
10400 3.5766015
10500 3.8689466
10600 3.988027
10700 3.605728
10800 3.2151842
10900 3.1619742
11000 3.6506443
11100 3.264481
11200 3.4996014
11300 3.8816345
11400 3.3789248
11500 3.5200665
11600 3.8676486
11700 3.7803833
11800 3.5705929
11900 3.4363158
12000 3.5587025
12100 3.1025238
12200 3.2639396
12300 3.825016
12400 3.6546407
12500 2.9826145
12600 3.4316103
12700 3.7319083
12800 3.150122
12900 3.59627
13000 3.4682002
13100 3.824153
13200 3.676552
13300 3.8323822
13400 3.933167
13500 3.9961538
13600 2.9257574
13700 3.165627
13800 3.041265
13900 3.0096674
14000 3.6729376
14100 3.7460823
14200 3.2948098
14300 3.674867
14400 3.725493
14500 3.0253208
14600 3.884381
14700 3.8308535
14800 3.517271
14900 3.5235643
15000 3.5400002
15100 3.6632805
15200 3.1853611
15300 3.39404
15400 3.6060767
15500 3.5571833
15600 3.2708066
15700 3.6266432
15800 3.3709002
15900 3.4167461
16000 3.4410958
16100 3.4969878
16200 3.3994994
16300 4.053534
16400 3.2831416
16500 2.7365975
16600 3.5207512
16700 3.0740156
16800 3.5215158
16900 2.7258255
17000 3.0683236
17100 2.879556
17200 2.9846911
17300 3.4774365
17400 3.0514467
17500 3.5019174
17600 3.2595508
17700 2.90501
17800 3.4598327
17900 2.9382558
18000 3.1980608
18100 3.4189367
18200 3.0492158
18300 2.7117262
18400 3.0415475
18500 3.6062784
18600 2.791079
18700 3.3669448
18800 3.0035062
18900 3.2029305
19000 2.9770873
19100 3.7036972
19200 3.2457972
19300 3.092607
19400 2.9712014
19500 2.907058
19600 3.1873164
19700 3.3153498
19800 3.0549917
19900 3.070087
20000 3.3941545
20100 2.7152123
20200 2.9913623
20300 3.3898084
20400 3.0484152
20500 2.9051142
20600 3.3465667
20700 2.756549
20800 2.9734325
20900 3.1164393
21000 3.1640902
21100 3.4410655
21200 3.1887875
21300 2.9220939
21400 2.8939908
