0 5.8113914
100 0.23910236
200 0.44174913
300 0.48137242
400 0.2771195
500 0.25872645
600 0.83596957
700 0.25087568
800 0.26132378
900 0.094410114
1000 0.16940084
1100 0.19455795
1200 0.020822858
1300 0.06541712
1400 0.075180896
1500 0.04881893
1600 0.03677303
1700 0.023786988
1800 0.028509973
1900 0.040798787
2000 0.019467516
2100 0.039531156
2200 0.06945389
2300 0.015570903
2400 0.1264373
2500 0.06612383
2600 0.02585154
2700 0.10397601
2800 0.10768218
2900 0.5207748
3000 0.021494444
3100 0.011681279
3200 0.050621245
3300 0.06455847
3400 0.037030187
3500 0.1116994
3600 0.027350627
3700 0.048924323
3800 0.03608735
3900 0.06035635
4000 0.0113704875
4100 0.13194233
4200 0.018765144
4300 0.051285706
4400 0.082491435
4500 0.07775175
4600 0.13655807
4700 0.010835744
4800 0.007864864
4900 0.0103830425
5000 0.045439683
5100 0.011385289
5200 0.00402044
5300 0.0050028525
5400 0.027860152
5500 0.03527955
5600 0.014206019
5700 0.0012582726
5800 0.032651033
5900 0.0035769916
6000 0.028317755
6100 0.018393252
6200 0.013801539
6300 0.020352738
6400 0.073307425
6500 0.08522289
6600 0.020901896
6700 0.0069537563
6800 0.077847764
6900 0.010716969
7000 0.0053037587
7100 0.017339645
7200 0.0077327
7300 0.018491711
7400 0.02740333
7500 0.0038371694
7600 0.011214911
7700 0.010402247
7800 0.014230808
7900 0.061103813
8000 0.013884234
8100 0.028800098
8200 0.00081123697
8300 0.0018134163
8400 0.03830364
8500 0.0033972284
8600 0.028002555
8700 0.014075046
8800 0.002280857
8900 0.0015062719
9000 0.006691217
9100 0.0015919673
9200 0.0034723962
9300 0.0019887357
9400 0.0048738318
9500 0.005375739
9600 0.007271622
9700 0.029408503
9800 0.0006383535
9900 0.018129803
10000 0.058805846
10100 0.004101884
10200 0.0082788905
10300 0.0068393485
10400 0.009259167
10500 0.0034484214
10600 0.0058980007
10700 0.0024415697
10800 0.0031743667
10900 0.0039110472
11000 0.0026084927
11100 0.011119208
11200 0.003924413
11300 0.008213372
11400 0.0006320334
11500 0.007881176
11600 0.0059928913
11700 0.0003772265
11800 0.006628253
11900 0.0038881253
12000 0.0100896
12100 0.004756553
12200 0.0008967283
12300 0.0048702536
12400 0.0014153598
12500 0.00047366793
12600 0.00364741
12700 0.0056164195
12800 0.0038062637
12900 0.0014394971
13000 0.005629661
13100 0.003401247
13200 0.0032742608
13300 0.008236134
13400 0.0032477404
13500 0.005226729
13600 0.00096244534
13700 0.013970294
