0 7.0256577
100 0.7604234
200 0.3417569
300 0.17169592
400 0.2626072
500 0.48242298
600 0.5548074
700 0.17117245
800 0.31366277
900 0.16864967
1000 0.4027973
1100 0.26537478
1200 0.18120135
1300 0.20637207
1400 0.052791215
1500 0.136225
1600 0.065267645
1700 0.21659544
1800 0.09256993
1900 0.03984687
2000 0.110279866
2100 0.08362037
2200 0.049716443
2300 0.07650596
2400 0.18979141
2500 0.07021014
2600 0.3944217
2700 0.24420267
2800 0.2502197
2900 0.016936405
3000 0.019913215
3100 0.1047879
3200 0.022372257
3300 0.29403093
3400 0.19995874
3500 0.0085372515
3600 0.08657338
3700 0.009537785
3800 0.09274873
3900 0.054527905
4000 0.02403609
4100 0.026571274
4200 0.14948139
4300 0.0334206
4400 0.0055451794
4500 0.08772903
4600 0.040189818
4700 0.02690495
4800 0.039059598
4900 0.053108405
5000 0.020264285
5100 0.02285114
5200 0.016218666
5300 0.08891703
5400 0.036992304
5500 0.0063586454
5600 0.046024244
5700 0.009250606
5800 0.0036124878
5900 0.1752724
6000 0.011491537
6100 0.07112401
6200 0.0031538492
6300 0.005988642
6400 0.028285054
6500 0.0038958471
6600 0.004612013
6700 0.055589188
6800 0.014741989
6900 0.026773958
7000 0.01450671
7100 0.037655234
7200 0.0153919235
7300 0.006766348
7400 0.011340594
7500 0.015750114
7600 0.043503072
7700 0.035737306
7800 0.03713696
7900 0.0065844296
8000 0.018135227
8100 0.0068721813
8200 0.0014118897
8300 0.01270241
8400 0.009332972
8500 0.013125451
8600 0.012245299
8700 0.005643731
8800 0.0025040102
8900 0.002609301
9000 0.002828177
9100 0.0062348237
9200 0.031305302
9300 0.005593089
9400 0.016329313
9500 0.0018018453
9600 0.011113043
9700 0.0036639841
9800 0.019172937
9900 0.0019660187
10000 0.013589706
10100 0.0025013636
10200 0.00558136
10300 0.035047054
10400 0.009606975
10500 0.007897002
10600 0.0180829
10700 0.0056831124
10800 0.013726835
10900 0.006032283
11000 0.011305779
11100 0.007165291
11200 0.018009672
11300 0.0035586543
11400 0.0038281614
11500 0.011285313
11600 0.014119125
11700 0.00849039
11800 0.0062860707
11900 0.0027922646
12000 0.004759997
12100 0.0040002344
12200 0.014853307
12300 0.0017749507
12400 0.14465857
12500 0.0052099545
12600 0.0091236215
12700 0.0035596646
12800 0.005524068
12900 0.00449498
13000 0.009074334
13100 0.0014115627
13200 0.0058546388
13300 0.007647669
13400 0.0028199858
13500 0.006675242
13600 0.0045050294
13700 0.0014074285
13800 0.0039454014
13900 0.0005918622
14000 0.0031110921
14100 0.0019785012
14200 0.0026946797
14300 9.838764e-05
14400 0.0037724948
14500 0.0009452185
14600 0.033489265
14700 0.0049959584
14800 0.008458701
14900 0.0029995427
15000 0.0029624514
15100 0.008487454
15200 0.0014834268
15300 0.0058551603
15400 0.00090333115
15500 0.0009471535
15600 0.006279806
15700 0.004353801
15800 0.0005193398
15900 0.0005745084
16000 0.0025769353
16100 0.0043995357
16200 0.00071281067
16300 0.0017086997
16400 0.0023724593
