0 4.869815
100 0.52708536
200 0.23688784
300 0.11901054
400 0.18202543
500 0.33439013
600 0.3845632
700 0.1186477
800 0.21741447
900 0.11689905
1000 0.2791978
1100 0.18394378
1200 0.1255992
1300 0.14304622
1400 0.03659208
1500 0.09442398
1600 0.04524008
1700 0.15013252
1800 0.06416459
1900 0.027619746
2000 0.07644018
2100 0.057961226
2200 0.034460813
2300 0.053029887
2400 0.13155338
2500 0.04866596
2600 0.2733923
2700 0.1692684
2800 0.17343909
2900 0.011739422
3000 0.013802789
3100 0.07263344
3200 0.015507267
3300 0.20380671
3400 0.13860084
3500 0.005917572
3600 0.060008094
3700 0.006611089
3800 0.06428852
3900 0.037795864
4000 0.016660549
4100 0.018417804
4200 0.1036126
4300 0.023165394
4400 0.0038436253
4500 0.060809128
4600 0.02785746
4700 0.01864909
4800 0.02707405
4900 0.03681194
5000 0.014046132
5100 0.015839202
5200 0.011241922
5300 0.061632592
5400 0.025641112
5500 0.004407477
5600 0.031901576
5700 0.006412032
5800 0.0025039858
5900 0.12148957
6000 0.007965326
6100 0.049299408
6200 0.0021860816
6300 0.0041510104
6400 0.019605706
6500 0.0027003954
6600 0.0031968039
6700 0.03853149
6800 0.010218368
6900 0.018558294
7000 0.010055285
7100 0.02610062
7200 0.010668868
7300 0.0046900753
7400 0.007860701
7500 0.010917147
7600 0.030154033
7700 0.024771214
7800 0.02574138
7900 0.004563979
8000 0.012570381
8100 0.0047634332
8200 0.0009786474
8300 0.00880464
8400 0.006469123
8500 0.0090978695
8600 0.008487795
8700 0.003911936
8800 0.0017356476
8900 0.0018086295
9000 0.001960343
9100 0.0043216506
9200 0.02169918
9300 0.0038768337
9400 0.0113186175
9500 0.001248944
9600 0.007702974
9700 0.0025396803
9800 0.013289668
9900 0.0013627403
10000 0.009419667
10100 0.0017338131
10200 0.0038687037
10300 0.024292767
10400 0.0066590477
10500 0.0054737846
10600 0.012534112
10700 0.0039392333
10800 0.009514717
10900 0.00418126
11000 0.007836569
11100 0.0049666013
11200 0.012483354
11300 0.0024666712
11400 0.0026534793
11500 0.007822383
11600 0.009786632
11700 0.0058850897
11800 0.004357172
11900 0.0019354502
12000 0.0032993786
12100 0.0027727513
12200 0.010295528
12300 0.001230302
12400 0.100269675
12500 0.0036112652
12600 0.0063240128
12700 0.0024673715
12800 0.0038289921
12900 0.0031156826
13000 0.006289849
13100 0.0009784207
13200 0.0040581264
13300 0.00530096
13400 0.0019546652
13500 0.004626925
13600 0.0031226485
13700 0.00097555516
13800 0.002734744
13900 0.00041024762
14000 0.0021564448
14100 0.0013713925
14200 0.0018678096
14300 6.8197114e-05
14400 0.0026148942
14500 0.00065517554
14600 0.02321299
14700 0.0034629346
14800 0.005863125
14900 0.0020791246
15000 0.002053415
15100 0.005883055
15200 0.0010282331
15300 0.0040584877
15400 0.00062614144
15500 0.00065651676
15600 0.00435283
15700 0.0030178246
15800 0.00035997893
15900 0.00039821886
16000 0.0017861954
16100 0.0030495257
16200 0.0004940827
16300 0.0011843804
16400 0.0016444634
