0 3.06702
100 1.7180785
200 1.6240146
300 1.4210227
400 1.2726301
500 1.5516806
600 1.2682419
700 1.3282667
800 1.3843216
900 1.3609889
1000 1.2680538
1100 1.2278804
1200 1.3343353
1300 1.246845
1400 1.1622281
1500 1.2331493
1600 1.19771
1700 1.2886703
1800 1.1977584
1900 1.1230323
2000 1.1359026
2100 1.1481045
2200 1.1602819
2300 1.2575047
2400 1.104592
2500 1.1147816
2600 1.1315968
2700 1.033993
2800 1.1950302
2900 1.0556997
3000 1.0730987
3100 1.1308782
3200 1.0696815
3300 1.1260607
3400 1.1372099
3500 1.0337975
3600 1.1598992
3700 1.0313709
3800 1.1232295
3900 1.1146071
4000 1.0785954
4100 1.0509915
4200 1.0728071
4300 1.078667
4400 1.0246854
4500 1.0698943
4600 1.1470791
4700 1.0757532
4800 1.1103318
4900 1.1415191
5000 1.0723424
5100 1.0578327
5200 1.0529923
5300 1.1102804
5400 1.0668949
5500 1.0207989
5600 1.0539203
5700 1.034869
5800 1.0151553
5900 1.026774
6000 1.0408674
6100 1.1511059
6200 1.0123501
6300 1.0252973
6400 1.0844212
6500 1.0155587
6600 1.018597
6700 1.1389729
6800 1.0537701
6900 1.0900307
7000 1.0441554
7100 1.1039046
7200 1.0553976
7300 1.0256755
7400 1.0372069
7500 1.0558012
7600 1.0492122
7700 1.0970378
7800 1.073432
7900 1.0264891
8000 1.0581698
8100 1.0282776
8200 1.0064933
8300 1.0355232
8400 1.0326618
8500 1.0349721
8600 1.041413
8700 1.0224459
8800 1.0107331
8900 1.0113063
9000 1.0111082
9100 1.0218556
9200 1.0709673
9300 1.0231986
9400 1.0489433
9500 1.0084405
9600 1.030855
9700 1.0140188
9800 1.0548394
9900 1.0093358
10000 1.045546
10100 1.0098987
10200 1.0209737
10300 1.0799739
10400 1.0336457
10500 1.0306294
10600 1.0659015
10700 1.0222969
10800 1.0445575
10900 1.0235558
11000 1.0329134
11100 1.0261701
11200 1.0557948
11300 1.0138657
11400 1.0154767
11500 1.039481
11600 1.0403459
11700 1.0261861
11800 1.0218167
11900 1.010579
12000 1.0188863
12100 1.0175414
12200 1.0374882
12300 1.0083987
12400 1.0677876
12500 1.021029
12600 1.0253763
12700 1.0156465
12800 1.0228468
12900 1.0197868
13000 1.0286149
13100 1.0068648
13200 1.0202888
13300 1.025894
13400 1.0123888
13500 1.0240512
13600 1.0170224
13700 1.0060837
13800 1.0163618
13900 1.0032187
14000 1.013951
14100 1.0081997
14200 1.0111673
14300 1.0006969
14400 1.0145051
14500 1.0047657
14600 1.0476754
14700 1.0192832
14800 1.0242002
14900 1.0113578
15000 1.0117512
15100 1.034502
15200 1.0072443
15300 1.0226684
15400 1.0042834
15500 1.00439
15600 1.0216167
15700 1.0184566
15800 1.002882
15900 1.0032091
16000 1.0108986
16100 1.0169437
16200 1.0039282
16300 1.0089016
16400 1.0093756
