0 0.0375
100 0.36562502
200 0.4125
300 0.45625
400 0.4375
500 0.49687502
600 0.51875
700 0.46249998
800 0.45937502
900 0.478125
1000 0.49375004
1100 0.44375
1200 0.465625
1300 0.47812504
1400 0.50937504
1500 0.52187496
1600 0.453125
1700 0.434375
1800 0.515625
1900 0.50625
2000 0.521875
2100 0.525
2200 0.47812507
2300 0.55625004
2400 0.525
2500 0.45625
2600 0.509375
2700 0.50624996
2800 0.55
2900 0.546875
3000 0.49375
3100 0.46562502
3200 0.4875
3300 0.6
3400 0.50937504
3500 0.5
3600 0.52500004
3700 0.49375
3800 0.484375
3900 0.46875
4000 0.5531251
4100 0.5218751
4200 0.5125
4300 0.540625
4400 0.5656251
4500 0.50937504
4600 0.546875
4700 0.546875
4800 0.603125
4900 0.51875
5000 0.6
5100 0.49374995
5200 0.46562502
5300 0.50937504
5400 0.52500004
5500 0.5812501
5600 0.54062504
5700 0.52812505
5800 0.5125
5900 0.47812504
6000 0.5125
6100 0.5
6200 0.521875
6300 0.53125
6400 0.50937504
6500 0.55625
6600 0.56875
6700 0.52187496
6800 0.46875003
6900 0.571875
7000 0.496875
7100 0.52187496
7200 0.540625
7300 0.534375
7400 0.521875
7500 0.5
7600 0.471875
7700 0.534375
7800 0.55625004
7900 0.54375005
8000 0.6
8100 0.55937505
8200 0.54687506
8300 0.58124995
8400 0.54375
8500 0.50625
8600 0.55937505
8700 0.54375005
8800 0.48125005
8900 0.51250005
9000 0.52812505
9100 0.51562506
9200 0.52500004
9300 0.5343751
9400 0.48437503
9500 0.5375
9600 0.590625
9700 0.575
9800 0.540625
9900 0.50625
10000 0.515625
10100 0.53749996
10200 0.58125
10300 0.565625
10400 0.503125
10500 0.54062504
10600 0.546875
10700 0.51875
10800 0.58437496
10900 0.56875
11000 0.56250006
11100 0.51875
11200 0.503125
11300 0.49375
11400 0.54375
11500 0.503125
11600 0.521875
11700 0.509375
11800 0.5125
11900 0.53125
12000 0.515625
12100 0.52500004
12200 0.5500001
12300 0.5875
12400 0.52500004
12500 0.47499996
12600 0.56875
12700 0.5625
12800 0.528125
12900 0.546875
13000 0.49687502
13100 0.553125
13200 0.615625
13300 0.51250005
13400 0.5125
13500 0.54375
13600 0.565625
13700 0.50937504
13800 0.49375
13900 0.49375
14000 0.559375
14100 0.54999995
14200 0.52500004
14300 0.596875
14400 0.54375
14500 0.47187504
14600 0.5375
14700 0.58125
14800 0.565625
14900 0.546875
15000 0.534375
15100 0.53125
15200 0.61875004
15300 0.578125
15400 0.521875
15500 0.51250005
15600 0.58124995
15700 0.5375
15800 0.49062502
15900 0.521875
16000 0.5968751
16100 0.58437496
16200 0.5625
16300 0.43437502
16400 0.55312496
16500 0.565625
16600 0.596875
16700 0.528125
16800 0.55937505
16900 0.515625
17000 0.565625
17100 0.58124995
17200 0.521875
17300 0.55625
17400 0.515625
17500 0.565625
17600 0.615625
17700 0.553125
17800 0.55
17900 0.54062504
18000 0.57500005
18100 0.534375
18200 0.54375
18300 0.503125
18400 0.5375
18500 0.61875004
18600 0.53125
18700 0.525
18800 0.57812506
18900 0.61249995
19000 0.575
19100 0.575
19200 0.55937505
19300 0.565625
19400 0.515625
19500 0.55625004
19600 0.57812506
19700 0.534375
19800 0.603125
19900 0.62187505
20000 0.546875
20100 0.57500005
20200 0.53437495
20300 0.578125
20400 0.6
20500 0.575
20600 0.5375
20700 0.553125
20800 0.546875
20900 0.51250005
21000 0.58750004
21100 0.56874996
21200 0.55625
21300 0.54375005
21400 0.53125
21500 0.6125
21600 0.49687502
21700 0.61875004
21800 0.58124995
21900 0.5625
22000 0.55625
22100 0.55
22200 0.565625
22300 0.57187504
22400 0.53437495
22500 0.578125
22600 0.5875
22700 0.5375
22800 0.6062499
22900 0.528125
23000 0.48125
23100 0.58125
23200 0.56874996
23300 0.53749996
23400 0.60625005
23500 0.58125
23600 0.515625
23700 0.55312496
23800 0.5406251
23900 0.57187504
24000 0.54062504
24100 0.5625
24200 0.578125
24300 0.578125
24400 0.528125
24500 0.63124996
24600 0.584375
24700 0.565625
24800 0.534375
24900 0.52187496
25000 0.59062505
25100 0.534375
25200 0.5875
25300 0.596875
25400 0.59375006
25500 0.56875
25600 0.6
25700 0.55
25800 0.5625
25900 0.55312496
26000 0.51875
26100 0.578125
26200 0.55312496
26300 0.56875
26400 0.553125
26500 0.54375
26600 0.55937505
26700 0.56875
26800 0.59062505
26900 0.559375
27000 0.546875
27100 0.61875004
27200 0.54375
27300 0.61875004
27400 0.534375
27500 0.565625
27600 0.55
27700 0.58437496
27800 0.590625
27900 0.565625
28000 0.57187504
28100 0.55625
28200 0.50625
28300 0.57187504
28400 0.48125
28500 0.5500001
28600 0.51250005
28700 0.575
28800 0.54375
28900 0.46250004
29000 0.553125
29100 0.54375
29200 0.58750004
29300 0.55312496
29400 0.578125
29500 0.5625
29600 0.53125
29700 0.6375
29800 0.625
29900 0.578125
30000 0.534375
30100 0.6
30200 0.52500004
30300 0.584375
30400 0.50625
30500 0.521875
30600 0.55625004
30700 0.55625004
30800 0.496875
30900 0.540625
31000 0.50937504
31100 0.57187504
31200 0.546875
31300 0.53125006
31400 0.57187504
31500 0.590625
31600 0.553125
31700 0.59375
31800 0.546875
31900 0.553125
32000 0.53125
32100 0.53125
32200 0.553125
32300 0.571875
32400 0.575
32500 0.603125
32600 0.5812501
32700 0.51250005
32800 0.503125
32900 0.58125
33000 0.5875
33100 0.528125
33200 0.62187505
33300 0.55625
33400 0.55625004
33500 0.50937504
33600 0.5625
33700 0.525
33800 0.56875
33900 0.584375
34000 0.57500005
34100 0.5875
34200 0.57500005
34300 0.578125
34400 0.58125
34500 0.603125
34600 0.55
34700 0.56874996
34800 0.565625
34900 0.575
35000 0.58750004
35100 0.60625005
35200 0.55625
35300 0.56875
35400 0.57812506
35500 0.59999996
35600 0.57812506
35700 0.5875
35800 0.58125
35900 0.5375
36000 0.546875
36100 0.6
36200 0.54375005
36300 0.578125
36400 0.559375
36500 0.6125001
36600 0.515625
36700 0.596875
36800 0.6000001
36900 0.60312504
37000 0.615625
37100 0.59687495
37200 0.659375
37300 0.559375
37400 0.57187504
37500 0.578125
37600 0.58125
37700 0.546875
37800 0.575
37900 0.5625
38000 0.55937505
38100 0.52500004
38200 0.559375
38300 0.56875
38400 0.58437496
38500 0.534375
38600 0.49687502
38700 0.54375
38800 0.53125
38900 0.528125
39000 0.53749996
39100 0.6
39200 0.53125006
39300 0.49687505
39400 0.55
39500 0.578125
39600 0.54062504
39700 0.59375
39800 0.53749996
39900 0.53125
40000 0.575
40100 0.54375
40200 0.584375
40300 0.5625
40400 0.546875
40500 0.58125
40600 0.565625
40700 0.60625
40800 0.4875
40900 0.57812506
