0 4.8274765
100 3.116376
200 2.882938
300 2.5482087
400 2.5774388
500 2.374025
600 2.3117123
700 2.4921699
800 2.5123634
900 2.5973916
1000 2.3911228
1100 2.603207
1200 2.4490557
1300 2.61753
1400 2.3410296
1500 2.296555
1600 2.4165668
1700 2.5745816
1800 2.275585
1900 2.3415728
2000 2.202531
2100 2.3507788
2200 2.4182441
2300 2.0771403
2400 2.1626446
2500 2.6107125
2600 2.2950644
2700 2.2647712
2800 2.3089745
2900 2.1446955
3000 2.459249
3100 2.4882123
3200 2.3286524
3300 1.8834295
3400 2.2964673
3500 2.3085108
3600 2.3878083
3700 2.3579624
3800 2.4400413
3900 2.5010254
4000 2.2845895
4100 2.2836163
4200 2.1476972
4300 1.9812713
4400 2.1604006
4500 2.2644463
4600 2.0219584
4700 2.104255
4800 1.9382207
4900 2.1601505
5000 1.8747923
5100 2.2794454
5200 2.599127
5300 2.4179795
5400 2.1479478
5500 1.9404424
5600 2.1615043
5700 2.0869741
5800 2.286546
5900 2.3110862
6000 2.3258479
6100 2.3365574
6200 2.3075993
6300 2.2622776
6400 2.3161001
6500 2.172948
6600 1.8653307
6700 2.1522398
6800 2.3280485
6900 2.0286944
7000 2.3774738
7100 2.1780849
7200 2.1418624
7300 2.3411183
7400 2.3613207
7500 2.2351754
7600 2.5122042
7700 2.0749922
7800 2.0445263
7900 2.2201216
8000 1.9968035
8100 2.090511
8200 2.199382
8300 2.1435058
8400 2.047193
8500 2.3198748
8600 2.1552382
8700 2.1477127
8800 2.5837348
8900 2.289115
9000 2.2338169
9100 2.1703095
9200 2.2067454
9300 2.3511794
9400 2.5445428
9500 2.1365473
9600 2.0333028
9700 1.9569305
9800 2.123459
9900 2.2811058
10000 2.2718287
10100 2.1825948
10200 1.9092788
10300 1.9589374
10400 2.225423
10500 2.3554602
10600 2.1782682
10700 2.3477967
10800 1.920781
10900 2.111913
11000 2.100503
11100 2.2662582
11200 2.1882381
11300 2.5574784
11400 2.3807454
11500 2.3436594
11600 2.2123923
11700 2.2737658
11800 2.4083774
11900 2.1654582
12000 2.1419947
12100 2.1639564
12200 2.115728
12300 2.0889068
12400 2.226307
12500 2.363712
12600 2.1754668
12700 1.9310973
12800 2.2866008
12900 2.3158143
13000 2.3960426
13100 2.2705739
13200 1.8688899
13300 2.3993897
13400 2.2987945
13500 2.1298628
13600 2.144433
13700 2.417626
13800 2.3018785
13900 2.2382865
14000 2.034637
14100 2.1338143
14200 2.2884083
14300 2.0137415
14400 2.2716084
14500 2.5077784
14600 2.2053163
14700 1.9909753
14800 2.0464013
14900 2.1530917
15000 2.1508758
15100 2.0987365
15200 1.7864295
15300 2.0359724
15400 2.1893175
15500 2.3554785
15600 2.1323655
15700 2.1022496
15800 2.5396576
15900 2.278133
16000 1.9723697
16100 2.0436287
16200 2.2216623
16300 2.7471666
16400 2.1208184
16500 2.029412
16600 1.9838275
16700 2.25476
16800 2.0765939
16900 2.2296233
17000 2.0447912
17100 2.054501
17200 2.1697655
17300 2.1822436
17400 2.1307628
17500 1.8667529
17600 1.8261938
17700 1.9995401
17800 2.1412764
17900 2.222444
18000 2.185876
18100 2.2192967
18200 2.0448568
18300 2.3009856
18400 2.206075
18500 1.8931981
18600 2.2049427
18700 2.2488604
18800 1.9239515
18900 1.8729501
19000 1.9170058
19100 2.0396821
19200 2.017717
19300 2.208564
19400 2.1609101
19500 2.224112
19600 2.0257866
19700 2.0725596
19800 1.8271585
19900 1.8874681
20000 2.2322667
20100 2.0322883
20200 2.1695213
20300 1.9473141
20400 1.8811126
20500 2.0352829
20600 2.2112577
20700 1.9627994
20800 2.035951
20900 2.1754806
21000 2.0418544
21100 2.142352
21200 2.182902
21300 2.1255832
21400 2.128446
21500 1.8240181
21600 2.2036397
21700 1.8581824
21800 1.9772656
21900 1.9744334
22000 2.1815403
22100 2.0737455
22200 2.0915804
22300 2.1041443
22400 2.1049516
22500 1.9406426
22600 1.9470158
22700 2.1162462
22800 1.8232987
22900 2.2650461
23000 2.4612625
23100 1.9125051
23200 2.1292624
23300 2.1178288
23400 1.7914852
23500 1.8441901
23600 2.243076
23700 2.0119925
23800 2.035399
23900 1.9757354
24000 2.1927066
24100 2.1575959
24200 1.8498399
24300 1.9668734
24400 2.324726
24500 1.8187698
24600 2.0238352
24700 1.9928677
24800 2.0028214
24900 2.1533644
25000 2.0391424
25100 2.1214976
25200 1.9481707
25300 1.8724222
25400 1.939605
25500 2.1016066
25600 1.9836764
25700 2.176459
25800 2.0511572
25900 2.1073704
26000 2.2149034
26100 2.073461
26200 1.9990405
26300 2.006774
26400 2.1154466
26500 1.9991674
26600 2.1449037
26700 2.1179225
26800 1.8715519
26900 2.1353495
27000 2.114454
27100 1.9464425
27200 2.0893226
27300 1.9227686
27400 2.1852288
27500 2.0175622
27600 2.1885595
27700 1.9585917
27800 2.1223435
27900 2.0271902
28000 1.9417949
28100 2.0869482
28200 2.3389997
28300 1.8911768
28400 2.5206048
28500 2.0469313
28600 2.1994126
28700 1.885029
28800 2.2623172
28900 2.4390488
29000 1.9556485
29100 2.1780782
29200 1.9506605
29300 2.0854607
29400 1.8338249
29500 2.1426601
29600 2.154692
29700 1.745368
29800 1.9771478
29900 1.9222289
30000 2.1450052
30100 1.8389564
30200 2.1043088
30300 1.8853681
30400 2.2513874
30500 2.0994773
30600 2.074764
30700 2.1866367
30800 2.371617
30900 1.9668273
31000 2.3259904
31100 1.9776878
31200 2.1777387
31300 2.233945
31400 2.1535552
31500 2.0626962
31600 2.1644392
31700 2.001849
31800 2.1468446
31900 2.010085
32000 2.1866255
32100 2.3080688
32200 2.14166
32300 1.936262
32400 2.0206597
32500 1.906194
32600 1.8961186
32700 2.3030837
32800 2.2014391
32900 2.1787744
33000 1.8692945
33100 2.1622856
33200 1.8463113
33300 2.071044
33400 2.0082028
33500 2.2367356
33600 2.1095624
33700 2.186821
33800 1.973108
33900 1.9740762
34000 2.0478096
34100 1.9058168
34200 1.961936
34300 1.9408073
34400 1.9047714
34500 1.9434316
34600 2.1244328
34700 2.0567365
34800 2.0407722
34900 2.0347965
35000 2.0168822
35100 1.8695941
35200 1.9206346
35300 1.8603946
35400 2.068226
35500 1.8271681
35600 1.8901325
35700 1.9435078
35800 1.9434907
35900 2.2498724
36000 2.1070557
36100 1.8462954
36200 2.0426795
36300 2.0281606
36400 2.1209888
36500 1.8459451
36600 2.3023639
36700 1.8732287
36800 1.8227227
36900 1.8709538
37000 1.8485783
37100 1.9398081
37200 1.7117394
37300 2.001014
37400 2.0017214
37500 1.9681792
37600 1.96527
37700 2.2104924
37800 1.7895612
37900 1.9254267
38000 2.110491
38100 2.358135
38200 2.2160766
38300 2.0203998
38400 1.9955078
38500 2.2241733
38600 2.3339422
38700 2.2105846
38800 2.2888582
38900 2.2117214
39000 2.1368794
39100 1.8536705
39200 2.2091124
39300 2.227386
39400 2.1150954
39500 2.1283686
39600 2.11944
39700 1.9159588
39800 2.0720634
39900 2.1734436
40000 2.023457
40100 2.342446
40200 2.0895684
40300 2.0640213
40400 2.1115878
40500 1.9095801
40600 2.112418
40700 1.8886025
40800 2.3162427
40900 2.0507224
