0 3.3461516
100 2.1601071
200 1.9983003
300 1.7662838
400 1.7865444
500 1.6455488
600 1.6023568
700 1.7274406
800 1.7414377
900 1.8003746
1000 1.6574
1100 1.8044057
1200 1.697556
1300 1.8143337
1400 1.6226782
1500 1.5918506
1600 1.6750364
1700 1.784564
1800 1.5773153
1900 1.6230546
2000 1.5266782
2100 1.6294358
2200 1.6761991
2300 1.439764
2400 1.499031
2500 1.8096081
2600 1.5908175
2700 1.5698198
2800 1.6004592
2900 1.4865897
3000 1.7046216
3100 1.7246974
3200 1.6140988
3300 1.3054938
3400 1.5917898
3500 1.6001377
3600 1.6551026
3700 1.6344149
3800 1.6913078
3900 1.7335787
4000 1.5835568
4100 1.5828822
4200 1.4886703
4300 1.3733126
4400 1.4974756
4500 1.5695946
4600 1.4015148
4700 1.4585583
4800 1.3434722
4900 1.4973022
5000 1.299507
5100 1.5799911
5200 1.8015776
5300 1.6760156
5400 1.488844
5500 1.3450122
5600 1.4982406
5700 1.4465802
5800 1.5849129
5900 1.6019229
6000 1.612155
6100 1.6195782
6200 1.599506
6300 1.5680914
6400 1.6053983
6500 1.5061728
6600 1.2929487
6700 1.4918189
6800 1.6136802
6900 1.4061837
7000 1.6479393
7100 1.5097334
7200 1.4846258
7300 1.6227396
7400 1.6367428
7500 1.5493056
7600 1.7413272
7700 1.438275
7800 1.4171576
7900 1.538871
8000 1.3840787
8100 1.4490318
8200 1.5244955
8300 1.485765
8400 1.4190061
8500 1.6080147
8600 1.4938973
8700 1.4886811
8800 1.7909085
8900 1.5866935
9000 1.5483639
9100 1.504344
9200 1.5295994
9300 1.6297133
9400 1.7637427
9500 1.4809418
9600 1.409378
9700 1.3564409
9800 1.4718697
9900 1.581142
10000 1.5747116
10100 1.5128593
10200 1.3234112
10300 1.357832
10400 1.5425457
10500 1.6326807
10600 1.5098604
10700 1.6273687
10800 1.331384
10900 1.4638665
11000 1.4559577
11100 1.5708505
11200 1.5167711
11300 1.772709
11400 1.650207
11500 1.6245009
11600 1.5335135
11700 1.5760543
11800 1.66936
11900 1.5009813
12000 1.4847176
12100 1.4999403
12200 1.4665108
12300 1.4479198
12400 1.5431584
12500 1.6384004
12600 1.5079187
12700 1.3385346
12800 1.5849509
12900 1.6052
13000 1.6608101
13100 1.5738418
13200 1.2954158
13300 1.6631303
13400 1.5934029
13500 1.4763085
13600 1.4864078
13700 1.6757705
13800 1.5955405
13900 1.5514619
14000 1.4103029
14100 1.4790474
14200 1.5862038
14300 1.3958192
14400 1.5745589
14500 1.7382596
14600 1.5286088
14700 1.3800389
14800 1.4184573
14900 1.4924095
15000 1.4908736
15100 1.4547333
15200 1.2382586
15300 1.4112285
15400 1.5175192
15500 1.6326933
15600 1.4780431
15700 1.4571685
15800 1.7603565
15900 1.5790814
16000 1.3671424
16100 1.4165355
16200 1.5399389
16300 1.9041908
16400 1.4700392
16500 1.4066812
16600 1.3750844
16700 1.5628805
16800 1.4393852
16900 1.5454571
17000 1.4173414
17100 1.4240717
17200 1.5039668
17300 1.5126159
17400 1.4769322
17500 1.2939345
17600 1.2658211
17700 1.3859756
17800 1.4842197
17900 1.5404809
18000 1.5151337
18100 1.5382993
18200 1.4173868
18300 1.5949217
18400 1.5291346
18500 1.3122649
18600 1.5283499
18700 1.5587912
18800 1.3335816
18900 1.29823
19000 1.3287672
19100 1.4138
19200 1.3985747
19300 1.53086
19400 1.4978287
19500 1.5416371
19600 1.4041684
19700 1.4365888
19800 1.2664897
19900 1.3082932
20000 1.5472894
20100 1.4086748
20200 1.5037975
20300 1.3497753
20400 1.3038878
20500 1.4107506
20600 1.5327271
20700 1.3605089
20800 1.4112136
20900 1.5079283
21000 1.4153056
21100 1.4849653
21200 1.5130724
21300 1.4733421
21400 1.4753264
21500 1.264313
21600 1.5274467
21700 1.2879939
21800 1.3705361
21900 1.368573
22000 1.5121285
22100 1.4374108
22200 1.4497731
22300 1.4584818
22400 1.4590412
22500 1.345151
22600 1.3495685
22700 1.4668702
22800 1.2638143
22900 1.5700103
23000 1.7060171
23100 1.3256476
23200 1.4758923
23300 1.4679672
23400 1.2417629
23500 1.2782952
23600 1.5547819
23700 1.3946068
23800 1.4108311
23900 1.3694755
24000 1.5198684
24100 1.4955316
24200 1.2822113
24300 1.3633327
24400 1.6113774
24500 1.2606752
24600 1.4028157
24700 1.3813506
24800 1.38825
24900 1.4925984
25000 1.4134258
25100 1.4705101
25200 1.350369
25300 1.2978642
25400 1.3444318
25500 1.4567227
25600 1.3749797
25700 1.5086066
25800 1.4217539
25900 1.4607179
26000 1.535254
26100 1.4372137
26200 1.3856293
26300 1.3909898
26400 1.4663157
26500 1.3857173
26600 1.4867339
26700 1.4680321
26800 1.2972609
26900 1.4801115
27000 1.4656279
27100 1.3491712
27200 1.4482081
27300 1.3327616
27400 1.5146852
27500 1.3984675
27600 1.5169939
27700 1.3575923
27800 1.4710965
27900 1.4051412
28000 1.3459496
28100 1.4465623
28200 1.6212711
28300 1.3108639
28400 1.7471502
28500 1.4188247
28600 1.5245166
28700 1.3066025
28800 1.5681188
28900 1.6906198
29000 1.3555523
29100 1.5097287
29200 1.3520948
29300 1.4455312
29400 1.2711105
29500 1.4851788
29600 1.4935186
29700 1.2097969
29800 1.3704544
29900 1.3323876
30000 1.4868044
30100 1.2746674
30200 1.4585958
30300 1.3068376
30400 1.5605428
30500 1.4552467
30600 1.4381168
30700 1.515661
30800 1.6438797
30900 1.3633008
31000 1.6122537
31100 1.3708287
31200 1.5094934
31300 1.5484526
31400 1.4927306
31500 1.429752
31600 1.500275
31700 1.387576
31800 1.4880793
31900 1.3932848
32000 1.5156534
32100 1.5998313
32200 1.4844856
32300 1.3421146
32400 1.4006146
32500 1.321273
32600 1.3142893
32700 1.596376
32800 1.5259213
32900 1.5102112
33000 1.2956963
33100 1.4987822
33200 1.2797655
33300 1.4355383
33400 1.3919802
33500 1.550387
33600 1.4622372
33700 1.5157888
33800 1.3676543
33900 1.3683254
34000 1.4194335
34100 1.3210115
34200 1.3599104
34300 1.3452652
34400 1.320287
34500 1.3470842
34600 1.4725446
34700 1.4256212
34800 1.4145554
34900 1.4104134
35000 1.3979962
35100 1.2959039
35200 1.3312825
35300 1.2895273
35400 1.4335852
35500 1.2664964
35600 1.31014
35700 1.347137
35800 1.3471252
35900 1.5594928
36000 1.4604998
36100 1.2797544
36200 1.4158776
36300 1.4058138
36400 1.4701575
36500 1.2795117
36600 1.595877
36700 1.2984232
36800 1.2634151
36900 1.2968464
37000 1.2813369
37100 1.3445725
37200 1.1864873
37300 1.3869972
37400 1.3874875
37500 1.3642379
37600 1.3622214
37700 1.5321966
37800 1.2404293
37900 1.3346041
38000 1.462881
38100 1.6345346
38200 1.5360672
38300 1.4004345
38400 1.3831806
38500 1.5416794
38600 1.6177654
38700 1.5322605
38800 1.5865155
38900 1.5330484
39000 1.481172
39100 1.2848665
39200 1.5312401
39300 1.5439063
39400 1.4660724
39500 1.4752728
39600 1.4690839
39700 1.3280414
39800 1.436245
39900 1.5065163
40000 1.4025536
40100 1.6236598
40200 1.4483784
40300 1.4306706
40400 1.4636412
40500 1.3236201
40600 1.4642165
40700 1.3090795
40800 1.6054971
40900 1.4214524
