0 26.257465
100 10.277474
200 8.339821
300 8.082857
400 7.3541713
500 7.204769
600 6.968297
700 7.1687336
800 7.1557894
900 7.4956512
1000 6.1869626
1100 7.327211
1200 7.2973557
1300 6.8787565
1400 7.029526
1500 6.5411954
1600 6.92203
1700 6.990631
1800 6.4526567
1900 6.367609
2000 6.5481815
2100 6.868351
2200 6.5973015
2300 6.1698766
2400 6.6460123
2500 7.1003866
2600 6.4130754
2700 6.7738085
2800 6.682584
2900 6.1660156
3000 6.5378532
3100 6.52554
3200 6.114962
3300 5.9640994
3400 6.6461134
3500 6.708163
3600 6.106818
3700 6.1939754
3800 6.7984095
3900 6.409268
4000 6.5013504
4100 6.7099094
4200 6.241489
4300 6.2694044
4400 6.40709
4500 6.3803616
4600 5.686502
4700 6.137565
4800 6.1399155
4900 6.178606
5000 6.010738
5100 6.491802
5200 6.4604096
5300 6.418477
5400 6.1547885
5500 6.1153903
5600 6.2811785
5700 6.376321
5800 6.220639
5900 6.058932
6000 6.796382
6100 6.529767
6200 6.4451656
6300 5.981023
6400 6.4846463
6500 6.2346497
6600 5.8703833
6700 6.6697054
6800 6.3260183
6900 6.5680714
7000 6.6272097
7100 6.3977947
7200 6.3988233
7300 6.3702087
7400 6.3165727
7500 6.1770124
7600 6.865275
7700 6.2651033
7800 6.171571
7900 6.1693635
8000 5.841202
8100 6.022992
8200 6.1522713
8300 6.2644496
8400 6.0477953
8500 6.449524
8600 6.3718195
8700 6.398958
8800 6.4250517
8900 6.429739
9000 6.430545
9100 6.1008673
9200 6.201661
9300 6.4502125
9400 6.5622325
9500 6.103736
9600 6.0946264
9700 6.2095337
9800 5.837505
9900 6.510313
10000 6.607832
10100 6.2356887
10200 6.069949
10300 5.6976423
10400 6.2749896
10500 6.716969
10600 6.612909
10700 6.505832
10800 5.675799
10900 6.5418415
11000 6.030072
11100 6.396304
11200 6.2951884
11300 6.4423337
11400 6.273897
11500 6.4879985
11600 5.9145412
11700 6.599238
11800 6.422823
11900 5.9145985
12000 6.194992
12100 6.3682985
12200 5.6780133
12300 6.1406965
12400 6.095541
12500 6.633044
12600 6.0277143
12700 5.633332
12800 6.1791496
12900 6.2854285
13000 6.7988586
13100 6.3082685
13200 5.8960605
13300 6.5516376
13400 6.3731737
13500 6.5079613
13600 6.161595
13700 6.36688
13800 6.329906
13900 5.9412413
14000 5.883188
14100 6.1480455
14200 6.8339596
14300 6.3581214
14400 5.620521
14500 6.5134835
14600 6.2855945
14700 6.011948
14800 6.234396
14900 6.4256644
15000 6.290943
15100 5.561561
15200 5.883926
15300 5.89867
15400 6.5297675
15500 6.55189
15600 6.252633
15700 6.2016363
15800 6.6881695
15900 6.7377334
16000 5.8165965
16100 5.9950266
16200 6.079807
16300 7.3969088
16400 6.050908
16500 6.4964857
16600 6.0140324
16700 6.2104154
16800 6.5967884
16900 6.9585476
17000 5.973288
17100 6.0067334
17200 6.011102
17300 6.509434
17400 6.518682
17500 5.9443746
17600 5.7319283
17700 6.264141
17800 6.399928
17900 6.0530853
18000 5.9807043
18100 6.5110636
18200 6.0268097
18300 6.6735616
18400 6.16683
18500 5.9493175
18600 6.1896005
18700 6.134288
18800 6.093621
18900 5.6691527
19000 6.087075
19100 6.211883
19200 6.205648
19300 6.2367563
19400 6.5592427
19500 6.5173163
19600 5.6354856
19700 6.3102484
19800 5.7334433
19900 6.509395
20000 6.7238445
20100 6.3911357
20200 6.314572
20300 5.948447
20400 5.9727774
20500 6.1569695
20600 6.349949
20700 6.14743
20800 6.0480886
20900 6.359633
21000 6.2464576
21100 5.9718723
21200 6.2554216
21300 6.343224
21400 6.0814543
21500 5.9507437
21600 6.4524593
21700 5.761207
21800 6.1239395
21900 5.9987373
22000 6.35509
22100 6.229644
22200 6.242872
22300 6.299557
22400 6.501365
22500 5.97418
22600 5.935837
22700 6.3658605
22800 5.990447
22900 6.1978774
23000 6.3141036
23100 6.082377
23200 6.4438987
23300 5.9414296
23400 5.5428653
23500 5.9392195
23600 6.592578
23700 6.1581774
23800 5.89464
23900 6.136736
24000 6.204153
24100 6.1738214
24200 6.355519
24300 6.5052657
24400 6.112011
24500 6.0554514
24600 6.0342374
24700 6.017529
24800 6.151055
24900 6.372055
25000 5.65084
25100 6.287619
25200 5.6663175
25300 5.782198
25400 5.7206264
25500 6.299558
25600 5.9689703
25700 6.0180597
25800 6.139613
25900 6.3021164
26000 6.3321023
26100 6.109992
26200 5.730677
26300 6.1411047
26400 6.1777587
26500 6.1895733
26600 6.1096587
26700 6.312257
26800 6.244414
26900 5.933613
27000 6.3320374
27100 5.8480644
27200 6.1785274
27300 6.303995
27400 6.4033184
27500 6.1507
27600 6.6015763
27700 5.9967747
27800 5.823413
27900 6.190872
28000 6.1665697
28100 6.504056
28200 6.530297
28300 5.946925
28400 7.112432
28500 6.2786264
28600 6.318642
28700 6.0321093
28800 6.7624474
28900 6.70907
29000 6.1023602
29100 6.3235445
29200 6.464339
29300 6.1816354
29400 5.9180145
29500 5.990327
29600 5.9005632
29700 5.907255
29800 6.15642
29900 6.3695393
30000 6.530158
30100 5.912443
30200 6.122944
30300 5.933874
30400 6.4686275
30500 6.1997976
30600 6.359789
30700 6.5976925
30800 6.4390993
30900 5.9144726
31000 6.297343
31100 6.0457835
31200 6.446072
31300 6.6487656
31400 6.259139
31500 6.2568474
31600 6.0479064
31700 5.8239827
31800 5.8953357
31900 6.6756687
32000 6.4130945
32100 6.0345573
32200 6.326963
32300 5.8454876
32400 6.318042
32500 5.554183
32600 6.043216
32700 6.653075
32800 6.392836
32900 6.0662284
33000 5.9132457
33100 6.5445986
33200 5.899066
33300 5.842058
33400 6.290683
33500 6.2066927
33600 6.3755336
33700 6.623029
33800 5.8522487
33900 5.8362494
34000 5.913484
34100 6.049893
34200 5.907825
34300 5.9173727
34400 5.636104
34500 5.9273357
34600 6.388777
34700 6.140942
34800 6.1058445
34900 6.312806
35000 5.976169
35100 5.8314934
35200 5.9937825
35300 5.887448
35400 6.1558013
35500 5.8153906
35600 5.917564
35700 5.6570034
35800 6.1963153
35900 5.620828
36000 5.9492245
36100 5.975662
36200 6.05277
36300 6.0108614
36400 6.4896083
36500 5.977988
36600 6.7373586
36700 5.7281446
36800 5.571785
36900 5.8926477
37000 5.944627
37100 5.976586
37200 5.594735
37300 6.178026
37400 5.8310575
37500 6.278698
37600 6.171648
37700 5.9691935
37800 5.58279
37900 5.8815956
38000 5.929609
38100 5.910303
38200 5.9949317
38300 5.9218807
38400 5.932426
38500 6.4713945
38600 6.218448
38700 6.4479623
38800 6.3127785
38900 6.3897467
39000 5.9809365
39100 5.64667
39200 6.3819494
39300 6.2312875
39400 6.0906935
39500 5.90087
39600 6.285306
39700 5.9397726
39800 6.053625
39900 6.15956
40000 5.965251
40100 5.793685
40200 5.89283
40300 6.3885174
40400 6.431053
40500 6.054257
40600 6.4163113
40700 6.046351
40800 6.203617
40900 5.9748116
