0 0.043750003
100 0.375
200 0.390625
300 0.4375
400 0.428125
500 0.50624996
600 0.49374998
700 0.45
800 0.43125
900 0.484375
1000 0.48749998
1100 0.44375
1200 0.478125
1300 0.45312503
1400 0.521875
1500 0.5125
1600 0.46562502
1700 0.45000005
1800 0.509375
1900 0.49374998
2000 0.534375
2100 0.496875
2200 0.471875
2300 0.5375
2400 0.553125
2500 0.45000002
2600 0.5
2700 0.509375
2800 0.521875
2900 0.55625004
3000 0.50625
3100 0.446875
3200 0.496875
3300 0.56874996
3400 0.52187496
3500 0.503125
3600 0.53125
3700 0.521875
3800 0.46875
3900 0.46875
4000 0.51875
4100 0.51875
4200 0.53125
4300 0.578125
4400 0.565625
4500 0.50625
4600 0.5625
4700 0.52812505
4800 0.596875
4900 0.55937505
5000 0.64375
5100 0.50625
5200 0.471875
5300 0.50625
5400 0.5375
5500 0.59375
5600 0.528125
5700 0.521875
5800 0.48125
5900 0.49687505
6000 0.4875
6100 0.53125
6200 0.5375
6300 0.53124994
6400 0.503125
6500 0.55625
6600 0.60625
6700 0.534375
6800 0.478125
6900 0.55625004
7000 0.503125
7100 0.5375
7200 0.56250006
7300 0.546875
7400 0.521875
7500 0.51875
7600 0.45312503
7700 0.56875
7800 0.584375
7900 0.50937504
8000 0.5656251
8100 0.56875
8200 0.55937505
8300 0.57500005
8400 0.55
8500 0.51875
8600 0.578125
8700 0.546875
8800 0.48125
8900 0.52812505
9000 0.58124995
9100 0.54375
9200 0.56875
9300 0.54062504
9400 0.50000006
9500 0.565625
9600 0.58750004
9700 0.57812494
9800 0.546875
9900 0.521875
10000 0.509375
10100 0.546875
10200 0.578125
10300 0.5812501
10400 0.509375
10500 0.51875
10600 0.52812505
10700 0.515625
10800 0.596875
10900 0.5875
11000 0.56875
11100 0.5625
11200 0.51875
11300 0.521875
11400 0.53125
11500 0.528125
11600 0.54999995
11700 0.52500004
11800 0.503125
11900 0.54062504
12000 0.54062504
12100 0.50312495
12200 0.5625
12300 0.56874996
12400 0.50937504
12500 0.46250004
12600 0.546875
12700 0.56875
12800 0.546875
12900 0.546875
13000 0.503125
13100 0.54375
13200 0.59062505
13300 0.490625
13400 0.52812505
13500 0.53437495
13600 0.55625
13700 0.53749996
13800 0.53125
13900 0.525
14000 0.55625
14100 0.55625
14200 0.49687505
14300 0.5875
14400 0.54375005
14500 0.50312495
14600 0.57187504
14700 0.56562495
14800 0.559375
14900 0.56249994
15000 0.540625
15100 0.55625004
15200 0.615625
15300 0.57500005
15400 0.5375
15500 0.509375
15600 0.55625
15700 0.55625004
15800 0.4875
15900 0.52187496
16000 0.56875
16100 0.58124995
16200 0.55625
16300 0.46562505
16400 0.55937505
16500 0.5625
16600 0.571875
16700 0.51875
16800 0.5375
16900 0.490625
17000 0.57812494
17100 0.59062505
17200 0.55625
17300 0.55625
17400 0.53125
17500 0.55625
17600 0.59375
17700 0.553125
17800 0.528125
17900 0.515625
18000 0.5375
18100 0.5
18200 0.534375
18300 0.503125
18400 0.54062504
18500 0.59687495
18600 0.534375
18700 0.534375
18800 0.565625
18900 0.615625
19000 0.57812506
19100 0.521875
19200 0.596875
19300 0.55
19400 0.5125
19500 0.53749996
19600 0.575
19700 0.565625
19800 0.60312504
19900 0.5968751
20000 0.515625
20100 0.559375
20200 0.528125
20300 0.575
20400 0.559375
20500 0.559375
20600 0.503125
20700 0.58750004
20800 0.5375
20900 0.525
21000 0.58125
21100 0.56250006
21200 0.521875
21300 0.54062504
21400 0.5531251
21500 0.603125
21600 0.509375
21700 0.60625005
21800 0.571875
21900 0.571875
22000 0.55625
22100 0.55625004
22200 0.575
22300 0.54375
22400 0.52500004
22500 0.559375
22600 0.5875
22700 0.540625
22800 0.565625
22900 0.54687506
23000 0.471875
23100 0.5875
23200 0.546875
23300 0.54687506
23400 0.6125001
23500 0.584375
23600 0.53125
23700 0.55
23800 0.56250006
23900 0.540625
24000 0.540625
24100 0.58124995
24200 0.55937505
24300 0.59062505
24400 0.50625
24500 0.615625
24600 0.5375
24700 0.53437495
24800 0.51875
24900 0.50625
25000 0.5625
25100 0.53125
25200 0.5875
25300 0.596875
25400 0.6
25500 0.540625
25600 0.565625
25700 0.5375
25800 0.575
25900 0.521875
26000 0.53125
26100 0.565625
26200 0.5375
26300 0.553125
26400 0.54375
26500 0.5625
26600 0.5625
26700 0.54375
26800 0.584375
26900 0.596875
27000 0.525
27100 0.6
27200 0.5625
27300 0.628125
27400 0.540625
27500 0.553125
27600 0.540625
27700 0.571875
27800 0.56874996
27900 0.5625
28000 0.584375
28100 0.51875
28200 0.49062502
28300 0.565625
28400 0.46250004
28500 0.53125006
28600 0.521875
28700 0.57187504
28800 0.55
28900 0.45624998
29000 0.54375
29100 0.5625
29200 0.55625004
29300 0.553125
29400 0.60625
29500 0.53125
29600 0.49375
29700 0.62187505
29800 0.60625
29900 0.58125
30000 0.52812505
30100 0.596875
30200 0.528125
30300 0.546875
30400 0.48750004
30500 0.525
30600 0.54375005
30700 0.525
30800 0.496875
30900 0.553125
31000 0.53125
31100 0.57500005
31200 0.54062504
31300 0.5375
31400 0.55
31500 0.57812506
31600 0.54375
31700 0.578125
31800 0.540625
31900 0.540625
32000 0.53125006
32100 0.49375004
32200 0.521875
32300 0.58437496
32400 0.58125
32500 0.62499994
32600 0.55625004
32700 0.50312495
32800 0.5
32900 0.56874996
33000 0.57812506
33100 0.515625
33200 0.578125
33300 0.55
33400 0.559375
33500 0.50625
33600 0.51875
33700 0.553125
33800 0.559375
33900 0.55625
34000 0.55
34100 0.58750004
34200 0.55937505
34300 0.553125
34400 0.553125
34500 0.58125
34600 0.53749996
34700 0.5625
34800 0.575
34900 0.59375006
35000 0.553125
35100 0.609375
35200 0.578125
35300 0.55
35400 0.57187504
35500 0.59999996
35600 0.565625
35700 0.55
35800 0.559375
35900 0.51875
36000 0.54375
36100 0.60312504
36200 0.565625
36300 0.575
36400 0.5375
36500 0.60625
36600 0.50312495
36700 0.60312504
36800 0.6
36900 0.58125
37000 0.609375
37100 0.590625
37200 0.63437504
37300 0.54999995
37400 0.590625
37500 0.5875
37600 0.584375
37700 0.559375
37800 0.60625005
37900 0.575
38000 0.55625
38100 0.50937504
38200 0.56874996
38300 0.55625004
38400 0.546875
38500 0.51875
38600 0.525
38700 0.53125
38800 0.503125
38900 0.51562506
39000 0.534375
39100 0.603125
39200 0.528125
39300 0.509375
39400 0.53125
39500 0.5843751
39600 0.5375
39700 0.60625
39800 0.540625
39900 0.534375
40000 0.571875
40100 0.5375
40200 0.57500005
40300 0.57187504
40400 0.546875
40500 0.56874996
40600 0.58750004
40700 0.6
40800 0.50937504
