0 4.7657757
100 3.229162
200 2.9593549
300 2.5974996
400 2.6536846
500 2.3762748
600 2.3715088
700 2.5870557
800 2.6023068
900 2.5597568
1000 2.3939404
1100 2.6425369
1200 2.4985356
1300 2.6480145
1400 2.3857117
1500 2.3312037
1600 2.4328594
1700 2.598176
1800 2.296517
1900 2.3369002
2000 2.2308962
2100 2.4577825
2200 2.467893
2300 2.0724916
2400 2.1303742
2500 2.566963
2600 2.3418968
2700 2.2621942
2800 2.301135
2900 2.134403
3000 2.3739698
3100 2.452898
3200 2.2888834
3300 1.9358654
3400 2.2909234
3500 2.306568
3600 2.3219311
3700 2.300949
3800 2.4482472
3900 2.5022748
4000 2.2524297
4100 2.2807984
4200 2.1524918
4300 1.9603893
4400 2.2040884
4500 2.3507602
4600 1.9328026
4700 2.117875
4800 1.836402
4900 2.0976975
5000 1.7980382
5100 2.2487357
5200 2.535441
5300 2.3294063
5400 2.1331372
5500 1.8791839
5600 2.1888351
5700 2.0791767
5800 2.301877
5900 2.3502653
6000 2.3472366
6100 2.2250268
6200 2.2029727
6300 2.334091
6400 2.3176506
6500 2.1585963
6600 1.8930439
6700 2.179954
6800 2.315381
6900 2.1203046
7000 2.3889205
7100 2.1291764
7200 2.099654
7300 2.3046424
7400 2.3611536
7500 2.2281718
7600 2.560761
7700 2.0610394
7800 1.9496741
7900 2.2550461
8000 2.105008
8100 2.0871065
8200 2.1628807
8300 2.153958
8400 2.0692031
8500 2.3214998
8600 2.0232878
8700 2.124497
8800 2.3787754
8900 2.2417133
9000 2.078553
9100 2.1918766
9200 2.1593192
9300 2.2322056
9400 2.3942652
9500 2.0684686
9600 1.9956403
9700 1.9017026
9800 2.056839
9900 2.2641785
10000 2.2604628
10100 2.103905
10200 1.903433
10300 1.8957894
10400 2.1697598
10500 2.4616966
10600 2.2306998
10700 2.2510755
10800 1.938638
10900 2.0343587
11000 2.0954847
11100 2.127911
11200 2.1608055
11300 2.328806
11400 2.2429173
11500 2.2279658
11600 2.1967046
11700 2.2576313
11800 2.2645533
11900 2.1714785
12000 2.1196933
12100 2.1578796
12200 2.0711107
12300 2.0717695
12400 2.2119033
12500 2.4711485
12600 2.1718547
12700 1.9977492
12800 2.137151
12900 2.2939353
13000 2.3751395
13100 2.231759
13200 1.9228983
13300 2.3839455
13400 2.1786034
13500 2.1559715
13600 2.0751283
13700 2.2598033
13800 2.1340334
13900 2.1755812
14000 2.0181415
14100 2.1046453
14200 2.3364046
14300 1.9829293
14400 2.2080579
14500 2.3867939
14600 2.1689641
14700 2.0390553
14800 2.0592372
14900 2.0921607
15000 2.1611478
15100 2.107777
15200 1.8012675
15300 2.0470595
15400 2.256706
15500 2.3780293
15600 2.1127536
15700 2.1274002
15800 2.5914896
15900 2.2444468
16000 1.9714152
16100 2.110741
16200 2.2572048
16300 2.6602159
16400 2.1361105
16500 2.085455
16600 2.0060694
16700 2.3566194
16800 2.208666
16900 2.3094654
17000 2.0584974
17100 2.0568922
17200 2.1458094
17300 2.1374466
17400 2.1241548
17500 1.8623409
17600 1.8827354
17700 2.019918
17800 2.1957293
17900 2.1873946
18000 2.1869905
18100 2.334435
18200 2.1057582
18300 2.3595023
18400 2.2020357
18500 1.9181985
18600 2.1300473
18700 2.1912582
18800 1.9633632
18900 1.8244432
19000 1.947689
19100 2.1782713
19200 1.960759
19300 2.1705916
19400 2.2362587
19500 2.1691887
19600 2.1042802
19700 2.0458946
19800 1.8433875
19900 1.9466301
20000 2.3020775
20100 2.0136101
20200 2.118593
20300 1.9944257
20400 1.9747264
20500 2.0773335
20600 2.245941
20700 1.94872
20800 2.0801067
20900 2.177751
21000 2.040138
21100 2.1575234
21200 2.1603627
21300 2.1196847
21400 2.012906
21500 1.8693049
21600 2.1879458
21700 1.8545574
21800 2.0341232
21900 1.9905481
22000 2.2312682
22100 2.0713987
22200 2.0665667
22300 2.0673714
22400 2.1988044
22500 1.9657246
22600 1.9386865
22700 2.2056065
22800 1.9361079
22900 2.2474372
23000 2.5019422
23100 1.9759
23200 2.1940277
23300 2.1234324
23400 1.8254002
23500 1.879168
23600 2.1851504
23700 2.047496
23800 2.0922449
23900 2.0576363
24000 2.2290032
24100 2.1439152
24200 1.9777578
24300 2.0310328
24400 2.422955
24500 1.8213416
24600 2.1139743
24700 1.9878291
24800 2.0642662
24900 2.221742
25000 2.0166183
25100 2.1267405
25200 1.994363
25300 1.9341172
25400 2.004467
25500 2.1503217
25600 2.0997918
25700 2.2757592
25800 2.0519567
25900 2.189607
26000 2.182428
26100 2.0875561
26200 2.0403295
26300 2.1177304
26400 2.1285136
26500 2.0404365
26600 2.1327076
26700 2.0658855
26800 1.9778907
26900 2.1055899
27000 2.1401756
27100 2.0160775
27200 2.097962
27300 1.9401641
27400 2.18157
27500 2.020519
27600 2.240845
27700 1.9613822
27800 2.1352558
27900 2.0909913
28000 1.9916674
28100 2.131171
28200 2.332158
28300 1.9165022
28400 2.5772793
28500 2.0441597
28600 2.215125
28700 1.9565688
28800 2.3490946
28900 2.490987
29000 1.9845567
29100 2.1213758
29200 2.032055
29300 2.09651
29400 1.8431611
29500 2.2236893
29600 2.3769448
29700 1.8710849
29800 2.0689952
29900 2.0274923
30000 2.2740462
30100 1.8737676
30200 2.1496916
30300 1.961856
30400 2.277211
30500 2.1605701
30600 2.102522
30700 2.2645237
30800 2.4972868
30900 1.9860481
31000 2.3029408
31100 2.0428221
31200 2.203897
31300 2.1984134
31400 2.1263578
31500 2.0382948
31600 2.1097293
31700 1.9462912
31800 2.1312385
31900 2.0276062
32000 2.2107346
32100 2.3115075
32200 2.2473347
32300 1.9186261
32400 1.9991736
32500 1.8677083
32600 1.8948904
32700 2.4048433
32800 2.2060795
32900 2.112242
33000 1.9273789
33100 2.200691
33200 1.9589118
33300 2.0943644
33400 2.0281987
33500 2.2766445
33600 2.1522183
33700 2.192323
33800 1.9880267
33900 2.0757484
34000 2.121951
34100 1.9326103
34200 1.986855
34300 2.0260298
34400 2.0016513
34500 2.0123122
34600 2.154303
34700 2.089842
34800 2.0849898
34900 1.9829122
35000 2.0169017
35100 1.8741521
35200 1.9557736
35300 1.9551048
35400 2.0612557
35500 1.8763351
35600 1.8986686
35700 1.9530556
35800 2.0038805
35900 2.3057728
36000 2.1228232
36100 1.9147959
36200 2.1002257
36300 2.003981
36400 2.1417966
36500 1.8944334
36600 2.354255
36700 1.9191152
36800 1.8456569
36900 1.896289
37000 1.8805579
37100 2.0571356
37200 1.7156786
37300 2.0742905
37400 1.9832305
37500 2.0004773
37600 1.9151433
37700 2.234885
37800 1.8186044
37900 1.9851892
38000 2.0842621
38100 2.3648477
38200 2.2167966
38300 2.0253348
38400 2.0495672
38500 2.3145704
38600 2.2982576
38700 2.2150905
38800 2.3588705
38900 2.2235808
39000 2.1580327
39100 1.8358742
39200 2.23941
39300 2.2666676
39400 2.225986
39500 2.1374958
39600 2.1744716
39700 1.903856
39800 2.1564207
39900 2.1358602
40000 2.0210807
40100 2.2377052
40200 2.0983686
40300 2.033641
40400 2.0927522
40500 1.9407705
40600 2.1274724
40700 1.882326
40800 2.289774
