0 3.3033838
100 2.2382846
200 2.0512686
300 1.8004496
400 1.8393941
500 1.6471082
600 1.6438047
700 1.7932104
800 1.8037816
900 1.7742882
1000 1.659353
1100 1.8316671
1200 1.731853
1300 1.8354638
1400 1.6536493
1500 1.6158673
1600 1.6863296
1700 1.8009183
1800 1.5918242
1900 1.6198158
2000 1.5463395
2100 1.703605
2200 1.710613
2300 1.4365417
2400 1.4766629
2500 1.7792832
2600 1.6232791
2700 1.5680335
2800 1.5950253
2900 1.4794555
3000 1.6455106
3100 1.7002193
3200 1.5865332
3300 1.3418397
3400 1.587947
3500 1.598791
3600 1.6094401
3700 1.5948964
3800 1.6969956
3900 1.7344446
4000 1.5612653
4100 1.580929
4200 1.4919937
4300 1.3588383
4400 1.5277578
4500 1.6294229
4600 1.3397167
4700 1.4679992
4800 1.2728969
4900 1.4540131
5000 1.2463051
5100 1.5587047
5200 1.7574337
5300 1.6146214
5400 1.4785781
5500 1.302551
5600 1.5171849
5700 1.4411755
5800 1.5955396
5900 1.6290798
6000 1.6269804
6100 1.5422711
6200 1.5269842
6300 1.6178685
6400 1.606473
6500 1.4962249
6600 1.312158
6700 1.511029
6800 1.6048999
6900 1.4696832
7000 1.6558735
7100 1.4758326
7200 1.4553692
7300 1.5974563
7400 1.636627
7500 1.544451
7600 1.7749842
7700 1.4286038
7800 1.3514111
7900 1.5630789
8000 1.4590803
8100 1.446672
8200 1.4991946
8300 1.49301
8400 1.4342624
8500 1.6091411
8600 1.4024361
8700 1.4725891
8800 1.6488415
8900 1.5538372
9000 1.4407432
9100 1.5192931
9200 1.496726
9300 1.547247
9400 1.6595782
9500 1.4337531
9600 1.3832724
9700 1.3181598
9800 1.4256922
9900 1.569409
10000 1.5668334
10100 1.4583157
10200 1.3193592
10300 1.314061
10400 1.5039629
10500 1.7063181
10600 1.5462033
10700 1.5603266
10800 1.3437614
10900 1.41011
11000 1.4524794
11100 1.4749556
11200 1.4977562
11300 1.6142052
11400 1.5546718
11500 1.5443082
11600 1.5226396
11700 1.5648707
11800 1.5696688
11900 1.5051541
12000 1.4692594
12100 1.4957281
12200 1.4355845
12300 1.4360412
12400 1.5331745
12500 1.7128696
12600 1.505415
12700 1.3847343
12800 1.4813602
12900 1.5900347
13000 1.6463213
13100 1.5469375
13200 1.3328515
13300 1.652425
13400 1.5100927
13500 1.4944055
13600 1.4383694
13700 1.5663762
13800 1.4791993
13900 1.507998
14000 1.398869
14100 1.4588289
14200 1.6194723
14300 1.3744619
14400 1.5305091
14500 1.6543995
14600 1.5034114
14700 1.4133655
14800 1.4273545
14900 1.4501753
15000 1.4979935
15100 1.4609998
15200 1.2485435
15300 1.4189135
15400 1.5642294
15500 1.6483244
15600 1.4644492
15700 1.4746015
15800 1.7962837
15900 1.555732
16000 1.3664808
16100 1.4630542
16200 1.5645752
16300 1.8439212
16400 1.480639
16500 1.4455272
16600 1.3905014
16700 1.6334841
16800 1.5309306
16900 1.6007994
17000 1.4268417
17100 1.425729
17200 1.4873618
17300 1.4815651
17400 1.4723519
17500 1.2908764
17600 1.3050127
17700 1.4001005
17800 1.5219635
17900 1.5161864
18000 1.5159063
18100 1.6181071
18200 1.4596003
18300 1.6354823
18400 1.5263348
18500 1.3295939
18600 1.4764364
18700 1.5188645
18800 1.3608997
18900 1.2646077
19000 1.3500352
19100 1.5098625
19200 1.3590946
19300 1.5045394
19400 1.5500565
19500 1.503567
19600 1.4585758
19700 1.4181061
19800 1.2777388
19900 1.3493012
20000 1.5956786
20100 1.3957281
20200 1.4684967
20300 1.3824306
20400 1.3687761
20500 1.4398979
20600 1.5567677
20700 1.3507497
20800 1.4418201
20900 1.509502
21000 1.4141159
21100 1.4954813
21200 1.4974494
21300 1.4692534
21400 1.3952402
21500 1.2957034
21600 1.5165684
21700 1.2854812
21800 1.4099467
21900 1.3797429
22000 1.5465972
22100 1.4357842
22200 1.4324349
22300 1.4329926
22400 1.524095
22500 1.3625364
22600 1.3437951
22700 1.5288099
22800 1.3420078
22900 1.5578048
23000 1.7342142
23100 1.3695896
23200 1.5207841
23300 1.4718512
23400 1.2652711
23500 1.3025401
23600 1.5146308
23700 1.4192162
23800 1.4502337
23900 1.4262449
24000 1.5450273
24100 1.4860488
24200 1.3708773
24300 1.4078046
24400 1.6794645
24500 1.2624578
24600 1.4652954
24700 1.3778582
24800 1.4308404
24900 1.5399941
25000 1.3978132
25100 1.4741442
25200 1.382387
25300 1.3406279
25400 1.3893907
25500 1.4904895
25600 1.4554647
25700 1.5774361
25800 1.422308
25900 1.5177199
26000 1.5127437
26100 1.4469836
26200 1.4142486
26300 1.4678988
26400 1.4753731
26500 1.4143227
26600 1.4782803
26700 1.4319627
26800 1.3709694
26900 1.4594836
27000 1.4834566
27100 1.3974384
27200 1.4541963
27300 1.3448193
27400 1.5121491
27500 1.4005171
27600 1.5532354
27700 1.3595265
27800 1.4800465
27900 1.4493647
28000 1.3805187
28100 1.4772152
28200 1.6165289
28300 1.3284181
28400 1.7864339
28500 1.4169035
28600 1.5354077
28700 1.3561902
28800 1.6282684
28900 1.7266207
29000 1.3755898
29100 1.4704256
29200 1.4085132
29300 1.45319
29400 1.2775819
29500 1.5413439
29600 1.6475726
29700 1.2969372
29800 1.4341183
29900 1.4053506
30000 1.5762486
30100 1.2987968
30200 1.4900527
30300 1.3598549
30400 1.5784423
30500 1.4975932
30600 1.457357
30700 1.5696483
30800 1.7309873
30900 1.3766236
31000 1.5962769
31100 1.4159764
31200 1.527625
31300 1.5238241
31400 1.473879
31500 1.4128383
31600 1.462353
31700 1.3490663
31800 1.4772619
31900 1.4054296
32000 1.5323645
32100 1.6022149
32200 1.5577338
32300 1.3298903
32400 1.3857216
32500 1.2945968
32600 1.3134379
32700 1.6669104
32800 1.5291378
32900 1.4640945
33000 1.3359573
33100 1.5254028
33200 1.3578142
33300 1.4517028
33400 1.4058403
33500 1.5780498
33600 1.4918041
33700 1.5196025
33800 1.3779951
33900 1.4387991
34000 1.4708245
34100 1.3395834
34200 1.377183
34300 1.4043369
34400 1.387439
34500 1.3948284
34600 1.493249
34700 1.4485681
34800 1.4452047
34900 1.37445
35000 1.3980098
35100 1.2990632
35200 1.355639
35300 1.3551754
35400 1.4287536
35500 1.3005764
35600 1.3160568
35700 1.353755
35800 1.3889841
35900 1.5982399
36000 1.4714289
36100 1.3272353
36200 1.4557655
36300 1.3890538
36400 1.4845803
36500 1.3131212
36600 1.6318452
36700 1.3302293
36800 1.2793119
36900 1.3144073
37000 1.3035034
37100 1.4258977
37200 1.1892178
37300 1.4377886
37400 1.3746706
37500 1.3866253
37600 1.3274761
37700 1.5491042
37800 1.2605605
37900 1.3760283
38000 1.4447005
38100 1.6391876
38200 1.5365664
38300 1.4038551
38400 1.4206517
38500 1.604338
38600 1.5930307
38700 1.5353837
38800 1.6350445
38900 1.5412688
39000 1.4958342
39100 1.272531
39200 1.5522407
39300 1.5711343
39400 1.5429358
39500 1.4815991
39600 1.5072289
39700 1.3196524
39800 1.4947169
39900 1.4804655
40000 1.4009064
40100 1.551059
40200 1.4544784
40300 1.4096127
40400 1.4505852
40500 1.3452396
40600 1.4746516
40700 1.304729
40800 1.5871503
