0 26.485664
100 10.675443
200 9.307007
300 8.570425
400 8.216242
500 7.4443235
600 7.1153893
700 7.7051625
800 7.885462
900 7.5122766
1000 6.8800545
1100 7.73785
1200 7.444642
1300 7.117139
1400 7.474719
1500 7.06817
1600 7.117607
1700 7.3444595
1800 6.7101974
1900 6.55042
2000 6.7410975
2100 6.971796
2200 6.8895564
2300 6.0339837
2400 6.2497644
2500 7.499032
2600 6.2602577
2700 6.7273984
2800 6.5378413
2900 6.308582
3000 6.7846785
3100 6.560585
3200 6.406646
3300 5.959697
3400 6.55366
3500 6.759702
3600 6.0691094
3700 6.261009
3800 6.8517165
3900 6.341777
4000 6.6054626
4100 6.766416
4200 6.435145
4300 6.2800865
4400 6.5852504
4500 6.212784
4600 5.706735
4700 6.194119
4800 5.934978
4900 6.048891
5000 6.1955976
5100 6.660535
5200 6.74087
5300 6.683095
5400 6.2840405
5500 5.9657707
5600 6.389328
5700 6.5323377
5800 6.1381474
5900 5.879108
6000 6.8372355
6100 6.29592
6200 6.53824
6300 6.1258373
6400 6.555975
6500 6.1809278
6600 5.635613
6700 6.8931003
6800 6.2936063
6900 6.6038394
7000 6.326592
7100 6.2514052
7200 6.5127063
7300 6.1052833
7400 6.499278
7500 6.313474
7600 6.663182
7700 6.367394
7800 6.0647745
7900 5.925343
8000 5.920559
8100 6.4330773
8200 5.8943715
8300 6.326331
8400 5.878461
8500 6.381786
8600 6.33951
8700 6.1943026
8800 6.4907746
8900 6.235596
9000 6.3226767
9100 5.9818735
9200 6.1937246
9300 6.6224437
9400 6.3051767
9500 6.097761
9600 6.010338
9700 6.0271425
9800 5.7688985
9900 6.4932585
10000 6.6142864
10100 6.483472
10200 6.1114607
10300 5.793573
10400 6.3815823
10500 6.4743752
10600 6.7827654
10700 6.6553607
10800 5.740286
10900 6.3565745
11000 6.2053103
11100 6.614752
11200 6.282522
11300 6.434471
11400 6.4353876
11500 6.419015
11600 6.029572
11700 6.3707857
11800 6.4648457
11900 6.0650854
12000 6.358145
12100 6.237164
12200 5.7346234
12300 6.134484
12400 6.386993
12500 6.6785645
12600 5.929911
12700 5.8392205
12800 6.2628193
12900 6.2435985
13000 6.7437654
13100 6.2051167
13200 5.99671
13300 6.6396976
13400 6.1747503
13500 6.3519607
13600 6.074033
13700 6.292712
13800 6.3066006
13900 6.217811
14000 5.9012356
14100 6.148226
14200 6.69338
14300 6.3483076
14400 5.3628488
14500 6.4119344
14600 6.283386
14700 5.9032817
14800 6.275784
14900 6.4707336
15000 6.490091
15100 5.5473833
15200 5.9858646
15300 5.7836666
15400 6.9156666
15500 6.5869675
15600 6.214633
15700 6.3605094
15800 6.845959
15900 6.8181295
16000 5.976864
16100 6.138248
16200 6.2185345
16300 7.413624
16400 6.171769
16500 6.68864
16600 6.1028585
16700 6.4880285
16800 6.610222
16900 7.1360297
17000 6.073405
17100 6.3630247
17200 5.9578686
17300 6.614521
17400 6.5781794
17500 5.949344
17600 5.8183007
17700 6.253295
17800 6.3939943
17900 6.064475
18000 6.076689
18100 6.591799
18200 6.1089897
18300 6.598423
18400 6.3165927
18500 5.977572
18600 6.204466
18700 6.23702
18800 6.004896
18900 5.787694
19000 6.2338185
19100 6.3715234
19200 6.421915
19300 6.2340975
19400 6.7576494
19500 6.6239066
19600 5.8471665
19700 6.2892632
19800 5.930973
19900 6.631332
20000 6.8684444
20100 6.7124696
20200 6.2523255
20300 5.998167
20400 6.1788526
20500 6.2743835
20600 6.4884524
20700 6.241784
20800 6.1658645
20900 6.589876
21000 6.383359
21100 6.2354245
21200 6.4222856
21300 6.4149776
21400 6.4379644
21500 6.214777
21600 6.736165
21700 5.8702984
21800 6.263119
21900 5.9200187
22000 6.537878
22100 6.390853
22200 6.4393864
22300 6.201235
22400 6.4743724
22500 6.058562
22600 6.1173596
22700 6.476495
22800 6.0773993
22900 6.3833117
23000 6.4655156
23100 6.314775
23200 6.7908897
23300 6.1593056
23400 5.666302
23500 5.960747
23600 6.5254292
23700 6.3595653
23800 6.0618963
23900 6.245469
24000 6.199113
24100 6.418831
24200 6.3495393
24300 6.5440516
24400 6.172275
24500 6.254262
24600 6.2311354
24700 6.171762
24800 6.537854
24900 6.4845004
25000 5.869198
25100 6.5475016
25200 5.7446876
25300 5.90695
25400 5.976963
25500 6.393233
25600 6.129155
25700 6.1385183
25800 6.5035257
25900 6.5058813
26000 6.308081
26100 6.2513905
26200 5.978245
26300 6.0582724
26400 6.217738
26500 6.164381
26600 6.2649236
26700 6.3674526
26800 6.345477
26900 6.0648313
27000 6.3258324
27100 6.012054
27200 6.1868587
27300 6.4023705
27400 6.570595
27500 6.2791834
27600 6.6652756
27700 6.145224
27800 5.9110384
27900 6.076877
28000 6.331384
28100 6.583192
28200 6.6757436
28300 6.1961727
28400 7.334359
28500 6.1888084
28600 6.4279795
28700 6.0294294
28800 6.853111
28900 7.0424266
29000 6.039323
29100 6.4046073
29200 6.5297117
29300 6.363699
29400 6.0673475
29500 6.353761
29600 6.128063
29700 6.1374087
29800 6.3067455
29900 6.436161
30000 6.7471848
30100 6.0276027
30200 6.0844765
30300 6.163987
30400 6.6120434
30500 6.3244247
30600 6.5438366
30700 6.8001323
30800 6.703406
30900 5.9988256
31000 6.306207
31100 6.2782927
31200 6.5226088
31300 6.7902923
31400 6.3224363
31500 6.29826
31600 6.0744205
31700 5.894183
31800 6.0674815
31900 6.615807
32000 6.476245
32100 6.144581
32200 6.3458652
32300 5.854807
32400 6.3037515
32500 5.667963
32600 6.154567
32700 6.8157425
32800 6.3703265
32900 6.249244
33000 5.964315
33100 6.77841
33200 5.8412957
33300 5.9586835
33400 6.334294
33500 6.2484493
33600 6.5625257
33700 6.713499
33800 5.9193096
33900 5.9193983
34000 6.0583043
34100 6.198974
34200 5.9676466
34300 6.1908994
34400 5.7914696
34500 6.046458
34600 6.47351
34700 6.374243
34800 6.202406
34900 6.2422776
35000 5.9993424
35100 5.9313607
35200 6.154379
35300 6.108858
35400 6.222307
35500 5.7799883
35600 6.0230126
35700 5.667145
35800 6.2870407
35900 5.7896414
36000 5.948516
36100 6.104965
36200 6.1910963
36300 6.129562
36400 6.6372333
36500 6.146497
36600 6.863446
36700 5.7773542
36800 5.767238
36900 6.051469
37000 6.1306944
37100 6.1517816
37200 5.7194967
37300 6.3547792
37400 5.9169893
37500 6.4051833
37600 6.2416368
37700 6.12732
37800 5.671722
37900 5.98184
38000 6.2271004
38100 6.297318
38200 6.2036057
38300 6.1000867
38400 6.053377
38500 6.6462903
38600 6.3083897
38700 6.271599
38800 6.4249835
38900 6.518938
39000 6.004054
39100 5.6968393
39200 6.53586
39300 6.3347683
39400 6.1243024
39500 5.9667525
39600 6.3551464
39700 5.9665666
39800 6.0867167
39900 6.3252516
40000 6.071061
40100 6.004691
40200 6.116121
40300 6.4924035
40400 6.4061127
40500 6.2636323
40600 6.469848
40700 6.17998
40800 6.240869
