0 0.043750003
100 0.38750002
200 0.425
300 0.446875
400 0.465625
500 0.48125002
600 0.5125
700 0.45624998
800 0.4625
900 0.46875003
1000 0.50937504
1100 0.42812505
1200 0.503125
1300 0.4875
1400 0.49687502
1500 0.51875
1600 0.459375
1700 0.44375002
1800 0.50625
1900 0.50937504
2000 0.49687502
2100 0.528125
2200 0.4875
2300 0.578125
2400 0.53125
2500 0.46875
2600 0.525
2700 0.49687502
2800 0.503125
2900 0.55937505
3000 0.48437503
3100 0.509375
3200 0.49687505
3300 0.55937505
3400 0.509375
3500 0.50937504
3600 0.50937504
3700 0.521875
3800 0.459375
3900 0.46562502
4000 0.54375
4100 0.515625
4200 0.5625
4300 0.565625
4400 0.56874996
4500 0.528125
4600 0.58124995
4700 0.559375
4800 0.609375
4900 0.53125
5000 0.628125
5100 0.484375
5200 0.47812504
5300 0.503125
5400 0.509375
5500 0.609375
5600 0.55625
5700 0.534375
5800 0.50625
5900 0.49374998
6000 0.49999997
6100 0.49062496
6200 0.496875
6300 0.54375
6400 0.46875
6500 0.55625004
6600 0.56875
6700 0.53125006
6800 0.48125
6900 0.57812506
7000 0.484375
7100 0.521875
7200 0.525
7300 0.54375005
7400 0.5375
7500 0.534375
7600 0.49062502
7700 0.5375
7800 0.56562495
7900 0.528125
8000 0.58124995
8100 0.578125
8200 0.55
8300 0.603125
8400 0.55625
8500 0.49375
8600 0.57812506
8700 0.57812506
8800 0.53125
8900 0.546875
9000 0.5968751
9100 0.521875
9200 0.5375
9300 0.54062504
9400 0.49375004
9500 0.55625
9600 0.6
9700 0.58125
9800 0.553125
9900 0.553125
10000 0.53125
10100 0.56249994
10200 0.603125
10300 0.596875
10400 0.503125
10500 0.52500004
10600 0.52812505
10700 0.52812505
10800 0.5968751
10900 0.578125
11000 0.553125
11100 0.55
11200 0.51250005
11300 0.525
11400 0.54062504
11500 0.503125
11600 0.565625
11700 0.49999997
11800 0.5125
11900 0.565625
12000 0.55625
12100 0.534375
12200 0.534375
12300 0.56875
12400 0.52500004
12500 0.471875
12600 0.56874996
12700 0.546875
12800 0.553125
12900 0.525
13000 0.503125
13100 0.51875
13200 0.615625
13300 0.49062505
13400 0.50937504
13500 0.55312496
13600 0.546875
13700 0.55
13800 0.52500004
13900 0.5
14000 0.56875
14100 0.553125
14200 0.4875
14300 0.58750004
14400 0.575
14500 0.51875
14600 0.53749996
14700 0.55
14800 0.578125
14900 0.534375
15000 0.53125
15100 0.54375005
15200 0.58125
15300 0.56875
15400 0.503125
15500 0.521875
15600 0.565625
15700 0.54375
15800 0.490625
15900 0.5375
16000 0.603125
16100 0.55
16200 0.575
16300 0.475
16400 0.5625
16500 0.58125
16600 0.575
16700 0.53125
16800 0.559375
16900 0.503125
17000 0.54375
17100 0.609375
17200 0.55625
17300 0.55625004
17400 0.525
17500 0.5625
17600 0.603125
17700 0.56249994
17800 0.53125
17900 0.515625
18000 0.55625
18100 0.503125
18200 0.58437496
18300 0.50312495
18400 0.534375
18500 0.59999996
18600 0.534375
18700 0.553125
18800 0.5625
18900 0.6
19000 0.590625
19100 0.5375
19200 0.58750004
19300 0.53125006
19400 0.5125
19500 0.540625
19600 0.578125
19700 0.575
19800 0.625
19900 0.5968751
20000 0.540625
20100 0.56249994
20200 0.52812505
20300 0.58437496
20400 0.59375
20500 0.55625004
20600 0.55
20700 0.578125
20800 0.56875
20900 0.5125
21000 0.584375
21100 0.57500005
21200 0.546875
21300 0.546875
21400 0.565625
21500 0.58125
21600 0.51250005
21700 0.63124996
21800 0.571875
21900 0.60625
22000 0.5500001
22100 0.56875
22200 0.553125
22300 0.54999995
22400 0.51875
22500 0.5625
22600 0.57812506
22700 0.525
22800 0.59062505
22900 0.503125
23000 0.46875
23100 0.5812501
23200 0.521875
23300 0.55625
23400 0.63124996
23500 0.60312504
23600 0.5125
23700 0.53125
23800 0.553125
23900 0.5625
24000 0.540625
24100 0.5875
24200 0.58125
24300 0.575
24400 0.51875
24500 0.603125
24600 0.5625
24700 0.55625004
24800 0.54375
24900 0.503125
25000 0.58125
25100 0.534375
25200 0.57812506
25300 0.60625
25400 0.6125
25500 0.56874996
25600 0.565625
25700 0.528125
25800 0.565625
25900 0.521875
26000 0.525
26100 0.58125
26200 0.534375
26300 0.56874996
26400 0.546875
26500 0.565625
26600 0.553125
26700 0.55
26800 0.596875
26900 0.57187504
27000 0.53749996
27100 0.61875004
27200 0.571875
27300 0.628125
27400 0.553125
27500 0.56875
27600 0.53125
27700 0.58125
27800 0.553125
27900 0.56875
28000 0.575
28100 0.54062504
28200 0.5
28300 0.575
28400 0.49062502
28500 0.553125
28600 0.54375
28700 0.58437496
28800 0.54687506
28900 0.48125
29000 0.565625
29100 0.55625
29200 0.59375
29300 0.51875
29400 0.575
29500 0.55625004
29600 0.51875
29700 0.615625
29800 0.5812501
29900 0.578125
30000 0.534375
30100 0.603125
30200 0.540625
30300 0.578125
30400 0.5125
30500 0.5375
30600 0.528125
30700 0.53125
30800 0.490625
30900 0.53125006
31000 0.534375
31100 0.55625
