0 4.742579
100 3.0677972
200 2.8400602
300 2.5011656
400 2.5171545
500 2.412811
600 2.2731307
700 2.517029
800 2.5481467
900 2.5606253
1000 2.387458
1100 2.6305935
1200 2.411391
1300 2.569847
1400 2.312443
1500 2.3091521
1600 2.399718
1700 2.572462
1800 2.246995
1900 2.2613113
2000 2.2791965
2100 2.3341844
2200 2.4306793
2300 2.1160963
2400 2.1804192
2500 2.5885541
2600 2.2683554
2700 2.2639804
2800 2.357434
2900 2.1167593
3000 2.3508298
3100 2.4276638
3200 2.3107333
3300 1.9397681
3400 2.2801256
3500 2.3405328
3600 2.4204452
3700 2.2649124
3800 2.5092084
3900 2.50993
4000 2.1746643
4100 2.3356192
4200 2.1579502
4300 1.9437909
4400 2.142663
4500 2.2492306
4600 1.982338
4700 2.0945265
4800 1.884975
4900 2.1113126
5000 1.8467695
5100 2.2816303
5200 2.5323634
5300 2.4521933
5400 2.2315764
5500 1.8931255
5600 2.196694
5700 2.1235282
5800 2.261134
5900 2.2414227
6000 2.3369443
6100 2.3793383
6200 2.406588
6300 2.2600324
6400 2.3497713
6500 2.2198873
6600 1.8974053
6700 2.2043285
6800 2.34388
6900 2.089454
7000 2.3968282
7100 2.1347504
7200 2.1498427
7300 2.297821
7400 2.3512003
7500 2.2178288
7600 2.5605934
7700 2.0271745
7800 2.056268
7900 2.230737
8000 1.9732863
8100 2.0671775
8200 2.2075965
8300 2.1051295
8400 2.0232685
8500 2.3303854
8600 1.960766
8700 2.0286062
8800 2.3684158
8900 2.230458
9000 2.0319932
9100 2.213124
9200 2.1669996
9300 2.1990263
9400 2.4387758
9500 2.0733483
9600 2.0172555
9700 1.8766706
9800 2.0900168
9900 2.2721295
10000 2.2795103
10100 2.147519
10200 1.838124
10300 1.8080517
10400 2.1910698
10500 2.391219
10600 2.1810277
10700 2.1975617
10800 1.8787206
10900 2.0210478
11000 2.0287192
11100 2.2776616
11200 2.1712894
11300 2.3366764
11400 2.2325225
11500 2.3071103
11600 2.1248932
11700 2.2919078
11800 2.3726387
11900 2.1710477
12000 2.0994124
12100 2.1806698
12200 2.1271038
12300 2.0840986
12400 2.1910613
12500 2.3507133
12600 2.170666
12700 1.9308362
12800 2.2110217
12900 2.2773125
13000 2.3871086
13100 2.2005482
13200 1.8313179
13300 2.3570817
13400 2.2482579
13500 2.0979717
13600 2.0771928
13700 2.2514846
13800 2.2121494
13900 2.274828
14000 1.995652
14100 2.1138732
14200 2.336334
14300 1.9717079
14400 2.1541042
14500 2.416703
14600 2.2496703
14700 2.0123584
14800 2.0050755
14900 2.1292324
15000 2.1350446
15100 2.13219
15200 1.7858378
15300 2.0439434
15400 2.1917198
15500 2.392627
15600 2.1178079
15700 2.1271312
15800 2.5130756
15900 2.2115269
16000 1.899455
16100 2.1149426
16200 2.2868152
16300 2.648195
16400 2.1567354
16500 2.0341578
16600 1.9458636
16700 2.3370647
16800 2.1204743
16900 2.272188
17000 2.0716665
17100 1.9702957
17200 2.0754313
17300 2.108286
17400 2.1091654
17500 1.9628242
17600 1.844883
17700 2.0084758
17800 2.1583853
17900 2.1571684
18000 2.1144562
18100 2.3083305
18200 2.0482702
18300 2.3605275
18400 2.1377015
18500 1.9064497
18600 2.2148626
18700 2.2279282
18800 2.0058317
18900 1.8574299
19000 1.926767
19100 2.0834491
19200 1.9952325
19300 2.2229567
19400 2.1895926
19500 2.2215688
19600 2.0579672
19700 1.9912261
19800 1.7533296
19900 1.9048045
20000 2.2319055
20100 2.0158277
20200 2.127629
20300 1.9334462
20400 1.9373384
20500 2.0318086
20600 2.198901
20700 1.9561138
20800 2.0738137
20900 2.2104847
21000 2.0009582
21100 2.0688095
21200 2.132674
21300 2.13349
21400 2.0137866
21500 1.9101416
21600 2.2562134
21700 1.8483572
21800 2.0383084
21900 1.8994474
22000 2.2277718
22100 2.012855
22200 2.1153908
22300 2.0754967
22400 2.1824276
22500 1.9661765
22600 2.0102577
22700 2.2288098
22800 1.8938498
22900 2.2708127
23000 2.5466688
23100 1.9276061
23200 2.2021596
23300 2.1764054
23400 1.8201495
23500 1.8780694
23600 2.231929
23700 2.0178583
23800 2.1061954
23900 1.9970195
24000 2.2063715
24100 2.091509
24200 1.964622
24300 2.0268106
24400 2.3757775
24500 1.821265
24600 2.088845
24700 2.0015068
24800 1.988056
24900 2.2318087
25000 1.9728123
25100 2.1294315
25200 1.96753
25300 1.9025683
25400 1.9781052
25500 2.1383994
25600 2.0748622
25700 2.2056339
25800 2.0435143
25900 2.1668434
26000 2.228603
26100 2.0666022
26200 2.0052016
26300 2.0221243
26400 2.0726025
26500 2.0548427
26600 2.1931603
26700 2.1645036
26800 1.8967595
26900 2.1071403
27000 2.157865
27100 1.9601637
27200 2.120163
27300 1.9290229
27400 2.159007
27500 2.0354013
27600 2.3018594
27700 1.9201034
27800 2.1466181
27900 2.0792289
28000 1.9683096
28100 2.124771
28200 2.301207
28300 1.9192414
28400 2.5209231
28500 2.0552583
28600 2.1688974
28700 1.9309672
28800 2.268411
28900 2.5131483
29000 2.018842
29100 2.12871
29200 1.9721045
29300 2.1275263
29400 1.9053122
29500 2.1344988
29600 2.3090165
29700 1.8665487
29800 2.035597
29900 2.0200083
30000 2.206295
30100 1.8885266
30200 2.1138494
30300 1.9085684
30400 2.258329
30500 2.125006
30600 2.0933597
30700 2.2061007
30800 2.4856408
30900 1.9590021
31000 2.2401695
31100 1.9790698
