0 3.2873054
100 2.126435
200 1.9685798
300 1.733676
400 1.7447585
500 1.6724333
600 1.5756141
700 1.7446716
800 1.7662407
900 1.7748902
1000 1.6548598
1100 1.8233885
1200 1.671449
1300 1.7812823
1400 1.6028633
1500 1.6005824
1600 1.6633579
1700 1.7830949
1800 1.5574982
1900 1.5674216
2000 1.5798186
2100 1.6179334
2200 1.6848185
2300 1.4667662
2400 1.5113515
2500 1.794249
2600 1.5723041
2700 1.5692717
2800 1.6340488
2900 1.4672258
3000 1.6294711
3100 1.6827283
3200 1.6016784
3300 1.3445448
3400 1.5804626
3500 1.6223338
3600 1.6777248
3700 1.5699177
3800 1.7392508
3900 1.7397509
4000 1.5073625
4100 1.618928
4200 1.4957771
4300 1.3473332
4400 1.4851809
4500 1.5590479
4600 1.3740519
4700 1.4518151
4800 1.306565
4900 1.4634504
5000 1.2800831
5100 1.5815055
5200 1.7553005
5300 1.6997309
5400 1.546811
5500 1.3122146
5600 1.5226321
5700 1.4719176
5800 1.5672985
5900 1.5536358
6000 1.6198463
6100 1.6492317
6200 1.6681197
6300 1.5665351
6400 1.6287373
6500 1.5387086
6600 1.3151811
6700 1.5279242
6800 1.6246537
6900 1.4482992
7000 1.6613547
7100 1.4796963
7200 1.4901574
7300 1.5927283
7400 1.6297278
7500 1.5372818
7600 1.7748681
7700 1.4051303
7800 1.4252964
7900 1.5462291
8000 1.3677778
8100 1.4328583
8200 1.5301894
8300 1.4591646
8400 1.4024229
8500 1.6153
8600 1.3590994
8700 1.4061227
8800 1.6416607
8900 1.5460356
9000 1.4084704
9100 1.5340207
9200 1.5020497
9300 1.5242488
9400 1.6904306
9500 1.4371356
9600 1.398255
9700 1.3008089
9800 1.4486892
9900 1.5749202
10000 1.5800362
10100 1.4885468
10200 1.2740905
10300 1.253246
10400 1.5187339
10500 1.6574667
10600 1.5117731
10700 1.5232338
10800 1.3022299
10900 1.4008836
11000 1.406201
11100 1.5787547
11200 1.5050231
11300 1.6196606
11400 1.5474666
11500 1.599167
11600 1.4728637
11700 1.5886294
11800 1.6445879
11900 1.5048556
12000 1.4552019
12100 1.5115252
12200 1.474396
12300 1.444587
12400 1.518728
12500 1.6293902
12600 1.504591
12700 1.3383536
12800 1.5325634
12900 1.5785128
13000 1.6546175
13100 1.5253038
13200 1.2693728
13300 1.6338044
13400 1.5583737
13500 1.4542031
13600 1.4398004
13700 1.5606103
13800 1.5333451
13900 1.5767906
14000 1.3832805
14100 1.4652253
14200 1.6194233
14300 1.3666838
14400 1.4931113
14500 1.6751308
14600 1.5593526
14700 1.3948606
14800 1.3898125
14900 1.4758714
15000 1.4799001
15100 1.4779215
15200 1.2378484
15300 1.4167536
15400 1.5191844
15500 1.6584426
15600 1.4679526
15700 1.4744151
15800 1.7419312
15900 1.5329136
16000 1.3166019
16100 1.4659665
16200 1.5850995
16300 1.8355889
16400 1.4949352
16500 1.4099708
16600 1.3487699
16700 1.6199298
16800 1.4698008
16900 1.5749607
17000 1.4359698
17100 1.3657049
17200 1.4385794
17300 1.4613525
17400 1.4619621
17500 1.3605261
17600 1.2787755
17700 1.3921694
17800 1.4960787
17900 1.4952352
18000 1.4656293
18100 1.6000128
18200 1.4197527
18300 1.636193
18400 1.4817418
18500 1.3214502
18600 1.5352257
18700 1.5442821
18800 1.3903366
18900 1.2874722
19000 1.3355331
19100 1.4441369
19200 1.3829898
19300 1.5408361
19400 1.51771
19500 1.5398742
19600 1.4264741
19700 1.3802128
19800 1.2153155
19900 1.3203099
20000 1.547039
20100 1.3972653
20200 1.47476
20300 1.3401628
20400 1.3428606
20500 1.4083424
20600 1.524162
20700 1.3558748
20800 1.4374582
20900 1.5321913
21000 1.3869585
21100 1.4339895
21200 1.478257
21300 1.4788227
21400 1.3958505
21500 1.3240093
21600 1.563888
21700 1.2811836
21800 1.4128478
21900 1.3165966
22000 1.5441737
22100 1.3952048
22200 1.4662771
22300 1.4386247
22400 1.5127436
22500 1.3628497
22600 1.3934045
22700 1.5448933
22800 1.3127167
22900 1.5740075
23000 1.7652162
23100 1.3361148
23200 1.5264207
23300 1.5085694
23400 1.2616315
23500 1.3017786
23600 1.5470554
23700 1.3986727
23800 1.4599034
23900 1.3842285
24000 1.5293403
24100 1.4497236
24200 1.3617722
24300 1.4048781
24400 1.6467634
24500 1.2624047
24600 1.447877
24700 1.3873388
24800 1.3780154
24900 1.5469719
25000 1.3674493
25100 1.4760094
25200 1.3637879
25300 1.3187599
25400 1.3711181
25500 1.4822255
25600 1.438185
25700 1.528829
25800 1.4164562
25900 1.5019414
26000 1.5447497
26100 1.4324596
26200 1.3898998
26300 1.4016298
26400 1.4366186
26500 1.4243084
26600 1.5201828
26700 1.5003196
26800 1.3147335
26900 1.4605583
27000 1.4957181
27100 1.3586819
27200 1.4695851
27300 1.3370968
27400 1.4965097
27500 1.4108328
27600 1.5955273
27700 1.3309143
27800 1.4879223
27900 1.4412116
28000 1.3643283
28100 1.472779
28200 1.5950752
28300 1.3303168
28400 1.7473707
28500 1.4245964
28600 1.5033652
28700 1.3384445
28800 1.5723426
28900 1.7419817
29000 1.3993546
29100 1.4755094
29200 1.3669587
29300 1.4746888
29400 1.3206618
29500 1.4795219
29600 1.6004882
29700 1.293793
29800 1.4109684
29900 1.400163
30000 1.5292872
30100 1.3090268
30200 1.4652088
30300 1.3229188
30400 1.5653543
30500 1.4729419
30600 1.4510064
30700 1.5291525
30800 1.7229149
30900 1.3578768
31000 1.5527672
31100 1.3717867
