0 26.390972
100 10.28331
200 8.568534
300 8.261521
400 7.5544424
500 7.056755
600 7.1463456
700 7.5079947
800 7.387083
900 7.619888
1000 6.443235
1100 7.2619734
1200 7.663186
1300 6.84614
1400 7.165945
1500 6.5684714
1600 6.852504
1700 7.245352
1800 6.3692803
1900 6.435647
2000 6.734897
2100 6.9163017
2200 6.6732397
2300 6.1151404
2400 6.5948253
2500 6.980277
2600 6.339582
2700 6.584004
2800 6.6628194
2900 6.034309
3000 6.589256
3100 6.3925476
3200 6.4190416
3300 6.1277447
3400 6.740374
3500 6.5795617
3600 6.203699
3700 6.0794454
3800 6.853169
3900 6.624018
4000 6.5883207
4100 6.806909
4200 6.083551
4300 6.1801276
4400 6.414215
4500 6.439727
4600 5.553932
4700 5.8578854
4800 5.941099
4900 6.081775
5000 5.956299
5100 6.496965
5200 6.406721
5300 6.553484
5400 6.12824
5500 6.065506
5600 6.197407
5700 6.6784225
5800 6.0393233
5900 6.0329866
6000 6.823314
6100 6.525142
6200 6.1570044
6300 5.945277
6400 6.350732
6500 6.051367
6600 5.9727244
6700 6.476669
6800 6.553111
6900 6.6461225
7000 6.6316047
7100 6.217207
7200 6.3611937
7300 6.2110996
7400 6.1119146
7500 5.819784
7600 6.8171253
7700 6.2360773
7800 6.138938
7900 6.1190166
8000 5.9948177
8100 6.017539
8200 6.3158207
8300 6.187765
8400 5.7303395
8500 6.618157
8600 6.211484
8700 6.350807
8800 6.372396
8900 6.075143
9000 6.2119803
9100 5.959736
9200 6.1854076
9300 6.387917
9400 6.420483
9500 6.159096
9600 5.928233
9700 6.197557
9800 5.910816
9900 6.6071186
10000 6.4323244
10100 6.0266566
10200 6.0133085
10300 5.6073613
10400 6.4619737
10500 6.606382
10600 6.607872
10700 6.286834
10800 5.697671
10900 6.512431
11000 6.1009054
11100 6.36178
11200 6.3358245
11300 6.3346343
11400 6.283643
11500 6.429077
11600 5.9698477
11700 6.593663
11800 6.1207886
11900 5.975774
12000 6.2194686
12100 6.294232
12200 5.7506037
12300 6.2033844
12400 6.1473904
12500 6.6609764
12600 5.8861084
12700 5.616414
12800 6.151203
12900 6.2493587
13000 6.7567654
13100 6.16335
13200 5.85665
13300 6.489332
13400 6.219554
13500 6.576926
13600 6.157153
13700 6.278708
13800 6.362296
13900 5.9684916
14000 5.86793
14100 6.0251055
14200 6.657544
14300 6.1265473
14400 5.7360315
14500 6.694405
14600 6.2182484
14700 5.9036145
14800 6.2384105
14900 6.227786
15000 6.3170967
15100 5.6041718
15200 6.0079794
15300 5.917432
15400 6.6428933
15500 6.497362
15600 6.216392
15700 6.1597433
15800 6.6684384
15900 6.7668056
16000 5.939157
16100 6.008611
16200 6.053116
16300 7.3263826
16400 6.0742025
16500 6.5608463
16600 6.000395
16700 6.3039765
16800 6.5685306
16900 7.057777
17000 6.1539545
17100 6.223798
17200 5.9591484
17300 6.595401
17400 6.498955
17500 6.07107
17600 5.736977
17700 6.156911
17800 6.384235
17900 6.016533
18000 6.076221
18100 6.6748657
18200 6.069692
18300 6.587536
18400 6.235948
18500 6.083252
18600 6.260843
18700 6.154763
18800 5.984356
18900 5.778548
19000 6.168284
19100 6.383649
19200 6.4886637
19300 6.2934227
19400 6.663512
19500 6.65333
19600 5.8532476
19700 6.334384
19800 5.7908564
19900 6.4896812
20000 6.700846
20100 6.56499
20200 6.324026
20300 5.8865333
20400 6.006175
20500 6.3184857
20600 6.2895055
20700 6.296443
20800 6.1678123
20900 6.4718747
21000 6.3263836
21100 6.1112914
21200 6.3585014
21300 6.466111
21400 6.2054253
21500 6.0958285
21600 6.6057777
21700 5.851086
21800 6.190938
21900 5.9684267
22000 6.432602
22100 6.2871265
22200 6.280724
22300 6.2285433
22400 6.5763054
22500 6.0408025
22600 6.170122
22700 6.44271
22800 6.1480017
22900 6.344395
23000 6.432556
23100 6.167427
23200 6.71157
23300 6.03563
23400 5.647601
23500 6.0048304
23600 6.503521
23700 6.195268
23800 6.086444
23900 6.1740336
24000 6.419075
24100 6.250575
24200 6.2989616
24300 6.575116
24400 6.1096096
24500 5.9896464
24600 6.155686
24700 6.151254
24800 6.293016
24900 6.4188895
25000 5.6938643
25100 6.417728
25200 5.778238
25300 5.6812367
25400 5.8879204
25500 6.3547444
25600 6.1517396
25700 6.2709436
25800 6.386823
25900 6.4526563
26000 6.2872577
26100 6.2206073
26200 5.931099
26300 6.11692
26400 6.33876
26500 6.1026206
26600 6.227667
26700 6.3110714
26800 6.3367114
26900 6.032469
27000 6.154539
27100 6.04558
27200 6.0101514
27300 6.3487134
27400 6.440093
27500 6.1366644
27600 6.71026
27700 6.045807
27800 5.91951
27900 6.0928035
28000 6.4463944
28100 6.6185007
28200 6.6346
28300 6.1531487
28400 7.158237
28500 6.2854347
28600 6.393823
28700 6.045085
28800 6.792983
28900 6.820785
29000 6.0603
29100 6.3310065
29200 6.594459
29300 6.3469543
29400 6.161152
29500 6.1802216
29600 5.983097
29700 6.2066855
29800 6.2989826
29900 6.3731966
30000 6.5375204
30100 5.924242
30200 6.060452
30300 5.990649
30400 6.541084
30500 6.2606845
30600 6.4610896
30700 6.576262
30800 6.61752
30900 6.0737224
31000 6.3213773
31100 6.0383224
