0 5.0453463
100 2.8606207
200 2.682817
300 2.3715909
400 1.8540643
500 2.5144303
600 2.4658751
700 1.835112
800 2.4760625
900 1.9983135
1000 1.7323343
1100 2.3586552
1200 2.0929716
1300 2.2109294
1400 2.6611533
1500 1.929899
1600 1.5933658
1700 1.5663891
1800 1.897401
1900 1.7661673
2000 1.8908253
2100 2.4101157
2200 1.6227543
2300 2.003205
2400 2.6145904
2500 2.1361272
2600 2.212037
2700 2.4269958
2800 3.546803
2900 2.319444
3000 2.19765
3100 1.5086256
3200 1.7727616
3300 1.1824994
3400 1.9944605
3500 1.8927903
3600 2.1813104
3700 2.07814
3800 1.7514187
3900 1.8341061
4000 2.111531
4100 1.7348233
4200 1.7689023
4300 1.8234543
4400 2.2147346
4500 2.1998398
4600 1.2712913
4700 1.8863145
4800 1.6029576
4900 1.7081248
5000 1.4350704
5100 2.4009743
5200 1.6386921
5300 2.1873243
5400 1.8606347
5500 2.3495703
5600 1.786175
5700 2.1061502
5800 1.9661213
5900 1.7144423
6000 1.9642359
6100 1.5539978
6200 1.3578502
6300 1.8225151
6400 2.1130118
6500 1.7741691
6600 1.4886737
6700 2.102389
6800 1.902339
6900 1.6601496
7000 1.5705284
7100 1.8228711
7200 1.3893561
7300 1.7679738
7400 1.709593
7500 1.4740505
7600 1.5828913
7700 0.86203
7800 1.4977236
7900 1.0668068
8000 1.1594523
8100 1.0549928
8200 1.503038
8300 1.135271
8400 1.2576213
8500 1.6213508
8600 0.81030995
8700 1.5515382
8800 1.7147809
8900 1.433228
9000 1.0823647
9100 1.418203
9200 1.2352841
9300 0.8354997
9400 1.2059649
9500 0.9204446
9600 1.0383388
9700 0.8701377
9800 0.9567855
9900 1.1872703
10000 1.3879952
10100 1.5151615
10200 0.9461572
10300 0.9442878
10400 1.5252903
10500 1.4443079
10600 1.2664032
10700 1.2382302
10800 1.1080877
10900 1.6516172
11000 1.1971793
11100 0.81553036
11200 1.183424
11300 1.2317327
11400 1.2605307
11500 1.3134252
11600 1.1018356
11700 1.1371248
11800 1.2420986
11900 0.9379392
12000 1.2197129
12100 1.4537565
12200 1.260303
12300 1.1475102
12400 0.96958643
12500 1.11851
12600 1.4143345
12700 0.9015661
12800 1.4932868
12900 0.6588522
13000 1.1189307
13100 0.8933099
13200 1.034236
13300 0.9237184
13400 1.130362
13500 1.1242341
13600 0.8251117
13700 1.2706559
13800 0.49027205
13900 1.0044765
14000 0.8348377
14100 1.0727414
14200 0.7715721
14300 1.0463923
14400 1.031874
14500 1.0347198
14600 1.3680408
14700 0.991702
14800 0.97761166
14900 0.6488108
15000 1.2503246
15100 1.1586874
15200 0.8905604
15300 0.6622286
15400 0.6904788
15500 0.8561273
15600 0.9754526
15700 0.9383996
15800 0.9478582
15900 0.8363637
16000 0.8692688
16100 1.3553646
16200 1.2072179
16300 0.6799984
16400 0.51172125
16500 0.44641218
16600 0.8524138
16700 1.0088781
16800 0.65867895
16900 0.7545664
17000 0.72434145
17100 0.732136
17200 0.71966416
17300 0.93011934
17400 0.42979023
17500 0.8526933
17600 0.79589444
17700 0.8935172
17800 0.6248726
17900 0.77435446
18000 0.8859832
18100 0.79716796
18200 0.8871988
18300 0.64669657
18400 0.46683246
18500 0.8026268
18600 0.73258793
18700 0.66317225
18800 0.46523112
18900 0.7355915
19000 1.132283
19100 0.8513415
19200 0.7187035
19300 0.6207981
19400 0.7638092
19500 1.0137651
19600 0.61367166
19700 0.7797362
19800 0.6389474
19900 0.7837521
