0 3.4971676
100 1.9828312
200 1.8595871
300 1.6438615
400 1.2851394
500 1.7428702
600 1.7092144
700 1.2720027
800 1.7162757
900 1.3851254
1000 1.2007626
1100 1.6348952
1200 1.4507374
1300 1.5324994
1400 1.844571
1500 1.3377041
1600 1.104437
1700 1.0857382
1800 1.3151782
1900 1.2242138
2000 1.3106202
2100 1.6705649
2200 1.1248076
2300 1.388516
2400 1.8122959
2500 1.4806505
2600 1.5332673
2700 1.6822653
2800 2.4584565
2900 1.6077161
3000 1.5232949
3100 1.0456996
3200 1.2287847
3300 0.8196461
3400 1.3824546
3500 1.3119823
3600 1.5119691
3700 1.4404569
3800 1.2139909
3900 1.2713054
4000 1.4636017
4100 1.202488
4200 1.2261096
4300 1.2639222
4400 1.535137
4500 1.5248127
4600 0.88119197
4700 1.3074936
4800 1.1110855
4900 1.1839819
5000 0.994715
5100 1.6642286
5200 1.1358548
5300 1.5161376
5400 1.2896937
5500 1.6285981
5600 1.2380822
5700 1.459872
5800 1.3628114
5900 1.1883608
6000 1.3615046
6100 1.0771492
6200 0.94119
6300 1.2632712
6400 1.4646282
6500 1.2297603
6600 1.03187
6700 1.4572651
6800 1.3186009
6900 1.150728
7000 1.0886073
7100 1.263518
7200 0.96302825
7300 1.225466
7400 1.1849996
7500 1.021734
7600 1.0971767
7700 0.5975137
7800 1.0381429
7900 0.73945415
8000 0.8036711
8100 0.7312653
8200 1.0418266
8300 0.7869099
8400 0.8717167
8500 1.1238347
8600 0.56166404
8700 1.0754443
8800 1.1885955
8900 0.99343795
9000 0.75023806
9100 0.9830234
9200 0.8562337
9300 0.5791243
9400 0.8359112
9500 0.6380036
9600 0.7197216
9700 0.6031335
9800 0.66319317
9900 0.82295305
10000 0.962085
10100 1.0502299
10200 0.6558262
10300 0.6545304
10400 1.0572506
10500 1.001118
10600 0.8778038
10700 0.8582758
10800 0.76806784
10900 1.1448138
11000 0.82982147
11100 0.5652826
11200 0.820287
11300 0.8537721
11400 0.8737333
11500 0.910397
11600 0.7637342
11700 0.78819484
11800 0.86095715
11900 0.6501299
12000 0.8454405
12100 1.0076672
12200 0.8735755
12300 0.79539347
12400 0.6720661
12500 0.77529204
12600 0.980342
12700 0.624918
12800 1.0350676
12900 0.45668158
13000 0.7755836
13100 0.6191952
13200 0.7168777
13300 0.6402728
13400 0.7835073
13500 0.7792597
13600 0.57192385
13700 0.88075155
13800 0.3398307
13900 0.6962501
14000 0.5786654
14100 0.7435677
14200 0.53481305
14300 0.7253039
14400 0.71524054
14500 0.71721315
14600 0.94825363
14700 0.68739545
14800 0.67762876
14900 0.44972137
15000 0.866659
15100 0.8031409
15200 0.6172894
15300 0.45902187
15400 0.47860342
15500 0.59342223
15600 0.6761322
15700 0.65044904
15800 0.65700525
15900 0.5797231
16000 0.6025312
16100 0.93946713
16200 0.8367797
16300 0.47133896
16400 0.35469815
16500 0.30942935
16600 0.5908482
16700 0.699301
16800 0.45656145
16900 0.5230256
17000 0.50207525
17100 0.507478
17200 0.49883318
17300 0.6447096
17400 0.2979079
17500 0.591042
17600 0.551672
17700 0.6193389
17800 0.4331287
17900 0.5367416
18000 0.6141168
18100 0.5525547
18200 0.61495936
18300 0.4482559
18400 0.3235836
18500 0.5563385
18600 0.5077913
18700 0.45967597
18800 0.32247365
18900 0.50987315
19000 0.78483874
19100 0.59010494
19200 0.4981673
19300 0.43030447
19400 0.5294322
19500 0.7026884
19600 0.42536476
19700 0.540472
19800 0.4428846
19900 0.54325557
