0 5.3919077
100 4.6948333
200 4.4263105
300 4.854743
400 4.559559
500 4.057736
600 4.7960963
700 4.2443137
800 4.826121
900 3.7291045
1000 4.254325
1100 4.6172805
1200 4.230791
1300 4.2442045
1400 4.5648413
1500 3.8868246
1600 3.6715512
1700 4.209738
1800 3.6696405
1900 4.085192
2000 4.4993844
2100 4.2337675
2200 3.9082239
2300 4.623802
2400 4.793288
2500 4.0519247
2600 4.678333
2700 3.8944297
2800 3.6259472
2900 4.219865
3000 3.9920287
3100 3.8127806
3200 3.4869325
3300 3.3447795
3400 4.371553
3500 4.090682
3600 3.5366735
3700 3.6481147
3800 3.6416833
3900 3.6121466
4000 3.5185661
4100 3.5431447
4200 4.1077843
4300 3.3744783
4400 3.3618438
4500 4.192153
4600 3.0317233
4700 4.0638866
4800 3.7236943
4900 3.6455653
5000 3.3028412
5100 3.4893456
5200 3.7673745
5300 4.0878434
5400 3.6256835
5500 3.3855581
5600 3.7535691
5700 3.336555
5800 3.2146542
5900 3.2564926
6000 3.3789306
6100 3.1169744
6200 3.4091952
6300 3.4856267
6400 3.2605457
6500 3.5831668
6600 2.7454953
6700 3.095351
6800 3.4842715
6900 3.942287
7000 3.4594328
7100 3.6760983
7200 3.348399
7300 3.7511964
7400 3.3092437
7500 3.6197586
7600 3.5625238
7700 2.9689298
7800 3.4354486
7900 3.2483175
8000 3.6029077
8100 2.885334
8200 3.0784
8300 2.9696739
8400 3.6058688
8500 3.4515326
8600 2.687741
8700 3.2388601
8800 3.8032513
8900 3.4761028
9000 2.8306084
9100 2.8569617
9200 3.1424837
9300 2.9558916
9400 3.327651
9500 2.762869
9600 2.9234855
9700 2.6291227
9800 2.8894277
9900 3.17881
10000 3.4288583
10100 3.0174658
10200 3.0792568
10300 2.898543
10400 3.0700822
10500 3.569959
10600 3.4156606
10700 3.0002642
10800 3.029953
10900 3.0879564
11000 2.7204413
11100 2.4069972
11200 2.965497
11300 2.8058357
11400 2.4693623
11500 3.112411
11600 3.1709743
11700 3.375782
11800 2.9228134
11900 2.6973019
12000 2.9469008
12100 3.3060954
12200 3.3721955
12300 3.143447
12400 2.6343613
12500 3.0514274
12600 3.6394932
12700 2.8707914
12800 3.4947085
12900 2.3842072
13000 2.7471576
13100 2.4497688
13200 2.7088203
13300 2.6091468
13400 3.0486798
13500 2.8299932
13600 2.755804
13700 3.1857557
13800 2.1418023
13900 2.9306803
14000 2.698228
14100 3.094136
14200 2.4934602
14300 2.7697186
14400 2.8383532
14500 2.6333408
14600 3.215858
14700 3.03066
14800 2.9653487
14900 2.4532008
15000 3.1017675
15100 2.9762127
15200 2.8122725
15300 2.586289
15400 2.8225222
15500 2.7233157
15600 2.9630547
15700 2.7469316
15800 2.847838
15900 2.5562773
16000 2.8111632
16100 2.7906263
16200 3.070178
16300 2.753686
16400 2.4082842
16500 2.408838
16600 2.993603
16700 2.6685202
16800 2.3150816
16900 2.5729587
17000 2.99379
17100 2.6085284
17200 2.4317515
17300 3.2292342
17400 2.31073
17500 2.7537584
17600 2.907083
17700 3.0559092
17800 2.2940226
17900 2.4691563
18000 2.7736602
18100 2.8418787
18200 2.7042549
18300 2.387889
18400 2.210442
18500 2.6138844
18600 2.8236184
18700 2.0547438
18800 2.3828254
18900 2.7192807
19000 2.2996383
19100 2.4933093
19200 2.6065936
19300 2.0776074
19400 2.1548128
19500 3.034286
19600 2.5284183
19700 2.5791974
19800 2.4613757
19900 2.7199066
