0 3.3337584
100 2.178473
200 1.9685109
300 1.747527
400 1.8058822
500 1.6163216
600 1.5756093
700 1.7235909
800 1.7464943
900 1.7452084
1000 1.6624774
1100 1.8319638
1200 1.7231987
1300 1.7732782
1400 1.6512251
1500 1.610364
1600 1.6858325
1700 1.7451906
1800 1.5702769
1900 1.5600102
2000 1.577525
2100 1.6279112
2200 1.6759468
2300 1.4376385
2400 1.5529828
2500 1.7672931
2600 1.5478684
2700 1.5982887
2800 1.6386054
2900 1.5111029
3000 1.6736847
3100 1.660449
3200 1.6347152
3300 1.3296727
3400 1.5762599
3500 1.6342375
3600 1.6774176
3700 1.5990849
3800 1.6803472
3900 1.730017
4000 1.5759747
4100 1.6022755
4200 1.5078348
4300 1.3607289
4400 1.5198203
4500 1.5817902
4600 1.3638961
4700 1.4681998
4800 1.290887
4900 1.4335749
5000 1.3149681
5100 1.5579213
5200 1.7400705
5300 1.703318
5400 1.5002749
5500 1.358895
5600 1.523612
5700 1.4679048
5800 1.6038274
5900 1.630202
6000 1.6715304
6100 1.6183238
6200 1.5988768
6300 1.5800323
6400 1.6390004
6500 1.5591068
6600 1.3040731
6700 1.5440481
6800 1.5860602
6900 1.4342362
7000 1.6334842
7100 1.477454
7200 1.4603174
7300 1.5677961
7400 1.6207219
7500 1.5883783
7600 1.7069764
7700 1.4227494
7800 1.4028975
7900 1.4947712
8000 1.4199243
8100 1.4607729
8200 1.5269434
8300 1.4303316
8400 1.4387347
8500 1.6021138
8600 1.4827487
8700 1.4639292
8800 1.6851499
8900 1.6008962
9000 1.4401149
9100 1.5052861
9200 1.5666265
9300 1.5737536
9400 1.7511293
9500 1.4824334
9600 1.3888375
9700 1.3833653
9800 1.4749322
9900 1.5866516
10000 1.557864
10100 1.5492835
10200 1.312929
10300 1.3890125
10400 1.4941275
10500 1.699359
10600 1.5494719
10700 1.6013649
10800 1.3399364
10900 1.4754137
11000 1.4399012
11100 1.4957755
11200 1.5767437
11300 1.7026652
11400 1.6506929
11500 1.6588502
11600 1.5089631
11700 1.6162454
11800 1.6457912
11900 1.5451045
12000 1.4816588
12100 1.5420914
12200 1.4661429
12300 1.4614916
12400 1.5446687
12500 1.6447098
12600 1.5581517
12700 1.4631743
12800 1.6138191
12900 1.6782832
13000 1.727767
13100 1.6442577
13200 1.3326069
13300 1.6825123
13400 1.5665216
13500 1.5954653
13600 1.5614041
13700 1.6240504
13800 1.5615683
13900 1.5826399
14000 1.4262599
14100 1.5587964
14200 1.7224422
14300 1.422784
14400 1.6418015
14500 1.7999268
14600 1.5808895
14700 1.5220191
14800 1.5274081
14900 1.528275
15000 1.513983
15100 1.4699455
15200 1.310328
15300 1.483048
15400 1.5788149
15500 1.7165918
15600 1.4835
15700 1.5058341
15800 1.7239754
15900 1.6395464
16000 1.3660873
16100 1.5044729
16200 1.5464345
16300 1.8977771
16400 1.5609291
16500 1.5079651
16600 1.4108864
16700 1.6003525
16800 1.4989122
16900 1.6924831
17000 1.4956553
17100 1.4641262
17200 1.5533818
17300 1.5433471
17400 1.4661195
17500 1.3898884
