0 0.0
100 0.4375
200 0.3125
300 0.46875
400 0.46875
500 0.375
600 0.34375
700 0.40625
800 0.4375
900 0.3125
1000 0.53125
1100 0.59375
1200 0.1875
1300 0.53125
1400 0.46875
1500 0.53125
1600 0.40625
1700 0.5
1800 0.6875
1900 0.53125
2000 0.5
2100 0.5625
2200 0.40625
2300 0.65625
2400 0.34375
2500 0.40625
2600 0.625
2700 0.5625
2800 0.34375
2900 0.40625
3000 0.53125
3100 0.34375
3200 0.4375
3300 0.5
3400 0.375
3500 0.59375
3600 0.625
3700 0.59375
3800 0.71875
3900 0.5
4000 0.65625
4100 0.53125
4200 0.5625
4300 0.46875
4400 0.5625
4500 0.4375
4600 0.46875
4700 0.59375
4800 0.65625
4900 0.4375
5000 0.4375
5100 0.71875
5200 0.65625
5300 0.65625
5400 0.625
5500 0.46875
5600 0.65625
5700 0.59375
5800 0.5
5900 0.46875
6000 0.71875
6100 0.71875
6200 0.625
6300 0.6875
6400 0.84375
6500 0.625
6600 0.75
6700 0.625
6800 0.5625
6900 0.59375
7000 0.78125
7100 0.625
7200 0.65625
7300 0.75
7400 0.5625
7500 0.65625
7600 0.46875
7700 0.65625
7800 0.53125
7900 0.75
8000 0.625
8100 0.65625
8200 0.75
8300 0.65625
8400 0.5625
8500 0.59375
8600 0.75
8700 0.59375
8800 0.5625
8900 0.6875
9000 0.75
9100 0.65625
9200 0.71875
9300 0.6875
9400 0.8125
9500 0.71875
9600 0.6875
9700 0.875
9800 0.625
9900 0.625
10000 0.6875
10100 0.78125
10200 0.65625
10300 0.75
10400 0.78125
10500 0.5625
10600 0.71875
10700 0.625
10800 0.78125
10900 0.6875
11000 0.71875
11100 0.78125
11200 0.78125
11300 0.875
11400 0.78125
11500 0.71875
11600 0.71875
11700 0.78125
11800 0.78125
11900 0.6875
12000 0.78125
12100 0.625
12200 0.6875
12300 0.8125
12400 0.84375
12500 0.90625
12600 0.625
12700 0.8125
12800 0.90625
12900 0.75
13000 0.75
13100 0.6875
13200 0.84375
13300 0.8125
13400 0.84375
13500 0.8125
13600 0.6875
13700 0.8125
13800 0.78125
13900 0.8125
14000 0.75
14100 0.71875
14200 0.84375
14300 0.8125
14400 0.84375
14500 0.84375
14600 0.6875
14700 0.75
14800 0.71875
14900 0.59375
15000 0.8125
15100 0.78125
15200 0.84375
15300 0.75
15400 0.8125
15500 0.8125
15600 0.84375
15700 0.8125
15800 0.84375
15900 0.78125
16000 0.75
16100 0.8125
16200 0.84375
16300 0.6875
16400 0.875
16500 0.75
16600 0.75
16700 0.8125
16800 0.71875
16900 0.8125
17000 0.84375
17100 0.8125
17200 0.78125
17300 0.78125
17400 0.75
17500 0.84375
17600 0.84375
17700 0.78125
17800 0.875
17900 0.8125
18000 0.875
18100 0.71875
18200 0.8125
18300 0.78125
18400 0.875
18500 0.75
18600 0.8125
18700 0.8125
18800 0.875
18900 0.84375
19000 0.78125
19100 0.875
19200 0.96875
19300 0.875
19400 0.71875
19500 0.9375
19600 0.78125
19700 0.8125
19800 0.9375
19900 0.65625
20000 0.84375
20100 0.71875
20200 0.84375
20300 0.78125
20400 0.78125
20500 0.78125
20600 0.625
20700 0.78125
20800 0.90625
20900 0.8125
21000 0.6875
21100 0.78125
21200 0.8125
21300 0.90625
21400 0.78125
