0 4.655986
100 3.0313241
200 3.0958128
300 2.1482122
400 2.5944624
500 2.0946546
600 2.815303
700 2.899329
800 2.3907607
900 2.9264588
1000 2.1500816
1100 2.0085454
1200 3.0789614
1300 1.9921831
1400 1.9031163
1500 2.291907
1600 2.325171
1700 2.16067
1800 1.7935431
1900 1.9953299
2000 1.8468668
2100 1.9985625
2200 2.132203
2300 1.7031095
2400 2.6387734
2500 2.296097
2600 1.514671
2700 1.8810124
2800 2.6340759
2900 2.729509
3000 1.9917865
3100 2.1310549
3200 2.1566753
3300 1.7800581
3400 1.7649001
3500 1.8291149
3600 1.3548728
3700 2.0106957
3800 1.6291971
3900 1.7836864
4000 1.5667056
4100 2.0876472
4200 2.001382
4300 1.9658372
4400 2.1784823
4500 2.0938807
4600 2.5692785
4700 1.6824602
4800 1.9909302
4900 2.4563503
5000 2.461849
5100 1.4426292
5200 1.3157493
5300 1.6786892
5400 1.7382455
5500 2.407715
5600 1.4178618
5700 1.6545743
5800 1.9560642
5900 1.9461902
6000 1.1525652
6100 1.3177071
6200 1.5028841
6300 1.3670315
6400 0.9882742
6500 1.5615591
6600 1.0908135
6700 1.5673254
6800 1.7726774
6900 1.5610174
7000 0.94397753
7100 1.4774861
7200 1.4001825
7300 1.1823431
7400 1.8523932
7500 1.539352
7600 1.7697303
7700 1.3612506
7800 1.7846082
7900 1.2227296
8000 1.7471364
8100 1.3665022
8200 1.1485121
8300 1.4704729
8400 1.797143
8500 2.0880005
8600 1.2500477
8700 1.7918187
8800 1.6023668
8900 1.1352584
9000 1.2720238
9100 1.2497957
9200 1.3054192
9300 1.2288501
9400 1.093822
9500 1.1491235
9600 1.3861612
9700 0.77966166
9800 1.3294718
9900 1.5778753
10000 1.0529096
10100 1.040084
10200 1.5212259
10300 1.040506
10400 1.2895585
10500 1.5655842
10600 1.1235523
10700 1.8095827
10800 0.9190043
10900 1.3213292
11000 1.3546709
11100 1.0945147
11200 1.0474241
11300 1.035172
11400 1.0335672
11500 1.202341
11600 1.2269882
11700 1.1862092
11800 1.0588132
11900 1.6236485
12000 0.97376156
12100 1.7224265
12200 1.4233904
12300 0.9272861
12400 1.1060637
12500 0.88279974
12600 1.2449086
12700 0.820987
12800 0.83887917
12900 1.1754092
13000 0.9562259
13100 0.8451518
13200 0.7956499
13300 1.039482
13400 0.8210136
13500 1.1291773
13600 1.3386831
13700 0.8561823
13800 1.0135607
13900 0.91768104
14000 1.0603182
14100 1.1699058
14200 0.77590936
14300 0.83645827
14400 0.7070438
14500 1.0222391
14600 1.087888
14700 1.1087298
14800 1.0596745
14900 1.5989636
15000 0.980769
15100 1.0464053
15200 0.8344476
15300 1.2599099
15400 0.7605287
15500 1.099939
15600 0.6910133
15700 0.75805414
15800 0.88091147
15900 0.86636305
16000 1.0857877
16100 0.8977092
16200 0.82016534
16300 1.1631461
16400 0.809792
16500 0.79179126
16600 1.0055493
16700 1.0837072
16800 1.0438597
16900 0.9247373
17000 0.81191933
17100 1.1549381
17200 1.0390679
17300 0.96460587
17400 1.0692968
17500 0.8041606
17600 0.78824586
17700 0.93392444
17800 0.8160088
17900 1.1135641
18000 0.81648815
18100 1.2725657
18200 0.77257997
18300 1.2848445
18400 0.6576384
18500 1.0583861
18600 0.8686264
18700 1.0697434
18800 0.57188743
18900 0.90420586
19000 1.1510123
19100 0.8235571
19200 0.7046267
19300 0.7563379
19400 1.084906
19500 0.5605331
19600 1.0565237
19700 0.94710493
19800 0.6265666
19900 1.3333111
20000 1.0575392
20100 1.056067
20200 0.9753695
20300 0.7132288
20400 0.9668542
20500 1.0555758
20600 1.4118087
20700 1.0144725
20800 0.57778
20900 0.9432661
21000 1.4738569
21100 0.7922539
21200 0.946068
21300 0.6416813
21400 0.76481044
