0 3.2272835
100 2.1011539
200 2.145854
300 1.4890273
400 1.7983444
500 1.4519039
600 1.9514195
700 2.0096617
800 1.6571491
900 2.0284667
1000 1.4903231
1100 1.3922176
1200 2.1341734
1300 1.3808761
1400 1.3191397
1500 1.5886289
1600 1.6116858
1700 1.4976623
1800 1.2431893
1900 1.3830572
2000 1.2801505
2100 1.3852979
2200 1.4779305
2300 1.1805055
2400 1.8290584
2500 1.5915332
2600 1.0498899
2700 1.3038185
2800 1.8258022
2900 1.8919516
3000 1.3806012
3100 1.4771347
3200 1.4948934
3300 1.2338423
3400 1.2233355
3500 1.2678459
3600 0.9391263
3700 1.393708
3800 1.1292734
3900 1.2363572
4000 1.0859575
4100 1.4470468
4200 1.3872523
4300 1.3626145
4400 1.5100088
4500 1.4513675
4600 1.7808881
4700 1.1661925
4800 1.3800076
4900 1.7026123
5000 1.7064236
5100 0.99995434
5200 0.9120079
5300 1.1635787
5400 1.20486
5500 1.668901
5600 0.9827869
5700 1.1468635
5800 1.3558404
5900 1.3489963
6000 0.7988973
6100 0.91336495
6200 1.0417199
6300 0.947554
6400 0.6850195
6500 1.0823903
6600 0.7560943
6700 1.0863872
6800 1.2287264
6900 1.0820148
7000 0.65431535
7100 1.0241153
7200 0.97053254
7300 0.8195378
7400 1.2839811
7500 1.0669975
7600 1.2266836
7700 0.943547
7800 1.2369962
7900 0.84753156
8000 1.2110226
8100 0.9471871
8200 0.7960879
8300 1.0192542
8400 1.2456846
8500 1.4472916
8600 0.866467
8700 1.2419941
8800 1.110676
8900 0.7869012
9000 0.8816997
9100 0.86629236
9200 0.9048476
9300 0.851774
9400 0.7581796
9500 0.79651177
9600 0.9608137
9700 0.5404203
9800 0.92151964
9900 1.0936998
10000 0.7298213
10100 0.7209313
10200 1.0544335
10300 0.7212238
10400 0.89385384
10500 1.0851803
10600 0.77878714
10700 1.2543072
10800 0.63700527
10900 0.9158756
11000 0.9389863
11100 0.75865984
11200 0.726019
11300 0.71752656
11400 0.71641415
11500 0.83339924
11600 0.8504834
11700 0.8222176
11800 0.7339134
11900 1.1254274
12000 0.6749601
12100 1.1938951
12200 0.98661906
12300 0.64274573
12400 0.766665
12500 0.61191016
12600 0.8629049
12700 0.5690648
12800 0.58146673
12900 0.8147316
13000 0.66280526
13100 0.5858146
13200 0.55150247
13300 0.720514
13400 0.5690833
13500 0.7826861
13600 0.9279044
13700 0.5934603
13800 0.7025467
13900 0.636088
14000 0.7349566
14100 0.8109169
14200 0.5378194
14300 0.5797887
14400 0.49008545
14500 0.70856214
14600 0.75406647
14700 0.76851296
14800 0.7345104
14900 1.1083171
15000 0.67981726
15100 0.7253129
15200 0.578395
15300 0.873303
15400 0.5271583
15500 0.76241964
15600 0.47897393
15700 0.5254431
15800 0.6106013
15900 0.6005171
16000 0.7526107
16100 0.6222446
16200 0.5684953
16300 0.80623144
16400 0.56130505
16500 0.5488279
16600 0.6969937
16700 0.7511686
16800 0.7235484
16900 0.64097905
17000 0.5627796
17100 0.8005421
17200 0.72022694
17300 0.66861385
17400 0.7411801
17500 0.55740166
17600 0.5463704
17700 0.6473471
17800 0.5656142
17900 0.7718638
18000 0.56594646
18100 0.8820753
18200 0.5355116
18300 0.8905863
18400 0.45584017
18500 0.7336173
18600 0.60208595
18700 0.74148965
18800 0.39640218
18900 0.6267477
19000 0.7978209
19100 0.57084626
19200 0.48841
19300 0.5242535
19400 0.7519995
19500 0.38853192
19600 0.7323264
19700 0.6564831
19800 0.43430287
19900 0.9241808
20000 0.7330303
20100 0.7320099
20200 0.6760746
20300 0.49437255
20400 0.6701723
20500 0.7316694
20600 0.9785912
20700 0.70317876
20800 0.4004866
20900 0.65382224
21000 1.0215998
21100 0.54914856
21200 0.65576434
21300 0.44477957
21400 0.5301262
