0 6.219477
100 4.3425527
200 4.8344836
300 4.5197363
400 4.932742
500 4.521512
600 3.942387
700 4.4419866
800 3.9586694
900 5.024316
1000 4.7276697
1100 4.4241323
1200 5.1648936
1300 3.6448596
1400 4.284984
1500 4.428124
1600 4.693942
1700 4.725725
1800 3.6568074
1900 3.7508101
2000 4.6657705
2100 4.2376537
2200 4.626218
2300 3.7008557
2400 4.3514957
2500 3.723323
2600 3.6563215
2700 3.626295
2800 4.669658
2900 3.850939
3000 3.8023496
3100 4.4630623
3200 3.8109555
3300 3.6851194
3400 3.9789433
3500 3.6788871
3600 3.5474901
3700 4.091097
3800 3.8186798
3900 4.035986
4000 3.2021642
4100 3.5549467
4200 3.5650058
4300 3.982126
4400 3.8071804
4500 3.73305
4600 3.6528902
4700 3.5121276
4800 3.9902968
4900 4.0205894
5000 3.95735
5100 2.7420936
5200 2.9328785
5300 3.586506
5400 3.8987412
5500 3.718751
5600 3.6154933
5700 3.8872359
5800 4.086775
5900 3.8527162
6000 3.2587814
6100 3.9848084
6200 3.3459365
6300 3.5697653
6400 3.2112603
6500 3.7529964
6600 3.1369076
6700 3.9744565
6800 3.276145
6900 4.003789
7000 3.3945403
7100 3.3278852
7200 3.251386
7300 3.5960426
7400 3.3148794
7500 3.3956652
7600 3.8275006
7700 3.3161297
7800 3.7852764
7900 3.33571
8000 3.2797837
8100 3.4598527
8200 3.2653754
8300 3.228046
8400 3.2144265
8500 3.3816264
8600 3.5941412
8700 4.2241287
8800 3.2287526
8900 3.2051916
9000 3.1623447
9100 3.2686298
9200 3.4205806
9300 3.17842
9400 3.2778058
9500 2.9964142
9600 3.2664747
9700 2.6974487
9800 3.4594579
9900 3.408277
10000 3.0250158
10100 3.3750343
10200 3.1711686
10300 3.1131973
10400 3.2508202
10500 3.4689279
10600 3.6772676
10700 3.4705338
10800 3.0749016
10900 3.5128465
11000 3.1172237
11100 3.083756
11200 2.7440279
11300 3.033181
11400 3.181168
11500 3.060668
11600 3.5610137
11700 3.4394243
11800 3.3375378
11900 3.1268055
12000 2.9098248
12100 3.9100502
12200 3.1808813
12300 2.752861
12400 3.115995
12500 2.5226302
12600 3.1823559
12700 3.0447698
12800 3.2581303
12900 3.4027135
13000 3.076014
13100 2.6528416
13200 2.7437477
13300 2.8993416
13400 2.8758674
13500 3.3735623
13600 3.074881
13700 2.918469
13800 2.9642768
13900 2.8701005
14000 3.019145
14100 3.2571702
14200 3.052528
14300 3.032042
14400 2.712247
14500 3.0606465
14600 3.2129517
14700 3.029504
14800 3.123623
14900 3.4216356
15000 3.2116592
15100 3.0203178
15200 2.9027042
15300 2.9819086
15400 2.800116
15500 3.0855412
15600 2.5771174
15700 2.8379095
15800 3.0658908
15900 2.807113
16000 3.2034907
16100 3.2644346
16200 2.6314545
16300 2.9230254
16400 2.7554636
16500 2.7212813
16600 2.649373
16700 3.2151492
16800 3.085276
16900 2.791678
17000 3.0223393
17100 3.1342835
17200 2.5109367
17300 3.2893097
17400 2.613442
17500 2.9629936
17600 2.9105468
17700 3.034848
17800 2.8009658
17900 3.188632
18000 3.1251655
18100 3.419231
18200 2.7262702
18300 3.202182
18400 2.4230947
18500 2.941648
18600 2.8019452
18700 3.2060714
18800 2.4240599
18900 2.7227774
19000 3.1368716
19100 2.9327865
19200 2.8603895
19300 2.7650352
19400 2.9567122
19500 2.4748092
19600 3.5429122
19700 2.9463344
19800 2.6692877
19900 3.3209338
20000 2.7835958
20100 3.0787253
20200 3.0159118
20300 2.6514297
20400 2.7650337
20500 3.0094843
20600 3.0487232
20700 2.8949714
20800 2.6798246
20900 2.9327698
21000 3.1834054
21100 2.5810127
21200 2.6154528
21300 2.4990864
21400 2.3614385
