0 0.125
100 0.28125
200 0.4375
300 0.28125
400 0.4375
500 0.28125
600 0.28125
700 0.5625
800 0.375
900 0.46875
1000 0.4375
1100 0.3125
1200 0.28125
1300 0.4375
1400 0.75
1500 0.59375
1600 0.375
1700 0.375
1800 0.46875
1900 0.5625
2000 0.46875
2100 0.4375
2200 0.59375
2300 0.46875
2400 0.53125
2500 0.40625
2600 0.4375
2700 0.375
2800 0.625
2900 0.46875
3000 0.625
3100 0.6875
3200 0.59375
3300 0.46875
3400 0.5
3500 0.40625
3600 0.5625
3700 0.375
3800 0.46875
3900 0.40625
4000 0.5625
4100 0.65625
4200 0.46875
4300 0.5625
4400 0.40625
4500 0.53125
4600 0.53125
4700 0.5625
4800 0.65625
4900 0.53125
5000 0.5
5100 0.5
5200 0.65625
5300 0.59375
5400 0.6875
5500 0.59375
5600 0.59375
5700 0.625
5800 0.59375
5900 0.53125
6000 0.53125
6100 0.625
6200 0.625
6300 0.5625
6400 0.4375
6500 0.65625
6600 0.625
6700 0.65625
6800 0.4375
6900 0.5625
7000 0.625
7100 0.5
7200 0.5625
7300 0.625
7400 0.59375
7500 0.6875
7600 0.71875
7700 0.5625
7800 0.5
7900 0.65625
8000 0.625
8100 0.53125
8200 0.625
8300 0.4375
8400 0.75
8500 0.59375
8600 0.78125
8700 0.53125
8800 0.59375
8900 0.625
9000 0.5625
9100 0.625
9200 0.59375
9300 0.59375
9400 0.5625
9500 0.625
9600 0.71875
9700 0.6875
9800 0.6875
9900 0.625
10000 0.6875
10100 0.46875
10200 0.6875
10300 0.59375
10400 0.71875
10500 0.5
10600 0.5
10700 0.65625
10800 0.46875
10900 0.53125
11000 0.71875
11100 0.6875
11200 0.65625
11300 0.84375
11400 0.65625
11500 0.625
11600 0.71875
11700 0.65625
11800 0.5625
11900 0.71875
12000 0.65625
12100 0.5
12200 0.59375
12300 0.71875
12400 0.6875
12500 0.6875
12600 0.625
12700 0.625
12800 0.84375
12900 0.65625
13000 0.875
13100 0.65625
13200 0.75
13300 0.71875
13400 0.71875
13500 0.71875
13600 0.625
13700 0.625
13800 0.65625
13900 0.5625
14000 0.65625
14100 0.625
14200 0.6875
14300 0.71875
14400 0.75
14500 0.59375
14600 0.625
14700 0.625
14800 0.71875
14900 0.75
15000 0.65625
15100 0.6875
15200 0.53125
15300 0.8125
15400 0.8125
15500 0.65625
15600 0.75
15700 0.625
15800 0.78125
15900 0.59375
16000 0.71875
16100 0.75
16200 0.8125
16300 0.8125
16400 0.75
16500 0.5625
16600 0.6875
16700 0.5625
16800 0.75
16900 0.75
17000 0.71875
17100 0.78125
17200 0.75
17300 0.65625
17400 0.625
17500 0.78125
17600 0.71875
17700 0.8125
17800 0.65625
17900 0.75
18000 0.65625
18100 0.75
18200 0.71875
18300 0.78125
18400 0.78125
18500 0.6875
18600 0.6875
18700 0.6875
18800 0.65625
18900 0.75
19000 0.90625
19100 0.75
19200 0.6875
19300 0.65625
19400 0.71875
19500 0.78125
19600 0.90625
19700 0.84375
19800 0.8125
19900 0.6875
20000 0.75
20100 0.84375
20200 0.75
20300 0.75
20400 0.65625
20500 0.71875
20600 0.75
20700 0.78125
20800 0.75
20900 0.59375
21000 0.625
21100 0.625
21200 0.6875
21300 0.65625
21400 0.78125
21500 0.65625
21600 0.65625
21700 0.65625
21800 0.6875
21900 0.65625
22000 0.875
22100 0.6875
22200 0.71875
22300 0.75
22400 0.6875
22500 0.75
22600 0.78125
22700 0.75
22800 0.78125
22900 0.71875
23000 0.6875
23100 0.78125
23200 0.8125
23300 0.78125
23400 0.875
23500 0.78125
23600 0.65625
23700 0.8125
23800 0.71875
23900 0.78125
24000 0.6875
24100 0.6875
24200 0.65625
24300 0.6875
24400 0.84375
24500 0.6875
24600 0.65625
24700 0.71875
24800 0.6875
24900 0.84375
25000 0.78125
25100 0.6875
25200 0.8125
25300 0.59375
25400 0.5625
25500 0.65625
25600 0.625
25700 0.84375
25800 0.625
25900 0.5625
26000 0.84375
26100 0.625
26200 0.75
26300 0.6875
26400 0.78125
26500 0.65625
26600 0.875
26700 0.8125
26800 0.71875
26900 0.875
27000 0.75
27100 0.6875
27200 0.6875
27300 0.71875
27400 0.78125
27500 0.71875
27600 0.84375
27700 0.78125
27800 0.75
27900 0.875
