0 3.324498
100 2.9914703
200 2.5915694
300 3.3228273
400 2.7857265
500 2.535644
600 2.8005936
700 2.4698446
800 2.075462
900 2.0679305
1000 2.3849251
1100 2.4137769
1200 2.5469263
1300 2.0730627
1400 1.5018592
1500 2.0489435
1600 2.2474365
1700 2.345801
1800 2.2178574
1900 2.0111024
2000 2.167451
2100 2.1093585
2200 1.8635274
2300 2.3965685
2400 2.1429372
2500 2.2858007
2600 2.1985714
2700 2.2841144
2800 1.5600574
2900 2.1764863
3000 1.6464242
3100 1.3856288
3200 1.7524898
3300 1.9505017
3400 2.0696428
3500 2.4326155
3600 2.0169497
3700 2.176545
3800 2.3704686
3900 2.0965352
4000 1.8873013
4100 1.3884543
4200 2.159969
4300 1.679123
4400 2.1923928
4500 1.5837914
4600 1.7804363
4700 1.8741361
4800 1.7930757
4900 1.7895521
5000 2.1556683
5100 1.7009903
5200 1.4240012
5300 1.5228977
5400 1.6069785
5500 1.8113387
5600 1.821358
5700 1.6255072
5800 1.8046725
5900 1.9241173
6000 2.1200318
6100 1.6522284
6200 1.8227106
6300 1.7481734
6400 2.4104397
6500 1.5322602
6600 1.6957885
6700 1.6649588
6800 2.0794313
6900 1.630894
7000 1.505686
7100 1.8452294
7200 1.591988
7300 1.1971215
7400 1.5024501
7500 1.5147021
7600 1.7548445
7700 1.9853979
7800 1.6881022
7900 1.7619928
8000 1.6023127
8100 1.6379222
8200 1.7163303
8300 1.7975501
8400 1.0828146
8500 1.3331918
8600 1.2270751
8700 1.6377687
8800 1.5394003
8900 1.4003464
9000 1.3541036
9100 1.648752
9200 1.6169189
9300 1.5271635
9400 1.7973969
9500 1.6078659
9600 1.6165117
9700 1.6511786
9800 1.6803954
9900 1.6860098
10000 1.3952175
10100 1.7524124
10200 1.5579131
10300 1.441897
10400 1.1037258
10500 1.8949873
10600 1.58414
10700 1.345376
10800 1.7996999
10900 1.9520634
11000 1.4342908
11100 1.2494799
11200 1.6128008
11300 1.0256375
11400 1.3975964
11500 1.1953918
11600 1.2308688
11700 1.2130144
11800 1.4889436
11900 1.3154943
12000 1.6449659
12100 2.0072703
12200 1.5184916
12300 1.2266783
12400 1.3013737
12500 1.4008294
12600 1.5103933
12700 1.6891066
12800 1.0731255
12900 1.7662454
13000 0.68207294
13100 1.5660174
13200 1.2672548
13300 1.2254667
13400 1.2598405
13500 1.1122311
13600 1.5089784
13700 1.5718261
13800 1.570643
13900 1.6073825
14000 1.5938547
14100 1.2159382
14200 1.587915
14300 1.1312331
14400 1.1022868
14500 1.7539008
14600 1.5010861
14700 1.3135831
14800 1.3552115
14900 1.5080698
15000 1.2678682
15100 1.192556
15200 2.0159533
15300 0.9937412
15400 0.96500015
15500 1.3239518
15600 1.3432769
15700 1.6699911
15800 1.0016481
15900 1.5390449
16000 1.1181223
16100 1.294337
16200 0.98960656
16300 0.9444199
16400 1.4032831
16500 1.541088
16600 1.3262566
16700 1.7496474
16800 1.4816364
16900 1.1820412
17000 1.3314147
17100 1.0195582
17200 1.0735816
17300 1.3278728
17400 1.5970434
17500 1.3551682
17600 1.446611
17700 1.2014458
17800 1.2141036
17900 1.2676095
18000 1.2451543
18100 1.1425238
18200 1.2393537
18300 0.9922108
18400 1.4290457
18500 1.1194
18600 1.2323213
18700 1.0687569
18800 1.5015962
18900 1.2119898
19000 0.70868546
19100 1.0670795
19200 1.4275161
19300 1.4461101
19400 1.1319313
19500 1.0835558
19600 0.811599
19700 1.005968
19800 0.8972082
19900 1.3259076
20000 1.1166847
20100 1.0271107
20200 1.0996983
20300 1.1780257
20400 1.2211922
20500 1.446091
20600 1.1550034
20700 1.2047126
20800 1.0521938
20900 1.4436738
21000 1.3194664
21100 1.753033
21200 1.2499685
21300 1.2022028
21400 0.99271876
21500 1.3752294
21600 1.3673828
21700 1.5300109
21800 1.3073726
21900 1.7533907
22000 0.7853923
22100 1.2185264
22200 1.0599053
22300 0.9288194
22400 1.2765294
22500 1.3214543
22600 1.0824913
22700 1.1849297
22800 1.3455844
22900 1.1750033
23000 1.4651121
23100 1.0445834
23200 1.0605395
23300 1.2519063
23400 1.1037614
23500 0.8747428
23600 1.1422087
23700 0.9402883
23800 1.0733358
23900 1.1796262
24000 1.1725888
24100 1.3248763
24200 1.4179679
24300 1.3582267
24400 0.9792201
24500 1.2538755
24600 1.4169774
24700 0.9941122
24800 1.161593
24900 1.0298051
25000 0.91101414
25100 1.2732759
25200 0.98895866
25300 1.3459396
25400 1.3326597
25500 1.2620348
25600 1.2758127
25700 0.844388
25800 1.6719177
25900 1.4260143
26000 0.9524704
26100 1.1653597
26200 1.1810031
26300 1.3521007
26400 0.90847
26500 1.3099608
26600 0.88687205
26700 1.0938764
26800 1.3612508
26900 0.9843205
27000 1.1436968
27100 1.3473
27200 1.267388
27300 1.2450727
27400 1.1388361
27500 1.3413242
27600 1.1623167
27700 1.0370896
27800 1.0535669
27900 0.9082048
