0 2.3043664
100 2.0735292
200 1.796339
300 2.3032084
400 1.9309185
500 1.7575746
600 1.9412236
700 1.7119658
800 1.4386008
900 1.4333802
1000 1.6531041
1100 1.6731026
1200 1.7653948
1300 1.4369376
1400 1.0410094
1500 1.4202194
1600 1.5578042
1700 1.6259855
1800 1.5373015
1900 1.3939899
2000 1.5023625
2100 1.462096
2200 1.2916988
2300 1.6611748
2400 1.4853709
2500 1.5843964
2600 1.5239336
2700 1.5832274
2800 1.0813494
2900 1.5086253
3000 1.1412143
3100 0.96044475
3200 1.2147334
3300 1.3519847
3400 1.4345671
3500 1.6861606
3600 1.3980429
3700 1.5086659
3800 1.6430836
3900 1.4532075
4000 1.3081776
4100 0.9624032
4200 1.4971764
4300 1.1638794
4400 1.5196509
4500 1.0978005
4600 1.2341044
4700 1.2990521
4800 1.2428653
4900 1.240423
5000 1.4941953
5100 1.1790366
5200 0.9870424
5300 1.0555923
5400 1.1138726
5500 1.2555243
5600 1.2624692
5700 1.1267158
5800 1.2509036
5900 1.3336965
6000 1.4694941
6100 1.1452374
6200 1.2634068
6300 1.2117414
6400 1.6707895
6500 1.0620818
6600 1.175431
6700 1.1540616
6800 1.441352
6900 1.1304495
7000 1.0436621
7100 1.2790155
7200 1.103482
7300 0.8297814
7400 1.041419
7500 1.0499115
7600 1.2163656
7700 1.376173
7800 1.1701033
7900 1.2213204
8000 1.1106385
8100 1.1353211
8200 1.1896695
8300 1.2459668
8400 0.7505499
8500 0.92409813
8600 0.8505437
8700 1.1352148
8800 1.067031
8900 0.97064614
9000 0.93859303
9100 1.1428277
9200 1.1207628
9300 1.058549
9400 1.2458606
9500 1.1144878
9600 1.1204805
9700 1.1445098
9800 1.1647613
9900 1.1686529
10000 0.96709114
10100 1.2146797
10200 1.0798631
10300 0.99944687
10400 0.7650444
10500 1.3135052
10600 1.0980421
10700 0.9325436
10800 1.2474569
10900 1.3530673
11000 0.9941746
11100 0.8660735
11200 1.1179084
11300 0.7109177
11400 0.96874
11500 0.8285824
11600 0.85317326
11700 0.8407975
11800 1.032057
11900 0.9118312
12000 1.1402035
12100 1.3913338
12200 1.0525382
12300 0.8502686
12400 0.9020435
12500 0.970981
12600 1.0469248
12700 1.1707995
12800 0.7438339
12900 1.224268
13000 0.47277695
13100 1.0854806
13200 0.8783941
13300 0.8494288
13400 0.8732549
13500 0.7709399
13600 1.0459441
13700 1.0895069
13800 1.0886867
13900 1.1141527
14000 1.1047759
14100 0.84282416
14200 1.1006588
14300 0.784111
14400 0.764047
14500 1.2157114
14600 1.0404736
14700 0.9105065
14800 0.93936104
14900 1.0453143
15000 0.8788192
15100 0.8266169
15200 1.3973523
15300 0.6888089
15400 0.66888714
15500 0.9176935
15600 0.93108857
15700 1.1575496
15800 0.6942895
15900 1.0667846
16000 0.77502334
16100 0.8971661
16200 0.685943
16300 0.654622
16400 0.97268176
16500 1.0682008
16600 0.919291
16700 1.2127632
16800 1.0269921
16900 0.81932855
17000 0.92286634
17100 0.7067039
17200 0.74415004
17300 0.9204112
17400 1.1069862
17500 0.939331
17600 1.0027144
17700 0.8327788
17800 0.8415525
17900 0.87863994
18000 0.8630752
18100 0.7919371
18200 0.8590545
18300 0.68774813
18400 0.99053895
18500 0.775909
18600 0.85418
18700 0.74080586
18800 1.0408272
18900 0.8400873
19000 0.49122334
19100 0.7396432
19200 0.98947877
19300 1.0023671
19400 0.784595
19500 0.75106364
19600 0.5625576
19700 0.69728386
19800 0.62189734
19900 0.9190491
20000 0.7740269
20100 0.7119389
20200 0.7622528
20300 0.81654525
20400 0.84646595
20500 1.0023539
20600 0.80058736
20700 0.8350432
20800 0.7293251
20900 1.0006784
21000 0.9145844
21100 1.21511
21200 0.86641216
21300 0.8333035
21400 0.6881002
21500 0.95323634
21600 0.9477975
21700 1.0605228
21800 0.9062016
21900 1.2153578
22000 0.54439247
22100 0.8446181
22200 0.7346704
22300 0.64380854
22400 0.8848228
22500 0.91596234
22600 0.7503258
22700 0.82133067
22800 0.93268806
22900 0.8144502
23000 1.0155383
23100 0.72405005
23200 0.7351099
23300 0.8677553
23400 0.7650691
23500 0.6063255
23600 0.7917187
23700 0.6517582
23800 0.7439797
23900 0.8176546
24000 0.8127766
24100 0.91833425
24200 0.98286045
24300 0.94145095
24400 0.67874366
24500 0.86912024
24600 0.9821739
24700 0.68906605
24800 0.8051549
24900 0.7138065
25000 0.63146687
25100 0.8825676
25200 0.6854939
25300 0.9329343
25400 0.9237293
25500 0.8747758
25600 0.884326
25700 0.5852852
25800 1.158885
25900 0.98843783
26000 0.6602022
26100 0.80776584
26200 0.818609
26300 0.93720484
26400 0.6297034
26500 0.90799564
26600 0.61473286
26700 0.75821733
26800 0.9435471
26900 0.682279
27000 0.7927502
27100 0.9338772
27200 0.8784864
27300 0.86301863
27400 0.789381
27500 0.92973506
27600 0.80565655
27700 0.71885574
27800 0.73027694
27900 0.6295196
