0 9.997604
100 8.959955
200 6.9683824
300 6.4018145
400 6.1699157
500 6.2664285
600 5.728213
700 5.8319964
800 5.454443
900 5.570135
1000 5.176881
1100 5.4346485
1200 5.2196264
1300 5.233856
1400 5.0305433
1500 4.5112047
1600 5.1452093
1700 4.9065075
1800 4.503438
1900 4.458107
2000 5.0721226
2100 4.3603516
2200 4.534693
2300 5.0905123
2400 4.641953
2500 6.167136
2600 4.823589
2700 4.8780365
2800 4.3590508
2900 4.7975454
3000 4.220154
3100 4.3867526
3200 4.3630524
3300 4.8856087
3400 4.4459414
3500 4.365835
3600 4.42958
3700 4.7395067
3800 4.301567
3900 5.360486
4000 4.165511
4100 3.786066
4200 4.051209
4300 3.889047
4400 4.330183
4500 3.9641669
4600 4.262708
4700 4.6405287
4800 3.8444614
4900 4.45998
5000 4.0419383
5100 4.235461
5200 4.3122706
5300 4.1582804
5400 4.1473427
5500 4.190647
5600 4.3156238
5700 4.141384
5800 4.0893226
5900 3.7554173
6000 4.045291
6100 4.2945547
6200 3.962173
6300 3.865148
6400 4.0325923
6500 3.2830443
6600 4.213065
6700 3.7835925
6800 3.857649
6900 4.429076
7000 3.982663
7100 3.6315694
7200 3.8782506
7300 3.675007
7400 3.777442
7500 3.9690013
7600 3.957614
7700 3.9502828
7800 4.112751
7900 3.7308145
8000 3.6138644
8100 3.9464498
8200 4.223198
8300 3.8710632
8400 3.241296
8500 3.3356936
8600 3.840365
8700 3.8001316
8800 3.7713733
8900 3.601208
9000 3.6691787
9100 3.8246765
9200 3.704867
9300 3.317822
9400 3.6084738
9500 4.009796
9600 3.7402284
9700 3.6507125
9800 3.46983
9900 3.8640795
10000 3.1506853
10100 3.923241
10200 4.041743
10300 3.422989
10400 3.238147
10500 3.8476627
10600 3.6496851
10700 3.2979422
10800 3.9356198
10900 3.7726564
11000 3.1823716
11100 3.286801
11200 3.8314848
11300 2.9187987
11400 3.2543626
11500 3.2050219
11600 3.6258035
11700 3.2424092
11800 3.3290782
11900 3.554048
12000 3.4168153
12100 3.5469718
12200 3.155499
12300 3.250882
12400 3.3988886
12500 3.5877879
12600 3.495099
12700 3.416595
12800 3.3522983
12900 3.489059
13000 2.4758604
13100 3.4034572
13200 3.3037622
13300 3.681807
13400 3.7270932
13500 3.0030088
13600 3.823542
13700 3.3413482
13800 3.5669904
13900 4.319355
14000 3.1310694
14100 3.1919992
14200 3.2801847
14300 3.1222124
14400 3.594654
14500 3.9707394
14600 3.5153918
14700 3.175155
14800 3.422944
14900 3.743559
15000 2.906946
15100 3.5418463
15200 3.6397376
15300 3.4068635
15400 3.2722354
15500 3.5215976
15600 3.4034374
15700 3.7798498
15800 3.5199602
15900 3.7344036
16000 3.3012986
16100 3.3440223
16200 3.2225683
16300 3.3946102
16400 3.5694463
16500 3.893509
16600 3.2570715
16700 3.921976
16800 3.2818675
16900 3.3133965
17000 3.9077992
17100 3.2869375
17200 2.8477736
17300 2.91968
17400 3.4055367
17500 3.4834948
17600 3.7326078
17700 3.0046463
17800 3.7212906
17900 3.0561802
18000 3.268872
18100 3.1872842
18200 3.2919917
18300 3.0775185
18400 3.3093734
18500 3.262127
18600 3.6050496
18700 3.3206706
18800 3.5382266
18900 3.3888154
19000 2.8694878
19100 3.26834
19200 3.6339073
19300 3.583284
19400 3.2521758
19500 3.1135812
19600 2.8829741
19700 3.1514401
19800 3.371016
19900 3.4957294
20000 3.4396572
20100 3.5278702
20200 3.3417397
20300 3.1193798
20400 3.2883306
20500 3.3642986
20600 3.2278728
20700 3.2699704
20800 3.219085
20900 3.8149595
21000 3.2906835
21100 3.9797692
21200 3.536568
21300 3.404875
21400 3.124415
21500 3.7957897
21600 3.7432036
21700 3.462162
21800 4.0177617
21900 3.7541628
22000 2.9123647
22100 3.3120801
22200 3.12087
22300 2.9664984
22400 3.4600317
22500 3.059181
22600 3.4653978
22700 3.092367
22800 3.4356904
22900 3.5453463
23000 3.1612904
23100 3.3991473
23200 3.651723
23300 3.3154805
23400 3.1622243
23500 2.8544385
23600 3.4880176
23700 3.1171563
23800 2.860983
23900 3.391457
24000 3.0414188
24100 3.3474026
24200 3.64785
24300 3.428702
24400 3.5187023
24500 3.678936
24600 3.3525033
24700 2.9096065
24800 3.4562254
24900 3.2586973
25000 2.8772616
25100 3.0908012
25200 3.1448994
25300 3.1786294
25400 3.6938913
25500 3.2321007
25600 3.9332767
25700 2.775777
25800 3.1821682
25900 3.6123202
26000 3.758238
26100 3.2421966
26200 3.39996
26300 3.6881456
26400 2.739632
26500 3.4110222
26600 3.0829988
26700 3.352797
26800 3.3899987
26900 2.9997373
27000 3.2224486
27100 2.8384318
27200 3.5850265
27300 3.2968075
27400 3.0087621
27500 3.3462563
27600 3.4005873
27700 3.3445091
27800 3.484648
27900 3.1589565
