0 0.125
100 0.3125
200 0.375
300 0.375
400 0.4375
500 0.375
600 0.4375
700 0.46875
800 0.34375
900 0.34375
1000 0.34375
1100 0.34375
1200 0.46875
1300 0.4375
1400 0.5625
1500 0.5
1600 0.59375
1700 0.5625
1800 0.40625
1900 0.4375
2000 0.375
2100 0.53125
2200 0.4375
2300 0.5
2400 0.53125
2500 0.5
2600 0.40625
2700 0.5625
2800 0.40625
2900 0.5
3000 0.59375
3100 0.59375
3200 0.53125
3300 0.46875
3400 0.625
3500 0.34375
3600 0.625
3700 0.5625
3800 0.59375
3900 0.4375
4000 0.46875
4100 0.5
4200 0.4375
4300 0.46875
4400 0.46875
4500 0.53125
4600 0.65625
4700 0.53125
4800 0.59375
4900 0.59375
5000 0.40625
5100 0.46875
5200 0.34375
5300 0.65625
5400 0.65625
5500 0.46875
5600 0.59375
5700 0.59375
5800 0.5
5900 0.625
6000 0.5625
6100 0.53125
6200 0.5
6300 0.625
6400 0.5
6500 0.6875
6600 0.5625
6700 0.53125
6800 0.46875
6900 0.65625
7000 0.40625
7100 0.65625
7200 0.71875
7300 0.5625
7400 0.53125
7500 0.46875
7600 0.4375
7700 0.625
7800 0.59375
7900 0.78125
8000 0.6875
8100 0.71875
8200 0.5
8300 0.5
8400 0.65625
8500 0.65625
8600 0.53125
8700 0.71875
8800 0.65625
8900 0.625
9000 0.53125
9100 0.59375
9200 0.46875
9300 0.625
9400 0.84375
9500 0.75
9600 0.6875
9700 0.65625
9800 0.53125
9900 0.75
10000 0.65625
10100 0.46875
10200 0.53125
10300 0.625
10400 0.625
10500 0.625
10600 0.53125
10700 0.71875
10800 0.8125
10900 0.6875
11000 0.625
11100 0.6875
11200 0.6875
11300 0.625
11400 0.71875
11500 0.625
11600 0.71875
11700 0.71875
11800 0.53125
11900 0.6875
12000 0.65625
12100 0.78125
12200 0.59375
12300 0.59375
12400 0.53125
12500 0.6875
12600 0.78125
12700 0.59375
12800 0.59375
12900 0.625
13000 0.59375
13100 0.75
13200 0.59375
13300 0.625
13400 0.375
13500 0.75
13600 0.46875
13700 0.5625
13800 0.71875
13900 0.5625
14000 0.71875
14100 0.625
14200 0.8125
14300 0.75
14400 0.78125
14500 0.71875
14600 0.78125
14700 0.53125
14800 0.59375
14900 0.65625
15000 0.59375
15100 0.625
15200 0.71875
15300 0.65625
15400 0.59375
15500 0.78125
15600 0.6875
15700 0.71875
15800 0.8125
15900 0.65625
16000 0.65625
16100 0.84375
16200 0.6875
16300 0.75
16400 0.65625
16500 0.6875
16600 0.8125
16700 0.6875
16800 0.53125
16900 0.71875
17000 0.59375
17100 0.65625
17200 0.65625
17300 0.6875
17400 0.8125
17500 0.6875
17600 0.65625
17700 0.65625
17800 0.625
17900 0.625
18000 0.8125
18100 0.71875
18200 0.75
18300 0.59375
18400 0.8125
18500 0.75
18600 0.625
18700 0.6875
18800 0.5
18900 0.53125
19000 0.78125
19100 0.5625
19200 0.78125
19300 0.65625
19400 0.90625
19500 0.71875
19600 0.65625
19700 0.71875
19800 0.78125
19900 0.59375
20000 0.625
20100 0.875
20200 0.71875
20300 0.78125
20400 0.84375
20500 0.8125
20600 0.65625
20700 0.71875
20800 0.75
20900 0.5625
21000 0.6875
21100 0.8125
21200 0.90625
21300 0.71875
21400 0.8125
21500 0.65625
21600 0.65625
21700 0.6875
21800 0.8125
21900 0.75
22000 0.78125
22100 0.78125
22200 0.75
22300 0.8125
22400 0.625
22500 0.75
22600 0.78125
22700 0.75
22800 0.75
22900 0.75
23000 0.8125
23100 0.75
23200 0.8125
23300 0.65625
23400 0.78125
23500 0.65625
23600 0.84375
23700 0.6875
23800 0.78125
23900 0.65625
24000 0.625
