0 3.3144422
100 2.9114792
200 2.4873457
300 2.9005258
400 2.0297086
500 2.49747
600 2.3323028
700 2.2357273
800 2.4446163
900 2.5906627
1000 2.5984082
1100 2.5009964
1200 2.1505053
1300 2.2410579
1400 1.9583321
1500 2.042905
1600 1.707202
1700 1.8946722
1800 2.5284655
1900 2.2153609
2000 2.966715
2100 1.9969996
2200 3.013762
2300 1.9435967
2400 1.8651105
2500 1.9564638
2600 2.4836023
2700 1.9443524
2800 2.5048988
2900 2.0962136
3000 2.0020669
3100 1.8427765
3200 2.003966
3300 2.0056217
3400 1.7464865
3500 2.3280754
3600 1.8571451
3700 1.8316056
3800 1.9912958
3900 1.977093
4000 2.0577824
4100 1.9861636
4200 2.1339536
4300 2.265931
4400 2.3801646
4500 1.8293588
4600 2.4496984
4700 2.085714
4800 1.7302912
4900 1.9898427
5000 2.3799722
5100 2.1416185
5200 2.8544364
5300 1.8183895
5400 1.4661252
5500 2.2372744
5600 1.9879103
5700 1.9078015
5800 1.9691088
5900 1.5263302
6000 1.4461919
6100 2.035129
6200 1.8230885
6300 1.6548325
6400 2.0837603
6500 1.596738
6600 2.4012191
6700 2.0724583
6800 1.8714538
6900 1.8593639
7000 1.9280283
7100 1.8036858
7200 1.2778326
7300 1.7658314
7400 1.985434
7500 1.863998
7600 2.1199827
7700 1.5614136
7800 1.7699784
7900 1.3412318
8000 1.587714
8100 1.3322864
8200 1.8148999
8300 1.9478303
8400 1.5369314
8500 1.5978196
8600 1.9960995
8700 1.500996
8800 1.6192594
8900 1.6732943
9000 1.8336816
9100 1.4243488
9200 1.76262
9300 1.6250995
9400 0.94310987
9500 1.4415175
9600 1.7066993
9700 1.4123021
9800 1.5590298
9900 1.2174144
10000 1.5550851
10100 2.2140348
10200 1.8161161
10300 1.7727247
10400 1.5809022
10500 1.2832333
10600 1.635132
10700 1.2282481
10800 1.2329057
10900 1.3150847
11000 1.4003928
11100 1.5265762
11200 1.2637864
11300 1.8057879
11400 1.2097528
11500 1.4890354
11600 1.4128164
11700 1.2458444
11800 2.2282653
11900 1.2663369
12000 1.7477964
12100 0.94857395
12200 1.8921669
12300 1.47414
12400 1.6563479
12500 1.1739438
12600 0.97264344
12700 1.5273529
12800 1.3959334
12900 1.5561243
13000 1.3108345
13100 1.1523393
13200 1.6198716
13300 1.8714544
13400 1.7782608
13500 1.2409731
13600 1.6881143
13700 1.2309166
13800 1.0622904
13900 1.4794823
14000 1.3826478
14100 1.6857609
14200 0.9699762
14300 1.0579462
14400 1.0609839
14500 1.6351718
14600 1.1920308
14700 1.9423577
14800 1.3422033
14900 1.5029488
15000 1.6615392
15100 1.7031453
15200 1.0542085
15300 1.3209441
15400 1.3868299
15500 1.1653156
15600 1.1103002
15700 1.3190818
15800 1.2915082
15900 1.2415425
16000 1.1633122
16100 1.3422952
16200 1.3491774
16300 1.4949636
16400 1.1638399
16500 1.5800511
16600 0.95348245
16700 1.2637268
16800 1.5697895
16900 1.1058095
17000 1.4892296
17100 1.2951992
17200 1.4191272
17300 1.4201801
17400 1.1920166
17500 1.2124692
17600 1.3136052
17700 1.5388128
17800 1.6382947
17900 1.3294674
18000 0.74769795
18100 1.3091959
18200 1.0747699
18300 1.8662856
18400 1.1663404
18500 1.1846273
18600 1.2668421
18700 1.0545366
18800 1.4224671
18900 1.4518973
19000 1.0291446
19100 1.6211125
19200 1.1277115
19300 1.5746729
19400 0.6225893
19500 1.2140195
19600 1.5471041
19700 1.3374096
19800 1.1347468
19900 1.6917583
20000 1.2132418
20100 0.82345206
20200 1.37756
20300 0.98154634
20400 0.9205944
20500 1.0754089
20600 1.1891643
20700 1.0959717
20800 1.2000937
20900 1.4873015
21000 1.2546186
21100 0.8705822
21200 0.80641013
21300 1.426564
21400 0.9736206
21500 1.2183703
21600 1.6962253
21700 1.1832892
21800 0.9998149
21900 1.1994225
22000 0.9396721
22100 1.0853626
22200 1.1730369
22300 0.8977983
22400 1.3587477
22500 1.0661122
22600 1.0520096
22700 1.0749707
22800 1.1144873
22900 1.3513895
23000 1.031596
23100 0.9990164
23200 0.93251365
23300 1.3835508
23400 1.4794855
23500 1.3774784
23600 0.97720635
23700 1.1391054
23800 1.0498106
23900 1.47336
24000 1.3912349
