0 2.2973962
100 2.0180836
200 1.7240967
300 2.0104914
400 1.4068868
500 1.7311141
600 1.6166291
700 1.5496881
800 1.694479
900 1.7957106
1000 1.8010793
1100 1.7335587
1200 1.4906167
1300 1.553383
1400 1.3574123
1500 1.416034
1600 1.1833422
1700 1.3132867
1800 1.7525988
1900 1.5355711
2000 2.0563703
2100 1.3842146
2200 2.0889807
2300 1.3471986
2400 1.2927961
2500 1.3561174
2600 1.721502
2700 1.3477224
2800 1.7362635
2900 1.4529846
3000 1.387727
3100 1.2773154
3200 1.3890435
3300 1.3901911
3400 1.2105722
3500 1.6136988
3600 1.2872748
3700 1.2695723
3800 1.3802611
3900 1.3704164
4000 1.4263461
4100 1.3767037
4200 1.4791439
4300 1.5706236
4400 1.6498044
4500 1.2680149
4600 1.6980015
4700 1.4457068
4800 1.1993465
4900 1.3792539
5000 1.6496711
5100 1.4844569
5200 1.9785446
5300 1.2604116
5400 1.0162406
5500 1.5507605
5600 1.3779144
5700 1.3223872
5800 1.3648822
5900 1.0579715
6000 1.0024239
6100 1.4106439
6200 1.2636687
6300 1.1470425
6400 1.4443526
6500 1.1067744
6600 1.6643982
6700 1.4365185
6800 1.2971929
6900 1.2888129
7000 1.3364074
7100 1.2502197
7200 0.8857261
7300 1.223981
7400 1.376198
7500 1.292025
7600 1.46946
7700 1.0822895
7800 1.2268555
7900 0.92967105
8000 1.1005194
8100 0.9234705
8200 1.2579927
8300 1.3501331
8400 1.0653197
8500 1.1075242
8600 1.3835907
8700 1.0404111
8800 1.122385
8900 1.1598393
9000 1.2710112
9100 0.9872834
9200 1.221755
9300 1.1264331
9400 0.65371394
9500 0.9991838
9600 1.1829938
9700 0.9789332
9800 1.0806371
9900 0.84384733
10000 1.0779028
10100 1.534652
10200 1.2588358
10300 1.2287592
10400 1.0957979
10500 0.8894695
10600 1.1333871
10700 0.85135674
10800 0.8545852
10900 0.91154724
11000 0.9706783
11100 1.058142
11200 0.87599003
11300 1.2516768
11400 0.83853674
11500 1.0321207
11600 0.9792897
11700 0.8635535
11800 1.5445158
11900 0.8777579
12000 1.2114801
12100 0.65750134
12200 1.3115501
12300 1.021796
12400 1.1480929
12500 0.8137158
12600 0.67418504
12700 1.0586804
12800 0.9675873
12900 1.0786232
13000 0.9086013
13100 0.79874074
13200 1.1228094
13300 1.2971933
13400 1.2325965
13500 0.86017704
13600 1.1701117
13700 0.8532064
13800 0.73632365
13900 1.025499
14000 0.95837843
14100 1.1684804
14200 0.6723363
14300 0.7333124
14400 0.735418
14500 1.1334147
14600 0.82625276
14700 1.3463397
14800 0.9303444
14900 1.0417647
15000 1.1516912
15100 1.1805303
15200 0.73072165
15300 0.91560864
15400 0.9612772
15500 0.8077352
15600 0.76960146
15700 0.91431785
15800 0.89520526
15900 0.8605716
16000 0.8063466
16100 0.9304081
16200 0.9351785
16300 1.0362298
16400 0.8067124
16500 1.0952079
16600 0.6609037
16700 0.87594867
16800 1.0880952
16900 0.76648873
17000 1.0322553
17100 0.89776367
17200 0.98366404
17300 0.98439384
17400 0.826243
17500 0.84041965
17600 0.91052175
17700 1.0666237
17800 1.1355793
17900 0.9215166
18000 0.5182647
18100 0.90746546
18200 0.74497366
18300 1.2936106
18400 0.8084455
18500 0.8211211
18600 0.8781081
18700 0.73094904
18800 0.9859791
18900 1.0063785
19000 0.71334875
19100 1.1236695
19200 0.7816701
19300 1.0914801
19400 0.43154603
19500 0.8414942
19600 1.0723709
19700 0.92702174
19800 0.7865465
19900 1.1726375
20000 0.84095514
20100 0.5707735
20200 0.9548518
20300 0.6803561
20400 0.6381074
20500 0.74541664
20600 0.8242659
20700 0.75966966
20800 0.8318416
20900 1.0309188
21000 0.86963534
21100 0.6034416
21200 0.5589609
21300 0.98881876
21400 0.6748624
21500 0.84450996
21600 1.1757338
21700 0.8201935
21800 0.6930189
21900 0.8313763
22000 0.65133107
22100 0.752316
22200 0.8130872
22300 0.62230635
22400 0.94181216
22500 0.7389726
22600 0.7291975
22700 0.7451129
22800 0.77250373
22900 0.93671185
23000 0.71504784
23100 0.6924654
23200 0.6463692
23300 0.9590043
23400 1.0255013
23500 0.95479524
23600 0.67734784
23700 0.7895677
23800 0.7276733
23900 1.0212553
24000 0.96433055
