0 9.996471
100 8.557456
200 6.9673204
300 6.628124
400 6.1002107
500 6.63661
600 5.516835
700 6.021481
800 5.7513695
900 5.7151165
1000 5.009825
1100 5.1541376
1200 5.439081
1300 5.0159345
1400 5.3432207
1500 5.060824
1600 4.301423
1700 4.523571
1800 5.452156
1900 4.996045
2000 5.5464573
2100 5.0482445
2200 5.09163
2300 5.243001
2400 4.4222126
2500 4.5925727
2600 5.159253
2700 4.8708615
2800 4.806489
2900 4.584528
3000 4.9037576
3100 5.056568
3200 4.635975
3300 5.2844086
3400 4.5555367
3500 4.7979565
3600 4.810496
3700 3.8516378
3800 4.6610365
3900 4.109177
4000 4.468412
4100 4.7768044
4200 4.2181444
4300 4.680868
4400 4.709474
4500 4.250779
4600 4.420038
4700 4.446212
4800 4.1832294
4900 4.8779354
5000 4.931556
5100 3.785203
5200 5.2249174
5300 4.5077987
5400 3.6914632
5500 4.3009577
5600 3.96036
5700 4.876029
5800 3.7152348
5900 4.0808854
6000 4.195981
6100 3.9334702
6200 3.5759373
6300 3.9188132
6400 4.5854206
6500 4.2496843
6600 4.207967
6700 4.125055
6800 4.178211
6900 3.9822583
7000 4.227672
7100 4.1127634
7200 3.4368846
7300 3.7393703
7400 3.5531576
7500 4.1598873
7600 3.8807147
7700 3.6448426
7800 4.154586
7900 3.3303795
8000 3.5602074
8100 4.034955
8200 3.8603358
8300 4.3125763
8400 3.6399755
8500 3.2012138
8600 3.8531525
8700 4.1800103
8800 3.5451202
8900 3.7053986
9000 4.0424047
9100 3.5852242
9200 3.860292
9300 3.8767269
9400 3.1924028
9500 3.7731647
9600 3.7404356
9700 3.6790295
9800 3.771915
9900 3.320832
10000 3.5767193
10100 3.379881
10200 3.5179265
10300 3.7840192
10400 3.253976
10500 3.5424867
10600 3.8446593
10700 3.5147939
10800 3.4534078
10900 3.3999403
11000 3.7115846
11100 3.5413651
11200 3.3403058
11300 3.7192473
11400 3.243545
11500 3.533112
11600 4.2577124
11700 3.3478875
11800 4.0882998
11900 3.5447164
12000 4.0230246
12100 3.4958086
12200 3.5649858
12300 3.5672874
12400 3.9274497
12500 3.0314832
12600 3.1283994
12700 3.5076675
12800 3.6628585
12900 3.848887
13000 3.333396
13100 3.1650996
13200 3.6916237
13300 3.7284422
13400 3.7355587
13500 3.7207565
13600 3.5886734
13700 3.3221993
13800 2.9930687
13900 2.9806662
14000 3.3220193
14100 3.2761178
14200 3.1456861
14300 3.107871
14400 3.4247007
14500 3.887887
14600 3.4013908
14700 3.4552991
14800 3.271447
14900 3.2598171
15000 3.4780576
15100 3.879927
15200 3.4020474
15300 3.328827
15400 3.5043945
15500 3.5739045
15600 3.0672436
15700 3.6344347
15800 3.1462178
15900 3.1190546
16000 3.3212957
16100 3.2693415
16200 3.711892
16300 3.458978
16400 3.133449
16500 3.5803695
16600 3.146796
16700 3.0081792
16800 3.8428783
16900 3.1679769
17000 3.4500313
17100 3.5846183
17200 3.8056564
17300 3.5419712
17400 3.4817894
17500 3.3827925
17600 3.4011707
17700 3.6410599
17800 3.5650454
17900 3.770503
18000 2.6592038
18100 3.1622539
18200 3.260479
18300 3.5998993
18400 3.3644452
18500 2.9593968
18600 3.221424
18700 3.049136
18800 3.4535022
18900 3.6209264
19000 3.123074
19100 3.8453002
19200 2.681378
19300 3.364993
19400 2.6226354
19500 3.041452
19600 3.7896318
19700 3.1642327
19800 2.9690375
19900 3.5381305
20000 3.3263364
20100 3.101772
20200 3.5640945
20300 3.0284057
20400 3.4025183
20500 3.5511827
20600 3.4655125
20700 2.6810286
20800 3.8584647
20900 3.5251467
21000 2.6872256
21100 3.252263
21200 3.1654897
21300 3.821714
21400 3.2081714
21500 3.3848343
21600 3.4186788
21700 3.3129694
21800 3.2103033
21900 2.8605118
22000 3.0571008
22100 3.1662211
22200 3.2284322
22300 3.2809956
22400 3.3562944
22500 3.2871592
22600 3.0694008
22700 2.9690104
22800 2.8815923
22900 2.5066805
23000 3.581305
23100 2.8236632
23200 2.9878454
23300 3.2578027
23400 3.7740026
23500 3.6349182
23600 2.8237972
23700 3.2368417
23800 3.2365656
23900 3.2110276
24000 3.4435334
