0 3.42286
100 1.1174
200 0.719755
300 0.514365
400 0.0323059
500 0.0551316
600 0.59652
700 0.270183
800 0.533141
900 0.130658
1000 0.316015
1100 0.329183
1200 0.00622452
1300 0.304263
1400 0.38602
1500 0.00246244
1600 0.271601
1700 0.356528
1800 0.0088127
1900 0.064668
2000 0.203498
2100 0.178446
2200 0.0213972
2300 0.278791
2400 0.0791106
2500 0.00288012
2600 0.491969
2700 0.0151593
2800 0.00452542
2900 0.0046079
3000 0.494629
3100 0.0322868
3200 0.135469
3300 0.241437
3400 0.130819
3500 0.088393
3600 0.0173923
3700 0.000117474
3800 0.0404605
3900 0.00422914
4000 0.0216028
4100 0.00527236
4200 0.00647417
4300 0.0365959
4400 0.0405094
4500 0.0801228
4600 0.00111393
4700 0.213228
4800 0.0729823
4900 0.00048062
5000 0.0708929
5100 0.00679202
5200 0.010383
5300 0.00326209
5400 0.361863
5500 0.0265114
5600 0.00201718
5700 0.103642
5800 0.0448802
5900 0.00338376
6000 0.00964546
6100 0.00129574
6200 0.00118226
6300 0.0747927
6400 0.0404238
6500 0.0010661
6600 6.66072e-05
6700 0.00667395
6800 0.00836515
6900 0.000311436
7000 0.00171048
7100 0.107776
7200 0.0326287
7300 0.00096392
7400 4.05441e-05
7500 0.00735623
7600 0.00823587
7700 0.00059917
7800 0.00268967
7900 0.0561303
8000 0.0204037
8100 0.0409236
8200 0.000351304
8300 0.0234886
8400 0.0485502
8500 0.0644149
8600 0.0016978
8700 0.00859229
8800 0.00714801
8900 0.00534051
9000 0.00580693
9100 0.000243357
9200 0.000217306
9300 0.00213326
9400 0.028984
9500 0.00363536
9600 0.00155183
9700 0.0125555
9800 0.00111604
9900 0.00418733
10000 0.109117
10100 0.00545551
10200 0.000377304
10300 0.00265698
10400 0.00483649
10500 0.000672047
10600 0.000513308
10700 0.00230486
10800 0.00720528
10900 0.266068
11000 0.00385925
11100 0.0104238
11200 0.000422584
11300 0.00248928
11400 0.00415872
11500 0.0344933
11600 0.000835963
11700 0.00409823
11800 0.0110361
11900 0.00558983
12000 0.0199289
12100 0.0731678
12200 0.0126428
12300 0.000338884
12400 0.00128216
12500 0.00372849
12600 0.00324361
12700 0.00868051
12800 0.000949132
12900 0.000423307
13000 6.2055e-05
13100 0.0860256
13200 0.00157795
13300 0.0164815
13400 0.00550807
13500 6.33414e-05
13600 0.0073115
13700 0.0177856
13800 0.0271189
13900 3.34199e-05
14000 0.00522056
14100 0.00486859
14200 0.000274263
14300 0.00262039
14400 0.00175301
14500 0.0023898
14600 0.000242779
14700 0.00380969
14800 0.00102791
14900 0.00082687
15000 0.0092996
15100 0.00308216
15200 0.00143052
15300 0.000332363
15400 0.154268
15500 0.000137172
15600 0.00616394
15700 0.0008951
15800 0.00014689
15900 0.00199837
16000 0.198973
16100 0.00306225
16200 0.00231549
16300 0.00307212
16400 0.000577083
16500 0.000733429
16600 7.71952e-05
16700 0.000665175
16800 0.00282373
16900 0.199947
17000 0.00070916
17100 0.00545883
17200 0.00154768
17300 0.000291982
17400 0.00100231
17500 0.00681938
17600 0.0028837
17700 0.00333826
17800 0.000493557
17900 0.000701499
18000 0.00345079
18100 0.121643
18200 0.139506
18300 0.000175525
18400 0.00171299
18500 0.0121004
18600 0.00151066
18700 0.266109
18800 0.000723804
18900 0.000169444
19000 0.00416507
19100 0.00965372
19200 0.00145994
19300 0.000475098
19400 0.00159201
19500 0.0008981
19600 0.00412689
19700 0.000235454
19800 0.000723378
19900 0.0019113
20000 0.000572842
20100 0.0638966
20200 0.000488802
20300 0.0022505
20400 0.000541973
20500 0.000223968
