0 2.37255
100 0.774521
200 0.498896
300 0.356531
400 0.0223927
500 0.0382143
600 0.413476
700 0.187276
800 0.369545
900 0.0905655
1000 0.219045
1100 0.228172
1200 0.00431451
1300 0.210899
1400 0.267569
1500 0.00170684
1600 0.188259
1700 0.247126
1800 0.0061085
1900 0.0448244
2000 0.141054
2100 0.12369
2200 0.0148314
2300 0.193243
2400 0.0548353
2500 0.00199635
2600 0.341007
2700 0.0105077
2800 0.00313678
2900 0.00319396
3000 0.342851
3100 0.0223795
3200 0.0938997
3300 0.167352
3400 0.0906765
3500 0.0612693
3600 0.0120554
3700 8.14269e-05
3800 0.0280451
3900 0.00293142
4000 0.0149739
4100 0.00365452
4200 0.00448756
4300 0.0253663
4400 0.028079
4500 0.0555369
4600 0.000772114
4700 0.147798
4800 0.0505875
4900 0.000333141
5000 0.0491392
5100 0.00470787
5200 0.00719693
5300 0.00226111
5400 0.250824
5500 0.0183763
5600 0.0013982
5700 0.0718389
5800 0.0311086
5900 0.00234544
6000 0.00668573
6100 0.000898138
6200 0.000819483
6300 0.0518423
6400 0.0280196
6500 0.000738962
6600 4.61686e-05
6700 0.00462603
6800 0.00579828
6900 0.000215871
7000 0.00118561
7100 0.0747044
7200 0.0226165
7300 0.000668138
7400 2.81031e-05
7500 0.00509895
7600 0.00570867
7700 0.000415313
7800 0.00186434
7900 0.0389065
8000 0.0141428
8100 0.0283661
8200 0.000243505
8300 0.0162811
8400 0.0336525
8500 0.044649
8600 0.00117683
8700 0.00595572
8800 0.00495462
8900 0.00370176
9000 0.00402506
9100 0.000168682
9200 0.000150625
9300 0.00147866
9400 0.0200902
9500 0.00251984
9600 0.00107565
9700 0.00870279
9800 0.000773578
9900 0.00290243
10000 0.0756339
10100 0.00378147
10200 0.000261527
10300 0.00184168
10400 0.0033524
10500 0.000465828
10600 0.000355798
10700 0.00159761
10800 0.00499432
10900 0.184424
11000 0.00267503
11100 0.0072252
11200 0.000292913
11300 0.00172544
11400 0.0028826
11500 0.0239089
11600 0.000579445
11700 0.00284067
11800 0.00764966
11900 0.00387458
12000 0.0138136
12100 0.0507161
12200 0.0087633
12300 0.000234896
12400 0.000888723
12500 0.00258439
12600 0.0022483
12700 0.00601687
12800 0.000657888
12900 0.000293414
13000 4.30133e-05
13100 0.0596284
13200 0.00109375
13300 0.0114241
13400 0.00381791
13500 4.39049e-05
13600 0.00506794
13700 0.012328
13800 0.0187974
13900 2.31649e-05
14000 0.00361862
14100 0.00337465
14200 0.000190104
14300 0.00181632
14400 0.00121509
14500 0.00165648
14600 0.000168282
14700 0.00264067
14800 0.000712491
14900 0.000573143
15000 0.00644599
15100 0.00213639
15200 0.000991563
15300 0.000230376
15400 0.106931
15500 9.50807e-05
15600 0.00427252
15700 0.000620436
15800 0.000101816
15900 0.00138517
16000 0.137917
16100 0.00212259
16200 0.00160498
16300 0.00212943
16400 0.000400003
16500 0.000508374
16600 5.35077e-05
16700 0.000461064
16800 0.00195726
16900 0.138592
17000 0.000491552
17100 0.00378378
17200 0.00107277
17300 0.000202387
17400 0.00069475
17500 0.00472683
17600 0.00199883
17700 0.00231391
17800 0.000342108
17900 0.000486242
18000 0.0023919
18100 0.0843163
18200 0.0966981
18300 0.000121665
18400 0.00118735
18500 0.00838738
18600 0.00104711
18700 0.184453
18800 0.000501702
18900 0.00011745
19000 0.00288701
19100 0.00669145
19200 0.00101195
19300 0.000329313
19400 0.0011035
19500 0.000622515
19600 0.00286054
19700 0.000163205
19800 0.000501407
19900 0.00132481
20000 0.000397064
20100 0.0442898
20200 0.000338812
20300 0.00155993
20400 0.000375667
20500 0.000155243
