0 9.64841
100 2.973
200 1.59683
300 1.5171
400 1.10772
500 1.14436
600 1.26621
700 1.27836
800 1.20304
900 1.07696
1000 1.26352
1100 1.1102
1200 1.02311
1300 1.06012
1400 1.16354
1500 1.01071
1600 1.09847
1700 1.05871
1800 1.02984
1900 1.13842
2000 1.10072
2100 1.05829
2200 1.05445
2300 1.07183
2400 1.06202
2500 1.01204
2600 1.05033
2700 1.04161
2800 1.01582
2900 1.0176
3000 1.21712
3100 1.05439
3200 1.069
3300 1.02933
3400 1.10536
3500 1.07544
3600 1.04684
3700 1.00078
3800 1.05955
3900 1.01313
4000 1.05412
4100 1.01759
4200 1.02287
4300 1.08094
4400 1.03693
4500 1.04516
4600 1.00472
4700 1.04476
4800 1.06342
4900 1.00229
5000 1.025
5100 1.02166
5200 1.03002
5300 1.0123
5400 1.00575
5500 1.03925
5600 1.00855
5700 1.10599
5800 1.05341
5900 1.0135
6000 1.02139
6100 1.00567
6200 1.00568
6300 1.07459
6400 1.0577
6500 1.00474
6600 1.00041
6700 1.02109
6800 1.0274
6900 1.00175
7000 1.00624
7100 1.02833
7200 1.03144
7300 1.00347
7400 1.00027
7500 1.0197
7600 1.02408
7700 1.00326
7800 1.01199
7900 1.10385
8000 1.05884
8100 1.06659
8200 1.00169
8300 1.06077
8400 1.03784
8500 1.07591
8600 1.00713
8700 1.02622
8800 1.0219
8900 1.01677
9000 1.01678
9100 1.00136
9200 1.00121
9300 1.00773
9400 1.03453
9500 1.01295
9600 1.00671
9700 1.03239
9800 1.0049
9900 1.01408
10000 1.01405
10100 1.01489
10200 1.00194
10300 1.00903
10400 1.01746
10500 1.0034
10600 1.00265
10700 1.0101
10800 1.02593
10900 1.09093
11000 1.01566
11100 1.03237
11200 1.00216
11300 1.00857
11400 1.01647
11500 1.03386
11600 1.00358
11700 1.01617
11800 1.0316
11900 1.01829
12000 1.04472
12100 1.0307
12200 1.02433
12300 1.00185
12400 1.00538
12500 1.01275
12600 1.0105
12700 1.02752
12800 1.00468
12900 1.00202
13000 1.0004
13100 1.05857
13200 1.00655
13300 1.02783
13400 1.01828
13500 1.00042
13600 1.02129
13700 1.03924
13800 1.04036
13900 1.00024
14000 1.01463
14100 1.01933
14200 1.00162
14300 1.01111
14400 1.00824
14500 1.00792
14600 1.00122
14700 1.01233
14800 1.00418
14900 1.00383
15000 1.02287
15100 1.01095
15200 1.00694
15300 1.00167
15400 1.07698
15500 1.00083
15600 1.02366
15700 1.00459
15800 1.00089
15900 1.00789
16000 1.0382
16100 1.01138
16200 1.00849
16300 1.01293
16400 1.00255
16500 1.00372
16600 1.0005
16700 1.00335
16800 1.01136
16900 1.01865
17000 1.00319
17100 1.02058
17200 1.00703
17300 1.00156
17400 1.00456
17500 1.01776
17600 1.01166
17700 1.01279
17800 1.00259
17900 1.00298
18000 1.01097
18100 1.01449
18200 1.01643
18300 1.00108
18400 1.00813
18500 1.04031
18600 1.00598
18700 1.00588
18800 1.00319
18900 1.00097
19000 1.01369
19100 1.03057
19200 1.00584
19300 1.00265
19400 1.00754
19500 1.00446
19600 1.01211
19700 1.00134
19800 1.00356
19900 1.00803
20000 1.00273
20100 1.03035
20200 1.00247
20300 1.00797
20400 1.00272
20500 1.00115
