0 3.31517
100 0.766342
200 0.414294
300 0.370446
400 0.0866937
500 0.644111
600 0.728504
700 0.391301
800 0.139744
900 0.445605
1000 0.578292
1100 0.047062
1200 0.521276
1300 0.0473732
1400 0.0674328
1500 0.523758
1600 0.023244
1700 0.392341
1800 0.00568389
1900 0.195401
2000 1.37804
2100 0.12406
2200 0.184839
2300 0.0108546
2400 0.555267
2500 0.0105041
2600 0.169957
2700 0.00673856
2800 0.230472
2900 0.00766123
3000 0.556555
3100 0.264045
3200 0.155458
3300 0.00174052
3400 0.112807
3500 0.0598429
3600 0.0143096
3700 0.0560356
3800 0.00458695
3900 0.00110163
4000 0.0138266
4100 0.019333
4200 0.0113584
4300 0.321746
4400 0.0315306
4500 0.117236
4600 0.00816538
4700 0.0129944
4800 0.00149592
4900 0.274986
5000 0.0193591
5100 0.000944223
5200 0.0358253
5300 0.0540784
5400 0.01068
5500 0.00398422
5600 0.00248026
5700 0.0548506
5800 0.0315467
5900 0.0181527
6000 0.0180385
6100 0.00848451
6200 0.00378012
6300 0.260487
6400 0.00334559
6500 0.0208043
6600 0.01122
6700 0.000188398
6800 0.000948818
6900 0.0121575
7000 0.011198
7100 0.00201284
7200 0.000181186
7300 0.000432502
7400 0.000236201
7500 0.00315816
7600 0.0674283
7700 0.000936186
7800 0.00543081
7900 0.0339652
8000 0.00419633
8100 0.287424
8200 0.000210836
8300 0.0646667
8400 9.48499e-05
8500 0.0957083
8600 0.00269519
8700 0.00264769
8800 0.00136905
8900 0.0129165
9000 0.0016424
9100 0.00752229
9200 0.00429628
9300 0.000163328
9400 0.00110739
9500 0.00957558
9600 0.0239353
9700 0.00218922
9800 0.0181651
9900 0.00453035
10000 0.0130665
10100 0.000597202
10200 0.2834
10300 0.00187207
10400 0.000289339
10500 0.000370386
10600 0.000207672
10700 0.00186625
10800 0.00854903
10900 0.195868
11000 0.0106697
11100 0.00105435
11200 0.019498
11300 0.0156704
11400 0.0392702
11500 0.00201739
11600 0.00348341
11700 0.0399228
11800 0.000453805
11900 0.000844965
12000 0.00705169
12100 0.00328611
12200 0.0113142
12300 0.000529105
12400 0.00161684
12500 0.00433964
12600 0.000515814
12700 0.000455688
12800 0.00387356
12900 0.00804059
13000 0.0234633
13100 0.00371681
13200 0.000489329
13300 0.00128911
13400 0.0362924
13500 0.0106576
13600 0.0010669
13700 0.0121164
13800 0.00513843
13900 0.00525465
14000 0.000771638
14100 0.000329312
14200 0.000468953
14300 0.00437399
14400 0.00112385
14500 0.00198567
14600 0.0034051
14700 0.0239268
14800 0.000178068
14900 0.0064374
15000 0.281624
15100 0.000100225
15200 0.000758371
15300 0.0140885
15400 0.000680662
15500 0.000190387
15600 0.000389346
15700 0.000562693
15800 0.00675702
15900 0.000611733
16000 0.000773185
16100 0.000334122
16200 0.00129561
16300 0.0162082
16400 0.00387967
16500 0.00129513
16600 0.000233518
16700 0.000375061
16800 0.00274022
16900 0.000163647
17000 0.000814979
17100 8.43557e-05
17200 0.00341282
17300 0.00708148
17400 9.2326e-05
17500 0.000516409
17600 0.00685855
17700 0.023725
17800 0.0029129
17900 0.00906911
18000 0.000926905
18100 0.00133415
18200 0.000146954
18300 0.000648519
18400 0.0152105
18500 0.000524324
18600 0.000597235
18700 0.00585186
18800 0.000733529
18900 0.000631055
19000 0.00237364
19100 0.000450226
19200 0.000844521
19300 0.00070124
19400 0.0010444
19500 0.00174071
19600 0.00169358
19700 0.00149194
19800 0.00640303
19900 0.00526009
20000 0.0146677
20100 0.00421261
20200 0.00325282
20300 0.00397651
20400 0.000122472
20500 0.00781917
20600 0.0209037
20700 0.528826
20800 0.00105389
20900 0.00243032
21000 0.0061377
21100 0.000307802
21200 0.000260833
21300 0.000243975
21400 0.000382022
21500 0.000754555
21600 0.00337976
21700 0.00135108
21800 0.00164014
21900 0.00266597
22000 0.0023537
22100 0.000253592
22200 0.00103138
22300 7.38602e-05
22400 0.0046601
22500 2.76446e-05
22600 1.84869e-05
22700 0.00010516
22800 0.000685945
22900 0.0170472
23000 0.00275948
23100 0.00114405
23200 0.000319878
23300 0.00425779
23400 0.000327829
23500 0.000674649
23600 0.00265734
23700 0.000836022
23800 0.00133589
23900 0.00192782
24000 0.00042209
24100 0.00511233
24200 0.000425351
24300 0.000224961
24400 0.000520385
24500 0.00102337
24600 0.000722129
24700 0.000107528
24800 0.0155616
24900 2.7338e-05
25000 0.000255513
25100 0.00393828
25200 0.0172804
25300 0.0467454
25400 0.00138219
25500 2.19162e-05
25600 3.71393e-05
25700 0.000794353
25800 0.000490905
25900 0.000239096
26000 0.00123535
26100 0.000309527
26200 0.000292688
26300 0.002317
26400 0.00482436
26500 0.0010536
26600 0.00247429
26700 0.00138701
26800 0.000557014
26900 0.00134255
27000 0.00650482
27100 0.000611567
27200 0.0114226
27300 0.00193578
