0 2.2979
100 0.531188
200 0.287167
300 0.256774
400 0.0600915
500 0.446464
600 0.50496
700 0.271229
800 0.096863
900 0.30887
1000 0.400841
1100 0.0326209
1200 0.361321
1300 0.0328366
1400 0.0467409
1500 0.363042
1600 0.0161115
1700 0.27195
1800 0.00393977
1900 0.135442
2000 0.955188
2100 0.0859917
2200 0.12812
2300 0.00752386
2400 0.384882
2500 0.00728091
2600 0.117805
2700 0.00467081
2800 0.159751
2900 0.00531036
3000 0.385775
3100 0.183022
3200 0.107755
3300 0.00120643
3400 0.078192
3500 0.04148
3600 0.00991862
3700 0.0388409
3800 0.00317943
3900 0.000763592
4000 0.00958384
4100 0.0134006
4200 0.00787301
4300 0.223017
4400 0.0218553
4500 0.0812616
4600 0.00565981
4700 0.00900703
4800 0.00103689
4900 0.190606
5000 0.0134187
5100 0.000654485
5200 0.0248322
5300 0.0374843
5400 0.00740278
5500 0.00276165
5600 0.00171919
5700 0.0380195
5800 0.0218665
5900 0.0125825
6000 0.0125034
6100 0.00588101
6200 0.00262018
6300 0.180556
6400 0.00231898
6500 0.0144205
6600 0.00777713
6700 0.000130588
6800 0.00065767
6900 0.00842697
7000 0.00776187
7100 0.0013952
7200 0.000125589
7300 0.000299787
7400 0.000163722
7500 0.00218907
7600 0.0467377
7700 0.000648914
7800 0.00376435
7900 0.0235429
8000 0.00290868
8100 0.199227
8200 0.000146141
8300 0.0448235
8400 6.5745e-05
8500 0.0663399
8600 0.00186816
8700 0.00183524
8800 0.000948954
8900 0.00895305
9000 0.00113843
9100 0.00521406
9200 0.00297796
9300 0.00011321
9400 0.000767581
9500 0.00663729
9600 0.0165907
9700 0.00151745
9800 0.0125911
9900 0.0031402
10000 0.00905704
10100 0.000413949
10200 0.196438
10300 0.00129762
10400 0.000200554
10500 0.000256732
10600 0.000143947
10700 0.00129359
10800 0.00592573
10900 0.135765
11000 0.0073957
11100 0.000730821
11200 0.013515
11300 0.0108619
11400 0.02722
11500 0.00139835
11600 0.00241452
11700 0.0276724
11800 0.000314554
11900 0.000585685
12000 0.00488786
12100 0.00227776
12200 0.00784237
12300 0.000366748
12400 0.00112071
12500 0.00300801
12600 0.000357535
12700 0.000315859
12800 0.00268494
12900 0.00557331
13000 0.0162635
13100 0.0025763
13200 0.000339177
13300 0.000893543
13400 0.025156
13500 0.00738726
13600 0.00073952
13700 0.00839847
13800 0.00356169
13900 0.00364224
14000 0.000534859
14100 0.000228262
14200 0.000325054
14300 0.00303182
14400 0.000778992
14500 0.00137636
14600 0.00236024
14700 0.0165848
14800 0.000123427
14900 0.00446206
15000 0.195207
15100 6.94709e-05
15200 0.000525662
15300 0.00976544
15400 0.000471799
15500 0.000131966
15600 0.000269874
15700 0.000390029
15800 0.00468361
15900 0.000424021
16000 0.000535931
16100 0.000231595
16200 0.00089805
16300 0.0112347
16400 0.00268918
16500 0.000897719
16600 0.000161862
16700 0.000259972
16800 0.00189938
16900 0.000113432
17000 0.0005649
17100 5.84709e-05
17200 0.00236559
17300 0.00490851
17400 6.39955e-05
17500 0.000357947
17600 0.00475399
17700 0.0164449
17800 0.00201906
17900 0.00628623
18000 0.000642481
18100 0.000924765
18200 0.000101861
18300 0.000449519
18400 0.0105431
18500 0.000363434
18600 0.000413971
18700 0.0040562
18800 0.000508443
18900 0.000437414
19000 0.00164528
19100 0.000312073
19200 0.000585377
19300 0.000486062
19400 0.000723925
19500 0.00120657
19600 0.0011739
19700 0.00103413
19800 0.00443824
19900 0.00364601
20000 0.0101669
20100 0.00291996
20200 0.00225468
20300 0.00275631
20400 8.48914e-05
20500 0.00541984
20600 0.0144893
20700 0.366555
20800 0.0007305
20900 0.00168457
21000 0.00425433
21100 0.000213352
21200 0.000180796
21300 0.000169111
21400 0.000264797
21500 0.000523017
21600 0.00234267
21700 0.000936495
21800 0.00113686
21900 0.00184791
22000 0.00163146
22100 0.000175777
22200 0.000714895
22300 5.1196e-05
22400 0.00323013
22500 1.91618e-05
22600 1.28141e-05
22700 7.28915e-05
22800 0.000475461
22900 0.0118162
23000 0.00191272
23100 0.000792994
23200 0.000221723
23300 0.00295127
23400 0.000227234
23500 0.000467631
23600 0.00184193
23700 0.000579487
23800 0.000925968
23900 0.00133626
24000 0.000292571
24100 0.0035436
24200 0.000294831
24300 0.000155931
24400 0.000360703
24500 0.000709344
24600 0.000500541
24700 7.45324e-05
24800 0.0107865
24900 1.89493e-05
25000 0.000177108
25100 0.00272981
25200 0.0119778
25300 0.0324014
25400 0.000958063
25500 1.51912e-05
25600 2.5743e-05
25700 0.000550604
25800 0.000340269
25900 0.000165729
26000 0.000856278
26100 0.000214548
26200 0.000202876
26300 0.00160602
26400 0.00334399
26500 0.000730301
26600 0.00171505
26700 0.000961403
26800 0.000386093
26900 0.000930582
27000 0.0045088
27100 0.000423906
27200 0.00791752
27300 0.00134178
