0 9.68251
100 2.67594
200 1.57553
300 1.43232
400 1.16977
500 1.1694
600 1.1581
700 1.2608
800 1.11595
900 1.11354
1000 1.0912
1100 1.10613
1200 1.08151
1300 1.09704
1400 1.14148
1500 1.02033
1600 1.05367
1700 1.08519
1800 1.02198
1900 1.14416
2000 1.07479
2100 1.11251
2200 1.0726
2300 1.02969
2400 1.08042
2500 1.03146
2600 1.06359
2700 1.02238
2800 1.08083
2900 1.02575
3000 1.06958
3100 1.03832
3200 1.07047
3300 1.00622
3400 1.0238
3500 1.03502
3600 1.03971
3700 1.047
3800 1.01568
3900 1.00537
4000 1.02802
4100 1.05665
4200 1.02946
4300 1.04351
4400 1.06225
4500 1.01633
4600 1.02807
4700 1.0361
4800 1.0064
4900 1.10324
5000 1.04921
5100 1.00412
5200 1.03134
5300 1.08305
5400 1.02649
5500 1.01303
5600 1.01017
5700 1.03028
5800 1.05096
5900 1.04546
6000 1.03389
6100 1.03032
6200 1.01199
6300 1.09739
6400 1.01226
6500 1.05545
6600 1.0303
6700 1.00107
6800 1.00453
6900 1.03153
7000 1.03728
7100 1.00728
7200 1.00106
7300 1.0022
7400 1.0014
7500 1.01192
7600 1.04294
7700 1.00399
7800 1.01927
7900 1.03717
8000 1.01361
8100 1.0039
8200 1.00122
8300 1.09519
8400 1.00062
8500 1.05645
8600 1.0106
8700 1.01041
8800 1.00515
8900 1.03378
9000 1.00683
9100 1.03003
9200 1.01219
9300 1.00098
9400 1.00459
9500 1.0202
9600 1.05625
9700 1.00942
9800 1.05249
9900 1.01631
10000 1.0355
10100 1.0029
10200 1.0124
10300 1.00719
10400 1.00163
10500 1.00197
10600 1.00131
10700 1.00711
10800 1.02641
10900 1.04159
11000 1.0253
11100 1.00471
11200 1.02912
11300 1.03512
11400 1.05242
11500 1.00846
11600 1.0116
11700 1.05061
11800 1.00225
11900 1.00331
12000 1.01641
12100 1.01096
12200 1.03082
12300 1.00277
12400 1.00671
12500 1.01308
12600 1.00282
12700 1.00236
12800 1.01479
12900 1.0193
13000 1.06726
13100 1.01285
13200 1.00232
13300 1.00578
13400 1.0434
13500 1.02606
13600 1.00444
13700 1.02651
13800 1.01343
13900 1.01923
14000 1.00347
14100 1.00176
14200 1.00244
14300 1.01271
14400 1.00474
14500 1.00721
14600 1.01294
14700 1.0371
14800 1.00106
14900 1.01927
15000 1.00211
15100 1.00065
15200 1.00395
15300 1.03196
15400 1.0033
15500 1.00114
15600 1.00202
15700 1.00283
15800 1.016
15900 1.00298
16000 1.00377
16100 1.00172
16200 1.00576
16300 1.0438
16400 1.01363
16500 1.0054
16600 1.00123
16700 1.00205
16800 1.01094
16900 1.00097
17000 1.00385
17100 1.00056
17200 1.01148
17300 1.01695
17400 1.00063
17500 1.00282
17600 1.02231
17700 1.05541
17800 1.0101
17900 1.02623
18000 1.00429
18100 1.00556
18200 1.00095
18300 1.00314
18400 1.04263
18500 1.00246
18600 1.00258
18700 1.02013
18800 1.00341
18900 1.00296
19000 1.0092
19100 1.00238
19200 1.00438
19300 1.0035
19400 1.0042
19500 1.00759
19600 1.00747
19700 1.00584
19800 1.02367
19900 1.01906
20000 1.03484
20100 1.01319
20200 1.01112
20300 1.01378
20400 1.00074
20500 1.0201
20600 1.03037
20700 1.00379
20800 1.00472
20900 1.00921
21000 1.02217
21100 1.00141
21200 1.00151
21300 1.00145
21400 1.00197
21500 1.00366
21600 1.01098
21700 1.00624
21800 1.00708
21900 1.01064
22000 1.01007
22100 1.00148
22200 1.00429
22300 1.00048
22400 1.01319
22500 1.00021
22600 1.00014
22700 1.00067
22800 1.00302
22900 1.03843
23000 1.01095
23100 1.00505
23200 1.0018
23300 1.01122
23400 1.00186
23500 1.00282
23600 1.0107
23700 1.00378
23800 1.00452
23900 1.00806
24000 1.0022
24100 1.01574
24200 1.00243
24300 1.00128
24400 1.00258
24500 1.00478
24600 1.00367
24700 1.00072
24800 1.03507
24900 1.00021
25000 1.0014
25100 1.01547
25200 1.02946
25300 1.03264
25400 1.00635
25500 1.00018
25600 1.00024
25700 1.00422
25800 1.00239
25900 1.00146
26000 1.00542
26100 1.00163
26200 1.00168
26300 1.01033
26400 1.01302
26500 1.00536
26600 1.00906
26700 1.00578
26800 1.00281
26900 1.00621
27000 1.02004
27100 1.00306
27200 1.02536
27300 1.00807
