0 0.0625
100 0.40625
200 0.34375
300 0.375
400 0.46875
500 0.3125
600 0.375
700 0.46875
800 0.65625
900 0.40625
1000 0.375
1100 0.3125
1200 0.5
1300 0.5625
1400 0.5
1500 0.4375
1600 0.5625
1700 0.40625
1800 0.5
1900 0.625
2000 0.4375
2100 0.65625
2200 0.5
2300 0.6875
2400 0.375
2500 0.5
2600 0.46875
2700 0.5
2800 0.40625
2900 0.46875
3000 0.6875
3100 0.625
3200 0.53125
3300 0.625
3400 0.65625
3500 0.5625
3600 0.375
3700 0.53125
3800 0.46875
3900 0.6875
4000 0.375
4100 0.625
4200 0.625
4300 0.53125
4400 0.65625
4500 0.5625
4600 0.40625
4700 0.46875
4800 0.5
4900 0.625
5000 0.6875
5100 0.5625
5200 0.59375
5300 0.4375
5400 0.46875
5500 0.625
5600 0.75
5700 0.625
5800 0.5
5900 0.53125
6000 0.59375
6100 0.65625
6200 0.46875
6300 0.5625
6400 0.5
6500 0.59375
6600 0.46875
6700 0.625
6800 0.5625
6900 0.6875
7000 0.53125
7100 0.625
7200 0.46875
7300 0.53125
7400 0.59375
7500 0.59375
7600 0.5
7700 0.65625
7800 0.78125
7900 0.53125
8000 0.4375
8100 0.625
8200 0.65625
8300 0.5625
8400 0.625
8500 0.65625
8600 0.625
8700 0.59375
8800 0.53125
8900 0.5625
9000 0.6875
9100 0.625
9200 0.5625
9300 0.75
9400 0.6875
9500 0.65625
9600 0.625
9700 0.5625
9800 0.59375
9900 0.5625
10000 0.71875
10100 0.65625
10200 0.6875
10300 0.46875
10400 0.59375
10500 0.46875
10600 0.5625
10700 0.625
10800 0.71875
10900 0.71875
11000 0.78125
11100 0.65625
11200 0.5625
11300 0.75
11400 0.6875
11500 0.71875
11600 0.46875
11700 0.65625
11800 0.75
11900 0.65625
12000 0.5625
12100 0.59375
12200 0.71875
12300 0.625
12400 0.71875
12500 0.78125
12600 0.75
12700 0.8125
12800 0.6875
12900 0.8125
13000 0.71875
13100 0.71875
13200 0.84375
13300 0.6875
13400 0.75
13500 0.625
13600 0.6875
13700 0.65625
13800 0.75
13900 0.71875
14000 0.71875
14100 0.71875
14200 0.9375
14300 0.65625
14400 0.75
14500 0.65625
14600 0.78125
14700 0.78125
14800 0.6875
14900 0.78125
15000 0.65625
15100 0.84375
15200 0.59375
15300 0.78125
15400 0.8125
15500 0.65625
15600 0.6875
15700 0.8125
15800 0.78125
15900 0.75
16000 0.8125
16100 0.6875
16200 0.75
16300 0.78125
16400 0.8125
16500 0.875
16600 0.84375
16700 0.84375
16800 0.75
16900 0.875
17000 0.8125
17100 0.78125
17200 0.78125
17300 0.84375
17400 0.875
17500 0.90625
17600 0.9375
17700 0.78125
17800 0.8125
17900 0.8125
18000 0.71875
18100 0.75
18200 0.75
18300 0.84375
18400 0.90625
18500 0.84375
18600 0.8125
18700 0.84375
18800 0.78125
18900 0.84375
19000 0.84375
19100 0.8125
19200 0.84375
19300 0.78125
19400 0.84375
19500 0.8125
19600 0.8125
19700 0.84375
19800 0.875
19900 0.875
20000 0.875
20100 0.78125
20200 0.71875
20300 0.96875
