0 3.32439
100 2.48738
200 2.75895
300 2.59956
400 2.40711
500 2.30682
600 2.60237
700 1.70096
800 1.79037
900 2.02578
1000 2.71775
1100 2.86337
1200 2.05395
1300 1.85085
1400 2.60453
1500 2.35718
1600 1.7501
1700 2.03765
1800 2.02497
1900 1.59668
2000 2.29713
2100 1.89241
2200 2.04893
2300 1.69813
2400 2.55873
2500 1.91611
2600 2.63504
2700 2.02905
2800 2.49512
2900 2.21104
3000 1.73945
3100 1.49675
3200 2.24114
3300 1.78387
3400 1.76119
3500 2.06608
3600 2.39382
3700 1.75236
3800 2.18935
3900 1.46451
4000 2.23267
4100 2.00481
4200 2.36089
4300 1.80796
4400 1.59873
4500 1.92928
4600 2.40317
4700 1.69903
4800 1.51955
4900 1.75953
5000 1.39576
5100 2.09397
5200 1.5797
5300 2.11688
5400 1.95684
5500 1.67161
5600 1.25593
5700 1.59876
5800 1.90602
5900 1.95984
6000 2.09363
6100 1.33913
6200 2.12136
6300 1.49774
6400 1.94769
6500 1.6967
6600 1.95532
6700 1.3669
6800 2.02825
6900 1.25798
7000 1.67821
7100 2.03991
7200 2.22448
7300 1.54849
7400 1.61235
7500 1.77759
7600 1.95586
7700 1.78034
7800 1.16776
7900 1.99546
8000 2.15253
8100 1.64133
8200 1.58282
8300 1.82761
8400 1.69076
8500 1.45677
8600 1.49337
8700 1.60972
8800 1.69349
8900 1.92168
9000 1.61693
9100 1.68217
9200 2.02632
9300 1.19855
9400 1.10716
9500 1.32883
9600 1.69151
9700 1.65043
9800 1.78786
9900 1.66389
10000 1.31663
10100 1.55239
10200 0.950907
10300 1.91216
10400 1.67443
10500 1.92329
10600 1.83853
10700 1.67449
10800 1.3838
10900 1.35649
11000 1.18311
11100 1.30398
11200 1.75651
11300 1.09752
11400 1.39217
11500 1.12672
11600 1.49044
11700 1.16246
11800 0.940716
11900 1.31934
12000 1.52226
12100 1.34927
12200 1.30752
12300 1.63143
12400 1.01598
12500 1.10254
12600 1.00012
12700 1.04395
12800 1.34631
12900 1.03621
13000 0.83277
13100 0.986289
13200 0.862572
13300 1.51748
13400 0.954558
13500 1.48038
13600 1.13374
13700 1.39112
13800 1.091
13900 1.48689
14000 1.02157
14100 1.29822
14200 0.546958
14300 1.48421
14400 1.06421
14500 1.20609
14600 1.01948
14700 1.42201
14800 1.20466
14900 1.21217
15000 1.24077
15100 1.04822
15200 1.412
15300 0.861897
15400 0.87146
15500 1.3817
15600 1.05937
15700 1.04281
15800 0.808608
15900 1.24132
16000 0.746568
16100 1.08397
16200 1.34509
16300 0.890533
16400 0.895038
16500 0.781111
16600 0.773741
16700 0.681414
16800 0.90424
16900 0.606617
17000 1.63569
17100 1.17689
17200 0.994664
17300 0.839969
17400 0.602698
17500 0.659154
17600 0.716827
17700 0.792272
17800 0.812799
17900 0.824462
18000 1.10671
18100 1.1196
18200 1.00902
18300 0.795164
18400 0.641838
18500 0.622509
18600 0.804035
18700 0.838949
18800 0.985149
18900 0.74332
19000 0.650488
19100 0.920838
19200 0.792038
19300 0.767284
19400 0.591832
19500 0.875195
19600 0.886183
19700 0.831394
19800 0.913276
19900 0.76317
20000 0.86746
20100 0.78892
20200 1.23459
20300 0.556559
