0 2.30429
100 1.72412
200 1.91236
300 1.80187
400 1.66848
500 1.59897
600 1.80382
700 1.17902
800 1.24099
900 1.40417
1000 1.8838
1100 1.98474
1200 1.42369
1300 1.28291
1400 1.80532
1500 1.63387
1600 1.21307
1700 1.41239
1800 1.4036
1900 1.10673
2000 1.59225
2100 1.31172
2200 1.42021
2300 1.17705
2400 1.77358
2500 1.32815
2600 1.82647
2700 1.40643
2800 1.72949
2900 1.53257
3000 1.2057
3100 1.03747
3200 1.55344
3300 1.23648
3400 1.22077
3500 1.4321
3600 1.65927
3700 1.21464
3800 1.51754
3900 1.01512
4000 1.54757
4100 1.38963
4200 1.63644
4300 1.25318
4400 1.10815
4500 1.33727
4600 1.66575
4700 1.17768
4800 1.05327
4900 1.21961
5000 0.967468
5100 1.45143
5200 1.09497
5300 1.46731
5400 1.35638
5500 1.15867
5600 0.870545
5700 1.10818
5800 1.32115
5900 1.35846
6000 1.45119
6100 0.928217
6200 1.47042
6300 1.03815
6400 1.35004
6500 1.17606
6600 1.35532
6700 0.947461
6800 1.40588
6900 0.871964
7000 1.16325
7100 1.41396
7200 1.54189
7300 1.07333
7400 1.1176
7500 1.23213
7600 1.3557
7700 1.23404
7800 0.80943
7900 1.38315
8000 1.49202
8100 1.13769
8200 1.09713
8300 1.2668
8400 1.17194
8500 1.00975
8600 1.03512
8700 1.11577
8800 1.17384
8900 1.332
9000 1.12077
9100 1.16599
9200 1.40453
9300 0.830771
9400 0.767426
9500 0.921075
9600 1.17247
9700 1.14399
9800 1.23925
9900 1.15332
10000 0.912615
10100 1.07603
10200 0.659118
10300 1.32541
10400 1.16063
10500 1.33312
10600 1.27437
10700 1.16067
10800 0.959179
10900 0.940247
11000 0.820067
11100 0.903848
11200 1.21752
11300 0.760745
11400 0.96498
11500 0.780984
11600 1.03309
11700 0.805755
11800 0.652055
11900 0.914499
12000 1.05515
12100 0.935243
12200 0.906304
12300 1.13082
12400 0.704225
12500 0.764222
12600 0.69323
12700 0.723609
12800 0.933188
12900 0.718249
13000 0.577232
13100 0.683643
13200 0.59789
13300 1.05184
13400 0.661649
13500 1.02612
13600 0.785847
13700 0.96425
13800 0.756222
13900 1.03064
14000 0.708098
14100 0.899857
14200 0.379122
14300 1.02877
14400 0.737653
14500 0.835997
14600 0.706653
14700 0.985662
14800 0.835008
14900 0.840213
15000 0.860033
15100 0.726568
15200 0.978726
15300 0.597421
15400 0.60405
15500 0.95772
15600 0.734298
15700 0.722822
15800 0.560484
15900 0.860418
16000 0.517481
16100 0.751354
16200 0.932343
16300 0.61727
16400 0.620393
16500 0.541425
16600 0.536317
16700 0.47232
16800 0.626771
16900 0.420475
17000 1.13378
17100 0.815756
17200 0.689448
17300 0.582222
17400 0.417758
17500 0.456891
17600 0.496867
17700 0.549161
17800 0.563389
17900 0.571474
18000 0.767113
18100 0.776044
18200 0.699399
18300 0.551165
18400 0.444888
18500 0.43149
18600 0.557315
18700 0.581515
18800 0.682854
18900 0.51523
19000 0.450884
19100 0.638277
19200 0.548999
19300 0.531841
19400 0.410227
19500 0.606639
19600 0.614255
19700 0.576278
19800 0.633034
19900 0.528989
20000 0.601277
20100 0.546838
20200 0.855754
20300 0.385777
