0 9.99585
100 6.21026
200 6.5348
300 5.14564
400 5.11686
500 5.26058
600 4.84214
700 4.37476
800 4.53539
900 4.89622
1000 4.57943
1100 5.10113
1200 4.85821
1300 4.65725
1400 4.41773
1500 5.22172
1600 4.37414
1700 4.56973
1800 4.02902
1900 4.37724
2000 4.63532
2100 4.24997
2200 4.39248
2300 4.19432
2400 4.31285
2500 3.97843
2600 4.09223
2700 4.7535
2800 4.98065
2900 4.14608
3000 4.13781
3100 3.29046
3200 4.04804
3300 4.00271
3400 4.30043
3500 4.14527
3600 4.03747
3700 3.43025
3800 4.17381
3900 3.25033
4000 4.0804
4100 3.59797
4200 3.89112
4300 3.88932
4400 3.36754
4500 3.45662
4600 4.42536
4700 4.16829
4800 3.65444
4900 3.00609
5000 3.27965
5100 4.34629
5200 2.90598
5300 3.56453
5400 3.8386
5500 3.36862
5600 3.58722
5700 3.32164
5800 4.27285
5900 4.18871
6000 3.44982
6100 3.08583
6200 3.90968
6300 3.20684
6400 3.78158
6500 3.4959
6600 3.44358
6700 3.53711
6800 3.22147
6900 2.98589
7000 3.19076
7100 2.87393
7200 3.6057
7300 3.2384
7400 3.49862
7500 3.07919
7600 3.44213
7700 3.27401
7800 3.2485
7900 3.16601
8000 3.60038
8100 3.13626
8200 3.41127
8300 3.6383
8400 3.39464
8500 2.97026
8600 3.51897
8700 3.23474
8800 3.00922
8900 2.96029
9000 2.76743
9100 3.66221
9200 3.43596
9300 3.3117
9400 2.78927
9500 3.04456
9600 3.56394
9700 3.09461
9800 3.26271
9900 2.76539
10000 2.73301
10100 2.92991
10200 2.86068
10300 3.23388
10400 3.46804
10500 3.45932
10600 3.12598
10700 3.10407
10800 2.9079
10900 3.48673
11000 2.90582
11100 2.67367
11200 2.92214
11300 2.93506
11400 3.07663
11500 2.66762
11600 3.20141
11700 2.60592
11800 2.50441
11900 3.15679
12000 2.81034
12100 3.19901
12200 2.76378
12300 2.91466
12400 2.96808
12500 3.38592
12600 3.00609
12700 2.66266
12800 2.92506
12900 2.34536
13000 2.54632
13100 2.74474
13200 2.5333
13300 3.0383
13400 2.7202
13500 2.98762
13600 2.8519
13700 3.1227
13800 2.76294
13900 2.89739
14000 3.00804
14100 2.94719
14200 2.24317
14300 3.03549
14400 2.957
14500 3.02386
14600 3.19132
14700 2.68565
14800 3.13393
14900 2.48404
15000 2.81329
15100 2.92761
15200 2.93874
15300 2.60026
15400 2.70859
15500 3.25182
15600 2.71287
15700 3.17923
15800 2.65719
15900 2.93185
16000 2.48835
16100 2.53211
16200 2.62172
16300 2.75731
16400 2.93012
16500 3.003
16600 2.37741
16700 2.43482
16800 2.86783
16900 2.31608
17000 3.04858
17100 2.83704
17200 2.91267
17300 2.92255
17400 2.31236
17500 2.56943
17600 2.65929
17700 2.55746
17800 2.59122
17900 2.39032
18000 2.80759
18100 2.65824
18200 2.672
18300 2.45567
18400 2.399
18500 2.17963
18600 2.53562
18700 2.71414
18800 2.71935
18900 2.3874
19000 2.47227
19100 2.67979
19200 2.66232
19300 2.45214
19400 2.30566
19500 2.47355
19600 2.39985
19700 2.30623
19800 2.96651
19900 2.42458
20000 2.63224
20100 2.6828
20200 3.23304
20300 2.43637
