0 0.025
100 0.38125002
200 0.41250002
300 0.43125
400 0.45000002
500 0.51562506
600 0.50312495
700 0.45000002
800 0.478125
900 0.471875
1000 0.45624998
1100 0.425
1200 0.45937496
1300 0.459375
1400 0.51875
1500 0.54375005
1600 0.47500002
1700 0.434375
1800 0.53124994
1900 0.54375
2000 0.52187496
2100 0.50625
2200 0.48437503
2300 0.5375
2400 0.546875
2500 0.44687504
2600 0.51875
2700 0.52812505
2800 0.515625
2900 0.54375
3000 0.47812498
3100 0.453125
3200 0.49375004
3300 0.59374994
3400 0.52500004
3500 0.50937504
3600 0.515625
3700 0.51874995
3800 0.46875
3900 0.48750004
4000 0.546875
4100 0.503125
4200 0.53125
4300 0.5875
4400 0.55
4500 0.509375
4600 0.59062505
4700 0.559375
4800 0.615625
4900 0.56562495
5000 0.6375
5100 0.50937504
5200 0.5
5300 0.534375
5400 0.5625
5500 0.5656251
5600 0.51875
5700 0.521875
5800 0.496875
5900 0.50937504
6000 0.46250004
6100 0.515625
6200 0.52812505
6300 0.5125
6400 0.5125
6500 0.540625
6600 0.6
6700 0.50312495
6800 0.50000006
6900 0.590625
7000 0.48125
7100 0.546875
7200 0.546875
7300 0.55937505
7400 0.51874995
7500 0.53125
7600 0.49062496
7700 0.559375
7800 0.60625
7900 0.51875
8000 0.55625
8100 0.584375
8200 0.5625
8300 0.5625
8400 0.534375
8500 0.5
8600 0.5875
8700 0.546875
8800 0.49999997
8900 0.52812505
9000 0.54687506
9100 0.55937505
9200 0.52812505
9300 0.534375
9400 0.46875
9500 0.5625
9600 0.6
9700 0.578125
9800 0.55
9900 0.5
10000 0.5062501
10100 0.559375
10200 0.5906249
10300 0.57812506
10400 0.50624996
10500 0.5
10600 0.5625
10700 0.528125
10800 0.62500006
10900 0.5656251
11000 0.5625
11100 0.54375
11200 0.49687502
11300 0.49687502
11400 0.50937504
11500 0.49687502
11600 0.5375
11700 0.503125
11800 0.49687505
11900 0.559375
12000 0.534375
12100 0.515625
12200 0.52187496
12300 0.55
12400 0.50937504
12500 0.478125
12600 0.55625004
12700 0.559375
12800 0.515625
12900 0.51250005
13000 0.484375
13100 0.534375
13200 0.571875
13300 0.49687502
13400 0.528125
13500 0.559375
13600 0.51874995
13700 0.53125
13800 0.53125
13900 0.5
14000 0.56875
14100 0.51875
14200 0.51250005
14300 0.58750004
14400 0.540625
14500 0.51250005
14600 0.553125
14700 0.56875
14800 0.55625
14900 0.55
15000 0.5531251
15100 0.55312496
15200 0.596875
15300 0.58125
15400 0.50625
15500 0.515625
15600 0.565625
15700 0.571875
15800 0.471875
15900 0.52812505
16000 0.59062505
16100 0.58124995
16200 0.59374994
16300 0.471875
16400 0.5875
16500 0.56562495
16600 0.5875
16700 0.540625
16800 0.5656251
16900 0.48125002
17000 0.584375
17100 0.59062505
17200 0.553125
17300 0.553125
17400 0.53125
17500 0.546875
17600 0.61562496
17700 0.59375
17800 0.53125006
17900 0.52500004
18000 0.565625
18100 0.50625
18200 0.546875
18300 0.5062501
18400 0.521875
18500 0.6
18600 0.534375
18700 0.53124994
18800 0.596875
18900 0.628125
19000 0.575
19100 0.546875
19200 0.58124995
19300 0.553125
19400 0.509375
19500 0.55625004
19600 0.5875
19700 0.56874996
19800 0.63750005
19900 0.615625
20000 0.540625
20100 0.55937505
20200 0.521875
20300 0.58125
20400 0.55
20500 0.55625
20600 0.52500004
20700 0.57812506
20800 0.55625004
20900 0.54687506
21000 0.596875
21100 0.57500005
21200 0.534375
21300 0.53125
21400 0.54375005
21500 0.60625
21600 0.5125
21700 0.6125001
21800 0.58125
21900 0.58437496
22000 0.54375
22100 0.559375
22200 0.578125
22300 0.571875
22400 0.53749996
22500 0.553125
22600 0.6062499
22700 0.540625
22800 0.5812501
22900 0.546875
23000 0.45937502
23100 0.6125001
23200 0.5187501
23300 0.5375
23400 0.596875
23500 0.578125
23600 0.553125
23700 0.57187504
23800 0.55937505
23900 0.571875
24000 0.509375
24100 0.596875
24200 0.559375
24300 0.5906249
24400 0.51874995
24500 0.603125
24600 0.54375
24700 0.553125
24800 0.52812505
24900 0.503125
25000 0.55937505
25100 0.546875
25200 0.6
25300 0.609375
25400 0.59375
25500 0.571875
25600 0.590625
25700 0.52500004
25800 0.546875
25900 0.5375
26000 0.521875
26100 0.553125
26200 0.546875
26300 0.559375
26400 0.54062504
26500 0.56249994
26600 0.54375
26700 0.5375
26800 0.584375
26900 0.55
27000 0.5375
27100 0.6125
27200 0.553125
27300 0.590625
27400 0.55625
27500 0.58125
27600 0.52500004
27700 0.5687501
27800 0.578125
27900 0.584375
28000 0.584375
28100 0.54375
28200 0.509375
28300 0.57500005
28400 0.490625
28500 0.55937505
28600 0.534375
28700 0.58750004
28800 0.55
28900 0.48125005
29000 0.553125
29100 0.553125
29200 0.59062505
29300 0.53749996
29400 0.559375
29500 0.534375
29600 0.50312495
29700 0.61875004
29800 0.5687501
29900 0.5625
30000 0.515625
30100 0.55312496
30200 0.534375
30300 0.58124995
30400 0.503125
30500 0.49999997
30600 0.546875
30700 0.540625
30800 0.49374998
30900 0.540625
31000 0.53125
31100 0.5656251
31200 0.5375
31300 0.51875
31400 0.55625
31500 0.559375
31600 0.55625004
31700 0.58750004
31800 0.55625
31900 0.54375
32000 0.5375
32100 0.515625
32200 0.51875
32300 0.57187504
32400 0.578125
32500 0.59999996
32600 0.578125
32700 0.5
32800 0.534375
32900 0.584375
33000 0.546875
33100 0.503125
33200 0.56875
33300 0.553125
33400 0.56875
33500 0.50625
33600 0.54375005
33700 0.54375
33800 0.559375
33900 0.559375
34000 0.53437495
34100 0.5875
34200 0.57500005
34300 0.56875
34400 0.575
34500 0.55
34600 0.534375
34700 0.54375
34800 0.559375
34900 0.55937505
35000 0.559375
35100 0.603125
35200 0.553125
35300 0.58750004
35400 0.55937505
35500 0.60625
35600 0.55625004
35700 0.559375
35800 0.609375
35900 0.534375
36000 0.54375005
36100 0.6
36200 0.54375005
36300 0.565625
36400 0.534375
36500 0.596875
36600 0.525
36700 0.58125
36800 0.56875
36900 0.59062505
37000 0.62187505
37100 0.56249994
37200 0.63124996
37300 0.58125
37400 0.58125
37500 0.565625
37600 0.58125
37700 0.534375
37800 0.59999996
37900 0.57187504
38000 0.565625
38100 0.49687502
38200 0.571875
38300 0.58125
38400 0.559375
38500 0.50624996
38600 0.51250005
38700 0.540625
38800 0.48750004
38900 0.52500004
39000 0.540625
39100 0.61249995
39200 0.54375005
39300 0.515625
39400 0.5125
39500 0.57812494
39600 0.53125006
39700 0.59375
39800 0.55312496
39900 0.51250005
40000 0.5531251
40100 0.490625
40200 0.55937505
40300 0.55625004
40400 0.553125
40500 0.575
40600 0.546875
40700 0.6
40800 0.50937504
40900 0.54999995
41000 0.534375
41100 0.5875
41200 0.58437496
41300 0.534375
41400 0.596875
41500 0.52500004
41600 0.51562506
41700 0.50937504
41800 0.54999995
41900 0.553125
42000 0.525
42100 0.55937505
42200 0.584375
42300 0.55625004
42400 0.584375
42500 0.52187496
42600 0.54687506
42700 0.53125
42800 0.571875
42900 0.5968751
43000 0.60312504
43100 0.56875
43200 0.5375
43300 0.51562506
43400 0.590625
43500 0.57500005
43600 0.55
43700 0.565625
43800 0.63437504
43900 0.6437501
44000 0.575
44100 0.546875
44200 0.5625
44300 0.51875
44400 0.5968751
44500 0.646875
44600 0.559375
44700 0.575
44800 0.58125
44900 0.55
45000 0.53749996
45100 0.5375
45200 0.5343751
45300 0.55
45400 0.521875
45500 0.55625004
45600 0.521875
45700 0.58125
45800 0.575
45900 0.546875
46000 0.51875
46100 0.5
46200 0.584375
46300 0.60625005
46400 0.528125
46500 0.58437496
46600 0.546875
46700 0.52812505
