0 4.8167696
100 3.1914785
200 2.918087
300 2.5715277
400 2.5881307
500 2.3613849
600 2.344284
700 2.5868108
800 2.5343788
900 2.6225665
1000 2.3750026
1100 2.6013787
1200 2.526821
1300 2.5975404
1400 2.3870878
1500 2.325877
1600 2.382392
1700 2.626258
1800 2.225884
1900 2.225563
2000 2.2786133
2100 2.4186926
2200 2.480202
2300 2.1458025
2400 2.1126842
2500 2.5558236
2600 2.2946863
2700 2.170696
2800 2.33932
2900 2.1562948
3000 2.3830948
3100 2.52667
3200 2.3700309
3300 1.9126701
3400 2.238661
3500 2.2492642
3600 2.403025
3700 2.3137136
3800 2.4357657
3900 2.5301163
4000 2.2667265
4100 2.3429165
4200 2.0919666
4300 1.9390547
4400 2.1327183
4500 2.303069
4600 1.8771745
4700 2.0691223
4800 1.849483
4900 2.0685244
5000 1.9294167
5100 2.2253318
5200 2.4019237
5300 2.2907848
5400 2.1819081
5500 1.8696935
5600 2.2427397
5700 2.1159139
5800 2.2738822
5900 2.2398272
6000 2.383586
6100 2.326239
6200 2.2553034
6300 2.2189481
6400 2.2558284
6500 2.1357574
6600 1.8832405
6700 2.2471282
6800 2.3358624
6900 1.9785122
7000 2.4256308
7100 2.072476
7200 2.095884
7300 2.2750072
7400 2.3415906
7500 2.2340996
7600 2.604639
7700 1.9795966
7800 1.949319
7900 2.2211225
8000 2.065
8100 2.0096507
8200 2.1170247
8300 2.1482725
8400 2.0573404
8500 2.447746
8600 2.0061111
8700 2.1021285
8800 2.496803
8900 2.3155122
9000 2.1368291
9100 2.1798704
9200 2.1488183
9300 2.2270534
9400 2.502404
9500 2.1545012
9600 2.0472791
9700 1.983985
9800 2.138098
9900 2.3049588
10000 2.2813764
10100 2.135289
10200 1.923228
10300 1.9303384
10400 2.224981
10500 2.5541577
10600 2.2227938
10700 2.3476982
10800 1.8458604
10900 2.0894063
11000 2.0349772
11100 2.2253404
11200 2.2158644
11300 2.403713
11400 2.3218439
11500 2.3753889
11600 2.218269
11700 2.328223
11800 2.3020582
11900 2.2418034
12000 2.0902965
12100 2.1429133
12200 2.07922
12300 2.0627258
12400 2.294261
12500 2.3433893
12600 2.2146418
12700 1.9818271
12800 2.209094
12900 2.3090901
13000 2.4834285
13100 2.275357
13200 1.9415898
13300 2.4189303
13400 2.2109501
13500 2.1056244
13600 2.2008455
13700 2.2275276
13800 2.231678
13900 2.2257407
14000 2.0380108
14100 2.1733084
14200 2.3636138
14300 2.0561576
14400 2.3160517
14500 2.4569871
14600 2.1887228
14700 2.025559
14800 2.0315356
14900 2.1528099
15000 2.1262727
15100 2.100476
15200 1.7926885
15300 2.0590181
15400 2.1619592
15500 2.324196
15600 2.1059492
15700 2.075524
15800 2.5955966
15900 2.2116866
16000 1.935521
16100 2.1036136
16200 2.1525393
16300 2.628728
16400 2.0598218
16500 2.0485575
16600 1.9921775
16700 2.35468
16800 2.055257
16900 2.2934554
17000 2.0194862
17100 2.0234
17200 2.1957755
17300 2.177164
17400 2.0859046
17500 1.8857265
17600 1.8251601
17700 1.972841
17800 2.2136762
17900 2.181375
18000 2.1344416
18100 2.3198135
18200 2.0675933
18300 2.308337
18400 2.1860216
18500 1.8631469
18600 2.160769
18700 2.2542822
18800 1.9245288
18900 1.7945106
19000 1.8815044
19100 2.0435255
19200 1.9862583
19300 2.2282782
19400 2.1577888
19500 2.179581
19600 2.0400927
19700 2.0018725
19800 1.786102
19900 1.9289433
20000 2.258702
20100 2.0876594
20200 2.158155
20300 1.9279689
20400 1.9866879
20500 2.0672305
20600 2.2860026
20700 1.9681621
20800 2.02789
20900 2.2170026
21000 1.9859449
21100 2.1589534
21200 2.1930685
21300 2.1981144
21400 2.031371
21500 1.8362348
21600 2.2588491
21700 1.8672719
21800 2.011016
21900 1.9582564
22000 2.1622994
22100 2.0127826
22200 2.0502093
22300 2.0193117
22400 2.153004
22500 1.9808555
22600 1.8712149
22700 2.1862683
22800 1.9069729
22900 2.2111862
23000 2.4852297
23100 1.9444854
23200 2.145404
23300 2.1380296
23400 1.854402
23500 1.8999406
23600 2.240979
23700 2.0050793
23800 2.0928075
23900 1.9953867
24000 2.1913986
24100 2.1327345
24200 2.0085382
24300 2.0216253
24400 2.3900847
24500 1.8330888
24600 2.0881295
24700 1.9833385
24800 2.0501955
24900 2.2541726
25000 2.043434
25100 2.148342
25200 1.939425
25300 1.8846607
25400 1.9741999
25500 2.150664
25600 2.0810447
25700 2.2128553
25800 2.0984328
25900 2.1198766
26000 2.2795203
26100 2.0800831
26200 2.0462518
26300 2.0792875
26400 2.109393
26500 2.1141922
26600 2.1390436
26700 2.12797
26800 1.9586676
26900 2.1809793
27000 2.114209
27100 1.9660281
27200 2.133739
27300 2.019831
27400 2.1454036
27500 1.999989
27600 2.2277489
27700 1.944516
27800 2.1309729
27900 2.0082133
28000 1.9509858
28100 2.059885
28200 2.3266516
28300 1.8590392
28400 2.521097
28500 2.0266063
28600 2.1749063
28700 1.9491038
28800 2.2685926
28900 2.4356482
29000 1.9752039
29100 2.200047
29200 1.9616588
29300 2.0398371
29400 1.881343
29500 2.1657872
29600 2.2611961
29700 1.8233804
29800 2.0761998
29900 2.0421786
30000 2.2587821
30100 1.8821697
30200 2.1391306
30300 1.9247444
30400 2.3123808
30500 2.2145066
30600 2.0694253
30700 2.2217824
30800 2.43835
30900 1.9860281
31000 2.3185642
31100 1.9356296
31200 2.2383928
31300 2.2197225
31400 2.0825725
31500 2.1066206
31600 2.1553721
31700 2.0161428
31800 2.1365838
31900 2.0183575
32000 2.2057858
32100 2.276784
32200 2.2050786
32300 1.8732787
32400 2.0553203
32500 1.8895414
32600 1.8851552
32700 2.3726594
32800 2.179227
32900 2.0977316
33000 1.925134
33100 2.1887205
33200 1.9552051
33300 2.068225
33400 2.0519564
33500 2.2901552
33600 2.1408768
33700 2.2038777
33800 1.9995601
33900 2.0245907
34000 2.1440582
34100 1.9630599
34200 1.9913962
34300 1.9418175
34400 1.952464
34500 2.0317917
34600 2.148086
34700 2.126414
34800 2.0262654
34900 2.044623
35000 2.0221372
35100 1.9082286
35200 1.9963956
35300 1.8672017
35400 2.1175952
35500 1.8203932
35600 1.9101391
35700 1.9951459
35800 1.9396709
35900 2.273129
36000 2.1013725
36100 1.9050587
36200 2.088462
36300 2.0466075
36400 2.2055378
36500 1.9046394
36600 2.303288
36700 1.9163809
36800 1.8589877
36900 1.8819927
37000 1.8351686
37100 2.096852
37200 1.7360543
37300 2.0279467
37400 2.0202374
37500 2.016471
37600 1.92396
37700 2.2206857
37800 1.8305056
37900 1.9830357
38000 2.0732594
38100 2.4155943
38200 2.1688213
38300 2.0496547
38400 2.0195098
38500 2.2676718
38600 2.3979256
38700 2.2403448
38800 2.3846788
38900 2.2523685
39000 2.1327884
39100 1.8156464
39200 2.281795
39300 2.2891138
39400 2.2202842
39500 2.1073463
39600 2.1274252
39700 1.8518625
39800 2.1017728
39900 2.1630716
40000 2.1103404
40100 2.410116
40200 2.0972664
40300 2.0744877
40400 2.1231723
40500 1.948733
40600 2.171073
40700 1.8970114
40800 2.2270343
40900 2.127346
41000 2.1605656
41100 2.0076466
41200 1.9523314
41300 2.2516956
41400 1.8618138
41500 2.2961059
41600 2.2565372
41700 2.3958883
41800 2.1350923
41900 2.209331
42000 2.0892808
42100 2.037788
42200 2.0096693
42300 2.1293278
42400 1.9958035
42500 2.250681
42600 1.8470867
42700 2.1612372
42800 2.0911908
42900 2.0925152
43000 1.8912666
43100 2.1565406
43200 2.2961967
43300 2.170142
43400 1.9550308
43500 2.1280901
43600 2.058412
43700 2.1257513
43800 1.7822442
43900 1.6616235
44000 1.9522939
44100 2.2646894
44200 2.058568
44300 2.2196572
44400 1.9119917
44500 1.7418222
44600 1.899261
44700 2.1699328
44800 1.9956838
44900 1.9716876
45000 2.0663378
45100 2.128907
45200 2.1655955
45300 2.017082
45400 2.3251693
45500 2.0971608
45600 2.212305
45700 1.9530514
45800 1.9798355
45900 2.04805
46000 2.1936061
46100 2.4023442
46200 1.8862591
46300 1.8337278
46400 2.431939
46500 1.9909625
46600 2.1497233
46700 2.2400877
