0 3.3387303
100 2.2121644
200 2.0226638
300 1.7824472
400 1.7939554
500 1.6367873
600 1.6249338
700 1.7930406
800 1.7566975
900 1.8178245
1000 1.6462264
1100 1.8031383
1200 1.7514588
1300 1.8004777
1400 1.6546032
1500 1.612175
1600 1.6513482
1700 1.8203832
1800 1.5428653
1900 1.5426427
2000 1.5794144
2100 1.67651
2200 1.7191449
2300 1.4873569
2400 1.4644011
2500 1.7715619
2600 1.5905554
2700 1.5046118
2800 1.621493
2900 1.4946296
3000 1.6518354
3100 1.7513541
3200 1.6427802
3300 1.3257619
3400 1.5517216
3500 1.5590712
3600 1.66565
3700 1.603744
3800 1.6883441
3900 1.7537429
4000 1.5711751
4100 1.6239859
4200 1.4500407
4300 1.3440503
4400 1.4782877
4500 1.5963658
4600 1.3011582
4700 1.4342062
4800 1.281964
4900 1.4337919
5000 1.3373697
5100 1.5424824
5200 1.6648866
5300 1.587851
5400 1.5123835
5500 1.2959728
5600 1.5545487
5700 1.4666398
5800 1.576135
5900 1.5525298
6000 1.6521759
6100 1.6124262
6200 1.5632572
6300 1.5380577
6400 1.5636212
6500 1.4803942
6600 1.3053628
6700 1.5575906
6800 1.6190964
6900 1.3714001
7000 1.6813191
7100 1.4365308
7200 1.4527562
7300 1.5769148
7400 1.6230669
7500 1.5485599
7600 1.8053982
7700 1.3721519
7800 1.3511649
7900 1.5395648
8000 1.431349
8100 1.3929837
8200 1.4674096
8300 1.4890691
8400 1.4260397
8500 1.6966482
8600 1.3905302
8700 1.4570844
8800 1.730652
8900 1.6049907
9000 1.4811372
9100 1.510971
9200 1.4894474
9300 1.5436758
9400 1.7345343
9500 1.4933865
9600 1.4190657
9700 1.3751936
9800 1.4820167
9900 1.5976757
10000 1.5813296
10100 1.4800695
10200 1.33308
10300 1.3380086
10400 1.5422393
10500 1.7704073
10600 1.5407232
10700 1.6273004
10800 1.2794529
10900 1.448266
11000 1.4105388
11100 1.5424883
11200 1.5359201
11300 1.666127
11400 1.6093795
11500 1.6464942
11600 1.5375869
11700 1.6138012
11800 1.5956652
11900 1.5538996
12000 1.448883
12100 1.4853544
12200 1.4412055
12300 1.4297725
12400 1.5902605
12500 1.6243136
12600 1.5350728
12700 1.3736979
12800 1.5312274
12900 1.6005393
13000 1.7213814
13100 1.5771573
13200 1.3458076
13300 1.6766747
13400 1.5325139
13500 1.4595077
13600 1.5255098
13700 1.5440044
13800 1.5468813
13900 1.5427659
14000 1.4126415
14100 1.5064225
14200 1.6383322
14300 1.4252199
14400 1.6053647
14500 1.7030537
14600 1.5171071
14700 1.4040105
14800 1.4081532
14900 1.4922141
15000 1.4738199
15100 1.455939
15200 1.242597
15300 1.4272027
15400 1.4985559
15500 1.61101
15600 1.4597327
15700 1.4386437
15800 1.7991304
15900 1.5330243
16000 1.3416009
16100 1.4581139
16200 1.4920264
16300 1.8220953
16400 1.4277598
16500 1.4199519
16600 1.3808722
16700 1.6321399
16800 1.4245957
16900 1.5897021
17000 1.3998011
17100 1.4025141
17200 1.5219957
17300 1.5090952
17400 1.4458389
17500 1.307086
17600 1.2651047
17700 1.3674692
17800 1.5344034
17900 1.5120139
18000 1.4794822
18100 1.6079723
18200 1.4331465
18300 1.6000172
18400 1.5152347
18500 1.291435
18600 1.497731
18700 1.5625494
18800 1.3339818
18900 1.24386
19000 1.3041595
19100 1.4164639
19200 1.3767693
19300 1.5445247
19400 1.4956652
19500 1.5107704
19600 1.4140844
19700 1.3875923
19800 1.2380316
19900 1.3370416
20000 1.5656129
20100 1.4470552
20200 1.495919
20300 1.3363662
20400 1.3770671
20500 1.432895
20600 1.5845363
20700 1.364226
20800 1.4056263
20900 1.5367092
21000 1.3765521
21100 1.4964725
21200 1.5201192
21300 1.5236168
21400 1.4080391
21500 1.272781
21600 1.565715
21700 1.2942942
21800 1.3939301
21900 1.3573599
22000 1.4987917
22100 1.3951546
22200 1.4210968
22300 1.3996803
22400 1.4923487
22500 1.3730243
22600 1.2970273
22700 1.5154058
22800 1.3218129
22900 1.5326774
23000 1.72263
23100 1.3478146
23200 1.4870808
23300 1.4819691
23400 1.2853734
23500 1.3169385
23600 1.5533283
23700 1.389815
23800 1.4506236
23900 1.3830967
24000 1.5189618
24100 1.4782989
24200 1.3922126
24300 1.4012839
24400 1.6566805
24500 1.2706003
24600 1.447381
24700 1.3747455
24800 1.4210873
24900 1.5624734
25000 1.4164004
25100 1.4891171
25200 1.344307
25300 1.3063473
25400 1.3684111
25500 1.4907267
25600 1.4424703
25700 1.5338345
25800 1.4545228
25900 1.4693866
26000 1.5800431
26100 1.4418038
26200 1.4183537
26300 1.4412522
26400 1.4621197
26500 1.4654464
26600 1.4826721
26700 1.4749963
26800 1.3576449
26900 1.5117396
27000 1.4654579
27100 1.3627468
27200 1.4789952
27300 1.4000401
27400 1.4870805
27500 1.3862867
27600 1.5441579
27700 1.3478358
27800 1.4770778
27900 1.3919873
28000 1.3523203
28100 1.4278035
28200 1.6127119
28300 1.2885878
28400 1.7474912
28500 1.4047364
28600 1.5075301
28700 1.3510158
28800 1.5724685
28900 1.6882627
29000 1.369107
29100 1.5249565
29200 1.3597183
29300 1.4139073
29400 1.3040476
29500 1.5012093
29600 1.5673418
29700 1.263871
29800 1.439112
29900 1.4155303
30000 1.5656685
30100 1.3046206
30200 1.4827324
30300 1.3341311
30400 1.6028202
30500 1.5349791
30600 1.4344163
30700 1.5400223
30800 1.6901354
30900 1.3766098
31000 1.6071062
31100 1.3416762
31200 1.5515356
31300 1.5385944
31400 1.4435292
31500 1.460198
31600 1.4939901
31700 1.3974837
31800 1.480967
31900 1.3990188
32000 1.5289341
32100 1.5781463
32200 1.528444
32300 1.2984579
32400 1.4246395
32500 1.3097303
32600 1.30669
32700 1.6446022
32800 1.5105251
32900 1.4540367
33000 1.3344011
33100 1.5171055
33200 1.3552449
33300 1.4335842
33400 1.4223078
33500 1.5874146
33600 1.4839427
33700 1.5276116
33800 1.3859894
33900 1.4033394
34000 1.4861479
34100 1.3606894
34200 1.3803307
34300 1.3459654
34400 1.3533449
34500 1.4083307
34600 1.4889399
34700 1.473918
34800 1.4045001
34900 1.4172246
35000 1.4016387
35100 1.3226833
35200 1.383796
35300 1.2942456
35400 1.4678051
35500 1.2618004
35600 1.3240075
35700 1.3829298
35800 1.3444774
35900 1.575613
36000 1.4565605
36100 1.3204861
36200 1.4476116
36300 1.4186002
36400 1.5287623
36500 1.3201954
36600 1.5965176
36700 1.328334
36800 1.288552
36900 1.304498
37000 1.2720419
37100 1.4534271
37200 1.2033411
37300 1.4056655
37400 1.400322
37500 1.3977112
37600 1.3335874
37700 1.539262
37800 1.2688098
37900 1.3745356
38000 1.437074
38100 1.6743624
38200 1.5033125
38300 1.4207125
38400 1.3998176
38500 1.5718304
38600 1.6621153
38700 1.5528886
38800 1.6529335
38900 1.5612229
39000 1.4783363
39100 1.2585102
39200 1.5816197
39300 1.5866927
39400 1.5389837
39500 1.4607011
39600 1.4746188
39700 1.2836133
39800 1.4568379
39900 1.499327
40000 1.4627765
40100 1.670565
40200 1.4537143
40300 1.4379252
40400 1.4716709
40500 1.3507588
40600 1.5048732
40700 1.3149081
40800 1.5436625
40900 1.4745638
41000 1.49759
41100 1.3915945
41200 1.353253
41300 1.5607564
41400 1.290511
41500 1.5915394
41600 1.5641124
41700 1.6607032
41800 1.4799331
41900 1.5313915
42000 1.4481791
42100 1.412487
42200 1.3929967
42300 1.4759376
42400 1.3833855
42500 1.5600531
42600 1.2803029
42700 1.4980556
42800 1.4495031
42900 1.450421
43000 1.3109261
43100 1.4948001
43200 1.5916023
43300 1.5042278
43400 1.3551241
43500 1.4750797
43600 1.4267825
43700 1.4734585
43800 1.2353575
43900 1.1517496
44000 1.353227
44100 1.5697632
44200 1.4268906
44300 1.5385492
44400 1.3252916
44500 1.2073392
44600 1.3164674
44700 1.5040828
44800 1.3833026
44900 1.3666697
45000 1.4322762
45100 1.4756459
45200 1.5010765
45300 1.3981347
45400 1.6116846
45500 1.453641
45600 1.5334531
45700 1.3537521
45800 1.3723174
45900 1.4196
46000 1.520492
46100 1.6651781
46200 1.3074552
46300 1.2710433
46400 1.6856916
46500 1.38003
46600 1.4900746
46700 1.5527105
