0 26.448797
100 10.581877
200 9.028168
300 8.381092
400 8.393791
500 7.558426
600 7.1926975
700 7.4680996
800 7.7805943
900 7.556427
1000 6.759878
1100 7.7768946
1200 7.366541
1300 6.9733763
1400 7.1553564
1500 6.8981466
1600 7.080759
1700 7.1413655
1800 6.7680254
1900 6.380514
2000 6.5079246
2100 6.7947083
2200 6.8120885
2300 6.1500454
2400 6.527566
2500 7.4077682
2600 6.4419866
2700 6.63932
2800 6.416635
2900 6.160441
3000 6.508818
3100 6.606673
3200 6.374642
3300 6.077648
3400 6.6075783
3500 6.5978856
3600 6.271098
3700 6.104302
3800 6.8926077
3900 6.307839
4000 6.602833
4100 6.5764227
4200 6.1663904
4300 6.0787454
4400 6.404634
4500 6.4511337
4600 5.4599037
4700 6.042161
4800 5.8043623
4900 6.040018
5000 6.325149
5100 6.3465023
5200 6.709672
5300 6.431701
5400 5.969706
5500 6.070033
5600 6.175004
5700 6.383093
5800 5.985223
5900 5.6870804
6000 6.7580175
6100 6.267628
6200 6.286618
6300 6.224389
6400 6.603004
6500 6.17276
6600 5.6180496
6700 6.801215
6800 6.6555285
6900 6.4327445
7000 6.6465263
7100 6.221442
7200 6.5079274
7300 6.1710515
7400 6.3769627
7500 6.137613
7600 6.7112427
7700 6.461424
7800 5.885092
7900 5.8677287
8000 5.923734
8100 6.1248116
8200 5.9936943
8300 6.2032948
8400 5.995864
8500 6.2637076
8600 6.15304
8700 6.4777327
8800 6.494386
8900 6.2860503
9000 6.423833
9100 5.8971233
9200 6.258441
9300 6.5381646
9400 6.4319296
9500 6.257682
9600 5.9363866
9700 6.02501
9800 5.9186554
9900 6.641235
10000 6.520199
10100 6.164587
10200 6.1216855
10300 5.7884517
10400 6.538521
10500 6.7951846
10600 6.7130404
10700 6.531715
10800 5.5878267
10900 6.2937474
11000 6.246862
11100 6.3814993
11200 6.2902184
11300 6.5470676
11400 6.311984
11500 6.5983915
11600 6.159729
11700 6.5940614
11800 6.438889
11900 5.9710307
12000 6.1757865
12100 6.227461
12200 5.6829576
12300 6.225159
12400 6.16508
12500 6.671957
12600 5.858912
12700 5.631676
12800 6.0280538
12900 6.419671
13000 6.9764714
13100 6.243808
13200 5.8937902
13300 6.4950757
13400 6.2220054
13500 6.391098
13600 6.01521
13700 6.1601095
13800 6.2817354
13900 6.105965
14000 5.7938833
14100 6.1002984
14200 6.68736
14300 6.3963585
14400 5.628506
14500 6.5656357
14600 6.211651
14700 5.914795
14800 6.305767
14900 6.336576
15000 6.32209
15100 5.5613356
15200 5.945082
15300 5.9713907
15400 6.8075314
15500 6.6404347
15600 6.2339907
15700 6.3368983
15800 6.669514
15900 6.6896777
16000 5.9110413
16100 6.062688
16200 6.30187
16300 7.281559
16400 6.1303263
16500 6.476979
16600 5.983545
16700 6.31524
16800 6.453415
16900 6.9964604
17000 5.926717
17100 6.2505846
17200 5.8849354
17300 6.603202
17400 6.4799027
17500 5.965262
17600 5.7190514
17700 6.1929736
17800 6.5175457
17900 5.9735804
18000 6.0212226
18100 6.614714
18200 6.0518684
18300 6.54343
18400 6.182664
18500 6.0046043
18600 6.252438
18700 6.1062202
18800 6.0491085
18900 5.6608877
19000 6.1099997
19100 6.387469
19200 6.368263
19300 6.275462
19400 6.5931945
19500 6.5359526
19600 5.649699
19700 6.2669296
19800 5.8045664
19900 6.5051746
20000 6.8360286
20100 6.5104055
20200 6.219859
20300 6.012771
20400 6.0272703
20500 6.292723
20600 6.4505296
20700 6.256144
20800 5.9990587
20900 6.46986
21000 6.2070885
21100 6.1400666
21200 6.318166
21300 6.3858294
21400 6.2988977
21500 6.093833
21600 6.6122246
21700 5.744468
21800 6.2192583
21900 5.8375163
22000 6.4320087
22100 6.239869
22200 6.2800922
22300 6.182195
22400 6.443379
22500 6.1221147
22600 6.122565
22700 6.3109355
22800 6.0735235
22900 6.435974
23000 6.3136067
23100 6.1719437
23200 6.623228
23300 6.129373
23400 5.644256
23500 5.947585
23600 6.588835
23700 6.207421
23800 6.092946
23900 6.1444106
24000 6.2473984
24100 6.3214617
24200 6.3412175
24300 6.5874686
24400 6.0228424
24500 6.186721
24600 6.1362195
24700 6.146633
24800 6.253929
24900 6.508776
25000 5.863117
25100 6.325402
25200 5.7275386
25300 5.7586164
25400 5.8706646
25500 6.271257
25600 6.1164784
25700 6.1200714
25800 6.4093738
25900 6.4895782
26000 6.4207535
26100 6.160171
26200 5.8727093
26300 6.110628
26400 6.273471
26500 6.055364
26600 6.245244
26700 6.4288116
26800 6.3137474
26900 6.0584817
27000 6.2350883
27100 5.9915743
27200 6.106503
27300 6.30573
27400 6.5215983
27500 6.1407967
27600 6.5907717
27700 6.065313
27800 5.852172
27900 6.165738
28000 6.3545365
28100 6.631477
28200 6.651803
28300 6.060119
28400 7.1657176
28500 6.311592
28600 6.378197
28700 6.1077547
28800 6.8680487
28900 6.7924414
29000 6.0841126
29100 6.3534865
29200 6.4487715
29300 6.2990117
29400 6.105277
29500 6.321563
29600 6.073649
29700 6.220332
29800 6.351627
29900 6.3351164
30000 6.566979
30100 6.0441422
30200 6.0169725
30300 6.079307
30400 6.5198092
30500 6.370972
30600 6.560746
30700 6.650836
30800 6.6273246
30900 6.1481533
31000 6.3395276
31100 6.070475
31200 6.505783
31300 6.7243876
31400 6.2453737
31500 6.1904016
31600 6.0691743
31700 5.8432035
31800 6.045521
31900 6.542485
32000 6.53576
32100 6.080995
32200 6.3815985
32300 5.8915067
32400 6.3074265
32500 5.714384
32600 6.1789923
32700 6.77215
32800 6.4803658
32900 6.174629
33000 5.948061
33100 6.7231402
33200 6.007118
33300 6.009066
33400 6.2524567
33500 6.1255503
33600 6.315011
33700 6.6114492
33800 5.9064245
33900 5.8550825
34000 6.112395
34100 6.227398
34200 5.9818625
34300 6.0656166
34400 5.75936
34500 5.937793
34600 6.374069
34700 6.2255044
34800 6.293137
34900 6.3267198
35000 6.0352974
35100 5.845732
35200 6.0992346
35300 6.017176
35400 6.4384155
35500 5.6438475
35600 6.035464
35700 5.660112
35800 6.3492975
35900 5.799531
36000 5.996484
36100 6.1605163
36200 6.185185
36300 6.1436152
36400 6.721675
36500 6.13169
36600 6.7148952
36700 5.773346
36800 5.699279
36900 6.011708
37000 6.2077036
37100 6.1562634
37200 5.736296
37300 6.378504
37400 5.878352
37500 6.387288
37600 6.2224665
37700 5.9716315
37800 5.743823
37900 5.9838343
38000 5.9985394
38100 6.204458
38200 6.148951
38300 6.1558776
38400 6.1190844
38500 6.529249
38600 6.432398
38700 6.3976483
38800 6.3646336
38900 6.4328613
39000 6.000293
39100 5.627161
39200 6.3347836
39300 6.197254
39400 6.181113
39500 5.9250617
39600 6.3000636
39700 5.957415
39800 6.116737
39900 6.494366
40000 6.1015453
40100 6.1044154
40200 6.1049795
40300 6.4276233
40400 6.44085
40500 6.19236
40600 6.4661517
40700 6.031134
40800 6.3401775
40900 6.1597733
41000 6.3915057
41100 5.8338513
41200 6.1247535
41300 6.105884
41400 6.1550655
41500 6.85756
41600 6.497328
41700 6.4390564
41800 6.3096495
41900 6.374934
42000 6.3893123
42100 5.72035
42200 5.810153
42300 6.2046013
42400 6.211574
42500 6.6265574
42600 5.714905
42700 6.1765647
42800 6.148503
42900 6.006155
43000 5.8161726
43100 5.984492
43200 6.2275267
43300 6.415963
43400 6.2412615
43500 6.215522
43600 6.410683
43700 5.932959
43800 5.3798084
43900 5.586773
44000 6.290489
44100 6.254178
44200 6.145629
44300 6.6736336
44400 6.100099
44500 5.921595
44600 5.9913077
44700 6.10715
44800 6.17518
44900 6.021364
45000 6.3315253
45100 6.3299656
45200 6.1939383
45300 5.919921
45400 6.638211
45500 6.1509314
45600 6.4615407
45700 6.002005
45800 5.826809
45900 6.015742
46000 6.177409
46100 6.315544
46200 5.8921747
46300 6.0575314
46400 6.3740244
46500 6.249423
46600 6.286162
46700 6.5495634
