0 0.03125
100 0.90625
200 0.8125
300 0.90625
400 1.0
500 0.9375
600 0.96875
700 0.9375
800 0.96875
900 0.96875
1000 0.96875
1100 0.875
1200 0.9375
1300 1.0
1400 1.0
1500 0.96875
1600 0.96875
1700 1.0
1800 1.0
1900 0.9375
2000 0.96875
2100 1.0
2200 1.0
2300 0.9375
2400 0.9375
2500 0.96875
2600 0.96875
2700 0.9375
2800 1.0
2900 1.0
3000 1.0
3100 1.0
3200 1.0
3300 0.96875
3400 1.0
3500 1.0
3600 0.9375
3700 0.9375
3800 0.9375
3900 1.0
4000 0.96875
4100 0.90625
4200 1.0
4300 0.9375
4400 1.0
4500 1.0
4600 0.9375
4700 0.96875
4800 0.96875
4900 1.0
5000 1.0
5100 1.0
5200 0.96875
5300 1.0
5400 1.0
5500 0.9375
5600 1.0
5700 0.9375
5800 1.0
5900 1.0
6000 1.0
6100 0.9375
6200 0.96875
6300 0.96875
6400 1.0
6500 0.9375
6600 0.96875
6700 1.0
6800 0.9375
6900 1.0
7000 1.0
7100 1.0
7200 1.0
7300 1.0
7400 1.0
7500 1.0
7600 1.0
7700 0.96875
7800 1.0
7900 1.0
8000 1.0
8100 1.0
8200 1.0
8300 1.0
8400 1.0
8500 0.96875
8600 1.0
8700 1.0
8800 0.96875
8900 1.0
9000 1.0
9100 1.0
9200 1.0
9300 1.0
9400 1.0
9500 1.0
9600 1.0
9700 1.0
9800 1.0
9900 0.96875
10000 1.0
10100 1.0
10200 0.96875
10300 1.0
10400 1.0
10500 1.0
10600 0.9375
10700 1.0
10800 0.96875
10900 1.0
11000 1.0
11100 1.0
11200 1.0
11300 1.0
11400 1.0
11500 1.0
11600 1.0
11700 1.0
11800 1.0
11900 1.0
12000 1.0
12100 0.96875
12200 1.0
12300 0.96875
12400 1.0
12500 1.0
12600 0.96875
12700 1.0
12800 1.0
12900 1.0
13000 1.0
13100 1.0
13200 1.0
13300 1.0
13400 1.0
13500 1.0
13600 1.0
13700 1.0
13800 1.0
13900 1.0
14000 1.0
14100 1.0
14200 1.0
14300 1.0
14400 1.0
14500 1.0
14600 1.0
14700 1.0
14800 1.0
14900 1.0
15000 1.0
15100 1.0
15200 1.0
15300 1.0
15400 1.0
15500 1.0
15600 1.0
15700 1.0
15800 1.0
15900 1.0
16000 1.0
16100 1.0
16200 1.0
16300 1.0
16400 1.0
16500 1.0
16600 1.0
16700 1.0
16800 1.0
16900 1.0
17000 1.0
17100 1.0
17200 1.0
17300 1.0
17400 1.0
17500 1.0
17600 1.0
17700 1.0
17800 1.0
17900 1.0
18000 1.0
18100 1.0
18200 1.0
18300 1.0
18400 1.0
18500 1.0
18600 1.0
18700 1.0
18800 1.0
18900 0.96875
19000 1.0
19100 1.0
19200 1.0
19300 0.96875
19400 1.0
19500 1.0
19600 1.0
19700 1.0
19800 1.0
19900 1.0
20000 1.0
20100 1.0
20200 1.0
20300 1.0
20400 1.0
20500 1.0
20600 1.0
20700 1.0
20800 1.0
20900 1.0
21000 1.0
21100 1.0
21200 1.0
21300 1.0
21400 1.0
21500 1.0
21600 1.0
21700 1.0
21800 1.0
21900 1.0
22000 1.0
22100 1.0
22200 1.0
22300 1.0
22400 1.0
22500 1.0
22600 1.0
22700 1.0
22800 1.0
22900 1.0
23000 1.0
23100 1.0
23200 1.0
23300 1.0
23400 1.0
23500 1.0
23600 1.0
23700 1.0
23800 1.0
23900 1.0
24000 1.0
24100 1.0
24200 1.0
24300 1.0
24400 1.0
24500 1.0
24600 1.0
24700 1.0
24800 1.0
24900 1.0
25000 1.0
25100 1.0
25200 1.0
25300 1.0
25400 1.0
25500 1.0
25600 1.0
25700 1.0
25800 1.0
25900 1.0
26000 1.0
26100 1.0
26200 1.0
26300 1.0
26400 1.0
26500 1.0
26600 1.0
26700 1.0
26800 1.0
26900 1.0
