0 3.39855
100 0.70662
200 0.824115
300 0.649851
400 0.063226
500 0.179439
600 0.201672
700 0.31459
800 0.254809
900 0.161069
1000 0.202368
1100 0.774013
1200 0.890604
1300 0.00454697
1400 0.0332821
1500 0.28432
1600 0.10809
1700 0.0114755
1800 0.00222311
1900 0.128167
2000 0.0477252
2100 0.0151061
2200 0.00411362
2300 0.292615
2400 0.157552
2500 0.103201
2600 0.0960621
2700 0.113451
2800 0.00242645
2900 0.0258163
3000 0.0338601
3100 0.0475322
3200 0.0236877
3300 0.0905262
3400 0.00126609
3500 0.022617
3600 0.300601
3700 0.287613
3800 0.12204
3900 0.0248568
4000 0.0628566
4100 0.274044
4200 0.0257396
4300 0.128462
4400 0.0314243
4500 0.000551613
4600 0.27701
4700 0.176484
4800 0.0574317
4900 0.0630215
5000 0.00350655
5100 0.0299431
5200 0.286394
5300 0.00578352
5400 0.00325286
5500 0.1295
5600 0.0126002
5700 0.179088
5800 0.000696664
5900 0.000137742
6000 0.000990816
6100 0.526285
6200 0.0389267
6300 0.157071
6400 0.0152299
6500 0.231069
6600 0.189981
6700 0.0102203
6800 0.26415
6900 0.000699311
7000 0.00397931
7100 0.00802674
7200 0.0250239
7300 0.002604
7400 0.000192525
7500 0.00113152
7600 0.00165224
7700 0.602982
7800 0.00530665
7900 0.00241238
8000 1.95879e-05
8100 0.00462949
8200 0.0119368
8300 0.000990045
8400 0.00607795
8500 0.250976
8600 0.00592686
8700 0.00688382
8800 0.0466729
8900 0.0153823
9000 0.00625467
9100 0.0159583
9200 0.00404063
9300 0.00237321
9400 0.00107092
9500 0.0317835
9600 0.0115698
9700 0.011459
9800 0.00357691
9900 0.0543547
10000 0.00200708
10100 0.0194888
10200 0.120013
10300 0.00158681
10400 0.000635637
10500 0.00322114
10600 0.161439
10700 0.0158931
10800 0.0383792
10900 0.00404
11000 0.0276352
11100 0.0060826
11200 0.00466711
11300 0.00604899
11400 0.000515942
11500 0.00828993
11600 0.00901924
11700 0.00221275
11800 0.00155933
11900 0.00258618
12000 0.00116625
12100 0.0609732
12200 0.0047821
12300 0.0677194
12400 0.000408106
12500 0.00287267
12600 0.10568
12700 0.00108309
12800 0.000268135
12900 0.000525009
13000 0.0222715
13100 0.00256097
13200 0.00106187
13300 0.000660872
13400 0.00581998
13500 0.000946294
13600 0.000518789
13700 0.0155594
13800 0.00539217
13900 1.898e-05
14000 0.00242194
14100 0.00432488
14200 0.032669
14300 0.000924081
14400 0.00154555
14500 0.000231015
14600 0.00300532
14700 0.00587003
14800 0.00258517
14900 0.00183766
15000 0.0301864
15100 0.0039067
15200 0.00158047
15300 0.000715162
15400 0.00408196
15500 0.000173871
15600 0.0019041
15700 0.000441152
15800 0.000963759
15900 0.00259999
16000 0.00118278
16100 0.000340696
16200 0.00153958
16300 0.000263858
16400 0.0018917
16500 0.004841
16600 0.00460811
16700 0.00671259
16800 0.00461963
16900 0.000112474
17000 0.000393363
17100 0.00359916
17200 0.000709032
17300 0.00155203
17400 0.00157118
17500 0.000276823
17600 0.000697732
17700 0.00335055
17800 0.00100857
17900 0.000267289
18000 0.000351777
18100 0.00339429
18200 0.00134041
18300 0.00102741
18400 0.000907201
18500 0.00155707
18600 0.00107928
18700 0.00104383
18800 0.00571956
18900 0.524375
19000 0.00414248
19100 0.00100006
19200 0.0307514
19300 0.0711762
19400 0.00113359
19500 0.0103085
19600 0.00336367
19700 0.000798719
19800 0.00374716
19900 0.00180341
20000 0.00133331
20100 0.00476674
20200 0.000517156
20300 0.000851306
20400 0.00144581
20500 0.00112161
20600 0.00708519
20700 0.00031338
20800 0.000843612
20900 4.61027e-05
21000 0.000693571
21100 0.00124834
21200 0.00488579
21300 0.000297935
21400 0.0199682
21500 0.00286428
21600 0.00446302
21700 3.79163e-05
21800 0.000731254
21900 0.00364538
22000 0.000449286
22100 0.00084281
22200 0.00110335
22300 0.000299403
22400 0.00518794
22500 0.00548646
22600 0.000370824
22700 0.00470079
22800 0.000131343
22900 0.0033875
23000 0.00210188
23100 0.0005849
23200 0.00276717
23300 0.00115601
23400 0.00109884
23500 0.000713539
23600 0.000575796
23700 0.000354776
23800 0.000837646
23900 0.000356928
24000 0.00038245
24100 0.000951196
24200 0.000345113
24300 0.00112123
24400 0.000432105
24500 0.000748948
24600 0.00139804
24700 0.00158706
24800 0.00130128
24900 0.000315434
25000 0.000775136
25100 0.000733575
25200 0.00229878
25300 0.00199412
25400 0.000360935
25500 0.000594057
25600 0.000211523
25700 0.000154725
25800 5.20285e-05
25900 0.000154314
26000 0.00143224
26100 0.000967238
26200 0.000336502
26300 0.00122567
26400 0.000950967
26500 0.00226449
26600 0.00395793
26700 0.00281983
26800 0.0068479
26900 0.000462072
