0 2.3557
100 0.489792
200 0.571233
300 0.450443
400 0.0438249
500 0.124378
600 0.139788
700 0.218057
800 0.17662
900 0.111645
1000 0.140271
1100 0.536505
1200 0.617319
1300 0.00315172
1400 0.0230694
1500 0.197076
1600 0.0749225
1700 0.0079542
1800 0.00154095
1900 0.0888388
2000 0.0330806
2100 0.0104707
2200 0.00285135
2300 0.202825
2400 0.109207
2500 0.0715335
2600 0.0665852
2700 0.0786383
2800 0.00168189
2900 0.0178945
3000 0.02347
3100 0.0329468
3200 0.0164191
3300 0.062748
3400 0.000877586
3500 0.0156769
3600 0.20836
3700 0.199358
3800 0.0845917
3900 0.0172294
4000 0.0435689
4100 0.189953
4200 0.0178413
4300 0.0890432
4400 0.0217816
4500 0.000382349
4600 0.192009
4700 0.122329
4800 0.0398086
4900 0.0436832
5000 0.00243055
5100 0.0207549
5200 0.198513
5300 0.00400883
5400 0.00225471
5500 0.0897629
5600 0.00873377
5700 0.124134
5800 0.00048289
5900 9.54756e-05
6000 0.000686781
6100 0.364793
6200 0.0269819
6300 0.108873
6400 0.0105566
6500 0.160165
6600 0.131685
6700 0.0070842
6800 0.183095
6900 0.000484725
7000 0.00275825
7100 0.00556371
7200 0.0173453
7300 0.00180495
7400 0.000133448
7500 0.000784308
7600 0.00114525
7700 0.417955
7800 0.00367829
7900 0.00167214
8000 1.35773e-05
8100 0.00320891
8200 0.00827395
8300 0.000686247
8400 0.00421291
8500 0.173963
8600 0.00410818
8700 0.0047715
8800 0.0323512
8900 0.0106622
9000 0.00433541
9100 0.0110615
9200 0.00280075
9300 0.00164498
9400 0.000742307
9500 0.0220306
9600 0.0080196
9700 0.00794274
9800 0.00247933
9900 0.0376758
10000 0.0013912
10100 0.0135086
10200 0.0831864
10300 0.00109989
10400 0.00044059
10500 0.00223272
10600 0.111901
10700 0.0110162
10800 0.0266025
10900 0.00280031
11000 0.0191553
11100 0.00421614
11200 0.00323499
11300 0.00419284
11400 0.000357624
11500 0.00574614
11600 0.00625166
11700 0.00153376
11800 0.00108085
11900 0.0017926
12000 0.000808382
12100 0.0422634
12200 0.0033147
12300 0.0469395
12400 0.000282878
12500 0.00199119
12600 0.073252
12700 0.000750744
12800 0.000185857
12900 0.000363909
13000 0.0154374
13100 0.00177513
13200 0.000736031
13300 0.000458082
13400 0.0040341
13500 0.000655921
13600 0.000359597
13700 0.010785
13800 0.00373757
13900 1.31559e-05
14000 0.00167876
14100 0.00299778
14200 0.0226444
14300 0.000640524
14400 0.0010713
14500 0.000160127
14600 0.00208313
14700 0.00406879
14800 0.0017919
14900 0.00127377
15000 0.0209236
15100 0.00270792
15200 0.0010955
15300 0.000495713
15400 0.0028294
15500 0.000120518
15600 0.00131982
15700 0.000305783
15800 0.000668027
15900 0.00180218
16000 0.000819841
16100 0.000236152
16200 0.00106715
16300 0.000182892
16400 0.00131123
16500 0.00335553
16600 0.0031941
16700 0.00465282
16800 0.00320209
16900 7.79612e-05
17000 0.000272659
17100 0.00249474
17200 0.000491464
17300 0.00107579
17400 0.00108906
17500 0.000191879
17600 0.000483631
17700 0.00232242
17800 0.000699089
17900 0.000185271
18000 0.000243833
18100 0.00235274
18200 0.000929104
18300 0.000712149
18400 0.000628824
18500 0.00107928
18600 0.000748103
18700 0.000723526
18800 0.00396449
18900 0.363469
19000 0.00287135
19100 0.000693186
19200 0.0213153
19300 0.0493356
19400 0.000785744
19500 0.00714532
19600 0.00233152
19700 0.00055363
19800 0.00259733
19900 0.00125003
20000 0.000924177
20100 0.00330405
20200 0.000358465
20300 0.000590081
20400 0.00100216
20500 0.000777441
20600 0.00491108
20700 0.000217218
20800 0.000584747
20900 3.1956e-05
21000 0.000480746
21100 0.000865282
21200 0.00338657
21300 0.000206513
21400 0.0138409
21500 0.00198536
21600 0.00309353
21700 2.62816e-05
21800 0.000506866
21900 0.00252678
22000 0.000311422
22100 0.000584192
22200 0.000764786
22300 0.00020753
22400 0.003596
22500 0.00380292
22600 0.000257035
22700 0.00325834
22800 9.10402e-05
22900 0.00234803
23000 0.00145691
23100 0.000405422
23200 0.00191806
23300 0.000801286
23400 0.000761656
23500 0.000494587
23600 0.000399111
23700 0.000245912
23800 0.000580612
23900 0.000247403
24000 0.000265094
24100 0.000659319
24200 0.000239214
24300 0.000777174
24400 0.000299512
24500 0.000519131
24600 0.000969047
24700 0.00110007
24800 0.000901977
24900 0.000218642
25000 0.000537283
25100 0.000508475
25200 0.0015934
25300 0.00138222
25400 0.000250181
25500 0.000411769
25600 0.000146617
25700 0.000107247
25800 3.60634e-05
25900 0.000106962
26000 0.000992756
26100 0.000670438
26200 0.000233245
26300 0.000849571
26400 0.00065916
26500 0.00156963
26600 0.00274343
26700 0.00195456
26800 0.00474661
26900 0.000320284
