0 9.54325
100 3.22982
200 1.81372
300 1.43914
400 1.20218
500 1.19096
600 1.13007
700 1.27838
800 1.16488
900 1.25876
1000 1.05332
1100 1.12276
1200 1.16071
1300 1.01745
1400 1.08144
1500 1.06507
1600 1.11216
1700 1.03788
1800 1.00977
1900 1.06146
2000 1.07965
2100 1.03757
2200 1.01479
2300 1.09827
2400 1.07606
2500 1.04418
2600 1.07564
2700 1.1226
2800 1.0108
2900 1.0321
3000 1.0718
3100 1.10727
3200 1.06788
3300 1.14805
3400 1.00554
3500 1.03829
3600 1.05704
3700 1.04738
3800 1.13971
3900 1.05145
4000 1.02795
4100 1.08404
4200 1.05654
4300 1.0558
4400 1.05116
4500 1.00297
4600 1.02304
4700 1.01997
4800 1.0426
4900 1.10251
5000 1.0119
5100 1.05043
5200 1.01109
5300 1.01611
5400 1.01109
5500 1.12037
5600 1.02798
5700 1.06695
5800 1.00331
5900 1.00089
6000 1.00413
6100 1.03277
6200 1.06074
6300 1.00624
6400 1.04633
6500 1.05756
6600 1.01913
6700 1.02514
6800 1.13507
6900 1.0035
7000 1.01371
7100 1.01954
7200 1.03069
7300 1.00878
7400 1.00107
7500 1.00448
7600 1.00617
7700 1.0143
7800 1.01762
7900 1.00901
8000 1.00014
8100 1.01356
8200 1.02991
8300 1.00446
8400 1.02315
8500 1.04621
8600 1.01941
8700 1.01788
8800 1.04146
8900 1.04327
9000 1.0187
9100 1.04765
9200 1.01312
9300 1.00864
9400 1.00376
9500 1.06826
9600 1.02494
9700 1.02807
9800 1.01012
9900 1.06725
10000 1.00759
10100 1.05853
10200 1.01648
10300 1.00704
10400 1.00304
10500 1.01399
10600 1.04453
10700 1.03092
10800 1.03072
10900 1.01192
11000 1.03265
11100 1.02194
11200 1.01273
11300 1.01769
11400 1.00227
11500 1.02638
11600 1.02166
11700 1.00937
11800 1.0069
11900 1.01017
12000 1.00474
12100 1.08208
12200 1.01704
12300 1.06482
12400 1.00195
12500 1.00936
12600 1.01732
12700 1.00399
12800 1.00146
12900 1.00254
13000 1.03511
13100 1.00845
13200 1.00451
13300 1.00317
13400 1.0182
13500 1.00396
13600 1.00244
13700 1.03783
13800 1.01532
13900 1.00013
14000 1.00775
14100 1.01345
14200 1.05759
14300 1.00431
14400 1.00732
14500 1.00123
14600 1.01121
14700 1.01964
14800 1.00979
14900 1.00743
15000 1.03141
15100 1.0127
15200 1.00688
15300 1.00348
15400 1.01297
15500 1.00099
15600 1.00737
15700 1.00212
15800 1.00472
15900 1.01116
16000 1.00518
16100 1.00173
16200 1.00644
16300 1.00152
16400 1.00666
16500 1.01836
16600 1.01494
16700 1.02521
16800 1.01624
16900 1.00069
17000 1.00197
17100 1.01116
17200 1.0034
17300 1.00608
17400 1.00647
17500 1.00157
17600 1.00299
17700 1.01262
17800 1.00462
17900 1.00151
18000 1.00199
18100 1.0121
18200 1.00559
18300 1.00461
18400 1.00406
18500 1.00608
18600 1.00475
18700 1.00456
18800 1.01768
18900 1.02224
19000 1.0171
19100 1.00475
19200 1.04088
19300 1.0482
19400 1.00532
19500 1.02897
19600 1.01277
19700 1.00375
19800 1.01526
19900 1.00764
20000 1.00535
20100 1.01306
20200 1.00249
20300 1.00429
20400 1.0058
20500 1.00546
20600 1.01678
20700 1.00162
20800 1.00464
20900 1.00034
21000 1.00317
21100 1.0054
21200 1.01555
21300 1.00175
21400 1.03144
21500 1.01055
21600 1.01649
21700 1.00027
21800 1.00351
21900 1.01269
22000 1.00243
22100 1.00397
22200 1.00453
22300 1.00173
22400 1.01953
22500 1.01809
22600 1.00207
22700 1.01656
22800 1.00079
22900 1.01211
23000 1.00777
23100 1.00309
23200 1.01143
23300 1.00538
23400 1.00547
23500 1.00343
23600 1.00308
23700 1.00187
23800 1.00406
23900 1.00212
24000 1.00176
24100 1.00474
24200 1.00188
24300 1.00517
24400 1.00231
24500 1.00349
24600 1.00527
24700 1.00733
24800 1.00569
24900 1.00173
25000 1.0036
25100 1.00332
25200 1.01009
25300 1.0089
25400 1.00188
25500 1.00265
25600 1.00112
25700 1.0009
25800 1.00036
25900 1.00095
26000 1.00546
26100 1.00424
26200 1.0017
26300 1.00601
26400 1.00473
26500 1.00892
26600 1.01514
26700 1.00894
26800 1.02365
26900 1.00225
