0 3.3852289
100 0.2626952
200 1.0973921
300 0.07709632
400 0.112832375
500 0.41916102
600 0.065811545
700 0.1794786
800 0.08994291
900 0.58407843
1000 0.24782038
1100 0.015145762
1200 0.1315356
1300 0.03279265
1400 0.98162615
1500 0.22614662
1600 0.14908239
1700 0.0461954
1800 0.11166969
1900 0.06693514
2000 0.10092601
2100 0.040396955
2200 0.03261392
2300 0.05253109
2400 0.21721649
2500 0.059392396
2600 0.13163972
2700 0.11163772
2800 0.066911004
2900 0.009130097
3000 0.04462104
3100 0.021731887
3200 0.102927305
3300 0.0065222625
3400 0.00859989
3500 0.009011389
3600 0.059965286
3700 0.02734018
3800 0.032194898
3900 0.08520144
4000 0.08029506
4100 0.017037017
4200 0.18676434
4300 0.029447328
4400 0.048114378
4500 0.041318934
4600 0.042866
4700 0.3650214
4800 0.103087895
4900 0.0043494143
5000 0.0057428414
5100 0.07709742
5200 0.006441157
5300 0.22397058
5400 0.0013288654
5500 0.014331516
5600 0.059564523
5700 0.102196015
5800 0.015826877
5900 0.0044879224
6000 0.0018832327
6100 0.009891175
6200 0.032545727
6300 0.02351206
6400 0.31901765
6500 0.06795375
6600 0.036568858
6700 0.017778033
6800 0.05679626
6900 0.034406807
7000 0.00044920034
7100 0.001884407
7200 0.5001135
7300 0.18325612
7400 0.008475385
7500 0.045720845
7600 0.006843023
7700 0.08262534
7800 0.0027060749
7900 0.0058141826
8000 0.0010020565
8100 0.18847221
8200 0.004469155
8300 0.043827802
8400 0.010654336
8500 0.00017919448
8600 3.3774588e-05
8700 0.2956392
8800 0.0024516361
8900 0.15705115
9000 0.00047267778
9100 0.02377258
9200 0.003839307
9300 0.025312245
9400 0.002240646
9500 0.0025095216
9600 0.09303069
9700 0.0040734205
9800 0.07819406
9900 0.00067513523
10000 1.3279595e-05
10100 3.7006783e-05
10200 0.01330735
10300 0.00034953974
10400 0.017656008
10500 0.0022905115
10600 0.0041094185
10700 0.0027999373
10800 0.00026578456
10900 1.14792965e-05
11000 0.013328483
11100 0.00024594268
11200 0.005769347
11300 0.0004019137
11400 0.0004712964
11500 0.0011004208
11600 0.00012387866
11700 0.018291116
11800 0.02046889
11900 0.00034499116
12000 0.0002525574
12100 0.00025931105
12200 0.0010928429
12300 0.000685272
12400 0.0004986468
12500 7.045288e-05
12600 0.0037912158
12700 0.0027108367
12800 0.00087520585
12900 0.00018872459
13000 0.00085820863
13100 0.0031944509
13200 0.0002869626
13300 0.00041003493
13400 0.0029598826
13500 0.00027189014
13600 4.886411e-05
13700 0.0004621424
13800 0.00019568323
13900 0.00045846717
14000 0.0025263678
14100 0.0030042334
14200 0.0005722007
14300 0.000621164
14400 0.0015353081
14500 0.0045305365
14600 0.00025469938
14700 0.0003805361
14800 0.0023127303
14900 0.00014167745
15000 0.0010236799
15100 0.00019505894
15200 0.011131147
15300 7.197269e-05
15400 0.00028631472
15500 7.857837e-05
15600 0.0037554414
15700 2.307002e-05
15800 0.0038326501
15900 0.0016965076
16000 0.00038405566
16100 0.0015879227
16200 0.014847136
16300 0.0010180813
16400 0.000199782
16500 0.00047969096
16600 0.00086621044
16700 0.00021531248
16800 0.00080024626
16900 1.0893844e-05
17000 0.002903635
17100 0.00010576236
17200 0.00027386413
17300 0.00012649888
17400 0.00010365864
17500 0.00025442595
17600 0.00059321686
17700 0.0013036034
17800 5.2097574e-05
17900 0.0023253278
18000 0.0010047031
18100 0.0025519123
