0 2.3464618
100 0.18208644
200 0.7606542
300 0.053439096
400 0.078209445
500 0.29054028
600 0.045617085
700 0.124405086
800 0.062343676
900 0.40485233
1000 0.171776
1100 0.010498242
1200 0.09117353
1300 0.022730133
1400 0.6804114
1500 0.1567529
1600 0.10333604
1700 0.03202021
1800 0.07740353
1900 0.0463959
2000 0.06995658
2100 0.028001036
2200 0.022606246
2300 0.036411777
2400 0.150563
2500 0.041167673
2600 0.0912457
2700 0.07738137
2800 0.046379175
2900 0.006328501
3000 0.030928947
3100 0.015063397
3200 0.07134377
3300 0.004520888
3400 0.0059609897
3500 0.0062462185
3600 0.04156477
3700 0.018950768
3800 0.022315802
3900 0.05905714
4000 0.0556563
4100 0.011809161
4200 0.12945518
4300 0.020411333
4400 0.033350345
4500 0.028640103
4600 0.029712446
4700 0.25301355
4800 0.071455084
4900 0.0030147843
5000 0.0039806343
5100 0.053439863
5200 0.0044646696
5300 0.15524457
5400 0.00092109933
5500 0.00993385
5600 0.041286983
5700 0.07083688
5800 0.010970355
5900 0.0031107909
6000 0.0013053574
6100 0.00685604
6200 0.02255898
6300 0.016297318
6400 0.22112618
6500 0.04710195
6600 0.025347602
6700 0.012322794
6800 0.039368168
6900 0.02384898
7000 0.00031136195
7100 0.0013061714
7200 0.34665227
7300 0.12702346
7400 0.005874689
7500 0.031691276
7600 0.004743222
7700 0.05727152
7800 0.0018757081
7900 0.0040300842
8000 0.00069457263
8100 0.13063899
8200 0.0030977821
8300 0.030379118
8400 0.007385023
8500 0.00012420815
8600 2.3410761e-05
8700 0.20492147
8800 0.0016993446
8900 0.10885956
9000 0.00032763527
9100 0.016477898
9200 0.002661205
9300 0.017545111
9400 0.0015530974
9500 0.0017394677
9600 0.06448396
9700 0.00282348
9800 0.054199994
9900 0.0004679681
10000 9.204714e-06
10100 2.5651148e-05
10200 0.009223952
10300 0.00024228248
10400 0.012238212
10500 0.0015876616
10600 0.0028484317
10700 0.0019407687
10800 0.00018422781
10900 7.956842e-06
11000 0.009238601
11100 0.00017047448
11200 0.0039990065
11300 0.00027858536
11400 0.00032667778
11500 0.0007627536
11600 8.586615e-05
11700 0.012678435
11800 0.014187953
11900 0.00023912966
12000 0.00017505944
12100 0.00017974073
12200 0.000757501
12300 0.00047499436
12400 0.00034563564
12500 4.8834216e-05
12600 0.0026278705
12700 0.0018790088
12800 0.00060664647
12900 0.00013081392
13000 0.0005948649
13100 0.0022142245
13200 0.00019890732
13300 0.00028421456
13400 0.0020516342
13500 0.00018845988
13600 3.387002e-05
13700 0.0003203327
13800 0.00013563728
13900 0.00031778522
14000 0.0017511448
14100 0.0020823758
14200 0.0003966193
14300 0.00043055805
14400 0.0010641945
14500 0.0031403285
14600 0.00017654416
14700 0.00026376752
14800 0.0016030625
14900 9.820332e-05
15000 0.0007095608
15100 0.00013520455
15200 0.0077155232
15300 4.9887665e-05
15400 0.00019845823
15500 5.4466378e-05
15600 0.0026030736
15700 1.599092e-05
15800 0.0026565907
15900 0.0011759294
16000 0.0002662071
16100 0.0011006641
16200 0.01029125
16300 0.0007056802
16400 0.00013847834
16500 0.00033249645
16600 0.0006004113
16700 0.00014924323
16800 0.00055468845
16900 7.551037e-06
17000 0.0020126463
17100 7.330888e-05
17200 0.00018982816
17300 8.768235e-05
17400 7.185069e-05
17500 0.00017635463
17600 0.0004111866
17700 0.000903589
17800 3.6111287e-05
17900 0.0016117945
18000 0.0006964071
18100 0.0017688508
