0 9.672526
100 1.4433236
200 1.5033247
300 1.2251766
400 1.3060174
500 1.3353848
600 1.15661
700 1.2737854
800 1.1797459
900 1.4446833
1000 1.3790188
1100 1.0580018
1200 1.1671209
1300 1.0866826
1400 1.2354276
1500 1.2393569
1600 1.1040341
1700 1.136056
1800 1.1310943
1900 1.0604999
2000 1.1954738
2100 1.1156944
2200 1.0796005
2300 1.1078482
2400 1.1576138
2500 1.0830803
2600 1.0704079
2700 1.1913708
2800 1.1517481
2900 1.0340283
3000 1.0885484
3100 1.0720861
3200 1.1646647
3300 1.0213318
3400 1.0300984
3500 1.0341551
3600 1.086263
3700 1.063626
3800 1.0978065
3900 1.0675702
4000 1.155402
4100 1.0585449
4200 1.040434
4300 1.0531983
4400 1.0356557
4500 1.073799
4600 1.0713345
4700 1.1404457
4800 1.1264147
4900 1.0163455
5000 1.0198159
5100 1.0360826
5200 1.016099
5300 1.0975263
5400 1.0063139
5500 1.0352812
5600 1.0537902
5700 1.0876427
5800 1.033217
5900 1.0138357
6000 1.0065382
6100 1.0281886
6200 1.0500526
6300 1.0324253
6400 1.0457826
6500 1.0401967
6600 1.0803553
6700 1.0386624
6800 1.0893899
6900 1.0620937
7000 1.0023448
7100 1.0070187
7200 1.0635971
7300 1.0412169
7400 1.027449
7500 1.0512075
7600 1.0217717
7700 1.0449818
7800 1.011703
7900 1.0205866
8000 1.0049493
8100 1.0335042
8200 1.0186892
8300 1.0752683
8400 1.0261878
8500 1.0011077
8600 1.0002409
8700 1.0052824
8800 1.0096977
8900 1.0709957
9000 1.0024297
9100 1.0376451
9200 1.0126796
9300 1.0384359
9400 1.0091326
9500 1.0083482
9600 1.0181539
9700 1.0126293
9800 1.029697
9900 1.0036384
10000 1.0001006
10100 1.0002365
10200 1.039181
10300 1.0015712
10400 1.043319
10500 1.0082743
10600 1.0142508
10700 1.0111117
10800 1.0013022
10900 1.0000873
11000 1.0392667
11100 1.0012491
11200 1.0183157
11300 1.0020883
11400 1.0023097
11500 1.0048702
11600 1.00067
11700 1.0292814
11800 1.0563259
11900 1.0017031
12000 1.0012999
12100 1.0012885
12200 1.0048983
12300 1.0032128
12400 1.0025201
12500 1.0004286
12600 1.0118946
12700 1.0098329
12800 1.0037744
12900 1.0008875
13000 1.0042404
13100 1.0121251
13200 1.0015688
13300 1.0019133
13400 1.0107125
13500 1.0013397
13600 1.0003078
13700 1.0019486
13800 1.0011027
13900 1.0024409
14000 1.0092871
14100 1.0095329
14200 1.0028644
14300 1.0030656
14400 1.0063417
14500 1.0159554
14600 1.001406
14700 1.0017874
14800 1.0083399
14900 1.000891
15000 1.0043527
15100 1.00099
15200 1.0220234
15300 1.0004706
15400 1.0015445
15500 1.0004463
15600 1.0139637
15700 1.0001609
15800 1.0144846
15900 1.0064328
16000 1.0018666
16100 1.0064645
16200 1.0265324
16300 1.0041249
16400 1.0009723
16500 1.0023458
16600 1.003336
16700 1.0011673
16800 1.0036349
16900 1.0000901
17000 1.0094812
17100 1.000648
17200 1.0013909
17300 1.0007281
17400 1.000613
17500 1.0014143
17600 1.0025743
17700 1.004397
17800 1.0003159
17900 1.0077558
18000 1.0042094
18100 1.0093665
