0 7.079783
100 0.89310426
200 0.24060339
300 0.114316516
400 0.20305659
500 0.12533507
600 0.053403117
700 0.5913657
800 0.12818146
900 0.09367837
1000 0.27878323
1100 1.1010392
1200 0.18657584
1300 0.35365245
1400 0.13006629
1500 0.29470056
1600 0.03387793
1700 0.11164944
1800 0.2233872
1900 0.003144496
2000 0.028480846
2100 0.07192206
2200 0.1982483
2300 0.121837154
2400 0.026589
2500 0.048685245
2600 0.1670039
2700 0.031193389
2800 0.08214755
2900 0.055115383
3000 0.17251983
3100 0.03515169
3200 0.041861955
3300 0.024091491
3400 0.051322706
3500 0.014263235
3600 0.051340755
3700 0.039143562
3800 0.0020630339
3900 0.115731664
4000 0.11669792
4100 0.04850673
4200 0.0055497196
4300 0.012759526
4400 0.01623753
4500 0.019164532
4600 0.0636684
4700 0.31842393
4800 0.050094016
4900 0.06497077
5000 0.069318265
5100 0.019723622
5200 0.01902199
5300 0.05799722
5400 0.03883511
5500 0.063724965
5600 0.0132276965
5700 0.0040442618
5800 0.05876408
5900 0.05143272
6000 0.12694815
6100 0.06471986
6200 0.14603785
6300 0.013076691
6400 0.020448828
6500 0.0060566855
6600 0.006436967
6700 0.049759515
6800 0.006576466
6900 0.022703383
7000 0.008780776
7100 0.0018808108
7200 0.0070378035
7300 0.006896293
7400 0.0070014303
7500 0.028334279
7600 0.0053286916
7700 0.07451913
7800 0.0013461085
7900 0.0069219074
8000 0.023289068
8100 0.009243552
8200 0.0069655934
8300 0.0038712425
8400 0.007895757
8500 0.0015100896
8600 0.014090868
8700 0.0046934956
8800 0.015834594
8900 0.0060910033
9000 0.06978614
9100 0.03277473
9200 0.003069908
9300 0.046605445
9400 0.0046772882
9500 0.0094590355
9600 0.0011756473
9700 0.0035915156
9800 0.0034858922
9900 0.0036975418
10000 0.020749537
10100 0.008879897
10200 0.00067668664
10300 0.004894807
10400 0.0013699362
10500 0.00973641
10600 0.0033924754
10700 0.003562683
10800 0.007965871
10900 0.008959788
11000 0.0017866925
11100 0.0045730923
11200 0.0015477787
11300 0.0014592197
11400 0.0076861815
11500 0.012571316
11600 0.060269747
11700 0.006923143
11800 0.036296044
11900 0.0031638774
12000 0.003900525
12100 0.0050042
12200 0.014819858
12300 0.0011030779
12400 0.0022060839
12500 0.014688053
12600 0.00649209
12700 0.0058454336
12800 0.0038576715
12900 0.019329403
13000 0.008613388
13100 0.0014228021
13200 0.0004883259
13300 0.0021155253
13400 0.0030312452
13500 0.0019889956
13600 0.0043025967
13700 0.011418401
13800 0.0002092088
13900 0.0015635992
14000 0.0048240256
14100 0.004582765
