0 3.3215473
100 0.5505634
200 0.41514257
300 0.8414898
400 0.14383404
500 0.1946267
600 0.28504965
700 0.23812065
800 0.44703567
900 0.052810088
1000 0.07955834
1100 0.0915816
1200 0.14713337
1300 0.47583583
1400 0.24985446
1500 0.089880094
1600 0.033646625
1700 0.25764504
1800 0.20881194
1900 0.079959676
2000 0.032602683
2100 0.0025212297
2200 0.1116372
2300 0.28992093
2400 0.24850231
2500 0.34781733
2600 0.026530398
2700 0.1584463
2800 0.24975462
2900 0.15769227
3000 0.09393225
3100 0.19123177
3200 0.012989435
3300 0.05721356
3400 0.015980413
3500 0.066561475
3600 0.0027190936
3700 0.03427981
3800 0.15119877
3900 0.009324866
4000 0.054542556
4100 0.20082597
4200 0.38071305
4300 0.60711384
4400 0.26884875
4500 0.039400805
4600 0.018158088
4700 0.050548833
4800 0.13921103
4900 0.055484064
5000 0.13755633
5100 0.006324615
5200 0.028289925
5300 0.10011669
5400 0.0046038553
5500 0.06795593
5600 0.013315121
5700 0.0022292936
5800 0.005706396
5900 0.0780332
6000 0.0106099285
6100 0.009059653
6200 0.06762002
6300 0.022458566
6400 0.0080557065
6500 0.0046836315
6600 0.038804952
6700 0.06930176
6800 0.13965362
6900 0.0024827213
7000 0.015704758
7100 0.026654994
7200 0.10990574
7300 0.0011870277
7400 0.021405935
7500 0.11522093
7600 0.05710728
7700 0.04924656
7800 0.056870066
7900 0.0013577492
8000 0.0011252387
8100 0.021226695
8200 0.0035973345
8300 0.14716963
8400 0.003910087
8500 0.00034284536
8600 0.0024277933
8700 0.00038166833
8800 0.00358521
8900 0.011008183
9000 0.0009785794
9100 0.0003487209
9200 0.00054563605
9300 0.00059144
9400 0.0007934816
9500 0.016042225
9600 0.0011752865
9700 0.0008001855
9800 0.0017440364
9900 0.028355796
10000 0.009852604
10100 0.0017496594
10200 1.9159354e-05
10300 0.0017178067
10400 0.10463302
10500 0.12621987
10600 0.00067630643
10700 7.771732e-05
10800 0.004795809
10900 0.023071853
11000 0.0024963126
11100 0.009705466
11200 0.0045052995
11300 2.990487e-05
11400 0.005574533
11500 0.0014715975
11600 0.0018642251
11700 0.00017693538
11800 0.007404707
11900 0.003781197
12000 0.06333503
12100 0.005211798
12200 0.011006292
12300 0.00081842387
12400 7.23435e-05
12500 0.00023161987
12600 0.00038950786
12700 0.003160981
12800 0.0013748317
12900 0.0009097086
13000 0.009923003
13100 0.0015966655
13200 0.0002917566
13300 0.0035969366
13400 9.13387e-05
13500 0.0016844108
13600 0.0022070468
13700 0.006267904
13800 0.00012690586
13900 0.000579094
14000 4.3343254e-05
14100 0.00081698317
14200 4.1595165e-05
14300 0.0034129957
14400 0.0007509526
14500 0.0008932518
14600 0.00057218975
14700 8.66075e-05
14800 0.0015167667
14900 0.00021378724
15000 0.0005059123
15100 0.0018017947
15200 0.0038429694
15300 0.0015885809
15400 0.00080535363
15500 0.005889394
15600 0.0028852676
15700 0.0006722986
15800 0.6758893
15900 0.002401774
16000 0.0004495043
16100 0.0008274056
16200 0.0003831802
16300 0.0017929308
16400 0.00085310044
16500 0.0010687249
16600 0.0072735217
