0 2.3023212
100 0.38162148
200 0.2877549
300 0.5832763
400 0.09969816
500 0.13490495
600 0.19758135
700 0.16505265
800 0.3098615
900 0.036605164
1000 0.055145644
1100 0.06347953
1200 0.10198508
1300 0.32982427
1400 0.17318591
1500 0.062300134
1600 0.023322063
1700 0.17858593
1800 0.14473741
1900 0.055423822
2000 0.022598457
2100 0.0017475833
2200 0.07738101
2300 0.20095788
2400 0.17224868
2500 0.2410886
2600 0.01838947
2700 0.1098266
2800 0.17311671
2900 0.10930395
3000 0.06510887
3100 0.13255176
3200 0.009003591
3300 0.039657418
3400 0.011076778
3500 0.0461369
3600 0.001884732
3700 0.023760952
3800 0.104803
3900 0.006463505
4000 0.03780602
4100 0.13920195
4200 0.26389018
4300 0.42081925
4400 0.18635175
4500 0.027310558
4600 0.012586227
4700 0.035037782
4800 0.09649373
4900 0.038458623
5000 0.095346786
5100 0.004383889
5200 0.019609082
5300 0.0693956
5400 0.0031911493
5500 0.047103465
5600 0.009229339
5700 0.0015452285
5800 0.003955372
5900 0.054088492
6000 0.007354242
6100 0.006279673
6200 0.046870623
6300 0.015567092
6400 0.00558379
6500 0.003246446
6600 0.026897542
6700 0.04803632
6800 0.09680051
6900 0.0017208913
7000 0.010885709
7100 0.018475834
7200 0.07618085
7300 0.00082278484
7400 0.014837463
7500 0.07986506
7600 0.03958375
7700 0.034135114
7800 0.039419327
7900 0.00094112003
8000 0.00077995606
8100 0.014713223
8200 0.0024934823
8300 0.10201022
8400 0.0027102658
8500 0.0002376423
8600 0.001682818
8700 0.00026455233
8800 0.0024850783
8900 0.0076302905
9000 0.0006782995
9100 0.00024171491
9200 0.0003782061
9300 0.00040995498
9400 0.00054999953
9500 0.011119623
9600 0.0008146465
9700 0.0005546463
9800 0.0012088739
9900 0.01965474
10000 0.0068293046
10100 0.0012127715
10200 1.3280252e-05
10300 0.0011906929
10400 0.07252608
10500 0.08748894
10600 0.00046877988
10700 5.386954e-05
10800 0.0033242013
10900 0.01599219
11000 0.001730312
11100 0.006727317
11200 0.0031228357
11300 2.0728476e-05
11400 0.0038639717
11500 0.0010200336
11600 0.0012921824
11700 0.00012264226
11800 0.005132552
11900 0.002620926
12000 0.0439005
12100 0.0036125432
12200 0.0076289806
12300 0.0005672882
12400 5.0144696e-05
12500 0.00016054665
12600 0.00026998628
12700 0.002191025
12800 0.0009529607
12900 0.00063056196
13000 0.0068781013
13100 0.0011067241
13200 0.00020223027
13300 0.0024932064
13400 6.331116e-05
13500 0.0011675446
13600 0.0015298083
13700 0.0043445798
13800 8.7964436e-05
13900 0.00040139735
14000 3.0043255e-05
14100 0.0005662896
14200 2.8831571e-05
14300 0.0023657084
14400 0.00052052067
14500 0.00061915495
14600 0.00039661172
14700 6.0031743e-05
14800 0.0010513426
14900 0.00014818602
15000 0.00035067167
15100 0.0012489089
15200 0.0026637434
15300 0.0011011204
15400 0.0005582286
15500 0.004082217
15600 0.001999915
15700 0.00046600186
15800 0.46849078
15900 0.001664783
16000 0.00031157263
16100 0.00057351385
16200 0.00026560028
16300 0.0012427649
16400 0.0005913242
16500 0.00074078364
16600 0.005041621
