0 9.999994
100 1.6668446
200 1.5193286
300 1.514514
400 1.23966
500 1.3312235
600 1.1995032
700 1.2519245
800 1.3571161
900 1.1479106
1000 1.2004583
1100 1.1428099
1200 1.2696025
1300 1.1996254
1400 1.2005609
1500 1.1758583
1600 1.0755764
1700 1.1746455
1800 1.0534735
1900 1.211268
2000 1.0907699
2100 1.0098151
2200 1.1190555
2300 1.1036813
2400 1.2528107
2500 1.0914748
2600 1.0842311
2700 1.157752
2800 1.0286605
2900 1.0212916
3000 1.12163
3100 1.1039649
3200 1.0421245
3300 1.0565379
3400 1.049704
3500 1.065036
3600 1.011161
3700 1.03853
3800 1.0600488
3900 1.0331566
4000 1.0936217
4100 1.0272646
4200 1.07449
4300 1.0829489
4400 1.1008651
4500 1.0357678
4600 1.0663142
4700 1.1251256
4800 1.0962281
4900 1.0405793
5000 1.091532
5100 1.0226042
5200 1.0550554
5300 1.1288238
5400 1.0147513
5500 1.1243277
5600 1.0344555
5700 1.0094051
5800 1.0188426
5900 1.0929005
6000 1.0363103
6100 1.0198613
6200 1.0401281
6300 1.0434192
6400 1.0257642
6500 1.0141186
6600 1.0361749
6700 1.0392302
6800 1.012711
6900 1.0100133
7000 1.0348828
7100 1.0554078
7200 1.0239625
7300 1.0054085
7400 1.0360558
7500 1.0170171
7600 1.030916
7700 1.0986378
7800 1.0504249
7900 1.0055493
8000 1.0054544
8100 1.032029
8200 1.0149206
8300 1.0539528
8400 1.0119232
8500 1.0017018
8600 1.0089738
8700 1.002037
8800 1.0124053
8900 1.0312868
9000 1.0050614
9100 1.0018721
9200 1.0028255
9300 1.0028214
9400 1.0036439
9500 1.0364339
9600 1.0053971
9700 1.0041342
9800 1.0074754
9900 1.0696872
10000 1.0333195
10100 1.0072776
10200 1.000152
10300 1.0069549
10400 1.0315204
10500 1.0128021
10600 1.003397
10700 1.0004623
10800 1.0179114
10900 1.032724
11000 1.0089703
11100 1.0305934
11200 1.0127698
11300 1.000212
11400 1.0173486
11500 1.005691
11600 1.0065094
11700 1.0010946
11800 1.0246918
11900 1.0115364
12000 1.0376394
12100 1.0163527
12200 1.0317416
12300 1.0037128
12400 1.0004418
12500 1.0012157
12600 1.0020821
12700 1.0098248
12800 1.0065218
12900 1.0040486
13000 1.0313098
13100 1.0063992
13200 1.001594
13300 1.0134718
13400 1.0005782
13500 1.0060418
13600 1.0088196
13700 1.0168302
13800 1.0008243
13900 1.0026438
14000 1.0002791
14100 1.0039926
14200 1.000304
14300 1.0103079
14400 1.0036125
14500 1.0040402
14600 1.0027618
14700 1.000538
14800 1.0056646
14900 1.0011607
15000 1.002389
15100 1.0077666
15200 1.0128475
15300 1.0066645
15400 1.0032628
15500 1.0200664
15600 1.0106493
15700 1.0033114
15800 1.0090073
15900 1.008013
16000 1.0022972
16100 1.0034361
16200 1.0021234
16300 1.007765
16400 1.0041649
16500 1.0046754
16600 1.024349
