0 3.3814623
100 2.675663
200 2.2207558
300 2.358608
400 2.5085087
500 2.0602615
600 2.491811
700 2.368156
800 2.0270255
900 2.30912
1000 2.372678
1100 1.8613077
1200 1.6912148
1300 1.8640656
1400 2.238325
1500 2.8311565
1600 2.126584
1700 1.4486035
1800 1.9249815
1900 2.3264189
2000 2.217348
2100 1.679191
2200 1.6631625
2300 1.3949928
2400 1.7758174
2500 1.8268468
2600 1.5528743
2700 2.0138743
2800 1.9348245
2900 1.7919192
3000 2.2961047
3100 1.4679321
3200 1.9783336
3300 1.9221113
3400 1.9583886
3500 1.7120271
3600 1.3135753
3700 1.8762019
3800 1.3839219
3900 2.0431495
4000 1.5376073
4100 1.7929279
4200 2.065397
4300 2.3670554
4400 1.421877
4500 2.3257606
4600 1.5283791
4700 1.6734841
4800 1.8934357
4900 1.8627143
5000 1.5369993
5100 2.3491776
5200 1.8429909
5300 1.5528969
5400 1.502534
5500 1.3020769
5600 1.6410139
5700 1.8584187
5800 1.8443145
5900 1.6418965
6000 2.6698966
6100 1.4752077
6200 1.5619148
6300 1.3380022
6400 1.5096713
6500 2.1644108
6600 1.8512226
6700 1.7594268
6800 1.3914798
6900 1.7070799
7000 1.4244806
7100 1.6274745
7200 1.4274316
7300 1.5430584
7400 1.3501375
7500 1.7077683
7600 1.3127952
7700 1.6003101
7800 1.5375981
7900 1.6475986
8000 1.4775877
8100 1.2341529
8200 1.4804524
8300 1.2766892
8400 1.2807935
8500 1.2366761
8600 1.7901908
8700 2.0831537
8800 1.6512791
8900 1.5135281
9000 1.2360462
9100 1.6238725
9200 2.0095801
9300 1.2584286
9400 1.5232157
9500 1.4029653
9600 1.229436
9700 1.2538531
9800 1.6397527
9900 1.8331249
10000 1.3491393
10100 1.581008
10200 1.141773
10300 1.5421801
10400 1.3918779
10500 1.2405112
10600 1.3394796
10700 2.0336435
10800 1.8118534
10900 1.22531
11000 1.4636009
11100 1.7351422
11200 1.1179515
11300 1.3689626
11400 1.292493
11500 1.8775859
11600 1.2242717
11700 1.4176431
11800 1.1472508
11900 1.1719865
12000 1.0905229
12100 0.9945301
12200 1.3596944
12300 1.0358754
12400 1.1190757
12500 1.4666935
12600 1.127117
12700 1.4550039
12800 1.8110344
12900 1.6766846
13000 1.2801495
13100 1.5324486
13200 2.0243974
13300 1.4369872
13400 1.2937101
13500 1.168332
13600 1.0818697
13700 1.4821461
13800 1.1792688
13900 1.2186291
14000 1.3498063
14100 1.5885866
14200 1.335276
14300 0.87182707
14400 1.0002822
14500 1.5015765
14600 1.3191142
14700 1.1603472
14800 1.2837721
14900 1.7322296
15000 1.1591579
15100 1.7516407
15200 1.4186369
15300 1.0084193
15400 1.8250773
15500 1.0804664
15600 1.2487476
15700 1.6300217
