0 0.031250004
100 0.36562502
200 0.41562504
300 0.45625
400 0.45000002
500 0.52812505
600 0.50625
700 0.4625
800 0.45312497
900 0.50937504
1000 0.47500002
1100 0.4625
1200 0.515625
1300 0.48749998
1400 0.51875
1500 0.53125
1600 0.49687502
1700 0.43750003
1800 0.515625
1900 0.528125
2000 0.528125
2100 0.54062504
2200 0.5125
2300 0.559375
2400 0.525
2500 0.47812504
2600 0.5375
2700 0.528125
2800 0.53125
2900 0.53125
3000 0.503125
3100 0.478125
3200 0.47812504
3300 0.61562496
3400 0.515625
3500 0.49687502
3600 0.540625
3700 0.5375
3800 0.5125
3900 0.503125
4000 0.54375
4100 0.54375
4200 0.546875
4300 0.571875
4400 0.58125
4500 0.53125
4600 0.56562495
4700 0.571875
4800 0.6375
4900 0.571875
5000 0.653125
5100 0.534375
5200 0.50937504
5300 0.534375
5400 0.55625004
5500 0.61875004
5600 0.534375
5700 0.53125
5800 0.50937504
5900 0.49999997
6000 0.509375
6100 0.50624996
6200 0.55
6300 0.546875
6400 0.53125
6500 0.565625
6600 0.578125
6700 0.525
6800 0.51250005
6900 0.5875
7000 0.52500004
7100 0.50625
7200 0.55312496
7300 0.546875
7400 0.534375
7500 0.5343751
7600 0.503125
7700 0.6
7800 0.590625
7900 0.55625
8000 0.625
8100 0.578125
8200 0.55625004
8300 0.58437496
8400 0.5875
8500 0.53437495
8600 0.58124995
8700 0.57500005
8800 0.5
8900 0.51875
9000 0.596875
9100 0.54375
9200 0.56562495
9300 0.53437495
9400 0.52500004
9500 0.55625
9600 0.60625
9700 0.5968751
9800 0.56562495
9900 0.5375
10000 0.52500004
10100 0.55625004
10200 0.6125
10300 0.58437496
10400 0.521875
10500 0.53437495
10600 0.56875
10700 0.534375
10800 0.625
10900 0.58437496
11000 0.565625
11100 0.58125
11200 0.5125
11300 0.5125
11400 0.534375
11500 0.521875
11600 0.55937505
11700 0.54375
11800 0.54375
11900 0.55625
12000 0.55625004
12100 0.53125
12200 0.57187504
12300 0.58125
12400 0.521875
12500 0.478125
12600 0.553125
12700 0.57812506
12800 0.534375
12900 0.54375
13000 0.50624996
13100 0.54375
13200 0.58124995
13300 0.51875
13400 0.546875
13500 0.52812505
13600 0.55312496
13700 0.5375
13800 0.50624996
13900 0.5343751
14000 0.553125
14100 0.5375
14200 0.515625
14300 0.60625
14400 0.54375
14500 0.51875
14600 0.55
14700 0.553125
14800 0.58124995
14900 0.5749999
15000 0.540625
15100 0.546875
15200 0.596875
15300 0.59375
15400 0.534375
15500 0.525
15600 0.584375
15700 0.55
15800 0.49062502
15900 0.52500004
16000 0.575
16100 0.565625
16200 0.575
16300 0.43125
16400 0.55
16500 0.553125
16600 0.584375
16700 0.54062504
16800 0.553125
16900 0.50312495
17000 0.54375
17100 0.590625
17200 0.546875
17300 0.54375
17400 0.565625
17500 0.565625
17600 0.615625
17700 0.584375
17800 0.53749996
17900 0.52812505
18000 0.584375
18100 0.52187496
18200 0.575
18300 0.525
18400 0.53437495
18500 0.621875
18600 0.53125
18700 0.528125
18800 0.578125
18900 0.61875
19000 0.58125
19100 0.540625
19200 0.59375006
19300 0.57187504
19400 0.50625
19500 0.5625
19600 0.565625
19700 0.5625
19800 0.61875004
19900 0.6156251
20000 0.52500004
20100 0.578125
20200 0.5
20300 0.59375006
20400 0.60312504
20500 0.559375
20600 0.515625
20700 0.60312504
20800 0.534375
20900 0.521875
21000 0.615625
21100 0.57187504
21200 0.546875
21300 0.54375005
21400 0.565625
21500 0.6
21600 0.48125005
21700 0.64375
21800 0.565625
21900 0.584375
22000 0.56250006
22100 0.57500005
22200 0.575
22300 0.55625
22400 0.5125
22500 0.54375
22600 0.58437496
22700 0.5375
22800 0.59375
22900 0.51875
23000 0.49062502
23100 0.584375
23200 0.55625
23300 0.55
23400 0.628125
23500 0.60625
23600 0.521875
23700 0.559375
23800 0.59375006
23900 0.575
24000 0.5375
24100 0.578125
24200 0.5875
24300 0.57500005
24400 0.484375
24500 0.63125
24600 0.575
24700 0.56562495
24800 0.56250006
24900 0.5375
25000 0.58125
25100 0.53125
25200 0.56875
25300 0.60625005
25400 0.60625005
25500 0.559375
25600 0.590625
25700 0.52500004
25800 0.546875
25900 0.53125006
26000 0.521875
26100 0.56250006
26200 0.5625
26300 0.55625004
26400 0.559375
26500 0.56562495
26600 0.54375
26700 0.553125
26800 0.58750004
26900 0.57187504
27000 0.546875
27100 0.60312504
27200 0.5625
27300 0.625
27400 0.56250006
27500 0.584375
27600 0.534375
27700 0.55
27800 0.5906249
27900 0.55312496
28000 0.59375
28100 0.54062504
28200 0.4875
28300 0.56562495
28400 0.478125
28500 0.553125
28600 0.52187496
28700 0.5625
28800 0.546875
28900 0.45312503
29000 0.55937505
29100 0.546875
29200 0.59062505
29300 0.5375
29400 0.59375
29500 0.559375
29600 0.52500004
29700 0.621875
29800 0.59062505
29900 0.565625
30000 0.5343751
30100 0.60312504
30200 0.540625
30300 0.56874996
30400 0.503125
30500 0.503125
30600 0.515625
30700 0.521875
30800 0.4875
30900 0.521875
31000 0.51875
31100 0.584375
31200 0.553125
31300 0.51250005
31400 0.578125
31500 0.55937505
31600 0.553125
31700 0.584375
31800 0.5625
31900 0.521875
32000 0.540625
32100 0.53125
32200 0.528125
32300 0.590625
32400 0.578125
32500 0.61875
32600 0.56249994
32700 0.503125
32800 0.521875
32900 0.546875
33000 0.578125
33100 0.50937504
33200 0.6
33300 0.55625
33400 0.5656251
33500 0.53125
33600 0.546875
33700 0.54062504
33800 0.565625
33900 0.59375
34000 0.55625
34100 0.58125
34200 0.578125
34300 0.553125
34400 0.5625
34500 0.584375
34600 0.5625
34700 0.546875
34800 0.540625
34900 0.56874996
35000 0.55312496
35100 0.615625
35200 0.56874996
35300 0.56875
35400 0.559375
35500 0.59687495
35600 0.58437496
35700 0.54375005
35800 0.546875
35900 0.53125
36000 0.54687506
36100 0.58124995
36200 0.546875
36300 0.575
36400 0.53125006
36500 0.61875
36600 0.503125
36700 0.59062505
36800 0.60312504
36900 0.60625
37000 0.59375006
37100 0.55
37200 0.62187505
37300 0.57187504
37400 0.58437496
37500 0.590625
37600 0.6
37700 0.54375
37800 0.590625
37900 0.584375
38000 0.55
38100 0.515625
38200 0.57500005
38300 0.553125
38400 0.575
38500 0.53125
38600 0.525
38700 0.55312496
38800 0.54062504
38900 0.52187496
39000 0.54375005
39100 0.6125001
39200 0.553125
39300 0.50000006
39400 0.546875
39500 0.559375
39600 0.54375
39700 0.5968751
39800 0.5625
39900 0.546875
40000 0.56250006
40100 0.5125
40200 0.55312496
40300 0.55625
40400 0.55625004
40500 0.575
40600 0.553125
40700 0.5875
40800 0.49375
40900 0.55
41000 0.525
41100 0.58125
41200 0.5937501
41300 0.534375
41400 0.6125
41500 0.52812505
41600 0.540625
41700 0.51875
