0 4.759111
100 3.202248
200 2.8690805
300 2.4658086
400 2.5758567
500 2.3313458
600 2.2772355
700 2.4988647
800 2.4824035
900 2.4972568
1000 2.3672361
1100 2.5900643
1200 2.3807025
1300 2.4351308
1400 2.3163638
1500 2.2484164
1600 2.333134
1700 2.5711365
1800 2.2334027
1900 2.192616
2000 2.1566503
2100 2.2583978
2200 2.3642561
2300 2.042277
2400 2.1438515
2500 2.4480808
2600 2.1891122
2700 2.1518617
2800 2.2209074
2900 2.1678333
3000 2.3103466
3100 2.4198952
3200 2.3175194
3300 1.8172228
3400 2.228158
3500 2.3165264
3600 2.3009434
3700 2.189494
3800 2.367626
3900 2.455691
4000 2.1443744
4100 2.248213
4200 2.0207448
4300 1.8530003
4400 2.0557687
4500 2.215304
4600 1.9003689
4700 1.9996048
4800 1.7866164
4900 1.9592676
5000 1.7591182
5100 2.2057655
5200 2.4293098
5300 2.3527033
5400 2.045178
5500 1.8477823
5600 2.2193308
5700 2.0604348
5800 2.1692
5900 2.2478256
6000 2.322804
6100 2.2891192
6200 2.1635258
6300 2.239626
6400 2.2003016
6500 2.1236596
6600 1.8106546
6700 2.1103845
6800 2.3013911
6900 1.9838991
7000 2.2817185
7100 2.1077092
7200 2.0266638
7300 2.2191832
7400 2.3079977
7500 2.178086
7600 2.4273894
7700 1.888771
7800 1.9402121
7900 2.0921493
8000 1.9963462
8100 1.964252
8200 2.0697286
8300 2.1481712
8400 1.9325849
8500 2.3016398
8600 1.9916382
8700 2.0407646
8800 2.4041438
8900 2.1719673
9000 2.0592706
9100 2.1518893
9200 2.1564195
9300 2.1742058
9400 2.3710334
9500 2.0645335
9600 1.9643487
9700 1.8778971
9800 1.9984044
9900 2.1809313
10000 2.183463
10100 2.1007388
10200 1.8540579
10300 1.861907
10400 2.1193657
10500 2.385289
10600 2.1564674
10700 2.1696832
10800 1.7915957
10900 2.0453613
11000 2.0386863
11100 2.0820162
11200 2.101467
11300 2.348594
11400 2.243286
11500 2.2908475
11600 2.0970306
11700 2.2365923
11800 2.2553155
11900 2.0878067
12000 2.037347
12100 2.124793
12200 2.0188513
12300 1.9870394
12400 2.2342465
12500 2.3215115
12600 2.1256144
12700 1.9038259
12800 2.1872065
12900 2.3054905
13000 2.3852413
13100 2.2076292
13200 1.9140954
13300 2.314978
13400 2.1635568
13500 2.1357512
13600 2.126389
13700 2.20357
13800 2.1727948
13900 2.1704917
14000 2.0122907
14100 2.0881653
14200 2.266525
14300 1.99939
14400 2.153542
14500 2.389459
14600 2.1888583
14700 2.016245
14800 2.0401926
14900 2.1379008
15000 2.118729
15100 2.11281
15200 1.7727009
15300 1.9765314
15400 2.197344
15500 2.344445
15600 2.0546541
15700 2.1310422
15800 2.5344539
15900 2.2411318
16000 1.927596
16100 2.0610754
16200 2.1622007
16300 2.6101186
16400 2.1696658
16500 2.0794575
16600 2.0522282
16700 2.2877402
16800 2.086231
16900 2.3101635
17000 2.052542
17100 1.9808153
17200 2.1071415
17300 2.175288
17400 2.0501387
17500 1.8496356
17600 1.8190328
17700 1.9994091
17800 2.1585116
17900 2.2338316
18000 2.0965033
18100 2.2224123
18200 2.0377767
18300 2.306815
18400 2.1289265
18500 1.8697052
18600 2.1884477
18700 2.2209823
18800 1.9229406
18900 1.8173685
19000 1.9430414
19100 2.1092138
19200 2.0298433
19300 2.1334012
19400 2.1275065
19500 2.1479042
19600 2.073698
19700 2.0611546
19800 1.779174
19900 1.9189162
20000 2.225257
20100 2.0173588
20200 2.1390579
20300 1.9046315
20400 1.9078879
20500 2.0567899
20600 2.304173
20700 1.8900057
20800 2.109464
20900 2.165944
21000 1.9506439
21100 2.0916147
21200 2.1228404
21300 2.1279907
21400 1.9894001
21500 1.8320682
21600 2.2788012
21700 1.8319466
21800 2.056463
21900 1.9672428
22000 2.217507
22100 2.004176
22200 2.0461998
22300 2.0788426
22400 2.2180388
22500 1.9426923
22600 1.9334497
22700 2.1729984
22800 1.9299487
22900 2.288597
23000 2.51046
23100 1.9350942
23200 2.172213
23300 2.1462774
23400 1.8332484
23500 1.8951864
23600 2.2253754
23700 2.0179086
23800 1.9883535
23900 1.9925786
24000 2.2049737
24100 2.0770524
24200 1.9280933
24300 2.0680437
24400 2.427764
24500 1.8097284
24600 2.0550628
24700 1.9436449
24800 2.0354009
24900 2.1676056
25000 2.0134802
25100 2.175189
25200 1.9320953
25300 1.9359499
25400 2.021556
25500 2.0937939
25600 2.0376503
25700 2.3067858
25800 2.0860958
25900 2.1508105
26000 2.2303188
26100 2.1140172
26200 2.0322149
26300 2.0503058
26400 2.0306368
26500 2.0200381
26600 2.1627834
26700 2.0522578
26800 1.9240723
26900 2.1758392
27000 2.0827718
27100 2.007609
27200 2.1186574
27300 1.9183389
27400 2.151964
27500 1.9922365
27600 2.252358
27700 2.053986
27800 2.0607762
27900 1.9884739
28000 1.92299
28100 2.102145
28200 2.404927
28300 1.8983662
28400 2.5390606
28500 2.0473275
28600 2.2450938
28700 1.9476786
28800 2.2492633
28900 2.5072703
29000 1.9741879
29100 2.081098
29200 1.9922371
29300 2.0873473
29400 1.876501
29500 2.1060903
29600 2.2378552
29700 1.8435687
29800 2.041555
29900 2.0423746
30000 2.1599998
30100 1.8440506
30200 2.1110618
30300 1.9693613
30400 2.3096735
30500 2.1791615
30600 2.075663
30700 2.242702
30800 2.4326956
30900 2.0326703
31000 2.3267677
31100 1.9482057
31200 2.1805296
31300 2.247363
31400 2.0969145
31500 2.0893533
31600 2.1487503
31700 1.9330457
31800 2.0475988
31900 2.0402126
32000 2.2350771
32100 2.28532
32200 2.2078362
32300 1.8903117
32400 2.0355816
32500 1.8682452
32600 1.9488792
32700 2.2734332
32800 2.204572
32900 2.110952
33000 1.9029435
33100 2.1965983
33200 1.9064039
33300 2.0466342
33400 2.0002573
33500 2.298127
33600 2.112415
33700 2.1510112
33800 2.021496
33900 2.0390131
34000 2.0899835
34100 1.9294214
34200 2.0301864
34300 2.011288
34400 1.9598386
34500 2.0315785
34600 2.14871
34700 2.0966284
34800 2.06962
34900 2.0324535
35000 1.9847249
35100 1.912401
35200 1.965203
35300 1.8904208
35400 2.0884151
35500 1.8890312
35600 1.895321
35700 1.9871471
35800 2.0093997
35900 2.3659778
36000 2.1124678
36100 1.8811935
36200 2.045476
36300 2.002723
36400 2.195228
36500 1.8689396
36600 2.2667496
36700 1.8693391
36800 1.8144077
36900 1.8449844
37000 1.8703835
37100 2.0458171
37200 1.7241021
37300 1.9249895
37400 1.9578625
37500 1.9448156
37600 1.9177612
37700 2.1868052
37800 1.8297602
37900 1.931365
38000 2.0830657
38100 2.3423622
38200 2.1706336
38300 2.0173147
38400 2.056339
38500 2.2841232
38600 2.3245265
38700 2.1846085
38800 2.3134615
38900 2.2306988
39000 2.1939895
39100 1.8260815
39200 2.1676054
39300 2.2878046
39400 2.1915922
39500 2.2550235
39600 2.1270707
39700 1.881575
39800 2.1259837
39900 2.1812456
40000 2.0514138
40100 2.3452482
40200 2.1461437
40300 2.0233748
40400 2.1049473
40500 1.9278919
40600 2.1292367
40700 1.867643
40800 2.3060875
40900 2.0727098
41000 2.1285408
41100 2.068167
41200 1.9293588
41300 2.2603674
41400 1.8187269
41500 2.2387114
41600 2.2285926
41700 2.3649147
