0 3.2987642
100 2.2196293
200 1.988695
300 1.7091683
400 1.7854478
500 1.6159658
600 1.5784594
700 1.7320809
800 1.7206709
900 1.7309664
1000 1.640843
1100 1.7952958
1200 1.6501772
1300 1.687904
1400 1.605581
1500 1.5584835
1600 1.6172051
1700 1.782176
1800 1.5480769
1900 1.5198057
2000 1.4948761
2100 1.5654022
2200 1.6387775
2300 1.4155986
2400 1.4860046
2500 1.6968803
2600 1.517377
2700 1.4915569
2800 1.5394157
2900 1.5026276
3000 1.6014103
3100 1.6773435
3200 1.6063821
3300 1.2596029
3400 1.5444415
3500 1.6056938
3600 1.5948924
3700 1.5176415
3800 1.6411133
3900 1.7021554
4000 1.486367
4100 1.5583426
4200 1.4006736
4300 1.2844019
4400 1.4249502
4500 1.5355316
4600 1.3172354
4700 1.3860204
4800 1.2383882
4900 1.3580608
5000 1.2193278
5100 1.52892
5200 1.6838692
5300 1.6307697
5400 1.4176093
5500 1.2807851
5600 1.5383229
5700 1.4281845
5800 1.5035748
5900 1.558074
6000 1.610045
6100 1.5866965
6200 1.4996419
6300 1.5523905
6400 1.5251329
6500 1.4720087
6600 1.2550502
6700 1.462807
6800 1.5952028
6900 1.3751341
7000 1.5815667
7100 1.4609526
7200 1.4047763
7300 1.5382206
7400 1.5997821
7500 1.5097342
7600 1.6825382
7700 1.3091964
7800 1.3448526
7900 1.4501674
8000 1.3837618
8100 1.3615158
8200 1.4346266
8300 1.4889988
8400 1.3395658
8500 1.5953751
8600 1.3804984
8700 1.4145502
8800 1.6664255
8900 1.5054929
9000 1.4273777
9100 1.491576
9200 1.494716
9300 1.5070446
9400 1.6434752
9500 1.4310255
9600 1.3615828
9700 1.3016591
9800 1.3851883
9900 1.5117064
10000 1.5134614
10100 1.4561211
10200 1.285135
10300 1.2905756
10400 1.4690324
10500 1.6533563
10600 1.4947493
10700 1.5039098
10800 1.2418395
10900 1.4177364
11000 1.4131097
11100 1.4431437
11200 1.4566259
11300 1.6279213
11400 1.5549272
11500 1.5878944
11600 1.4535509
11700 1.5502877
11800 1.5632656
11900 1.4471573
12000 1.4121814
12100 1.4727943
12200 1.3993611
12300 1.3773108
12400 1.5486617
12500 1.6091492
12600 1.4733636
12700 1.3196316
12800 1.5160561
12900 1.5980443
13000 1.6533233
13100 1.5302119
13200 1.3267498
13300 1.6046203
13400 1.4996632
13500 1.48039
13600 1.4739006
13700 1.5273982
13800 1.5060666
13900 1.5044702
14000 1.3948137
14100 1.4474058
14200 1.5710355
14300 1.3858715
14400 1.4927217
14500 1.6562467
14600 1.517201
14700 1.3975545
14800 1.4141537
14900 1.48188
15000 1.4685911
15100 1.4644881
15200 1.2287426
15300 1.3700272
15400 1.5230829
15500 1.6250454
15600 1.4241778
15700 1.477126
15800 1.7567495
15900 1.5534341
16000 1.3361077
16100 1.4286286
16200 1.4987234
16300 1.8091964
16400 1.5038977
16500 1.4413701
16600 1.4224962
16700 1.5857407
16800 1.4460652
16900 1.6012833
17000 1.4227138
17100 1.3729966
17200 1.4605592
17300 1.5077947
17400 1.4210478
17500 1.2820697
17600 1.2608575
17700 1.3858848
17800 1.4961662
17900 1.548374
18000 1.4531853
18100 1.5404588
18200 1.4124792
18300 1.5989622
18400 1.4756595
18500 1.2959809
18600 1.5169164
18700 1.5394677
18800 1.3328809
18900 1.2597039
19000 1.3468137
19100 1.4619956
19200 1.4069802
19300 1.4787611
19400 1.4746752
19500 1.4888136
19600 1.4373779
19700 1.4286835
19800 1.2332294
19900 1.3300914
20000 1.5424305
20100 1.3983266
20200 1.4826819
20300 1.32019
20400 1.3224472
20500 1.4256581
20600 1.597131
20700 1.3100522
20800 1.4621689
20900 1.501318
21000 1.3520833
21100 1.4497969
21200 1.4714408
21300 1.4750108
21400 1.3789471
21500 1.2698929
21600 1.5795447
21700 1.2698087
21800 1.4254316
21900 1.3635888
22000 1.5370586
22100 1.3891889
22200 1.4183176
22300 1.440944
22400 1.5374274
22500 1.3465717
22600 1.3401653
22700 1.5062077
22800 1.3377385
22900 1.5863346
23000 1.7401181
23100 1.3413051
23200 1.5056634
23300 1.4876862
23400 1.270711
23500 1.3136431
23600 1.5425127
23700 1.3987076
23800 1.3782216
23900 1.3811502
24000 1.5283713
24100 1.439703
24200 1.3364525
24300 1.4334587
24400 1.6827978
24500 1.2544081
24600 1.4244609
24700 1.347232
24800 1.4108324
24900 1.5024698
25000 1.3956381
25100 1.5077261
25200 1.3392264
25300 1.3418982
25400 1.4012358
25500 1.4513073
25600 1.4123915
25700 1.598942
25800 1.4459714
25900 1.4908283
26000 1.5459392
26100 1.4653251
26200 1.408624
26300 1.4211638
26400 1.4075302
26500 1.4001838
26600 1.4991271
26700 1.4225167
26800 1.3336653
26900 1.5081768
27000 1.4436674
27100 1.3915684
27200 1.4685414
27300 1.3296912
27400 1.4916277
27500 1.3809131
27600 1.5612156
27700 1.4237146
27800 1.4284213
27900 1.3783051
28000 1.3329151
28100 1.4570959
28200 1.6669685
28300 1.3158472
28400 1.7599427
28500 1.4190993
28600 1.5561805
28700 1.3500279
28800 1.5590706
28900 1.7379074
29000 1.3684027
29100 1.4425073
29200 1.3809135
29300 1.4468389
29400 1.3006914
29500 1.4598306
29600 1.551163
29700 1.2778645
29800 1.4150981
29900 1.4156662
30000 1.4971977
30100 1.2781985
30200 1.4632766
30300 1.3650572
30400 1.6009437
30500 1.5104797
30600 1.43874
30700 1.5545226
30800 1.6862161
30900 1.4089396
31000 1.6127925
31100 1.3503933
31200 1.5114279
31300 1.5577534
31400 1.4534705
31500 1.4482293
31600 1.4894003
31700 1.3398852
31800 1.4192873
31900 1.4141676
32000 1.5492375
32100 1.5840632
32200 1.5303553
32300 1.3102642
32400 1.4109576
32500 1.294969
32600 1.3508601
32700 1.5758238
32800 1.5280929
32900 1.4632003
33000 1.3190199
33100 1.522566
33200 1.3214185
33300 1.4186188
33400 1.3864727
33500 1.5929402
33600 1.4642146
33700 1.4909674
33800 1.4011943
33900 1.4133362
34000 1.4486661
34100 1.337373
34200 1.407218
34300 1.3941185
34400 1.3584566
34500 1.408183
34600 1.4893723
34700 1.4532721
34800 1.4345511
34900 1.4087894
35000 1.3757064
35100 1.3255754
35200 1.362175
35300 1.3103398
35400 1.4475791
35500 1.3093766
35600 1.3137364
35700 1.3773854
35800 1.3928096
35900 1.6399708
36000 1.464251
36100 1.303944
36200 1.4178159
36300 1.3881818
36400 1.5216161
36500 1.2954502
36600 1.5711912
36700 1.2957271
36800 1.2576516
36900 1.2788458
37000 1.2964511
37100 1.4180524
37200 1.1950566
37300 1.334301
37400 1.3570869
37500 1.3480434
37600 1.3292907
37700 1.515778
37800 1.2682931
37900 1.3387202
38000 1.4438711
38100 1.6236017
38200 1.5045686
38300 1.398296
38400 1.4253455
38500 1.5832335
38600 1.611239
38700 1.5142552
38800 1.6035693
38900 1.5462027
39000 1.5207577
39100 1.2657433
39200 1.5024695
39300 1.5857854
39400 1.519096
39500 1.5630631
39600 1.474373
39700 1.3042084
39800 1.4736197
39900 1.5119241
40000 1.4219316
40100 1.6256022
40200 1.4875934
40300 1.4024965
40400 1.4590383
40500 1.3363128
40600 1.4758744
40700 1.2945515
40800 1.598458
40900 1.436693
41000 1.4753921
41100 1.433544
41200 1.3373296
41300 1.5667673
41400 1.2606454
41500 1.5517565
41600 1.5447427
41700 1.639234
