0 26.98464
100 11.385427
200 9.23785
300 8.291338
400 7.8383145
500 7.458695
600 7.3107386
700 7.5714035
800 7.639333
900 7.5680904
1000 6.9250236
1100 7.5828977
1200 7.6576815
1300 7.101543
1400 7.094029
1500 6.895941
1600 7.222945
1700 7.240609
1800 6.776931
1900 6.598974
2000 6.7634573
2100 6.777881
2200 6.7203226
2300 6.2502885
2400 6.4709234
2500 7.236765
2600 6.507658
2700 6.6888504
2800 6.53446
2900 6.3707995
3000 6.6608615
3100 6.619809
3200 6.441856
3300 5.996009
3400 6.7974467
3500 6.5984573
3600 6.112539
3700 6.212268
3800 6.8918567
3900 6.3504534
4000 6.6444573
4100 6.6114407
4200 6.270427
4300 6.2784414
4400 6.3421736
4500 6.3773594
4600 5.7491384
4700 6.0506206
4800 5.9506106
4900 6.1043677
5000 6.097863
5100 6.437525
5200 6.4545064
5300 6.4397354
5400 6.0625715
5500 5.858157
5600 6.396265
5700 6.6691384
5800 6.154838
5900 5.8969283
6000 6.987975
6100 6.448561
6200 6.4775844
6300 5.916289
6400 6.479069
6500 6.100459
6600 5.959464
6700 6.5213723
6800 6.4908185
6900 6.41955
7000 6.485509
7100 6.33622
7200 6.3243427
7300 6.2559333
7400 6.175425
7500 6.192316
7600 6.7161098
7700 6.310406
7800 6.2001624
7900 6.151615
8000 5.854985
8100 5.969662
8200 6.138729
8300 6.295985
8400 5.8368597
8500 6.3518276
8600 6.185094
8700 6.4139733
8800 6.4176607
8900 6.3069887
9000 6.16553
9100 5.9361753
9200 6.252831
9300 6.5607977
9400 6.3862495
9500 6.170824
9600 6.011915
9700 5.998953
9800 5.8302984
9900 6.5061693
10000 6.473242
10100 6.1464443
10200 6.1328983
10300 5.6941237
10400 6.3422112
10500 6.5310755
10600 6.5561104
10700 6.4456453
10800 5.760537
10900 6.4359927
11000 6.1716914
11100 6.461309
11200 6.3855686
11300 6.3251123
11400 6.4413943
11500 6.516676
11600 6.0719566
11700 6.497801
11800 6.3796005
11900 6.0807095
12000 6.1908207
12100 6.319446
12200 5.654843
12300 6.1947293
12400 6.2373724
12500 6.645027
12600 5.9955587
12700 5.722183
12800 6.161317
12900 6.2606077
13000 6.871408
13100 6.2625504
13200 5.9914417
13300 6.6078362
13400 6.3963804
13500 6.5486474
13600 6.0841184
13700 6.1777043
13800 6.2361417
13900 5.902172
14000 5.861919
14100 5.994669
14200 6.6792517
14300 6.2354393
14400 5.528126
14500 6.475089
14600 6.315851
14700 6.0547876
14800 6.1993384
14900 6.442495
15000 6.352295
15100 5.5940657
15200 6.0027976
15300 5.7911625
15400 6.6064515
15500 6.493481
15600 6.0978236
15700 6.3638268
15800 6.791445
15900 6.5622916
16000 5.9317346
16100 6.0022683
16200 6.1321497
16300 7.3132944
16400 6.124995
16500 6.683356
16600 6.053396
16700 6.2437277
16800 6.5160294
16900 7.1081514
17000 6.1337852
17100 6.1294565
17200 6.0480957
17300 6.6161814
17400 6.6864915
17500 6.010216
17600 5.7657166
17700 6.2414026
17800 6.440936
17900 6.0450106
18000 5.929378
18100 6.616982
18200 6.118479
18300 6.370229
18400 6.099849
18500 5.8968043
18600 6.2063513
18700 6.1771855
18800 6.0041337
18900 5.7597713
19000 6.086097
19100 6.245672
19200 6.339262
19300 6.28349
19400 6.4658456
19500 6.5198183
19600 5.684371
19700 6.2880554
19800 5.6486144
19900 6.5214343
20000 6.7651854
20100 6.4584203
20200 6.367229
20300 5.9022217
20400 6.1357512
20500 6.224457
20600 6.3726025
20700 6.218404
20800 6.1209726
20900 6.5354466
21000 6.2300243
21100 6.151717
21200 6.301634
21300 6.289096
21400 6.2352505
21500 6.150214
21600 6.590787
21700 5.756049
21800 6.315983
21900 5.9448338
22000 6.438738
22100 6.309987
22200 6.2392035
22300 6.147282
22400 6.501109
22500 6.0878253
22600 6.1121902
22700 6.2222424
22800 6.0748615
22900 6.3287735
23000 6.4049587
23100 6.224288
23200 6.623078
23300 6.002752
23400 5.7020445
23500 5.971272
23600 6.4489975
23700 6.201454
23800 5.928131
23900 6.1922383
24000 6.2894454
24100 6.311719
24200 6.351452
24300 6.484932
24400 6.1719036
24500 6.016655
24600 6.092784
24700 6.217929
24800 6.3835764
24900 6.5503316
25000 5.926984
25100 6.455149
25200 5.7144694
25300 5.826183
25400 5.9541574
25500 6.369299
25600 6.0853806
25700 6.214465
25800 6.340774
25900 6.5191164
26000 6.2670927
26100 6.1186743
26200 6.0280795
26300 5.9772625
26400 6.191427
26500 5.9687223
26600 6.140234
26700 6.3985248
26800 6.212569
26900 5.9652214
27000 6.213704
27100 5.9532948
27200 6.1639395
27300 6.234531
27400 6.470072
27500 6.310129
27600 6.5716176
27700 6.084727
27800 5.9387856
27900 6.1598215
28000 6.3842177
28100 6.6343675
28200 6.6483145
28300 6.0951834
28400 7.289373
28500 6.3284283
28600 6.265689
28700 6.1312265
28800 6.7214355
28900 6.9580526
29000 6.0875974
29100 6.3145885
29200 6.5489044
29300 6.268035
29400 6.059884
29500 6.231061
29600 6.1569567
29700 6.1651473
29800 6.2582793
29900 6.3921056
30000 6.56011
30100 6.0054173
30200 6.191109
30300 5.967821
30400 6.4009795
30500 6.3796873
30600 6.430834
30700 6.6464057
30800 6.5401692
30900 6.0459027
31000 6.2202024
31100 6.117404
31200 6.432502
31300 6.7236085
31400 6.332732
31500 6.2914233
31600 6.1168003
31700 5.782282
31800 5.9838243
31900 6.609164
32000 6.462754
32100 6.1599946
32200 6.3373604
32300 5.780025
32400 6.2293687
32500 5.625762
32600 6.0706873
32700 6.734299
32800 6.2556987
32900 6.1288505
33000 6.064045
33100 6.597545
33200 5.796991
33300 5.9515605
33400 6.27055
33500 6.357157
33600 6.3088384
33700 6.6955576
33800 5.9667277
33900 5.77645
34000 6.146634
34100 6.1153774
34200 6.011169
34300 6.124778
34400 5.817104
34500 6.068018
34600 6.321061
34700 6.2206554
34800 6.4528527
34900 6.3042054
35000 6.050269
35100 5.9974837
35200 6.174876
35300 6.060339
35400 6.3715043
35500 5.7579894
35600 5.9819846
35700 5.686514
35800 6.3056355
35900 5.7152753
36000 5.9695215
36100 6.149967
36200 6.14993
36300 6.0814714
36400 6.6441793
36500 6.100086
36600 6.6494813
36700 5.878655
36800 5.741952
36900 5.9524727
37000 6.1960464
37100 6.087913
37200 5.7072425
37300 6.315176
37400 5.9764667
37500 6.3852863
37600 6.0500383
37700 6.1005025
37800 5.8047457
37900 5.973827
38000 6.0684648
38100 6.181067
38200 6.1565657
38300 6.0375814
38400 6.153792
38500 6.5373163
38600 6.291308
38700 6.2931957
38800 6.3118963
38900 6.401518
39000 6.1069326
39100 5.7120194
39200 6.3591504
39300 6.2942924
39400 6.1703887
39500 5.872058
39600 6.3633184
39700 6.009294
39800 6.119317
39900 6.306921
40000 6.0937576
40100 5.969397
40200 6.0230703
40300 6.4385233
40400 6.5231915
40500 6.2563157
40600 6.3450193
40700 6.0621333
40800 6.333455
40900 6.1553955
41000 6.41735
41100 5.9569974
41200 6.123108
41300 6.046265
41400 6.141515
41500 6.881086
41600 6.382868
41700 6.5187387
