0 0.0375
100 0.35937503
200 0.40000004
300 0.440625
400 0.46562502
500 0.509375
600 0.49687505
700 0.45937502
800 0.46250004
900 0.50625
1000 0.4875
1100 0.43437502
1200 0.49687505
1300 0.4625
1400 0.52812505
1500 0.528125
1600 0.47187498
1700 0.45937502
1800 0.490625
1900 0.50625
2000 0.5125
2100 0.48125005
2200 0.48437503
2300 0.54375
2400 0.51875
2500 0.46250007
2600 0.5375
2700 0.546875
2800 0.52187496
2900 0.5625
3000 0.4875
3100 0.471875
3200 0.51250005
3300 0.571875
3400 0.515625
3500 0.490625
3600 0.52187496
3700 0.528125
3800 0.46562505
3900 0.45625004
4000 0.54062504
4100 0.534375
4200 0.54375005
4300 0.578125
4400 0.578125
4500 0.5375
4600 0.5625
4700 0.59062505
4800 0.609375
4900 0.57812506
5000 0.64374995
5100 0.51875
5200 0.46875
5300 0.53125
5400 0.5656251
5500 0.609375
5600 0.51562494
5700 0.51875
5800 0.496875
5900 0.515625
6000 0.475
6100 0.534375
6200 0.503125
6300 0.546875
6400 0.5125
6500 0.528125
6600 0.55625004
6700 0.50625
6800 0.475
6900 0.60625
7000 0.46875
7100 0.55625004
7200 0.528125
7300 0.55
7400 0.521875
7500 0.51874995
7600 0.46562505
7700 0.56875
7800 0.56249994
7900 0.54062504
8000 0.57812494
8100 0.571875
8200 0.53749996
8300 0.55937505
8400 0.57500005
8500 0.47812504
8600 0.55312496
8700 0.559375
8800 0.5187501
8900 0.521875
9000 0.596875
9100 0.528125
9200 0.54375
9300 0.54375
9400 0.47500002
9500 0.534375
9600 0.57812506
9700 0.575
9800 0.553125
9900 0.534375
10000 0.52187496
10100 0.559375
10200 0.578125
10300 0.575
10400 0.50625
10500 0.5125
10600 0.53125
10700 0.5
10800 0.63125
10900 0.575
11000 0.55625004
11100 0.553125
11200 0.49687502
11300 0.48125002
11400 0.5375
11500 0.503125
11600 0.55
11700 0.48749998
11800 0.509375
11900 0.54062504
12000 0.5375
12100 0.528125
12200 0.55
12300 0.58124995
12400 0.53125006
12500 0.47187504
12600 0.565625
12700 0.55625
12800 0.534375
12900 0.52187496
13000 0.51250005
13100 0.521875
13200 0.57187504
13300 0.50625
13400 0.521875
13500 0.52812505
13600 0.5375
13700 0.54375
13800 0.5125
13900 0.4875
14000 0.55
14100 0.52812505
14200 0.471875
14300 0.584375
14400 0.540625
14500 0.50625
14600 0.559375
14700 0.528125
14800 0.540625
14900 0.55
15000 0.54375
15100 0.55625004
15200 0.6125
15300 0.56875
15400 0.50624996
15500 0.52500004
15600 0.553125
15700 0.540625
15800 0.453125
15900 0.515625
16000 0.559375
16100 0.55
16200 0.56875
16300 0.46875003
16400 0.565625
16500 0.565625
16600 0.60312504
16700 0.534375
16800 0.553125
16900 0.49062502
17000 0.565625
17100 0.584375
17200 0.54375
17300 0.55937505
17400 0.5125
17500 0.5500001
17600 0.584375
17700 0.56875
17800 0.56249994
17900 0.52500004
18000 0.571875
18100 0.51250005
18200 0.5875
18300 0.496875
18400 0.546875
18500 0.60937494
18600 0.525
18700 0.55625
18800 0.5875
18900 0.60625
19000 0.590625
19100 0.534375
19200 0.6
19300 0.57187504
19400 0.515625
19500 0.55312496
19600 0.584375
19700 0.5625
19800 0.6125
19900 0.5968751
20000 0.54062504
20100 0.590625
20200 0.525
20300 0.58125
20400 0.55312496
20500 0.55312496
20600 0.5375
20700 0.57187504
20800 0.57812506
20900 0.53125
21000 0.60312504
21100 0.58750004
21200 0.525
21300 0.5375
21400 0.55
21500 0.596875
21600 0.51250005
21700 0.61875004
21800 0.5625
21900 0.57187504
22000 0.55
22100 0.565625
22200 0.55937505
22300 0.534375
22400 0.540625
22500 0.57812506
22600 0.578125
22700 0.53437495
22800 0.56875
22900 0.546875
23000 0.503125
23100 0.578125
23200 0.51875
23300 0.56875
23400 0.615625
23500 0.578125
23600 0.53125
23700 0.578125
23800 0.55
23900 0.565625
24000 0.54999995
24100 0.58437496
24200 0.559375
24300 0.590625
24400 0.503125
24500 0.6
24600 0.56249994
24700 0.571875
24800 0.5375
24900 0.53125006
25000 0.57500005
25100 0.546875
25200 0.57812494
25300 0.571875
25400 0.6
25500 0.571875
25600 0.559375
25700 0.50937504
25800 0.55625004
25900 0.5500001
26000 0.53749996
26100 0.57187504
26200 0.546875
26300 0.5625
26400 0.5562501
26500 0.56875
26600 0.57500005
26700 0.528125
26800 0.578125
26900 0.559375
27000 0.58750004
27100 0.60937506
27200 0.5375
27300 0.6281251
27400 0.528125
27500 0.5625
27600 0.546875
27700 0.575
27800 0.534375
27900 0.55312496
28000 0.59062505
28100 0.54375
28200 0.484375
28300 0.58125
28400 0.47812504
28500 0.55
28600 0.54062504
28700 0.575
28800 0.553125
28900 0.471875
29000 0.546875
29100 0.53125006
29200 0.58437496
29300 0.54062504
29400 0.5812501
29500 0.54375
29600 0.52187496
29700 0.625
29800 0.609375
29900 0.575
30000 0.540625
30100 0.58750004
30200 0.528125
30300 0.565625
30400 0.528125
30500 0.528125
30600 0.54062504
30700 0.5
30800 0.490625
30900 0.54062504
31000 0.521875
31100 0.565625
31200 0.56562495
31300 0.54062504
31400 0.5625
31500 0.559375
31600 0.540625
31700 0.590625
31800 0.553125
31900 0.52500004
32000 0.5375
32100 0.51875
32200 0.52500004
32300 0.58750004
32400 0.584375
32500 0.60625
32600 0.55937505
32700 0.49687502
32800 0.50937504
32900 0.584375
33000 0.55625004
33100 0.515625
33200 0.584375
33300 0.553125
33400 0.55
33500 0.53125
33600 0.528125
33700 0.521875
33800 0.5531251
33900 0.578125
34000 0.58125
34100 0.58125
34200 0.57812506
34300 0.57500005
34400 0.56250006
34500 0.596875
34600 0.54375
34700 0.546875
34800 0.546875
34900 0.57812494
35000 0.5625
35100 0.603125
35200 0.5625
35300 0.590625
35400 0.565625
35500 0.60625005
35600 0.56250006
35700 0.56874996
35800 0.56250006
35900 0.515625
36000 0.5625
36100 0.609375
36200 0.55625
36300 0.59062505
36400 0.546875
36500 0.60312504
36600 0.5125
36700 0.59375
36800 0.5875
36900 0.59375
37000 0.596875
37100 0.546875
37200 0.640625
37300 0.56250006
37400 0.56874996
37500 0.58437496
37600 0.58437496
37700 0.546875
37800 0.5875
37900 0.596875
38000 0.55
38100 0.5
38200 0.575
38300 0.56874996
38400 0.559375
38500 0.51250005
38600 0.52812505
38700 0.52812505
38800 0.48750004
38900 0.5
39000 0.559375
39100 0.6031249
39200 0.515625
39300 0.49375
39400 0.52187496
39500 0.5625
39600 0.54375005
39700 0.590625
39800 0.534375
39900 0.55
40000 0.54375
40100 0.49999997
40200 0.571875
40300 0.57187504
40400 0.55
40500 0.58125
40600 0.55937505
40700 0.590625
40800 0.503125
40900 0.56875
41000 0.52812505
41100 0.59062505
