0 4.8031535
100 3.2058976
200 2.9060366
300 2.5395823
400 2.5477767
500 2.3241525
600 2.3464086
700 2.5888991
800 2.589661
900 2.5354903
1000 2.4039094
1100 2.6129096
1200 2.4830837
1300 2.670326
1400 2.2952454
1500 2.301678
1600 2.3498333
1700 2.5704198
1800 2.306159
1900 2.2707334
2000 2.3230996
2100 2.4099627
2200 2.4455662
2300 2.119361
2400 2.1304045
2500 2.4403074
2600 2.3030643
2700 2.2129612
2800 2.3092716
2900 2.1277802
3000 2.3396387
3100 2.4179835
3200 2.3111937
3300 1.9028683
3400 2.3178174
3500 2.3074474
3600 2.3666227
3700 2.2531743
3800 2.4034603
3900 2.4455304
4000 2.2652547
4100 2.2927341
4200 2.0741906
4300 1.9347422
4400 2.1899917
4500 2.2482328
4600 1.9006344
4700 2.0762627
4800 1.8182042
4900 2.059005
5000 1.8507899
5100 2.232485
5200 2.5526304
5300 2.2958748
5400 2.1368284
5500 1.8941132
5600 2.1963193
5700 2.0777383
5800 2.3369555
5900 2.2290962
6000 2.419724
6100 2.374559
6200 2.3091302
6300 2.2276416
6400 2.26822
6500 2.1682842
6600 1.911835
6700 2.255786
6800 2.4161437
6900 2.0463996
7000 2.3627343
7100 2.1293557
7200 2.1178164
7300 2.241231
7400 2.3617802
7500 2.2121136
7600 2.5582888
7700 1.9915646
7800 2.0664597
7900 2.2397513
8000 2.026062
8100 2.065474
8200 2.1847072
8300 2.1604257
8400 1.9855738
8500 2.413478
8600 2.1041212
8700 2.078476
8800 2.4360144
8900 2.3546808
9000 2.1272943
9100 2.182202
9200 2.2033603
9300 2.1621566
9400 2.5651014
9500 2.150863
9600 2.0505865
9700 1.9999875
9800 2.1459353
9900 2.2743587
10000 2.2555685
10100 2.1242611
10200 1.9233879
10300 1.9448947
10400 2.2754467
10500 2.467145
10600 2.244658
10700 2.292217
10800 1.8536829
10900 2.1024935
11000 2.1303313
11100 2.146369
11200 2.216649
11300 2.3788993
11400 2.3722517
11500 2.26412
11600 2.20932
11700 2.3051047
11800 2.289247
11900 2.1596103
12000 2.0542052
12100 2.1532817
12200 2.0860362
12300 2.0482495
12400 2.2496917
12500 2.3573816
12600 2.1596692
12700 1.9124746
12800 2.18502
12900 2.454364
13000 2.4432464
13100 2.2973335
13200 1.9132738
13300 2.3288856
13400 2.2600884
13500 2.2270398
13600 2.159794
13700 2.2341633
13800 2.2336705
13900 2.2439399
14000 2.0648315
14100 2.237898
14200 2.43022
14300 2.01994
14400 2.222329
14500 2.3401718
14600 2.226422
14700 2.0303972
14800 2.0793438
14900 2.194782
15000 2.139593
15100 2.12082
15200 1.8010235
15300 2.0979347
15400 2.2453794
15500 2.338748
15600 2.1257088
15700 2.1445718
15800 2.5449464
15900 2.237077
16000 1.9964881
16100 2.0986013
16200 2.1785648
16300 2.6463914
16400 2.104192
16500 2.156422
16600 2.0215175
16700 2.3640127
16800 2.0866525
16900 2.274448
17000 2.1030266
17100 2.025233
17200 2.120561
17300 2.1436868
17400 2.1154938
17500 1.8870006
17600 1.9168555
17700 2.0129917
17800 2.1462672
17900 2.251429
18000 2.1255116
18100 2.2852664
18200 2.0767293
18300 2.3106878
18400 2.151749
18500 1.870611
18600 2.1423175
18700 2.2035418
18800 2.0000193
18900 1.8564932
19000 1.9253303
19100 2.1431773
19200 1.9712812
19300 2.1914923
19400 2.1760342
19500 2.1830277
19600 2.024498
19700 2.068361
19800 1.7719206
19900 1.9516062
20000 2.227667
20100 2.0285802
20200 2.1489384
20300 1.8942484
20400 1.9721441
20500 2.1076267
20600 2.233289
20700 1.93727
20800 1.9824
20900 2.203849
21000 1.9808754
21100 2.1211908
21200 2.174639
21300 2.2133214
21400 2.0830057
21500 1.917606
21600 2.24955
21700 1.8355905
21800 1.9949806
21900 1.9814103
22000 2.1935742
22100 2.0348892
22200 2.0902534
22300 2.1357818
22400 2.2113376
22500 1.9768739
22600 1.9624612
22700 2.1747525
22800 1.9099729
22900 2.209445
23000 2.4247828
23100 1.9109426
23200 2.2864401
23300 2.1196425
23400 1.8533803
23500 1.9053743
23600 2.1544356
23700 2.0206392
23800 2.1535802
23900 1.957472
24000 2.204153
24100 2.1603093
24200 2.0278227
24300 2.0422955
24400 2.3681786
24500 1.8337803
24600 2.1092005
24700 1.947094
24800 2.0639799
24900 2.1887116
25000 1.9985297
25100 2.125353
25200 1.9790694
25300 1.9369128
25400 1.9398185
25500 2.0849075
25600 2.0604162
25700 2.2337804
25800 2.0697432
25900 2.142008
26000 2.2627096
26100 2.0846887
26200 2.0530307
26300 2.0789752
26400 2.1011553
26500 2.0540633
26600 2.109134
26700 2.1566677
26800 1.94508
26900 2.1326258
27000 2.0691638
27100 1.9584829
27200 2.1315877
27300 1.9574832
27400 2.1541615
27500 2.0660129
27600 2.2196827
27700 1.9622873
27800 2.1871555
27900 2.0803022
28000 1.9358494
28100 2.0401654
28200 2.3454118
28300 1.8918396
28400 2.495341
28500 2.021749
28600 2.1393867
28700 1.9627955
28800 2.342122
28900 2.4602654
29000 2.038962
29100 2.134701
29200 1.9686612
29300 2.0789177
29400 1.8840796
29500 2.2274709
29600 2.354664
29700 1.8295212
29800 2.0576406
29900 2.006702
30000 2.2215889
30100 1.8314974
30200 2.0717058
30300 1.9001541
30400 2.271651
30500 2.245542
30600 2.0490987
30700 2.2422626
30800 2.4349709
30900 1.965075
31000 2.2932146
31100 1.9827675
31200 2.171021
31300 2.1964006
31400 2.0899584
31500 2.0927474
31600 2.165594
31700 1.9250797
31800 2.100935
31900 2.0730095
32000 2.2418263
32100 2.2872844
32200 2.193575
32300 1.9023597
32400 2.0068574
32500 1.8307383
32600 1.8968344
32700 2.3912106
32800 2.253203
32900 2.1080425
33000 1.897754
33100 2.283825
33200 1.8896557
33300 2.0760972
33400 2.05277
33500 2.2433815
33600 2.1467438
33700 2.2233896
33800 2.0277317
33900 1.9824604
34000 2.1544542
34100 1.9558101
34200 1.9289436
34300 1.9540482
34400 1.9128499
34500 1.9708433
34600 2.1962154
34700 2.1061668
34800 2.0835567
34900 2.0085683
35000 2.0158257
35100 1.8491014
35200 1.9592187
35300 1.8958232
35400 2.149989
35500 1.8727337
35600 1.8940529
35700 1.9798805
35800 1.9999973
35900 2.2781587
36000 2.1109402
36100 1.8566642
36200 2.0532665
36300 2.0425208
36400 2.1964846
36500 1.9050242
36600 2.3274028
36700 1.9189765
36800 1.8337313
36900 1.8459822
37000 1.8508341
37100 1.9883368
37200 1.797174
37300 2.0092525
37400 1.9646528
37500 1.9938304
37600 1.9513361
37700 2.1939387
37800 1.8328146
37900 1.9413152
38000 2.0999029
38100 2.4217098
38200 2.1433353
38300 2.0168147
38400 2.0299873
38500 2.3165727
38600 2.2833567
38700 2.169773
38800 2.3567076
38900 2.3535376
39000 2.097024
39100 1.802043
39200 2.2374458
39300 2.256315
39400 2.2654376
39500 2.19191
39600 2.0660002
39700 1.9014225
39800 2.1176927
39900 2.1627007
40000 2.043608
40100 2.3780365
40200 2.0999305
40300 2.0776846
40400 2.0963922
40500 1.9450288
40600 2.1153588
40700 1.9153355
40800 2.3384974
40900 2.089307
41000 2.142948
41100 2.0061636
