0 3.3292923
100 2.222159
200 2.014311
300 1.7603042
400 1.7659842
500 1.6109797
600 1.6264066
700 1.7944882
800 1.7950162
900 1.7574679
1000 1.6662631
1100 1.8111309
1200 1.7211424
1300 1.850929
1400 1.5909429
1500 1.5954015
1600 1.6287804
1700 1.7816793
1800 1.5985076
1900 1.5739524
2000 1.6102499
2100 1.6704588
2200 1.6951373
2300 1.4690291
2400 1.4766839
2500 1.6914922
2600 1.5963626
2700 1.5339078
2800 1.6006651
2900 1.4748648
3000 1.621714
3100 1.6760185
3200 1.6019974
3300 1.3189678
3400 1.6065886
3500 1.5994006
3600 1.6404178
3700 1.5617814
3800 1.6659517
3900 1.6951125
4000 1.5701549
4100 1.5892022
4200 1.4377195
4300 1.3410611
4400 1.5179867
4500 1.5583563
4600 1.3174194
4700 1.4391556
4800 1.2602831
4900 1.4271935
5000 1.2828698
5100 1.5474408
5200 1.7693486
5300 1.5913792
5400 1.4811367
5500 1.3128992
5600 1.5223726
5700 1.4401785
5800 1.6198542
5900 1.5450917
6000 1.6772249
6100 1.6459188
6200 1.6005671
6300 1.5440835
6400 1.5722103
6500 1.50294
6600 1.325183
6700 1.5635916
6800 1.6747432
6900 1.4184561
7000 1.6377226
7100 1.4759569
7200 1.4679585
7300 1.5535029
7400 1.6370612
7500 1.5333203
7600 1.7732707
7700 1.3804474
7800 1.4323608
7900 1.5524774
8000 1.4043591
8100 1.4316775
8200 1.5143236
8300 1.4974929
8400 1.3762949
8500 1.6728954
8600 1.4584657
8700 1.4406897
8800 1.6885165
8900 1.6321404
9000 1.4745281
9100 1.5125873
9200 1.527253
9300 1.4986928
9400 1.7779927
9500 1.4908646
9600 1.4213582
9700 1.3862857
9800 1.487449
9900 1.5764654
10000 1.5634409
10100 1.4724256
10200 1.3331909
10300 1.3480983
10400 1.5772194
10500 1.7100946
10600 1.5558783
10700 1.5888437
10800 1.284875
10900 1.4573375
11000 1.4766331
11100 1.4877496
11200 1.5364641
11300 1.6489273
11400 1.6443195
11500 1.5693685
11600 1.531384
11700 1.5977769
11800 1.5867852
11900 1.4969277
12000 1.4238665
12100 1.4925411
12200 1.4459301
12300 1.4197384
12400 1.5593674
12500 1.6340125
12600 1.4969686
12700 1.3256264
12800 1.5145404
12900 1.7012355
13000 1.6935294
13100 1.5923903
13200 1.3261803
13300 1.6142604
13400 1.5665739
13500 1.5436664
13600 1.4970552
13700 1.548604
13800 1.5482625
13900 1.5553806
14000 1.4312322
14100 1.5511928
14200 1.6845001
14300 1.4001156
14400 1.540401
14500 1.6220834
14600 1.5432382
14700 1.4073641
14800 1.4412913
14900 1.521307
15000 1.4830527
15100 1.4700404
15200 1.2483743
15300 1.4541776
15400 1.5563784
15500 1.6210965
15600 1.4734291
15700 1.486504
15800 1.7640225
15900 1.5506235
16000 1.3838601
16100 1.4546397
16200 1.510066
16300 1.8343387
16400 1.4585147
16500 1.4947177
16600 1.4012091
16700 1.6386087
16800 1.4463573
16900 1.5765271
17000 1.457707
17100 1.4037845
17200 1.4698608
17300 1.4858904
17400 1.4663485
17500 1.3079691
17600 1.328663
17700 1.3952994
17800 1.487679
17900 1.5605717
18000 1.4732925
18100 1.584026
18200 1.4394791
18300 1.6016467
18400 1.4914787
18500 1.2966087
18600 1.4849414
18700 1.5273787
18800 1.3863077
18900 1.286823
19000 1.3345373
19100 1.4855373
19200 1.366388
19300 1.5190268
19400 1.508312
19500 1.5131595
19600 1.403275
19700 1.4336786
19800 1.2282017
19900 1.3527503
20000 1.5441011
20100 1.4061047
20200 1.4895306
20300 1.3129929
20400 1.3669862
20500 1.4608955
20600 1.547998
20700 1.3428133
20800 1.374095
20900 1.5275917
21000 1.3730382
21100 1.4702973
21200 1.5073448
21300 1.5341575
21400 1.4438295
21500 1.3291832
21600 1.5592693
21700 1.2723343
21800 1.3828151
21900 1.3734089
22000 1.5204698
22100 1.4104778
22200 1.4488533
22300 1.480411
22400 1.5327824
22500 1.3702645
22600 1.3602744
22700 1.5074235
22800 1.3238924
22900 1.5314705
23000 1.6807313
23100 1.3245645
23200 1.5848396
23300 1.4692242
23400 1.2846653
23500 1.3207048
23600 1.493341
23700 1.4006004
23800 1.492748
23900 1.3568162
24000 1.5278025
24100 1.4974123
24200 1.4055797
24300 1.4156113
24400 1.6414963
24500 1.2710797
24600 1.4619864
24700 1.3496227
24800 1.4306419
24900 1.5170994
25000 1.3852752
25100 1.4731826
25200 1.3717864
25300 1.3425657
25400 1.3445797
25500 1.4451478
25600 1.4281716
25700 1.5483385
25800 1.4346367
25900 1.4847268
26000 1.5683907
26100 1.444996
26200 1.4230524
26300 1.4410359
26400 1.4564099
26500 1.4237683
26600 1.4619403
26700 1.4948881
26800 1.3482268
26900 1.4782236
27000 1.4342351
27100 1.3575169
27200 1.477504
27300 1.3568239
27400 1.493151
27500 1.432051
27600 1.5385668
27700 1.3601539
27800 1.5160207
27900 1.4419556
28000 1.3418286
28100 1.414135
28200 1.6257156
28300 1.3113233
28400 1.7296386
28500 1.4013697
28600 1.4829098
28700 1.3605062
28800 1.6234353
28900 1.705326
29000 1.4133008
29100 1.479662
29200 1.3645719
29300 1.440996
29400 1.3059444
29500 1.5439652
29600 1.6321287
29700 1.2681274
29800 1.4262477
29900 1.3909398
30000 1.539888
30100 1.2694973
30200 1.435997
30300 1.3170865
30400 1.5745885
30500 1.5564911
30600 1.420327
30700 1.554218
30800 1.6877933
30900 1.3620862
31000 1.5895352
31100 1.3743497
31200 1.5048372
31300 1.5224289
31400 1.4486488
31500 1.450582
31600 1.5010754
31700 1.3343636
31800 1.4562572
31900 1.4369006
32000 1.5539156
32100 1.5854248
32200 1.5204703
32300 1.3186153
32400 1.3910476
32500 1.2689711
32600 1.3147854
32700 1.6574609
32800 1.5618013
32900 1.4611838
33000 1.3154228
33100 1.5830269
33200 1.3098096
33300 1.4390409
33400 1.4228717
33500 1.5549936
33600 1.4880093
33700 1.5411363
33800 1.4055165
33900 1.3741368
34000 1.4933538
34100 1.3556643
34200 1.3370419
34300 1.354443
34400 1.3258865
34500 1.3660845
34600 1.5223005
34700 1.4598837
34800 1.4442115
34900 1.3922335
35000 1.3972639
35100 1.2816994
35200 1.358027
35300 1.3140845
35400 1.4902587
35500 1.2980801
35600 1.3128574
35700 1.3723485
35800 1.3862925
35900 1.5790992
36000 1.4631923
36100 1.2869415
36200 1.4232159
36300 1.4157676
36400 1.5224872
36500 1.3204621
36600 1.6132327
36700 1.3301332
36800 1.2710457
36900 1.2795373
37000 1.2829005
37100 1.3782101
37200 1.2457061
37300 1.3927078
37400 1.3617935
37500 1.382018
37600 1.3525631
37700 1.5207225
37800 1.2704103
37900 1.3456172
38000 1.4555417
38100 1.6786013
38200 1.4856468
38300 1.3979495
38400 1.40708
38500 1.6057259
38600 1.5827022
38700 1.503972
38800 1.6335452
38900 1.6313479
39000 1.4535463
39100 1.249081
39200 1.5508792
39300 1.5639584
39400 1.5702816
39500 1.5193162
39600 1.4320422
39700 1.3179656
39800 1.4678727
39900 1.4990699
40000 1.4165211
40100 1.6483293
40200 1.4555609
40300 1.4401412
40400 1.4531083
40500 1.3481913
40600 1.466255
40700 1.3276094
40800 1.6209228
40900 1.4481974
41000 1.4853783
41100 1.3905666
