0 26.272348
100 10.7972975
200 9.154858
300 8.329625
400 8.271218
500 7.458818
600 7.2646313
700 7.3732905
800 7.6684513
900 7.455314
1000 6.9669476
1100 7.6654234
1200 7.4828134
1300 7.0007935
1400 7.0302544
1500 7.054105
1600 7.0849557
1700 7.295949
1800 6.743482
1900 6.546282
2000 6.7835026
2100 6.918833
2200 6.9277973
2300 6.052201
2400 6.341881
2500 7.3243084
2600 6.2979302
2700 6.5171766
2800 6.3092766
2900 6.2830596
3000 6.6227865
3100 6.640824
3200 6.2816105
3300 5.916868
3400 6.4785805
3500 6.5852423
3600 6.1054745
3700 6.1874475
3800 6.886863
3900 6.334153
4000 6.5165834
4100 6.5710144
4200 6.4189205
4300 6.0062337
4400 6.521916
4500 6.258798
4600 5.590797
4700 6.0732694
4800 5.8057218
4900 6.076464
5000 6.1645856
5100 6.568004
5200 6.670674
5300 6.5188794
5400 5.9328494
5500 6.163279
5600 6.2696056
5700 6.420883
5800 6.1499386
5900 5.8162975
6000 6.78611
6100 6.5840592
6200 6.4987054
6300 6.0840664
6400 6.465798
6500 6.195149
6600 5.6830893
6700 6.6537685
6800 6.5106955
6900 6.554827
7000 6.4781594
7100 6.312347
7200 6.4359117
7300 6.167858
7400 6.4051924
7500 6.179372
7600 6.6713514
7700 6.324341
7800 6.0114856
7900 6.1511374
8000 5.926204
8100 6.114515
8200 6.0757923
8300 6.1789374
8400 5.7405396
8500 6.449426
8600 6.340108
8700 6.3471956
8800 6.336802
8900 6.2453475
9000 6.260382
9100 6.0547748
9200 6.241124
9300 6.5755715
9400 6.3919687
9500 6.311778
9600 6.0444937
9700 6.0436482
9800 5.9337807
9900 6.605025
10000 6.43958
10100 6.0872765
10200 6.241241
10300 5.7512264
10400 6.49147
10500 6.6856217
10600 6.563515
10700 6.6415977
10800 5.6714892
10900 6.494667
11000 6.189887
11100 6.329014
11200 6.5345464
11300 6.523852
11400 6.2468367
11500 6.476841
11600 5.9469175
11700 6.4860425
11800 6.5026445
11900 6.2915955
12000 6.1843452
12100 6.2635717
12200 5.758544
12300 6.1482224
12400 6.1170273
12500 6.63873
12600 5.789886
12700 5.699878
12800 5.9971538
12900 6.3784485
13000 6.7452126
13100 6.238409
13200 5.918673
13300 6.5601807
13400 6.2814875
13500 6.435236
13600 6.1473627
13700 6.191365
13800 6.3152304
13900 6.104742
14000 5.7929115
14100 6.0964084
14200 6.7515683
14300 6.416258
14400 5.6824727
14500 6.494124
14600 6.2671976
14700 5.8621836
14800 6.258668
14900 6.438884
15000 6.4099026
15100 5.44059
15200 5.9609632
15300 5.940319
15400 6.6356955
15500 6.4231305
15600 6.1085362
15700 6.256864
15800 6.7174673
15900 6.547865
16000 5.9967813
16100 6.0507193
16200 6.25156
16300 7.4944983
16400 6.125436
16500 6.4738197
16600 5.9803762
16700 6.284177
16800 6.4048696
16900 6.937683
17000 6.1045227
17100 6.3019514
17200 5.9345436
17300 6.621904
17400 6.498986
17500 5.8845115
17600 5.819706
17700 6.1488056
17800 6.4798055
17900 5.9485826
18000 5.96474
18100 6.4683514
18200 6.0517793
18300 6.4237
18400 6.2001715
18500 6.0131207
18600 6.2189155
18700 6.2593975
18800 5.980976
18900 5.7740726
19000 6.141062
19100 6.240512
19200 6.303949
19300 6.2547746
19400 6.694615
19500 6.5434194
19600 5.7853303
19700 6.2855496
19800 5.798291
19900 6.5204983
20000 6.7899027
20100 6.40055
20200 6.371724
20300 6.0110397
20400 5.9879713
20500 6.2880406
20600 6.418311
20700 6.215257
20800 5.927209
20900 6.427121
21000 6.178465
21100 6.0626373
21200 6.351571
21300 6.208641
21400 6.2450447
21500 6.1623354
21600 6.663596
21700 5.8089967
21800 6.188199
21900 5.979535
22000 6.433663
22100 6.341069
22200 6.3110676
22300 6.2527666
22400 6.446633
22500 6.0529485
22600 6.1337895
22700 6.290823
22800 6.108324
22900 6.272918
23000 6.4654307
23100 6.256819
23200 6.6440725
23300 6.147057
23400 5.7641096
23500 6.041435
23600 6.505223
23700 6.2061076
23800 6.040652
23900 6.1867476
24000 6.3268385
24100 6.382091
24200 6.4032283
24300 6.526698
24400 6.1014915
24500 6.0226097
24600 6.3066607
24700 6.132669
24800 6.381115
24900 6.521119
25000 5.883468
25100 6.390126
25200 5.7493124
25300 5.975297
25400 5.9361377
25500 6.402629
25600 6.2193756
25700 6.2200565
25800 6.2697477
25900 6.5674515
26000 6.3736563
26100 6.213317
26200 5.966094
26300 6.059763
26400 6.314813
26500 6.0761976
26600 6.2931376
26700 6.367759
26800 6.2435308
26900 6.119395
27000 6.170271
27100 5.953588
27200 6.1412644
27300 6.3162713
27400 6.549843
27500 6.3571444
27600 6.6134048
27700 6.1458635
27800 5.9139223
27900 6.1073146
28000 6.324458
28100 6.5478516
28200 6.5907288
28300 6.1442795
28400 7.1182284
28500 6.2629333
28600 6.390105
28700 6.167743
28800 6.7222767
28900 6.827872
29000 6.1412964
29100 6.2985177
29200 6.411667
29300 6.309304
29400 6.129384
29500 6.2259874
29600 6.097405
29700 6.122127
29800 6.169218
29900 6.4789147
30000 6.688295
30100 5.9540687
30200 6.178039
30300 6.071208
30400 6.55277
30500 6.412855
30600 6.4457984
30700 6.712892
30800 6.5904636
30900 6.174788
31000 6.2935553
31100 6.0412993
31200 6.456973
31300 6.6598625
31400 6.218035
31500 6.3220015
31600 6.150068
31700 5.834465
31800 6.0710335
31900 6.6162944
32000 6.44429
32100 6.063078
32200 6.218889
32300 5.746697
32400 6.2622557
32500 5.6262617
32600 6.079198
32700 6.731314
32800 6.3375764
32900 6.060396
33000 5.9480066
33100 6.681424
33200 5.9207363
33300 5.909981
33400 6.267972
33500 6.2455664
33600 6.4242287
33700 6.6892157
33800 5.832598
33900 5.91611
34000 6.096027
34100 6.175251
34200 6.0253973
34300 6.0279093
34400 5.7599664
34500 6.0258493
34600 6.404288
34700 6.3273897
34800 6.2184043
34900 6.2886896
35000 6.1256227
35100 5.880779
35200 6.2084956
35300 6.0487237
35400 6.508126
35500 5.724015
35600 6.095839
35700 5.6064262
35800 6.391836
35900 5.8341484
36000 6.014422
36100 6.2977314
36200 6.230908
36300 6.2147055
36400 6.774399
36500 6.1188116
36600 6.738902
36700 5.80796
36800 5.7219563
36900 6.0707855
37000 6.161461
37100 6.062798
37200 5.6798506
37300 6.297435
37400 5.921302
37500 6.2864122
37600 6.1858673
37700 6.021811
37800 5.6652
37900 6.0202026
38000 6.0152693
38100 6.2267103
38200 6.150268
38300 6.136236
38400 6.112542
38500 6.478014
38600 6.3343453
38700 6.364193
38800 6.292811
38900 6.441062
39000 6.068213
39100 5.657056
39200 6.3982515
39300 6.350129
39400 6.1584625
39500 6.0449724
39600 6.321618
39700 6.0669174
39800 6.123972
39900 6.415382
40000 6.053611
40100 6.0824504
40200 6.0420256
40300 6.5309997
40400 6.4411526
40500 6.2020545
40600 6.4638395
40700 6.1224427
40800 6.2609863
40900 6.2060184
41000 6.51237
41100 5.8995194
