0 0.0625
100 0.21875
200 0.34375
300 0.4375
400 0.4375
500 0.46875
600 0.46875
700 0.4375
800 0.4375
900 0.46875
1000 0.4375
1100 0.5
1200 0.4375
1300 0.4375
1400 0.40625
1500 0.3125
1600 0.59375
1700 0.46875
1800 0.5625
1900 0.21875
2000 0.53125
2100 0.5625
2200 0.65625
2300 0.53125
2400 0.71875
2500 0.5
2600 0.46875
2700 0.59375
2800 0.34375
2900 0.625
3000 0.5
3100 0.40625
3200 0.5
3300 0.71875
3400 0.59375
3500 0.5625
3600 0.5
3700 0.625
3800 0.5625
3900 0.65625
4000 0.5625
4100 0.46875
4200 0.625
4300 0.375
4400 0.53125
4500 0.5
4600 0.59375
4700 0.78125
4800 0.46875
4900 0.625
5000 0.6875
5100 0.375
5200 0.5625
5300 0.46875
5400 0.46875
5500 0.59375
5600 0.53125
5700 0.5625
5800 0.5625
5900 0.5
6000 0.53125
6100 0.59375
6200 0.5
6300 0.5625
6400 0.53125
6500 0.59375
6600 0.5625
6700 0.5625
6800 0.53125
6900 0.65625
7000 0.5625
7100 0.5
7200 0.59375
7300 0.5625
7400 0.65625
7500 0.5625
7600 0.78125
7700 0.625
7800 0.71875
7900 0.6875
8000 0.59375
8100 0.65625
8200 0.71875
8300 0.65625
8400 0.53125
8500 0.6875
8600 0.78125
8700 0.71875
8800 0.71875
8900 0.75
9000 0.65625
9100 0.71875
9200 0.71875
9300 0.6875
9400 0.625
9500 0.65625
9600 0.6875
9700 0.71875
9800 0.6875
9900 0.75
10000 0.71875
10100 0.6875
10200 0.75
10300 0.65625
10400 0.6875
10500 0.78125
10600 0.71875
10700 0.71875
10800 0.6875
10900 0.875
11000 0.8125
11100 0.8125
11200 0.8125
11300 0.6875
11400 0.78125
11500 0.75
11600 0.6875
11700 0.59375
11800 0.71875
11900 0.78125
12000 0.71875
12100 0.84375
12200 0.65625
12300 0.875
12400 0.75
12500 0.8125
12600 0.84375
12700 0.75
12800 0.875
12900 0.78125
13000 0.65625
13100 0.78125
13200 0.75
13300 0.75
13400 0.6875
13500 0.65625
13600 0.78125
13700 0.53125
13800 0.71875
13900 0.78125
14000 0.90625
14100 0.78125
14200 0.78125
14300 0.625
14400 0.84375
14500 0.90625
14600 0.625
14700 0.78125
14800 0.71875
14900 0.8125
15000 0.78125
15100 0.75
15200 0.75
15300 0.8125
15400 0.78125
15500 0.8125
15600 0.78125
15700 0.8125
15800 0.8125
15900 0.8125
16000 0.9375
16100 0.6875
16200 0.65625
16300 0.78125
16400 0.875
16500 0.71875
16600 0.78125
16700 0.84375
16800 0.75
16900 0.9375
17000 0.65625
17100 0.75
17200 0.84375
17300 0.78125
17400 0.84375
17500 0.875
17600 0.90625
17700 0.875
17800 0.75
17900 0.8125
18000 0.84375
18100 0.84375
18200 0.90625
18300 0.75
18400 0.90625
18500 0.875
18600 0.875
18700 0.8125
18800 0.875
18900 0.84375
19000 0.84375
19100 0.78125
19200 0.71875
19300 0.75
19400 0.71875
19500 0.8125
19600 0.875
19700 0.90625
19800 0.90625
19900 0.8125
20000 0.875
20100 0.84375
20200 0.9375
20300 0.875
20400 0.875
20500 0.8125
20600 0.96875
20700 0.90625
20800 0.84375
20900 0.78125
21000 0.90625
21100 0.8125
21200 0.90625
21300 0.8125
21400 0.875
21500 0.84375
21600 0.8125
21700 0.84375
21800 0.84375
21900 0.84375
22000 0.9375
