0 4.8132043
100 4.2452464
200 2.9130518
300 2.2285461
400 2.6268423
500 2.1519604
600 2.021654
700 1.9861002
800 2.3568027
900 1.9529849
1000 1.9418142
1100 1.8240497
1200 2.1804283
1300 2.360062
1400 2.2764652
1500 2.3879585
1600 1.7258825
1700 2.235417
1800 1.9588557
1900 2.9179814
2000 2.1762474
2100 1.9689467
2200 1.5237565
2300 2.0227568
2400 1.7975593
2500 2.1421282
2600 1.9122056
2700 1.5798299
2800 2.5592697
2900 1.4873215
3000 1.9298879
3100 2.1334493
3200 2.1146252
3300 1.5198702
3400 1.480939
3500 2.06325
3600 1.838658
3700 1.9202946
3800 1.6756527
3900 1.5387764
4000 1.7929119
4100 2.0570877
4200 1.9405342
4300 2.8334055
4400 2.1690547
4500 2.0948489
4600 1.5612382
4700 1.4771105
4800 2.1311014
4900 1.6562992
5000 1.380108
5100 2.043736
5200 1.9311525
5300 2.2300892
5400 1.9021467
5500 1.6934308
5600 1.841297
5700 1.9519165
5800 1.5779797
5900 1.8352067
6000 1.8997929
6100 1.6255208
6200 2.2021804
6300 2.0291033
6400 1.8522638
6500 1.837786
6600 1.2927392
6700 1.8465447
6800 1.9201926
6900 1.624574
7000 1.846194
7100 1.7083648
7200 1.3955278
7300 1.670071
7400 1.5047649
7500 1.5810426
7600 1.3245573
7700 1.8808703
7800 1.2033244
7900 1.625118
8000 1.6832685
8100 1.3940357
8200 1.4444191
8300 1.344611
8400 1.5142151
8500 1.1791021
8600 0.9407923
8700 1.273056
8800 0.9737386
8900 1.4814326
9000 1.4704437
9100 1.2644063
9200 1.2733196
9300 1.2038316
9400 1.6154485
9500 1.3164237
9600 1.3355272
9700 1.2222382
9800 1.4673439
9900 1.3335572
10000 1.3817202
10100 1.3806081
10200 1.2923517
10300 1.1038911
10400 1.4748974
10500 1.1347907
10600 1.2939601
10700 1.3979828
10800 1.2785417
10900 1.0595555
11000 0.9732142
11100 0.9957264
11200 1.1506906
11300 1.5910497
11400 1.0420045
11500 1.08859
11600 1.522516
11700 1.7809145
11800 1.398754
11900 0.93396795
12000 1.1011001
12100 0.869504
12200 1.2960075
12300 0.83875424
12400 1.2245206
12500 0.94744706
12600 0.954071
12700 0.7802453
12800 0.85755694
12900 1.1553358
13000 1.1600827
13100 1.0861065
13200 1.1336964
13300 0.88808984
13400 1.2145814
13500 1.2841536
13600 1.2529808
13700 1.6383954
13800 1.1442984
13900 0.88383603
14000 0.72286147
14100 0.92999154
14200 1.1236547
14300 1.3022008
14400 0.71969074
14500 0.68040854
14600 1.2276747
14700 0.8501946
14800 1.2663229
14900 0.9651649
15000 1.2745684
15100 1.0872141
15200 0.9560981
15300 0.82841676
15400 1.0850991
15500 0.62640625
15600 1.0182633
15700 1.0048578
15800 1.13058
15900 0.92435867
16000 0.60364115
16100 1.2285612
16200 1.139281
16300 0.9532338
16400 0.9371245
16500 1.0654941
16600 0.9221949
16700 0.9455354
16800 0.8320411
16900 0.75271434
17000 1.0526212
17100 1.1049377
17200 0.7540532
17300 1.0756799
17400 0.910293
17500 0.93673074
17600 0.8738149
17700 0.73224264
17800 1.0260848
17900 0.9100643
18000 0.95535225
18100 0.6523553
18200 0.62551224
18300 0.7887122
18400 0.6290575
18500 0.6523041
18600 0.89373714
18700 0.89933634
18800 0.6873254
18900 0.7966693
19000 0.7656699
19100 1.040604
19200 1.1794728
19300 0.9410329
19400 1.3209044
19500 1.1102642
19600 0.86174536
19700 0.7845711
19800 0.78273106
19900 0.8233941
20000 0.6966216
20100 0.7421282
20200 0.70770764
20300 0.7115012
20400 0.89258116
20500 0.64261043
20600 0.38333622
20700 0.5840937
20800 0.84920555
20900 1.1018213
21000 0.7392561
21100 0.72013056
21200 0.7074209
21300 0.9257877
21400 0.7510791
21500 0.79555494
21600 0.7046742
21700 0.9618056
21800 0.746172
21900 0.83561623
22000 0.62168384
