0 3.336259
100 2.9425807
200 2.0191736
300 1.5447104
400 1.8207884
500 1.4916253
600 1.4013038
700 1.3766598
800 1.6336112
900 1.353706
1000 1.345963
1100 1.2643349
1200 1.5113578
1300 1.6358702
1400 1.5779254
1500 1.6552067
1600 1.1962906
1700 1.5494729
1800 1.3577753
1900 2.0225906
2000 1.5084598
2100 1.3647698
2200 1.0561875
2300 1.4020683
2400 1.2459731
2500 1.4848101
2600 1.3254399
2700 1.0950546
2800 1.7739506
2900 1.0309327
3000 1.3376963
3100 1.4787943
3200 1.4657465
3300 1.0534937
3400 1.0265087
3500 1.430136
3600 1.2744606
3700 1.3310468
3800 1.161474
3900 1.0665985
4000 1.2427518
4100 1.4258645
4200 1.3450758
4300 1.9639671
4400 1.5034742
4500 1.4520385
4600 1.0821679
4700 1.023855
4800 1.4771669
4900 1.1480591
5000 0.95661795
5100 1.4166098
5200 1.3385729
5300 1.5457801
5400 1.3184676
5500 1.1737968
5600 1.2762898
5700 1.3529654
5800 1.0937722
5900 1.2720684
6000 1.3168361
6100 1.1267252
6200 1.5264351
6300 1.4064672
6400 1.2838914
6500 1.2738562
6600 0.8960585
6700 1.2799273
6800 1.3309761
6900 1.1260688
7000 1.2796842
7100 1.1841483
7200 0.9673062
7300 1.157605
7400 1.0430236
7500 1.0958953
7600 0.9181132
7700 1.30372
7800 0.83408093
7900 1.126446
8000 1.1667528
8100 0.96627194
8200 1.0011951
8300 0.93201333
8400 1.0495739
8500 0.81729126
8600 0.65210754
8700 0.8824152
8800 0.67494416
8900 1.0268508
9000 1.019234
9100 0.87641966
9200 0.88259786
9300 0.8344325
9400 1.1197436
9500 0.91247535
9600 0.9257169
9700 0.847191
9800 1.0170853
9900 0.92435145
10000 0.9577354
10100 0.9569646
10200 0.89579
10300 0.765159
10400 1.022321
10500 0.786577
10600 0.8969048
10700 0.96900785
10800 0.8862176
10900 0.7344279
11000 0.6745807
11100 0.69018495
11200 0.7975979
11300 1.1028316
11400 0.72226244
11500 0.7545531
11600 1.0553277
11700 1.2344359
11800 0.9695424
11900 0.64737725
12000 0.7632244
12100 0.6026942
12200 0.89832395
12300 0.5813801
12400 0.848773
12500 0.6567203
12600 0.6613116
12700 0.54082483
12800 0.59441316
12900 0.8008177
13000 0.8041081
13100 0.7528317
13200 0.78581846
13300 0.615577
13400 0.84188366
13500 0.89010745
13600 0.8685001
13700 1.1356492
13800 0.79316723
13900 0.61262846
14000 0.5010494
14100 0.644621
14200 0.77885807
14300 0.9026168
14400 0.49885163
14500 0.47162324
14600 0.85095924
14700 0.58931
14800 0.87774813
14900 0.66900134
15000 0.8834635
15100 0.7535994
15200 0.6627167
15300 0.57421476
15400 0.75213337
15500 0.43419173
15600 0.7058064
15700 0.69651437
15800 0.78365827
15900 0.6407166
16000 0.41841218
16100 0.8515737
16200 0.7896894
16300 0.6607313
16400 0.6495652
16500 0.7385442
16600 0.6392168
16700 0.6553952
16800 0.5767269
16900 0.5217418
17000 0.7296214
17100 0.7658844
17200 0.52266985
17300 0.7456045
17400 0.630967
17500 0.6492923
17600 0.6056823
17700 0.5075519
17800 0.7112278
17900 0.6308085
18000 0.66219974
18100 0.45217824
18200 0.43357205
18300 0.5466936
18400 0.43602943
18500 0.45214275
18600 0.6194914
18700 0.62337244
18800 0.47641766
18900 0.5522091
19000 0.5307219
19100 0.7212917
19200 0.8175483
19300 0.6522743
19400 0.9155811
19500 0.7695765
19600 0.5973164
19700 0.54382324
19800 0.5425478
19900 0.5707333
20000 0.4828613
20100 0.51440406
20200 0.49054557
20300 0.49317503
20400 0.61869013
20500 0.4454236
20600 0.26570842
20700 0.4048629
20800 0.5886244
20900 0.7637243
21000 0.51241326
21100 0.49915648
21200 0.4903468
21300 0.6417071
21400 0.52060837
21500 0.55143666
21600 0.48844293
21700 0.6666728
21800 0.517207
21900 0.57920504
22000 0.4309184
