0 5.7142124
100 4.7346396
200 4.64415
300 5.046897
400 4.1060534
500 4.5016117
600 4.829289
700 4.4500327
800 4.5673146
900 4.003871
1000 4.198658
1100 4.1145554
1200 4.5994644
1300 4.6117992
1400 4.5626774
1500 4.6706076
1600 4.138509
1700 4.350929
1800 4.13544
1900 4.734853
2000 4.5683136
2100 4.181368
2200 4.6801634
2300 4.028408
2400 3.8076801
2500 4.4523525
2600 4.0055966
2700 3.6759048
2800 4.305608
2900 3.7558594
3000 3.9973476
3100 4.5498133
3200 3.7215981
3300 3.4727058
3400 3.6536686
3500 3.630156
3600 3.8549404
3700 3.7287273
3800 3.7303896
3900 3.4964504
4000 3.3124328
4100 3.870869
4200 3.5082598
4300 3.5417922
4400 3.6832557
4500 3.4145112
4600 4.0514827
4700 4.2188125
4800 3.8570204
4900 3.8650815
5000 3.2448545
5100 3.8489707
5200 3.5123715
5300 3.6173608
5400 3.685433
5500 3.315368
5600 3.6609583
5700 3.8681512
5800 3.108295
5900 3.4737763
6000 3.2218084
6100 3.0517163
6200 3.6810036
6300 3.0020833
6400 3.4752493
6500 3.356958
6600 3.2233734
6700 3.2951555
6800 3.8485084
6900 3.167299
7000 3.540667
7100 3.4586442
7200 3.0738034
7300 2.8517652
7400 3.1759818
7500 3.8064344
7600 3.6289487
7700 3.3495784
7800 3.5590758
7900 3.1691375
8000 3.3845723
8100 4.0917373
8200 3.5658433
8300 2.7167215
8400 2.925641
8500 3.0566509
8600 2.7738423
8700 3.2612042
8800 3.0249562
8900 2.8199887
9000 3.1835093
9100 3.11125
9200 3.5015984
9300 3.2649407
9400 3.4781742
9500 3.3958569
9600 3.7266235
9700 3.0252068
9800 3.3078113
9900 3.1125464
10000 3.6525512
10100 3.4597049
10200 3.313599
10300 2.9750402
10400 3.0273333
10500 2.3846657
10600 2.8669777
10700 2.5084825
10800 2.516025
10900 2.833422
11000 3.172329
11100 2.9890172
11200 3.0780342
11300 3.541529
11400 2.909411
11500 3.0783677
11600 3.261314
11700 3.2481334
11800 3.2934232
11900 3.0810685
12000 2.8111649
12100 2.7681327
12200 2.9206083
12300 2.9404237
12400 2.8674235
12500 3.098951
12600 2.8890493
12700 2.8347504
12800 2.936585
12900 3.27337
13000 3.0328698
13100 3.1509445
13200 3.040431
13300 2.9541242
13400 2.8683872
13500 3.2970133
13600 2.554254
13700 3.3534713
13800 3.4600406
13900 2.4231296
14000 2.6849728
14100 3.208157
14200 3.0005882
14300 3.13125
14400 2.2916756
14500 2.8704123
14600 3.2177348
14700 2.6655416
14800 3.1136913
14900 2.8194704
15000 2.8544602
15100 3.12521
15200 2.6792989
15300 2.5049114
15400 2.5707364
15500 2.405314
15600 3.162683
15700 2.8485155
15800 2.7923145
15900 2.7608814
16000 2.6650233
16100 3.028371
16200 3.0994973
16300 2.8686247
16400 2.965403
16500 2.7240639
16600 3.1685028
16700 2.9135206
16800 2.8215218
16900 2.751748
17000 2.9251218
17100 2.804487
17200 2.7887607
17300 2.469703
17400 2.8354857
17500 2.6267748
17600 3.1168942
17700 2.6316247
17800 2.8413837
17900 2.9357975
18000 2.7754107
18100 2.5847607
18200 2.2821202
18300 2.820821
18400 2.4681673
18500 2.5130851
18600 2.678721
18700 2.8305633
18800 2.7616103
18900 2.8551185
19000 2.704925
19100 2.959541
19200 3.1018314
19300 3.12971
19400 3.2106314
19500 2.9555514
19600 2.6576858
19700 2.84297
19800 2.5619214
19900 2.6303782
20000 2.7442799
20100 2.6464205
20200 2.6680086
20300 2.5109744
20400 2.77417
20500 2.1697025
20600 2.1199348
20700 2.5117407
20800 2.823142
20900 3.3022509
21000 2.7700734
21100 2.4451928
21200 2.8681479
21300 2.6966734
21400 2.9883373
21500 2.8580227
21600 2.4026082
21700 2.6725354
21800 2.6117465
21900 3.1263874
22000 2.6839776
