0 4.029052
100 0.11341332
200 0.089845076
300 0.2930688
400 0.114775196
500 0.26145396
600 0.042262826
700 0.079500064
800 0.1068126
900 0.18149126
1000 0.034153815
1100 0.047363587
1200 0.12160442
1300 0.10605877
1400 0.2510181
1500 0.26141667
1600 0.147276
1700 0.080170214
1800 0.017131668
1900 0.016194653
2000 0.047724545
2100 0.12449667
2200 0.0029511014
2300 0.016926685
2400 0.03326998
2500 0.11053476
2600 0.01223063
2700 0.06342228
2800 0.0175699
2900 0.10807793
3000 0.022925543
3100 0.24933459
3200 0.020568283
3300 0.052331243
3400 0.05718172
3500 0.010049108
3600 0.03163012
3700 0.032376908
3800 0.009991586
3900 0.046607435
4000 0.08629588
4100 0.15173802
4200 0.009601964
4300 0.0061770333
4400 0.020864852
4500 0.12202871
4600 0.16207679
4700 0.03400688
4800 0.0073185572
4900 0.0038357892
5000 0.018565875
5100 0.09473988
5200 0.012777657
5300 0.02882179
5400 0.009224655
5500 0.051590465
5600 0.056562155
5700 0.012274159
5800 0.026881514
5900 0.011949396
6000 0.020908983
6100 0.0009783558
6200 0.00944239
6300 0.098939136
6400 0.006904648
6500 0.061084375
6600 0.0057893437
6700 0.003708568
6800 0.0112434765
6900 0.014731387
7000 0.039336566
7100 0.010257405
7200 0.003866586
7300 0.010135688
7400 0.013675017
7500 0.0009490085
7600 0.0030601593
7700 0.002182289
7800 0.0021679758
7900 0.0060164705
8000 0.007914685
8100 0.012595707
8200 0.0078318585
8300 0.006560928
8400 0.0017882482
8500 0.007257578
8600 0.0012741842
8700 0.0079161115
8800 0.002356842
8900 0.0075541176
9000 0.004745178
9100 0.047998823
9200 0.016880034
9300 0.006065527
9400 0.0034444947
9500 0.0022697418
9600 0.00554683
9700 0.0078290235
9800 0.0108322445
9900 0.0049822526
10000 0.002923996
10100 0.0152244065
10200 0.0019017161
10300 0.0059461007
10400 0.0051513324
10500 0.003378286
10600 0.000328833
10700 0.011638888
10800 0.005956779
10900 0.015120807
11000 0.0034109778
11100 0.0029672016
11200 0.002380879
11300 0.0063249106
11400 0.017603138
11500 0.0001602874
11600 0.012825668
11700 0.012702598
11800 0.0044545727
11900 0.0006504341
12000 0.007016512
12100 0.0055384925
12200 0.0051727737
12300 0.0031620837
12400 0.00039346507
12500 0.0013300754
12600 0.0012419618
12700 0.0009277501
12800 0.0021737278
12900 0.00431003
13000 0.0052012037
13100 0.008506075
13200 0.00546961
13300 0.0011552987
13400 0.00214614
13500 0.0007006657
13600 0.00035625868
13700 0.00042662903
13800 0.0054721627
13900 0.002161587
14000 0.0019313769
14100 0.00060029014
14200 0.0042009605
14300 0.00056446966
14400 0.0018275357
14500 0.010395905
14600 0.0017620011
14700 0.0004436647
14800 0.0024478394
14900 0.0026752125
