0 0.021875001
100 0.15625
200 0.36875
300 0.46249998
400 0.47187498
500 0.52500004
600 0.53125
700 0.47812498
800 0.434375
900 0.515625
1000 0.471875
1100 0.459375
1200 0.46562502
1300 0.48437503
1400 0.51875
1500 0.5375
1600 0.47499996
1700 0.47500002
1800 0.546875
1900 0.515625
2000 0.540625
2100 0.53437495
2200 0.48125
2300 0.575
2400 0.55937505
2500 0.44062504
2600 0.521875
2700 0.509375
2800 0.534375
2900 0.553125
3000 0.46562505
3100 0.50625
3200 0.49062502
3300 0.584375
3400 0.47812498
3500 0.49062502
3600 0.53749996
3700 0.521875
3800 0.465625
3900 0.47500005
4000 0.528125
4100 0.525
4200 0.553125
4300 0.571875
4400 0.56250006
4500 0.521875
4600 0.571875
4700 0.54375005
4800 0.59687495
4900 0.56875
5000 0.63125
5100 0.5
5200 0.503125
5300 0.53125
5400 0.575
5500 0.61875004
5600 0.534375
5700 0.5375
5800 0.53437495
5900 0.525
6000 0.51250005
6100 0.50937504
6200 0.53125006
6300 0.55
6400 0.515625
6500 0.5625
6600 0.584375
6700 0.515625
6800 0.5
6900 0.58750004
7000 0.49999997
7100 0.54375
7200 0.528125
7300 0.55625004
7400 0.52500004
7500 0.559375
7600 0.4875
7700 0.565625
7800 0.584375
7900 0.55625004
8000 0.565625
8100 0.55937505
8200 0.55312496
8300 0.61249995
8400 0.565625
8500 0.528125
8600 0.578125
8700 0.565625
8800 0.49062502
8900 0.51875
9000 0.57500005
9100 0.534375
9200 0.534375
9300 0.54375005
9400 0.49687502
9500 0.553125
9600 0.6
9700 0.609375
9800 0.571875
9900 0.54999995
10000 0.534375
10100 0.553125
10200 0.596875
10300 0.57812506
10400 0.528125
10500 0.53125
10600 0.5375
10700 0.5125
10800 0.609375
10900 0.55
11000 0.575
11100 0.5625
11200 0.503125
11300 0.528125
11400 0.56875
11500 0.50937504
11600 0.53749996
11700 0.5375
11800 0.5
11900 0.5375
12000 0.57187504
12100 0.540625
12200 0.534375
12300 0.56874996
12400 0.54062504
12500 0.484375
12600 0.55
12700 0.559375
12800 0.5375
12900 0.525
13000 0.48125
13100 0.55937505
13200 0.60937506
13300 0.50312495
13400 0.534375
13500 0.54999995
13600 0.56249994
13700 0.52500004
13800 0.49999997
13900 0.521875
14000 0.553125
14100 0.525
14200 0.49375004
14300 0.59062505
14400 0.534375
14500 0.50937504
14600 0.546875
14700 0.57812506
14800 0.58125
14900 0.57812506
15000 0.540625
15100 0.54999995
15200 0.62812495
15300 0.55625
15400 0.54375005
15500 0.5343751
15600 0.578125
15700 0.578125
15800 0.48749998
15900 0.50625
16000 0.59375
16100 0.578125
16200 0.553125
16300 0.46562505
16400 0.55625
16500 0.578125
16600 0.58437496
16700 0.53125
16800 0.54687506
16900 0.484375
17000 0.553125
17100 0.6
17200 0.52500004
17300 0.540625
17400 0.546875
17500 0.54062504
17600 0.603125
17700 0.57812506
17800 0.5375
17900 0.54375
18000 0.571875
18100 0.503125
18200 0.553125
18300 0.51875
18400 0.546875
18500 0.634375
18600 0.528125
18700 0.525
18800 0.58750004
18900 0.615625
19000 0.58124995
19100 0.53125
19200 0.5875
19300 0.54375005
19400 0.52812505
19500 0.54375005
19600 0.56874996
19700 0.56875
19800 0.62500006
19900 0.584375
