0 4.7568707
100 4.1644664
200 3.0769186
300 2.50788
400 2.484758
500 2.2473705
600 2.2555742
700 2.4435387
800 2.512841
900 2.4983795
1000 2.3937485
1100 2.6495204
1200 2.4222147
1300 2.5054643
1400 2.2522821
1500 2.2283928
1600 2.3211892
1700 2.537992
1800 2.2212565
1900 2.2615116
2000 2.1636398
2100 2.2592201
2200 2.3884985
2300 2.0062952
2400 2.0999286
2500 2.5570338
2600 2.3371692
2700 2.2196763
2800 2.2714677
2900 2.1542554
3000 2.3161218
3100 2.4071622
3200 2.360856
3300 2.0113487
3400 2.3838031
3500 2.338649
3600 2.3108857
3700 2.3084483
3800 2.4164217
3900 2.4770358
4000 2.3199744
4100 2.3162336
4200 2.1153514
4300 1.9746379
4400 2.1829286
4500 2.344716
4600 1.924131
4700 2.1664689
4800 1.8928314
4900 2.0720658
5000 1.8990096
5100 2.2591004
5200 2.3576272
5300 2.2636962
5400 2.0757592
5500 1.8940513
5600 2.1829503
5700 2.0032015
5800 2.1911466
5900 2.228391
6000 2.3033335
6100 2.2987142
6200 2.2059648
6300 2.2354105
6400 2.2673466
6500 2.0931048
6600 1.8208615
6700 2.1063855
6800 2.2745423
6900 1.9879568
7000 2.3097017
7100 2.143908
7200 2.0626466
7300 2.1903377
7400 2.274236
7500 2.0872924
7600 2.5156813
7700 1.9864674
7800 1.871864
7900 2.1308048
8000 2.0274508
8100 2.0664508
8200 2.141641
8300 2.0393555
8400 1.9396741
8500 2.3072076
8600 1.9869274
8700 2.0888324
8800 2.3757157
8900 2.2331262
9000 2.077192
9100 2.1475735
9200 2.2805302
9300 2.2067962
9400 2.5485044
9500 2.1118026
9600 2.0011551
9700 1.8887327
9800 2.0465276
9900 2.2188191
10000 2.228924
10100 2.068487
10200 1.8477379
10300 1.8793089
10400 2.080744
10500 2.4186652
10600 2.185429
10700 2.2233555
10800 1.8733232
10900 2.0411875
11000 2.0574808
11100 2.1948493
11200 2.1784298
11300 2.341748
11400 2.233665
11500 2.2869449
11600 2.1217906
11700 2.3142204
11800 2.2907
11900 2.2072377
12000 2.0743206
12100 2.0763738
12200 2.0926864
12300 2.0625837
12400 2.2237098
12500 2.3459089
12600 2.110195
12700 1.973784
12800 2.1842797
12900 2.3171115
13000 2.3579445
13100 2.2057204
13200 1.8740064
13300 2.411512
13400 2.2248409
13500 2.156338
13600 2.0935965
13700 2.252211
13800 2.2146695
13900 2.1685858
14000 1.9950428
14100 2.1097968
14200 2.3485835
14300 2.0039513
14400 2.2291033
14500 2.3738196
14600 2.173201
14700 1.9861155
14800 1.9333569
14900 2.1401026
15000 2.1349664
15100 2.0537565
15200 1.766374
15300 2.0072064
15400 2.1632242
15500 2.323939
15600 2.0698693
15700 2.0198534
15800 2.6461852
15900 2.2733848
16000 1.9516364
16100 2.1035357
16200 2.260461
16300 2.6219845
16400 2.106428
16500 2.1255639
16600 1.9662391
16700 2.4102595
16800 2.085559
16900 2.345765
17000 2.0931005
17100 2.007418
17200 2.161211
17300 2.1586125
17400 2.0906155
17500 1.8905063
17600 1.8458347
17700 1.9896117
17800 2.1490822
17900 2.173636
18000 2.1911893
18100 2.2698972
18200 2.109303
18300 2.3305392
18400 2.1362627
18500 1.8667952
18600 2.2159188
18700 2.2815154
18800 1.9357564
18900 1.8542074
19000 1.9099853
19100 2.1164176
19200 1.964832
19300 2.2138164
19400 2.1785753
19500 2.2315152
19600 2.1351438
19700 2.0096767
19800 1.7911053
19900 1.9141968
