0 3.2972116
100 2.886588
200 2.1327574
300 1.7383299
400 1.7223029
500 1.5577586
600 1.5634449
700 1.6937319
800 1.7417686
900 1.7317448
1000 1.6592201
1100 1.8365076
1200 1.6789513
1300 1.7366555
1400 1.561163
1500 1.5446042
1600 1.6089257
1700 1.759202
1800 1.5396577
1900 1.5675604
2000 1.4997208
2100 1.5659721
2200 1.655581
2300 1.3906579
2400 1.4555596
2500 1.7724007
2600 1.6200022
2700 1.5385623
2800 1.5744615
2900 1.493216
3000 1.6054133
3100 1.6685177
3200 1.6364207
3300 1.3941606
3400 1.6523263
3500 1.6210281
3600 1.6017839
3700 1.6000944
3800 1.6749359
3900 1.7169504
4000 1.6080837
4100 1.6054908
4200 1.46625
4300 1.3687147
4400 1.5130908
4500 1.6252333
4600 1.333706
4700 1.5016818
4800 1.3120108
4900 1.4362466
5000 1.3162931
5100 1.5658891
5200 1.6341827
5300 1.5690746
5400 1.4388067
5500 1.3128563
5600 1.5131059
5700 1.3885134
5800 1.5187871
5900 1.5446029
6000 1.5965492
6100 1.5933473
6200 1.5290582
6300 1.5494685
6400 1.5716048
6500 1.4508297
6600 1.262125
6700 1.4600351
6800 1.5765927
6900 1.3779466
7000 1.6009632
7100 1.4860438
7200 1.4297178
7300 1.5182264
7400 1.5763803
7500 1.446801
7600 1.7437373
7700 1.3769143
7800 1.2974772
7900 1.4769613
8000 1.4053218
8100 1.4323546
8200 1.4844724
8300 1.4135735
8400 1.3444797
8500 1.5992345
8600 1.3772331
8700 1.4478683
8800 1.6467206
8900 1.5478851
9000 1.4397998
9100 1.4885845
9200 1.5807431
9300 1.5296345
9400 1.7664886
9500 1.46379
9600 1.387095
9700 1.3091698
9800 1.4185449
9900 1.5379682
10000 1.5449724
10100 1.4337659
10200 1.2807543
10300 1.3026377
10400 1.4422618
10500 1.676491
10600 1.514824
10700 1.5411127
10800 1.2984887
10900 1.4148433
11000 1.426137
11100 1.5213536
11200 1.5099726
11300 1.6231761
11400 1.5482585
11500 1.5851893
11600 1.4707133
11700 1.6040953
11800 1.5877923
11900 1.5299406
12000 1.4378095
12100 1.4392327
12200 1.4505397
12300 1.429674
12400 1.5413582
12500 1.6260601
12600 1.4626757
12700 1.3681228
12800 1.5140274
12900 1.6060994
13000 1.6344026
13100 1.528889
13200 1.2989622
13300 1.6715326
13400 1.5421422
13500 1.4946597
13600 1.4511704
13700 1.5611138
13800 1.5350919
13900 1.5031492
14000 1.3828583
14100 1.4623996
14200 1.627914
14300 1.3890332
14400 1.5450968
14500 1.6454064
14600 1.5063483
14700 1.3766704
14800 1.3401009
14900 1.4834062
15000 1.4798459
15100 1.4235555
15200 1.2243571
15300 1.3912895
15400 1.4994328
15500 1.6108319
15600 1.4347241
15700 1.4000556
15800 1.8341959
15900 1.5757903
16000 1.3527713
16100 1.4580598
16200 1.5668323
16300 1.8174211
16400 1.4600645
16500 1.4733286
16600 1.3628931
16700 1.6706645
16800 1.4455993
16900 1.6259605
17000 1.4508268
17100 1.3914361
17200 1.4980373
17300 1.4962361
17400 1.4491042
17500 1.310399
17600 1.2794352
17700 1.3790938
17800 1.4896302
17900 1.5066496
18000 1.5188167
18100 1.5733728
18200 1.4620575
18300 1.6154066
18400 1.4807445
18500 1.2939638
18600 1.5359578
18700 1.581426
18800 1.3417641
18900 1.2852386
19000 1.3239009
19100 1.4669889
19200 1.3619177
19300 1.5345006
19400 1.5100733
19500 1.5467684
19600 1.4799689
19700 1.3930018
19800 1.2414995
19900 1.3268201
