0 26.998247
100 18.557304
200 10.08021
300 8.43618
400 8.055454
500 7.3325043
600 7.1625657
700 7.407945
800 7.233986
900 7.7545233
1000 6.7022424
1100 7.186098
1200 7.328242
1300 6.804044
1400 6.9164367
1500 6.83681
1600 6.902199
1700 7.047488
1800 6.592931
1900 6.5558515
2000 6.852931
2100 6.842292
2200 6.879271
2300 6.275689
2400 6.487631
2500 7.210331
2600 6.379492
2700 6.718306
2800 6.424286
2900 6.2847056
3000 6.852057
3100 6.511549
3200 6.377614
3300 6.2545576
3400 6.8645806
3500 6.6857104
3600 6.349999
3700 6.523269
3800 7.022994
3900 6.534053
4000 6.7252383
4100 6.8463507
4200 6.2985864
4300 6.269644
4400 6.519596
4500 6.522389
4600 5.8516464
4700 6.178017
4800 6.22244
4900 6.1841044
5000 6.0959764
5100 6.749425
5200 6.7575884
5300 6.6223497
5400 6.33654
5500 6.1356792
5600 6.276857
5700 6.5556717
5800 6.212888
5900 5.9565644
6000 6.8635945
6100 6.4351673
6200 6.498493
6300 6.1527967
6400 6.6288557
6500 6.3015184
6600 6.0284486
6700 6.741619
6800 6.5149665
6900 6.6678705
7000 6.796986
7100 6.4291506
7200 6.478986
7300 6.2270346
7400 6.406163
7500 6.1860013
7600 6.628604
7700 6.193132
7800 6.0530863
7900 6.333931
8000 5.9927273
8100 5.9878635
8200 6.163626
8300 6.26345
8400 5.8717422
8500 6.4784036
8600 6.293995
8700 6.375174
8800 6.2920036
8900 6.2358837
9000 6.236665
9100 6.050053
9200 6.4049635
9300 6.6140056
9400 6.616354
9500 6.2301188
9600 5.941131
9700 6.062935
9800 5.9324255
9900 6.5442886
10000 6.4710546
10100 6.1537204
10200 6.1359096
10300 5.7409434
10400 6.387855
10500 6.747254
10600 6.675913
10700 6.6813974
10800 5.7402782
10900 6.5806174
11000 6.1170063
11100 6.4954805
11200 6.5085
11300 6.5009513
11400 6.3804545
11500 6.488041
11600 6.2336187
11700 6.610019
11800 6.4054513
11900 6.13809
12000 6.109974
12100 6.222579
12200 5.774396
12300 6.1640115
12400 6.1464458
12500 6.629236
12600 5.927107
12700 5.7706304
12800 6.2395177
12900 6.302113
13000 6.8936834
13100 6.236439
13200 6.084133
13300 6.6480217
13400 6.337845
13500 6.3599935
13600 6.19291
13700 6.282623
13800 6.2726865
13900 6.0199957
14000 5.8347583
14100 6.191464
14200 6.7807775
14300 6.2858896
14400 5.6299324
14500 6.654117
14600 6.269447
14700 6.0041165
14800 6.2627287
14900 6.3988295
15000 6.3177023
15100 5.5158005
15200 6.055801
15300 5.8260446
15400 6.738418
15500 6.5553656
15600 6.193698
15700 6.2246447
15800 6.934724
15900 6.7088985
16000 5.9657445
16100 5.948304
16200 6.0768228
16300 7.398651
16400 6.060071
16500 6.6094747
16600 6.0275807
16700 6.307706
16800 6.682121
16900 6.995324
17000 6.0862613
17100 6.23349
17200 6.060962
17300 6.6434197
17400 6.483044
17500 5.982042
17600 5.728266
17700 6.2300463
17800 6.5128937
17900 5.993252
18000 6.0107183
18100 6.552215
18200 6.0452356
18300 6.6101236
18400 6.2214694
18500 6.025
18600 6.4489217
18700 6.2288957
18800 5.948726
18900 5.723611
19000 6.2117205
19100 6.3224754
19200 6.466792
19300 6.3832808
19400 6.7594914
19500 6.6473174
19600 5.790112
19700 6.3330617
19800 5.7378826
19900 6.520567
