0 4.801659
100 0.26148123
200 0.7841642
300 0.14330201
400 0.4326053
500 0.2675441
600 0.15037912
700 0.41155815
800 0.25498822
900 0.40725315
1000 0.20365751
1100 0.32388875
1200 0.06448542
1300 0.041038923
1400 0.06748419
1500 0.04972857
1600 0.054961883
1700 0.1315452
1800 0.25458455
1900 0.016302891
2000 0.025341673
2100 0.10091577
2200 0.021108417
2300 0.11582316
2400 0.09935778
2500 0.122196026
2600 0.29332227
2700 0.026854206
2800 0.07714178
2900 0.07857963
3000 0.12722361
3100 0.012649274
3200 0.18358587
3300 0.017943934
3400 0.07437957
3500 0.045549084
3600 0.0028096105
3700 0.008805775
3800 0.084177665
3900 0.3064502
4000 0.046364672
4100 0.023637868
4200 0.019340696
4300 0.078006454
4400 0.017352575
4500 0.09305441
4600 0.09952105
4700 0.03151823
4800 0.042524993
4900 0.028822452
5000 0.028500972
5100 0.08778845
5200 0.02247916
5300 0.02193649
5400 0.039922375
5500 0.24279162
5600 0.0051934547
5700 0.006130198
5800 0.0027575383
5900 0.0032263983
6000 0.0026608882
6100 0.0037517035
6200 0.108612135
6300 0.01004367
6400 0.0114210965
6500 0.02608974
6600 0.14612885
6700 0.020117387
6800 0.037504148
6900 0.017302101
7000 0.0037269655
7100 0.0051221983
7200 0.0030739317
7300 0.0048588924
7400 0.0041719708
7500 0.012048145
7600 0.0035146056
7700 0.013485305
7800 0.014297272
7900 0.002006853
8000 0.0018447901
8100 0.09695738
8200 0.12818761
8300 0.061683137
8400 0.0027601318
8500 0.005937982
8600 0.0028427134
8700 0.006927876
8800 0.0037157682
8900 0.0006348213
9000 0.01299653
9100 0.022402763
9200 0.001718592
9300 0.006672922
9400 0.017012455
9500 0.0009577547
9600 0.0065814555
9700 0.006577085
9800 0.021558672
9900 0.00018775821
10000 0.16871762
10100 0.011027039
10200 0.016425285
10300 0.00086645345
10400 0.0056683593
10500 0.0064062383
10600 0.009040102
10700 0.015884917
10800 0.0032708677
10900 0.006960389
11000 0.0006989015
11100 0.0024282874
11200 0.0023711296
11300 0.012700066
11400 0.031544656
11500 0.0014193476
11600 0.0009410659
11700 0.023616398
11800 0.0030263253
11900 0.058270156
12000 0.0037011507
12100 0.0033113724
12200 0.015468376
12300 0.0009471854
12400 0.0024800512
12500 0.0020856692
12600 0.001162204
12700 0.0041813594
12800 0.0018097366
12900 0.0046911887
13000 0.008020117
13100 0.0076486166
13200 0.0009243696
13300 0.0017963571
13400 0.004813198
13500 0.0005220764
13600 0.013678197
13700 0.0005094401
13800 0.0004082176
13900 0.0012695742
14000 0.0077829217
14100 0.0017071893
14200 0.0029443204
14300 0.0013839426
14400 0.0019347158
14500 0.00044548055
14600 0.0039098235
14700 0.0020036544
14800 0.0015489723
14900 0.004232702
15000 0.0026290512
15100 0.0011219272
15200 0.0044796206
15300 0.0043229572
15400 0.004731965
15500 0.00071544247
15600 0.0017386883
15700 0.00079865655
15800 0.0031263789
15900 0.00057526433
16000 0.0015929171
16100 0.002696429
16200 0.00077739795
16300 0.0052562156
16400 0.0018911529
16500 0.0018513532
16600 0.017768605
16700 0.00493377
16800 0.001335043
