0 3.3282564
100 0.18124497
200 0.5435412
300 0.09932938
400 0.29985914
500 0.18544742
600 0.10423487
700 0.28527036
800 0.17674437
900 0.28228638
1000 0.14116463
1100 0.22450258
1200 0.044697892
1300 0.028446013
1400 0.046776477
1500 0.034469217
1600 0.038096674
1700 0.09118018
1800 0.17646456
1900 0.011300303
2000 0.01756551
2100 0.06994948
2200 0.01463124
2300 0.080282494
2400 0.06886956
2500 0.08469983
2600 0.2033155
2700 0.018613918
2800 0.053470604
2900 0.054467246
3000 0.088184685
3100 0.008767809
3200 0.12725203
3300 0.012437787
3400 0.051555987
3500 0.03157222
3600 0.0019474735
3700 0.006103698
3800 0.058347512
3900 0.21241508
4000 0.032137543
4100 0.016384521
4200 0.013405949
4300 0.05406995
4400 0.012027889
4500 0.0645004
4600 0.068982735
4700 0.021846771
4800 0.029476078
4900 0.019978201
5000 0.019755369
5100 0.060850315
5200 0.015581367
5300 0.015205216
5400 0.027672082
5500 0.16829033
5600 0.0035998286
5700 0.0042491294
5800 0.0019113799
5900 0.0022363688
6000 0.0018443872
6100 0.0026004827
6200 0.0752842
6300 0.006961742
6400 0.007916501
6500 0.01808403
6600 0.1012888
6700 0.01394431
6800 0.025995895
6900 0.011992903
7000 0.0025833356
7100 0.0035504373
7200 0.002130687
7300 0.0033679276
7400 0.0028917897
7500 0.008351138
7600 0.002436139
7700 0.009347301
7800 0.009910114
7900 0.0013910445
8000 0.001278711
8100 0.067205735
8200 0.08885288
8300 0.042755492
8400 0.0019131775
8500 0.0041158954
8600 0.0019704187
8700 0.0048020375
8800 0.0025755742
8900 0.0004400246
9000 0.009008508
9100 0.015528413
9200 0.0011912372
9300 0.004625317
9400 0.0117921345
9500 0.00066386495
9600 0.0045619174
9700 0.004558888
9800 0.014943332
9900 0.00013014408
10000 0.116946146
10100 0.007643361
10200 0.01138514
10300 0.0006005798
10400 0.0039290073
10500 0.004440466
10600 0.0062661213
10700 0.011010585
10800 0.0022671928
10900 0.004824574
11000 0.0004844416
11100 0.0016831605
11200 0.0016435417
11300 0.008803015
11400 0.021865088
11500 0.0009838168
11600 0.00065229717
11700 0.016369639
11800 0.0020976888
11900 0.040389795
12000 0.0025654421
12100 0.0022952685
12200 0.010721861
12300 0.0006565389
12400 0.0017190406
12500 0.0014456757
12600 0.0008055784
12700 0.0028982975
12800 0.0012544139
12900 0.0032516844
13000 0.0055591213
13100 0.005301617
13200 0.0006407242
13300 0.0012451399
13400 0.0033362547
13500 0.00036187578
13600 0.0094810035
13700 0.00035311695
13800 0.0002829549
13900 0.00088000175
14000 0.00539471
14100 0.0011833335
14200 0.0020408474
14300 0.0009592759
14400 0.0013410428
14500 0.00030878358
14600 0.002710083
14700 0.0013888273
14800 0.0010736658
14900 0.0029338854
15000 0.0018223195
15100 0.00077766064
15200 0.0031050364
15300 0.0029964456
15400 0.003279948
15500 0.0004959069
15600 0.0012051669
15700 0.0005535865
15800 0.0021670407
15900 0.00039874285
16000 0.001104126
16100 0.001869022
16200 0.0005388512
16300 0.0036433311
16400 0.0013108474
16500 0.0012832603
16600 0.012316258
16700 0.0034198286
16800 0.0009253813
