0 4.886861
100 1.3030982
200 1.6483593
300 1.2548463
400 1.6470349
500 1.3763463
600 1.3301857
700 1.2025356
800 1.1946177
900 1.4722952
1000 1.1656657
1100 1.3394961
1200 1.1440947
1300 1.1144732
1400 1.1602104
1500 1.112999
1600 1.1636091
1700 1.2434051
1800 1.1653605
1900 1.056419
2000 1.0756176
2100 1.1757653
2200 1.0728369
2300 1.2098217
2400 1.0832946
2500 1.2057828
2600 1.2558708
2700 1.0974592
2800 1.2120812
2900 1.0977354
3000 1.1257291
3100 1.0425516
3200 1.2448797
3300 1.0522032
3400 1.1250949
3500 1.1099427
3600 1.0139737
3700 1.035203
3800 1.1174121
3900 1.0651033
4000 1.1437073
4100 1.0681065
4200 1.0471513
4300 1.0893751
4400 1.0339639
4500 1.0927665
4600 1.0913265
4700 1.0600636
4800 1.0752921
4900 1.0929086
5000 1.0865046
5100 1.1544693
5200 1.0721457
5300 1.056073
5400 1.1133368
5500 1.0414913
5600 1.0174513
5700 1.0237556
5800 1.0112586
5900 1.014649
6000 1.0124333
6100 1.0131931
6200 1.1927159
6300 1.0386202
6400 1.0376481
6500 1.0695217
6600 1.044907
6700 1.056761
6800 1.0931356
6900 1.0580182
7000 1.0167694
7100 1.0210302
7200 1.0129502
7300 1.0182672
7400 1.0168393
7500 1.0399115
7600 1.0128632
7700 1.0373132
7800 1.0397038
7900 1.0093471
8000 1.0088042
8100 1.0326533
8200 1.0259576
8300 1.1545502
8400 1.0121008
8500 1.0249932
8600 1.0109239
8700 1.0240264
8800 1.0164995
8900 1.0033283
9000 1.041292
9100 1.0524039
9200 1.0072104
9300 1.0231497
9400 1.032814
9500 1.0049719
9600 1.0247824
9700 1.0207285
9800 1.0509917
9900 1.0012413
10000 1.0202549
10100 1.0367329
10200 1.0448196
10300 1.0045317
10400 1.0173404
10500 1.0227754
10600 1.0246603
10700 1.0598507
10800 1.0123051
10900 1.0229456
11000 1.0034661
11100 1.0099361
11200 1.0098385
11300 1.0383463
11400 1.0663692
11500 1.0067539
11600 1.0047472
11700 1.0426936
11800 1.0124168
11900 1.0676432
12000 1.0142088
12100 1.0130956
12200 1.0418351
12300 1.0047898
12400 1.0088599
12500 1.0088559
12600 1.0056069
12700 1.0168481
12800 1.00862
12900 1.0197742
13000 1.0317452
13100 1.0304668
13200 1.0043426
13300 1.0090005
13400 1.0206635
13500 1.0027553
13600 1.0406216
13700 1.0023309
13800 1.0023851
13900 1.0055346
14000 1.0266817
14100 1.0074486
14200 1.0115421
14300 1.006808
14400 1.008677
14500 1.0025128
14600 1.0143998
14700 1.0093722
14800 1.0061276
14900 1.0166371
15000 1.0106895
15100 1.0050968
15200 1.0156767
15300 1.0170239
15400 1.0189085
15500 1.003629
15600 1.00794
15700 1.0040628
15800 1.0112906
15900 1.0030109
16000 1.0078764
16100 1.0099711
16200 1.0036471
16300 1.0181599
16400 1.0083357
16500 1.0075927
16600 1.0411619
16700 1.0179511
16800 1.0059338
