0 0.09375
100 0.40625
200 0.5
300 0.40625
400 0.5
500 0.5625
600 0.5
700 0.40625
800 0.5
900 0.40625
1000 0.46875
1100 0.46875
1200 0.4375
1300 0.53125
1400 0.46875
1500 0.40625
1600 0.375
1700 0.4375
1800 0.34375
1900 0.46875
2000 0.625
2100 0.53125
2200 0.4375
2300 0.5625
2400 0.53125
2500 0.4375
2600 0.46875
2700 0.59375
2800 0.5
2900 0.5625
3000 0.625
3100 0.59375
3200 0.5
3300 0.59375
3400 0.4375
3500 0.5625
3600 0.71875
3700 0.5
3800 0.5625
3900 0.53125
4000 0.34375
4100 0.59375
4200 0.46875
4300 0.5
4400 0.53125
4500 0.65625
4600 0.59375
4700 0.59375
4800 0.40625
4900 0.46875
5000 0.625
5100 0.59375
5200 0.65625
5300 0.625
5400 0.4375
5500 0.5
5600 0.59375
5700 0.5
5800 0.5625
5900 0.53125
6000 0.59375
6100 0.46875
6200 0.71875
6300 0.625
6400 0.84375
6500 0.6875
6600 0.75
6700 0.625
6800 0.53125
6900 0.71875
7000 0.75
7100 0.75
7200 0.71875
7300 0.8125
7400 0.65625
7500 0.71875
7600 0.625
7700 0.75
7800 0.65625
7900 0.78125
8000 0.78125
8100 0.6875
8200 0.6875
8300 0.78125
8400 0.75
8500 0.53125
8600 0.59375
8700 0.5
8800 0.6875
8900 0.5625
9000 0.625
9100 0.5625
9200 0.78125
9300 0.75
9400 0.5
9500 0.71875
9600 0.78125
9700 0.625
9800 0.625
9900 0.65625
10000 0.6875
10100 0.65625
10200 0.71875
10300 0.6875
10400 0.75
10500 0.6875
10600 0.8125
10700 0.8125
10800 0.75
10900 0.84375
11000 0.9375
11100 0.6875
11200 0.75
11300 0.9375
11400 0.84375
11500 0.6875
11600 0.8125
11700 0.75
11800 0.6875
11900 0.625
12000 0.75
12100 0.8125
12200 0.84375
12300 0.8125
12400 0.71875
12500 0.75
12600 0.78125
12700 0.8125
12800 0.8125
12900 0.71875
13000 0.78125
13100 0.75
13200 0.875
13300 0.875
13400 0.8125
13500 0.8125
13600 0.84375
13700 0.875
13800 0.8125
13900 0.75
14000 0.78125
14100 0.8125
14200 0.90625
14300 0.875
14400 0.84375
14500 0.875
14600 0.84375
14700 0.78125
14800 0.78125
14900 0.8125
15000 0.78125
15100 0.71875
15200 0.8125
15300 0.8125
15400 0.96875
15500 0.84375
15600 0.84375
15700 0.9375
15800 0.875
15900 0.9375
16000 0.8125
16100 0.78125
16200 0.78125
16300 0.84375
16400 0.8125
16500 0.90625
16600 0.84375
16700 0.84375
16800 0.84375
16900 0.9375
17000 0.875
17100 0.90625
17200 0.96875
17300 0.875
17400 0.84375
17500 0.84375
17600 0.90625
17700 0.75
17800 0.875
17900 0.78125
18000 0.78125
18100 0.90625
18200 0.9375
18300 0.8125
18400 0.875
18500 0.96875
18600 0.90625
18700 0.90625
18800 0.84375
18900 0.90625
19000 0.78125
19100 0.875
19200 0.875
19300 0.90625
19400 0.9375
19500 0.875
19600 0.9375
19700 0.8125
19800 0.875
19900 0.84375
20000 0.90625
20100 0.8125
20200 0.9375
20300 0.875
20400 0.90625
