0 4.3433084
100 2.6423912
200 2.1874886
300 2.76782
400 2.4178388
500 1.8837556
600 2.3009284
700 2.3606586
800 2.3814023
900 2.75075
1000 1.8059652
1100 2.0280035
1200 2.5390427
1300 2.0474088
1400 1.9505861
1500 2.6270776
1600 2.2545242
1700 1.7628813
1800 2.2120824
1900 2.0243645
2000 1.7857711
2100 1.9549469
2200 2.025871
2300 1.8400376
2400 2.4023507
2500 2.702721
2600 2.2990716
2700 2.1726832
2800 2.4896636
2900 1.8491092
3000 1.8470845
3100 1.9727026
3200 2.0532937
3300 1.7684556
3400 2.2051795
3500 1.836449
3600 1.4538164
3700 2.04804
3800 1.72293
3900 2.163461
4000 2.3592398
4100 1.9261594
4200 2.0466459
4300 1.9890182
4400 2.116351
4500 1.8530838
4600 1.7983534
4700 1.6932019
4800 2.3581061
4900 1.762827
5000 1.647045
5100 1.6019763
5200 1.5836097
5300 1.4535214
5400 2.39703
5500 1.8596202
5600 1.7451466
5700 1.9258906
5800 2.0794961
5900 1.6438535
6000 1.6864295
6100 1.9110351
6200 1.3193768
6300 1.6143253
6400 1.0885366
6500 1.2641765
6600 1.7312877
6700 1.5591099
6800 1.7676903
6900 1.1591517
7000 1.1887587
7100 1.1807984
7200 1.4106379
7300 1.1562005
7400 1.595297
7500 1.0784143
7600 1.9558902
7700 0.97257495
7800 1.24164
7900 1.066888
8000 0.9815019
8100 1.518336
8200 1.5997134
8300 0.93349224
8400 1.007851
8500 1.7240039
8600 1.7068422
8700 1.6935146
8800 1.0935998
8900 1.5418131
9000 1.4987231
9100 1.6985778
9200 1.1795443
9300 1.318253
9400 1.8003536
9500 1.2794799
9600 0.7356803
9700 1.338636
9800 1.2423588
9900 1.244703
10000 1.0765624
10100 1.2650198
10200 1.1566858
10300 1.3202488
10400 0.91020536
10500 1.1798366
10600 0.80891126
10700 1.0394775
10800 1.2648861
10900 0.85180837
11000 0.555766
11100 1.4511533
11200 0.82609874
11300 0.5410135
11400 0.7415577
11500 1.1187346
11600 0.87957966
11700 1.1268042
11800 1.4272757
11900 1.4851658
12000 1.1733712
12100 0.7797393
12200 0.6700491
12300 0.82167345
12400 1.2386413
12500 1.0768027
12600 0.95850337
12700 1.2687672
12800 0.71346545
12900 1.1888914
13000 0.8530728
13100 1.003641
13200 0.8454136
13300 0.5837084
13400 0.965174
13500 1.0645591
13600 0.7744341
13700 0.69502115
13800 0.9568075
13900 0.93190914
14000 0.7782848
14100 0.7674403
14200 0.61212057
14300 0.87478304
14400 0.64497834
14500 0.8496194
14600 0.7053129
14700 0.8631075
14800 1.0261688
14900 0.7415377
15000 0.9000418
15100 1.1592627
15200 1.0035485
15300 0.8008549
15400 0.53837645
15500 0.6894283
15600 0.7488305
15700 0.69866794
15800 0.8236591
15900 0.51063466
16000 0.7876503
16100 0.72635067
16200 0.83366024
16300 0.8322529
16400 0.74576175
16500 0.54529023
16600 0.7523725
16700 0.73995775
16800 0.66785735
16900 0.6380096
17000 0.6192716
17100 0.50836855
17200 0.40404087
17300 0.76114136
17400 0.9214632
17500 0.8139633
17600 0.4335105
17700 0.98564994
17800 0.7651324
17900 0.6831613
18000 0.84823865
18100 0.577739
18200 0.5853901
18300 0.83694017
18400 0.5562782
18500 0.46937737
18600 0.9062719
18700 0.5835347
18800 0.5885688
18900 0.5682602
19000 0.9357729
19100 0.8279506
19200 0.75352055
19300 0.63492197
19400 0.48909423
19500 0.75951177
19600 0.40280348
19700 0.8474561
19800 0.83904815
19900 0.6997649
20000 0.72661847
20100 0.781855
20200 0.46972263
20300 0.6087632
20400 0.8960161
