0 3.010552
100 1.8315661
200 1.5162516
300 1.9185066
400 1.6759181
500 1.3057199
600 1.594882
700 1.6362839
800 1.6506622
900 1.9066746
1000 1.2517997
1100 1.4057049
1200 1.7599304
1300 1.4191556
1400 1.3520433
1500 1.8209513
1600 1.5627171
1700 1.2219362
1800 1.5332986
1900 1.4031825
2000 1.2378023
2100 1.355066
2200 1.4042268
2300 1.2754169
2400 1.6651826
2500 1.8733835
2600 1.593595
2700 1.5059892
2800 1.7257032
2900 1.2817048
3000 1.2803015
3100 1.3673732
3200 1.4232347
3300 1.2258
3400 1.5285139
3500 1.2729294
3600 1.0077088
3700 1.4195931
3800 1.194244
3900 1.4995968
4000 1.6353004
4100 1.335112
4200 1.4186268
4300 1.3786824
4400 1.4669427
4500 1.2844598
4600 1.2465236
4700 1.1736381
4800 1.6345147
4900 1.2218986
5000 1.1416446
5100 1.1104053
5200 1.0976746
5300 1.0075042
5400 1.6614947
5500 1.2889905
5600 1.2096435
5700 1.3349257
5800 1.441397
5900 1.1394324
6000 1.1689439
6100 1.3246286
6200 0.91452235
6300 1.118965
6400 0.7545161
6500 0.8762604
6600 1.2000372
6700 1.0806926
6800 1.2252696
6900 0.80346274
7000 0.8239848
7100 0.8184671
7200 0.9777796
7300 0.8014172
7400 1.1057756
7500 0.7474998
7600 1.3557198
7700 0.6741376
7800 0.8606392
7900 0.7395104
8000 0.68032527
8100 1.0524304
8200 1.1088369
8300 0.6470475
8400 0.6985891
8500 1.1949885
8600 1.1830928
8700 1.1738548
8800 0.75802565
8900 1.0687034
9000 1.0388358
9100 1.1773643
9200 0.81759787
9300 0.9137434
9400 1.24791
9500 0.8868679
9600 0.5099347
9700 0.9278718
9800 0.8611375
9900 0.8627624
10000 0.74621624
10100 0.8768449
10200 0.8017535
10300 0.91512674
10400 0.6309063
10500 0.8178004
10600 0.5606946
10700 0.72051084
10800 0.87675226
10900 0.5904286
11000 0.38522762
11100 1.0058628
11200 0.572608
11300 0.37500197
11400 0.51400864
11500 0.7754477
11600 0.60967815
11700 0.78104115
11800 0.9893121
11900 1.0294385
12000 0.8133189
12100 0.5404741
12200 0.46444264
12300 0.5695406
12400 0.85856074
12500 0.7463828
12600 0.6643839
12700 0.87944245
12800 0.49453655
12900 0.8240768
13000 0.591305
13100 0.6956709
13200 0.5859961
13300 0.40459585
13400 0.66900766
13500 0.73789614
13600 0.5367968
13700 0.48175195
13800 0.6632084
13900 0.6459502
14000 0.5394659
14100 0.5319491
14200 0.42428964
14300 0.6063534
14400 0.44706494
14500 0.5889113
14600 0.48888567
14700 0.5982605
14800 0.71128607
14900 0.51399475
15000 0.62386143
15100 0.80353963
15200 0.6956068
15300 0.55511034
15400 0.37317413
15500 0.4778753
15600 0.51904976
15700 0.48427972
15800 0.570917
15900 0.35394496
16000 0.54595757
16100 0.5034679
16200 0.57784927
16300 0.5768738
16400 0.51692265
16500 0.37796637
16600 0.5215049
16700 0.51289964
16800 0.46292344
16900 0.44223458
17000 0.42924637
17100 0.35237423
17200 0.28005978
17300 0.527583
17400 0.6387096
17500 0.56419635
17600 0.3004866
17700 0.6832005
17800 0.5303494
17900 0.47353134
18000 0.5879542
18100 0.40045816
18200 0.40576148
18300 0.5801227
18400 0.3855827
18500 0.3253476
18600 0.6281798
18700 0.40447545
18800 0.40796483
18900 0.39388794
19000 0.64862835
19100 0.57389164
19200 0.52230066
19300 0.44009438
19400 0.3390143
19500 0.52645344
19600 0.2792021
19700 0.5874118
19800 0.58158386
19900 0.48504007
20000 0.5036535
20100 0.54194057
20200 0.32558692
20300 0.42196253
20400 0.62107104
