0 6.505504
100 4.6893206
200 4.147457
300 4.119596
400 4.3960214
500 4.6204243
600 4.3710594
700 4.814365
800 4.0258594
900 4.1963873
1000 4.371614
1100 4.4260178
1200 4.3543954
1300 4.2791834
1400 3.9517705
1500 4.1297455
1600 4.1378527
1700 4.360154
1800 3.7536724
1900 3.7534728
2000 3.902865
2100 3.6758378
2200 4.0988016
2300 3.9966047
2400 3.970091
2500 3.747539
2600 4.0093265
2700 4.533732
2800 4.0952234
2900 3.879866
3000 3.1908016
3100 3.76872
3200 3.9248633
3300 3.811894
3400 3.9801657
3500 4.0026517
3600 3.5298462
3700 3.597683
3800 3.469983
3900 3.6428034
4000 3.973627
4100 4.038573
4200 3.5789175
4300 3.7504115
4400 3.274029
4500 3.5891132
4600 3.8166625
4700 3.843172
4800 3.3808324
4900 3.3547006
5000 3.291585
5100 2.649058
5200 3.081355
5300 3.2833605
5400 3.55021
5500 3.2956169
5600 2.9673128
5700 2.6764538
5800 3.4843934
5900 3.500696
6000 3.8018444
6100 3.4760408
6200 2.973958
6300 3.5262477
6400 2.9032378
6500 3.31719
6600 3.771811
6700 3.4943862
6800 3.9708629
6900 3.2150526
7000 2.6024308
7100 3.0061498
7200 3.2359586
7300 2.9265678
7400 3.5382447
7500 3.2763925
7600 3.3450637
7700 3.1335146
7800 2.7720842
7900 2.8092701
8000 2.8112197
8100 2.9575498
8200 3.0523152
8300 2.5012314
8400 3.076811
8500 3.265761
8600 2.9305797
8700 3.4158392
8800 2.958282
8900 3.328856
9000 3.190926
9100 3.190533
9200 2.9307685
9300 2.7303286
9400 3.4491527
9500 3.1036232
9600 2.3501744
9700 2.538147
9800 2.6700864
9900 2.961441
10000 3.0644233
10100 2.3387952
10200 2.6795397
10300 3.201018
10400 2.2525482
10500 3.2067168
10600 2.8986535
10700 2.5809464
10800 2.8450413
10900 2.9846282
11000 2.524191
11100 3.529406
11200 2.5794287
11300 2.5189629
11400 2.234774
11500 2.9331572
11600 2.6032207
11700 2.8983178
11800 2.716062
11900 3.080462
12000 2.820905
12100 2.2583785
12200 2.6729317
12300 2.4752698
12400 2.792463
12500 2.8420043
12600 2.7348747
12700 2.8801682
12800 2.390364
12900 2.7732313
13000 2.736198
13100 2.4632556
13200 2.3776202
13300 2.4226475
13400 3.0578337
13500 3.15133
13600 2.4257538
13700 2.4658186
13800 3.0939798
13900 2.556518
14000 2.7542553
14100 2.7836697
14200 2.4983244
14300 2.6059694
14400 2.637065
14500 2.2526512
14600 2.5227919
14700 2.4869213
14800 2.665102
14900 2.3161511
15000 2.8854723
15100 2.9754767
15200 2.988864
15300 2.4346209
15400 2.3392475
15500 2.621852
15600 2.4553947
15700 2.7844157
15800 2.2499943
15900 1.9914135
16000 2.6941042
16100 2.5826902
16200 2.802967
16300 2.2321348
16400 2.5882683
16500 2.359322
16600 2.5545814
16700 2.196104
16800 2.597561
16900 2.5582209
17000 2.27635
17100 2.0937126
17200 2.2751338
17300 2.649637
17400 2.708239
17500 2.4411447
17600 2.1786597
17700 2.472131
17800 2.6814613
17900 2.4952602
18000 2.876871
18100 2.0412707
18200 2.4534874
18300 3.0499237
18400 2.0632093
18500 2.0786867
18600 2.51685
18700 2.4011586
18800 2.3103938
18900 2.100166
19000 2.6233404
19100 2.4395895
19200 2.3667152
19300 2.4289653
19400 2.1781127
19500 2.7900696
19600 2.0818167
19700 2.5460258
19800 2.5867832
19900 2.5414925
20000 2.467018
20100 2.4817958
20200 2.2258222
20300 2.2924442
20400 2.1601782
