0 0.0125
100 0.3625
200 0.421875
300 0.45000002
400 0.46875
500 0.50937504
600 0.515625
700 0.453125
800 0.42812502
900 0.47500002
1000 0.47812498
1100 0.440625
1200 0.465625
1300 0.478125
1400 0.50625
1500 0.49375
1600 0.49375004
1700 0.41875002
1800 0.5125
1900 0.5125
2000 0.525
2100 0.50625
2200 0.47500002
2300 0.54375
2400 0.53749996
2500 0.471875
2600 0.5375
2700 0.534375
2800 0.534375
2900 0.5812501
3000 0.48125
3100 0.48125002
3200 0.49375
3300 0.56875
3400 0.53125
3500 0.503125
3600 0.525
3700 0.52500004
3800 0.484375
3900 0.46250004
4000 0.51875
4100 0.51874995
4200 0.55
4300 0.58437496
4400 0.5625
4500 0.49062502
4600 0.55937505
4700 0.57812506
4800 0.6375
4900 0.55
5000 0.640625
5100 0.49687505
5200 0.47187498
5300 0.5
5400 0.525
5500 0.61249995
5600 0.53125006
5700 0.52812505
5800 0.52812505
5900 0.49687502
6000 0.50000006
6100 0.53125
6200 0.515625
6300 0.503125
6400 0.521875
6500 0.54999995
6600 0.55625
6700 0.51562506
6800 0.47187504
6900 0.590625
7000 0.509375
7100 0.546875
7200 0.528125
7300 0.54062504
7400 0.52500004
7500 0.503125
7600 0.46875003
7700 0.55625
7800 0.575
7900 0.534375
8000 0.57500005
8100 0.55625004
8200 0.559375
8300 0.56562495
8400 0.54375
8500 0.503125
8600 0.54375005
8700 0.52812505
8800 0.521875
8900 0.52187496
9000 0.56250006
9100 0.54375
9200 0.51875
9300 0.521875
9400 0.503125
9500 0.54375005
9600 0.58125
9700 0.565625
9800 0.55312496
9900 0.509375
10000 0.50625
10100 0.565625
10200 0.615625
10300 0.56874996
10400 0.51874995
10500 0.51875
10600 0.52187496
10700 0.50625
10800 0.6125
10900 0.57187504
11000 0.5625
11100 0.534375
11200 0.515625
11300 0.5
11400 0.48125005
11500 0.484375
11600 0.525
11700 0.49375004
11800 0.509375
11900 0.546875
12000 0.525
12100 0.484375
12200 0.50624996
12300 0.584375
12400 0.50625
12500 0.484375
12600 0.54375005
12700 0.546875
12800 0.54375005
12900 0.4875
13000 0.5
13100 0.5375
13200 0.578125
13300 0.49687505
13400 0.540625
13500 0.56562495
13600 0.53749996
13700 0.5
13800 0.54375
13900 0.5187501
14000 0.5500001
14100 0.534375
14200 0.49062502
14300 0.578125
14400 0.5812501
14500 0.50937504
14600 0.51875
14700 0.55
14800 0.546875
14900 0.5375
15000 0.5375
15100 0.55
15200 0.609375
15300 0.565625
15400 0.53125
15500 0.53125
15600 0.5656251
15700 0.53125
15800 0.47187504
15900 0.49375004
16000 0.590625
16100 0.571875
16200 0.546875
16300 0.48125002
16400 0.5593749
16500 0.534375
16600 0.59375
16700 0.54375
16800 0.55625
16900 0.5
17000 0.553125
17100 0.584375
17200 0.565625
17300 0.565625
17400 0.503125
17500 0.56875
17600 0.615625
17700 0.56875
17800 0.5437499
17900 0.50625
18000 0.55312496
18100 0.5
18200 0.59375
18300 0.51875
18400 0.559375
18500 0.60937506
18600 0.5
18700 0.559375
18800 0.5875
18900 0.6125
19000 0.584375
19100 0.54375
19200 0.58750004
19300 0.53749996
19400 0.521875
19500 0.53124994
19600 0.56875
19700 0.575
19800 0.6
19900 0.590625
20000 0.525
20100 0.57500005
20200 0.50625
20300 0.578125
20400 0.55
20500 0.5687501
20600 0.509375
20700 0.571875
20800 0.54687494
20900 0.521875
21000 0.590625
21100 0.55625004
21200 0.521875
21300 0.51250005
21400 0.525
21500 0.578125
21600 0.4875
21700 0.634375
21800 0.55625
21900 0.56874996
22000 0.546875
22100 0.553125
22200 0.5375
22300 0.540625
22400 0.53125
22500 0.578125
22600 0.59687495
22700 0.52500004
22800 0.56874996
22900 0.51250005
23000 0.4625
23100 0.58125
23200 0.53125
23300 0.54375005
23400 0.61875004
23500 0.575
23600 0.525
23700 0.54687494
23800 0.58125
23900 0.559375
24000 0.52500004
24100 0.57187504
24200 0.571875
24300 0.58125
24400 0.54062504
24500 0.61562496
24600 0.56875
24700 0.55
24800 0.53749996
24900 0.52500004
25000 0.578125
25100 0.540625
25200 0.59999996
25300 0.61875004
25400 0.60625005
25500 0.5375
25600 0.57500005
25700 0.534375
25800 0.55
25900 0.52812505
26000 0.546875
26100 0.578125
26200 0.55625
26300 0.565625
26400 0.55
26500 0.56874996
26600 0.559375
26700 0.553125
26800 0.59062505
26900 0.57187504
27000 0.546875
27100 0.621875
27200 0.546875
27300 0.628125
27400 0.55937505
27500 0.58124995
27600 0.546875
27700 0.609375
27800 0.59375
27900 0.57500005
28000 0.6
28100 0.5375
28200 0.50625
28300 0.58125
28400 0.47187504
28500 0.525
28600 0.521875
28700 0.56875
28800 0.546875
28900 0.503125
29000 0.534375
29100 0.55625004
29200 0.590625
29300 0.528125
29400 0.60937506
29500 0.553125
29600 0.515625
29700 0.6
29800 0.596875
29900 0.57500005
30000 0.55625
30100 0.55937505
30200 0.51250005
30300 0.571875
30400 0.496875
30500 0.53125006
30600 0.54375
30700 0.51874995
30800 0.496875
30900 0.515625
31000 0.509375
31100 0.565625
31200 0.525
31300 0.540625
31400 0.55625004
31500 0.578125
31600 0.54375005
31700 0.58750004
31800 0.56250006
31900 0.546875
32000 0.54062504
32100 0.53125
32200 0.51562506
32300 0.58750004
32400 0.58125
32500 0.59062505
32600 0.58125
32700 0.5125
32800 0.5375
32900 0.55937505
33000 0.571875
33100 0.5125
33200 0.58750004
33300 0.534375
33400 0.57500005
33500 0.52187496
33600 0.565625
33700 0.54999995
33800 0.565625
33900 0.553125
34000 0.5656251
34100 0.60625
34200 0.5656251
34300 0.58125
34400 0.57187504
34500 0.5875001
34600 0.525
34700 0.559375
34800 0.55937505
34900 0.58750004
35000 0.571875
35100 0.6
35200 0.571875
35300 0.57812506
35400 0.578125
35500 0.6125
35600 0.58124995
35700 0.584375
35800 0.5625
35900 0.546875
36000 0.553125
36100 0.61562496
36200 0.5375
36300 0.559375
36400 0.53437495
36500 0.609375
36600 0.509375
36700 0.59062505
36800 0.59999996
36900 0.58750004
37000 0.60625
37100 0.5625
37200 0.65000004
37300 0.565625
37400 0.59687495
37500 0.575
37600 0.58437496
37700 0.515625
37800 0.5875
37900 0.578125
38000 0.57500005
38100 0.53125
38200 0.58125
38300 0.56875
38400 0.57500005
38500 0.52500004
38600 0.50625
38700 0.56250006
38800 0.509375
38900 0.52812505
39000 0.53437495
39100 0.59375
39200 0.534375
39300 0.51875
39400 0.54375
39500 0.56874996
39600 0.5625
39700 0.58125
39800 0.559375
39900 0.53125006
40000 0.56249994
40100 0.515625
40200 0.58125
40300 0.56250006
