0 4.8387756
100 3.1903284
200 2.859205
300 2.5721674
400 2.5485644
500 2.3654652
600 2.327133
700 2.603682
800 2.516009
900 2.515575
1000 2.4126325
1100 2.641447
1200 2.5521939
1300 2.5749397
1400 2.387316
1500 2.358792
1600 2.3412123
1700 2.6125674
1800 2.2082758
1900 2.273678
2000 2.2657773
2100 2.4426098
2200 2.4865682
2300 2.0767596
2400 2.1384275
2500 2.5234358
2600 2.2795622
2700 2.2668319
2800 2.2602193
2900 2.1164703
3000 2.3757432
3100 2.4569979
3200 2.3180578
3300 1.9608942
3400 2.2474198
3500 2.3547392
3600 2.3804514
3700 2.287582
3800 2.3288496
3900 2.4167545
4000 2.2807753
4100 2.295095
4200 2.0501666
4300 1.9208543
4400 2.1429553
4500 2.3273785
4600 1.9193159
4700 2.09672
4800 1.849768
4900 2.08843
5000 1.8406154
5100 2.2255766
5200 2.4611068
5300 2.368251
5400 2.0987682
5500 1.86004
5600 2.1677678
5700 2.0565841
5800 2.277085
5900 2.2785575
6000 2.3346062
6100 2.3128781
6200 2.2996023
6300 2.3144934
6400 2.2387307
6500 2.158702
6600 1.8991623
6700 2.1762924
6800 2.3574328
6900 2.0375745
7000 2.3239956
7100 2.0545695
7200 2.2175074
7300 2.2675765
7400 2.3675947
7500 2.2727082
7600 2.5626652
7700 1.9988486
7800 2.0373986
7900 2.2311363
8000 2.057282
8100 2.0367045
8200 2.182967
8300 2.1312187
8400 2.0990252
8500 2.4299324
8600 2.1430495
8700 2.1270905
8800 2.3899143
8900 2.150716
9000 2.1546915
9100 2.270105
9200 2.2240167
9300 2.279737
9400 2.4781637
9500 2.2019935
9600 2.0859509
9700 2.0341892
9800 2.0295832
9900 2.2928374
10000 2.2764256
10100 2.0799222
10200 1.9305267
10300 1.9504431
10400 2.2542977
10500 2.4333785
10600 2.2511535
10700 2.2934577
10800 1.8916419
10900 2.0407872
11000 2.079757
11100 2.254259
11200 2.2044632
11300 2.4300814
11400 2.4421499
11500 2.317211
11600 2.2122228
11700 2.365652
11800 2.3449125
11900 2.1309357
12000 2.0963337
12100 2.2504237
12200 2.132393
12300 2.106135
12400 2.269648
12500 2.3652425
12600 2.1085474
12700 1.9814484
12800 2.212378
12900 2.3417518
13000 2.3260336
13100 2.221001
13200 1.920389
13300 2.3700726
13400 2.1735294
13500 2.1462674
13600 2.1969771
13700 2.2735343
13800 2.1895008
13900 2.246942
14000 2.055298
14100 2.0871542
14200 2.4331913
14300 2.0387533
14400 2.1570356
14500 2.454989
14600 2.2333908
14700 2.1006205
14800 2.0453622
14900 2.1638901
15000 2.167435
15100 2.1096175
15200 1.838835
15300 2.0262322
15400 2.189433
15500 2.342978
15600 2.0905938
15700 2.1122591
15800 2.5120523
15900 2.3065085
16000 1.979966
16100 1.9791361
16200 2.221384
16300 2.6347635
16400 2.1606245
16500 2.101134
16600 1.9540192
16700 2.297459
16800 2.0918493
16900 2.3516738
17000 2.1249018
17100 2.0561433
17200 2.0912828
17300 2.1684248
17400 2.1318336
17500 1.8413635
17600 1.8413049
17700 2.0169363
17800 2.1364303
17900 2.2048259
18000 2.148908
18100 2.2733324
18200 2.0100074
18300 2.2881546
18400 2.2019327
18500 1.8474278
18600 2.2581344
18700 2.2352374
18800 1.9310043
18900 1.8318629
19000 1.9656807
19100 2.1151114
19200 1.9931823
19300 2.2247713
19400 2.1172502
19500 2.1933765
19600 2.069084
19700 2.0289946
19800 1.8025867
19900 1.9260757
20000 2.2750776
20100 2.052567
20200 2.1690955
20300 1.9415781
20400 2.0483577
20500 2.071796
20600 2.147375
20700 1.921382
20800 2.0827284
20900 2.181277
21000 2.0065517
21100 2.1795976
21200 2.2147489
21300 2.1979976
21400 2.0434823
21500 1.8717326
21600 2.3393273
21700 1.824125
21800 2.0462554
21900 1.9523199
22000 2.2951458
22100 2.0047028
22200 2.1277199
22300 2.0976539
22400 2.1575236
22500 1.9062244
22600 1.9579583
22700 2.1372094
22800 1.9311589
22900 2.2562308
23000 2.469207
23100 1.9199061
23200 2.1954286
23300 2.1468198
23400 1.8476346
23500 1.8420563
23600 2.1986022
23700 2.0458214
23800 2.126128
23900 1.9926941
24000 2.2154098
24100 2.146625
24200 1.978504
24300 2.053036
24400 2.3929443
24500 1.8537664
24600 2.0705543
24700 1.9848853
24800 2.0756567
24900 2.2471843
25000 2.0162241
25100 2.1637375
25200 1.910786
25300 1.8849308
25400 1.9897571
25500 2.1815393
25600 2.0230432
25700 2.2833912
25800 2.0396771
25900 2.115052
26000 2.1471338
26100 2.015161
26200 2.0481734
26300 1.9855925
26400 2.059525
26500 2.0491974
26600 2.1927006
26700 2.0660174
26800 1.8706785
26900 2.1456397
27000 2.1349041
27100 1.9132153
27200 2.1520278
27300 1.9484051
27400 2.1538908
27500 1.9895622
27600 2.2347512
27700 1.9177668
27800 2.0819042
27900 2.0845635
28000 1.9265535
28100 2.1110458
28200 2.3241522
28300 1.8785988
28400 2.5307586
28500 2.0840807
28600 2.1714401
28700 1.9180753
28800 2.2228093
28900 2.418622
29000 1.9504726
29100 2.1255493
29200 1.9644423
29300 2.1260705
29400 1.8347988
29500 2.1400034
29600 2.2402704
29700 1.8291899
29800 2.01122
29900 1.9681796
30000 2.1617007
30100 1.8788724
30200 2.0949054
30300 1.8557731
30400 2.3594277
30500 2.1439292
30600 2.0775478
30700 2.2278197
30800 2.403526
30900 1.980366
31000 2.2600427
31100 2.0118241
31200 2.179589
31300 2.2108412
31400 2.1453428
31500 2.047986
31600 2.1389022
31700 1.9473113
31800 2.092575
31900 1.9959344
32000 2.2142549
32100 2.2392328
32200 2.2334998
32300 1.8891814
32400 1.9831924
32500 1.9936473
32600 1.9472618
32700 2.3535478
32800 2.1639383
32900 2.1510043
33000 1.8828614
33100 2.2050056
33200 1.8705928
33300 2.1363618
33400 2.0128002
33500 2.2542608
33600 2.0607316
33700 2.187628
33800 2.0087287
33900 2.0093527
34000 2.0644197
34100 1.913426
34200 1.9633117
34300 1.9786261
34400 1.9790016
34500 1.9587051
34600 2.1299727
34700 2.1033218
34800 2.0399027
34900 2.006925
35000 1.9840028
35100 1.891826
35200 1.9500682
35300 1.862265
35400 2.0596101
35500 1.8128935
35600 1.9054568
35700 1.9647825
35800 2.0247939
35900 2.3682523
36000 2.0805652
36100 1.840679
36200 2.0847394
36300 2.0269458
36400 2.1713846
36500 1.874898
36600 2.3028579
36700 1.9455723
36800 1.7615746
36900 1.8978184
37000 1.8756881
37100 1.9837599
37200 1.7098187
37300 1.9773402
37400 2.0431774
37500 1.9719567
37600 1.9730583
37700 2.2251778
37800 1.8335887
37900 1.878138
38000 2.0684707
38100 2.3627772
38200 2.1800568
38300 2.004817
38400 2.1092854
38500 2.271438
38600 2.3475618
38700 2.1712916
38800 2.3528347
38900 2.2469704
39000 2.1288033
39100 1.8396257
39200 2.2174873
39300 2.1238165
39400 2.1882129
39500 2.104237
39600 2.10375
39700 1.8838814
39800 2.0667453
39900 2.233753
40000 2.0010762
40100 2.3247118
40200 2.0529141
40300 2.0775425
