0 3.3539836
100 2.2113671
200 1.9818499
300 1.7828906
400 1.7665303
500 1.6396155
600 1.6130457
700 1.8047348
800 1.7439647
900 1.7436637
1000 1.6723094
1100 1.8309115
1200 1.7690461
1300 1.7848122
1400 1.6547613
1500 1.6349901
1600 1.6228046
1700 1.8108938
1800 1.5306602
1900 1.5759935
2000 1.5705172
2100 1.693088
2200 1.7235577
2300 1.4395
2400 1.482245
2500 1.7491124
2600 1.5800722
2700 1.571248
2800 1.5666647
2900 1.4670254
3000 1.6467397
3100 1.7030612
3200 1.6067551
3300 1.3591883
3400 1.5577928
3500 1.6321808
3600 1.6500032
3700 1.5856309
3800 1.6142355
3900 1.6751666
4000 1.580913
4100 1.5908387
4200 1.4210672
4300 1.3314347
4400 1.4853834
4500 1.6132159
4600 1.3303684
4700 1.4533355
4800 1.2821615
4900 1.4475894
5000 1.2758174
5100 1.5426521
5200 1.7059093
5300 1.6415465
5400 1.4547553
5500 1.2892815
5600 1.5025821
5700 1.4255155
5800 1.5783551
5900 1.5793757
6000 1.6182257
6100 1.6031649
6200 1.5939628
6300 1.6042845
6400 1.5517699
6500 1.4962981
6600 1.316399
6700 1.508491
6800 1.634048
6900 1.4123391
7000 1.6108711
7100 1.4241191
7200 1.537059
7300 1.5717642
7400 1.6410916
7500 1.5753212
7600 1.7763041
7700 1.3854963
7800 1.4122171
7900 1.5465058
8000 1.4259993
8100 1.411736
8200 1.5131173
8300 1.4772482
8400 1.4549334
8500 1.6843008
8600 1.4854487
8700 1.4743867
8800 1.6565623
8900 1.4907627
9000 1.4935184
9100 1.5735167
9200 1.5415709
9300 1.5801933
9400 1.7177322
9500 1.5263056
9600 1.4458709
9700 1.4099925
9800 1.4067999
9900 1.5892738
10000 1.577898
10100 1.4416922
10200 1.3381392
10300 1.3519442
10400 1.5625601
10500 1.6866895
10600 1.5603807
10700 1.5897038
10800 1.3111862
10900 1.4145659
11000 1.4415777
11100 1.5625334
11200 1.5280175
11300 1.6844041
11400 1.6927693
11500 1.6061682
11600 1.533396
11700 1.6397451
11800 1.6253695
11900 1.4770521
12000 1.4530678
12100 1.5598748
12200 1.4780622
12300 1.4598615
12400 1.5732002
12500 1.6394612
12600 1.4615338
12700 1.3734354
12800 1.5335035
12900 1.6231786
13000 1.6122837
13100 1.5394804
13200 1.3311123
13300 1.6428092
13400 1.5065757
13500 1.4876792
13600 1.5228285
13700 1.5758939
13800 1.5176463
13900 1.5574615
14000 1.4246241
14100 1.446705
14200 1.6865597
14300 1.413156
14400 1.4951432
14500 1.7016687
14600 1.5480685
14700 1.4560392
14800 1.417737
14900 1.4998944
15000 1.5023514
15100 1.4622754
15200 1.2745833
15300 1.4044771
15400 1.5175993
15500 1.6240286
15600 1.4490893
15700 1.4641066
15800 1.741222
15900 1.5987499
16000 1.3724079
16100 1.3718326
16200 1.539746
16300 1.8262788
16400 1.4976308
16500 1.4563951
16600 1.3544229
16700 1.5924771
16800 1.4499595
16900 1.630056
17000 1.4728698
17100 1.42521
17200 1.4495668
17300 1.5030376
17400 1.4776745
17500 1.276336
17600 1.2762953
17700 1.3980337
17800 1.4808606
17900 1.5282688
18000 1.4895095
18100 1.5757539
18200 1.3932309
18300 1.5860279
18400 1.5262634
18500 1.2805394
18600 1.5652194
18700 1.5493485
18800 1.3384702
18900 1.2697506
19000 1.362506
19100 1.4660834
19200 1.3815687
19300 1.542094
19400 1.467566
19500 1.5203328
19600 1.4341797
19700 1.4063919
19800 1.2494578
19900 1.3350539
20000 1.5769637
20100 1.422731
20200 1.5035025
20300 1.3457994
20400 1.4198134
20500 1.4360596
20600 1.488447
20700 1.3318005
20800 1.4436374
20900 1.5119461
21000 1.3908356
21100 1.510782
21200 1.535147
21300 1.5235358
21400 1.4164339
21500 1.2973862
21600 1.6214981
21700 1.2643871
21800 1.4183562
21900 1.353245
22000 1.5908738
22100 1.3895541
22200 1.4748231
22300 1.4539828
22400 1.4954815
22500 1.3212941
22600 1.3571533
22700 1.4814006
22800 1.3385774
22900 1.5639
23000 1.7115239
23100 1.3307775
23200 1.5217552
23300 1.4880621
23400 1.2806827
23500 1.2768161
23600 1.5239549
23700 1.4180554
23800 1.4737196
23900 1.3812304
24000 1.535605
24100 1.4879271
24200 1.3713944
24300 1.4230561
24400 1.6586626
24500 1.284933
24600 1.4351988
24700 1.3758177
24800 1.4387355
24900 1.5576295
25000 1.3975401
25100 1.4997885
25200 1.324456
25300 1.3065345
25400 1.3791945
25500 1.5121278
25600 1.4022666
25700 1.5827261
25800 1.4137965
25900 1.4660423
26000 1.4882798
26100 1.3968033
26200 1.4196856
26300 1.3763078
26400 1.4275539
26500 1.4203954
26600 1.5198642
26700 1.4320542
26800 1.2966555
26900 1.487244
27000 1.4798027
27100 1.3261398
27200 1.491672
27300 1.3505316
27400 1.4929633
27500 1.3790594
27600 1.5490116
27700 1.3292947
27800 1.443066
27900 1.4449093
28000 1.3353851
28100 1.4632655
28200 1.6109796
28300 1.3021455
28400 1.7541882
28500 1.4445747
28600 1.5051275
28700 1.3295085
28800 1.540734
28900 1.676461
29000 1.3519646
29100 1.4733186
29200 1.3616476
29300 1.4736798
29400 1.2717856
29500 1.4833374
29600 1.5528371
29700 1.2678978
29800 1.3940715
29900 1.3642381
30000 1.4983768
30100 1.3023351
30200 1.4520777
30300 1.2863239
30400 1.6354307
30500 1.4860586
30600 1.4400464
30700 1.5442069
30800 1.6659973
30900 1.3726851
31000 1.5665423
31100 1.3944902
31200 1.510776
31300 1.5324383
31400 1.4870384
31500 1.4195558
31600 1.4825741
31700 1.3497733
31800 1.4504625
31900 1.3834763
32000 1.5348045
32100 1.5521178
32200 1.5481441
32300 1.3094808
32400 1.3746443
32500 1.381891
32600 1.3497391
32700 1.631355
32800 1.4999278
32900 1.4909626
33000 1.3051001
33100 1.5283934
33200 1.2965962
33300 1.4808131
33400 1.3951669
33500 1.5625346
33600 1.4283903
33700 1.5163481
33800 1.3923446
33900 1.3927772
34000 1.4309467
34100 1.3262858
34200 1.3608639
34300 1.3714792
34400 1.3717394
34500 1.3576709
34600 1.4763846
34700 1.4579115
34800 1.4139528
34900 1.3910944
35000 1.375206
35100 1.3113139
35200 1.3516843
35300 1.2908237
35400 1.4276129
35500 1.256602
35600 1.320762
35700 1.3618834
35800 1.4034802
35900 1.6415473
36000 1.442138
36100 1.2758615
36200 1.4450313
36300 1.4049717
36400 1.5050892
36500 1.2995802
36600 1.5962194
36700 1.348568
36800 1.2210305
36900 1.3154675
37000 1.3001279
37100 1.3750376
37200 1.185156
37300 1.3705878
37400 1.4162227
37500 1.3668562
37600 1.3676199
37700 1.5423757
37800 1.2709469
37900 1.301826
38000 1.4337547
38100 1.6377524
38200 1.5111003
38300 1.3896332
38400 1.4620452
38500 1.5744408
38600 1.6272058
38700 1.5050247
38800 1.6308607
38900 1.5574812
39000 1.4755739
39100 1.2751313
39200 1.5370451
39300 1.4721174
39400 1.5167536
39500 1.458546
39600 1.4582084
39700 1.3058071
39800 1.4325587
39900 1.5483196
40000 1.3870404
40100 1.6113675
40200 1.4229717
40300 1.4400427
