0 26.253714
100 10.72673
200 8.944578
300 8.434624
400 8.071018
500 7.478532
600 7.3176117
700 7.6023035
800 7.6945963
900 7.499935
1000 6.783601
1100 7.663127
1200 7.4268045
1300 7.167293
1400 7.1826034
1500 7.065534
1600 7.1922097
1700 7.4228306
1800 6.807463
1900 6.662141
2000 6.5350313
2100 6.75691
2200 6.865733
2300 6.187044
2400 6.3198996
2500 7.157554
2600 6.3271117
2700 6.604573
2800 6.4402065
2900 6.187022
3000 6.643829
3100 6.5711102
3200 6.383017
3300 6.0379386
3400 6.633005
3500 6.818041
3600 6.0744143
3700 6.1649866
3800 6.9047427
3900 6.2591043
4000 6.671683
4100 6.6285567
4200 6.263502
4300 6.0018873
4400 6.347069
4500 6.334286
4600 5.6727104
4700 6.1830463
4800 5.9613338
4900 6.009365
5000 6.185631
5100 6.6158276
5200 6.6512733
5300 6.470605
5400 6.1469717
5500 5.946404
5600 6.3097167
5700 6.5775194
5800 5.9284277
5900 5.8673224
6000 6.7569323
6100 6.557602
6200 6.5060387
6300 6.0217257
6400 6.4145856
6500 6.1083617
6600 5.7834067
6700 6.66902
6800 6.457301
6900 6.38234
7000 6.3371634
7100 6.252434
7200 6.5721583
7300 6.198387
7400 6.5374317
7500 6.02421
7600 6.7229943
7700 6.228552
7800 6.21323
7900 6.079905
8000 5.986493
8100 6.0769095
8200 6.064159
8300 6.277614
8400 5.833565
8500 6.307269
8600 6.195045
8700 6.275422
8800 6.548234
8900 6.1899195
9000 6.4507394
9100 5.974254
9200 6.3423634
9300 6.644296
9400 6.4753895
9500 6.285764
9600 6.014862
9700 6.182556
9800 5.834474
9900 6.7012644
10000 6.5659018
10100 6.237898
10200 6.2434874
10300 5.701067
10400 6.352757
10500 6.491414
10600 6.6158
10700 6.569045
10800 5.481984
10900 6.382801
11000 6.272047
11100 6.4638734
11200 6.403345
11300 6.5998545
11400 6.2992506
11500 6.581729
11600 6.1986265
11700 6.4805927
11800 6.484784
11900 6.206719
12000 6.209846
12100 6.232457
12200 5.8059134
12300 6.167309
12400 6.1524754
12500 6.610225
12600 5.864403
12700 5.611128
12800 6.146609
12900 6.418863
13000 6.751716
13100 6.4244323
13200 5.9554067
13300 6.5955143
13400 6.236942
13500 6.5475154
13600 6.2332153
13700 6.1366963
13800 6.4306035
13900 6.0312505
14000 6.0546837
14100 6.1076946
14200 6.76668
14300 6.2798543
14400 5.542278
14500 6.5185924
14600 6.2737317
14700 5.774844
14800 6.281065
14900 6.443388
15000 6.299868
15100 5.487753
15200 6.0272183
15300 5.875545
15400 6.648941
15500 6.297183
15600 6.1247444
15700 6.3084717
15800 6.864193
15900 6.673894
16000 5.9560137
16100 6.0503764
16200 6.324379
16300 7.4399014
16400 6.1480784
16500 6.5614524
16600 5.998426
16700 6.1912775
16800 6.3419533
16900 7.024271
17000 6.13394
17100 6.3338614
17200 6.077319
17300 6.604943
17400 6.603313
17500 5.9801974
17600 5.8276825
17700 6.183417
17800 6.3393583
17900 6.1264644
18000 6.0088935
18100 6.480566
18200 6.017791
18300 6.596839
18400 6.097126
18500 6.1051435
18600 6.279495
18700 6.2212296
18800 6.082013
18900 5.704003
19000 5.9371147
19100 6.1420655
19200 6.3214684
19300 6.2667155
19400 6.5388417
19500 6.382456
19600 5.626939
19700 6.2657485
19800 5.739341
19900 6.4396505
20000 6.4625893
20100 6.4665713
20200 6.383821
20300 5.9686484
20400 6.030205
20500 6.147988
20600 6.3461304
20700 6.0922303
20800 6.0745645
20900 6.564893
21000 6.3569508
21100 6.0971465
21200 6.4453735
21300 6.3016295
21400 6.2418823
21500 6.058836
21600 6.5822363
21700 5.683898
21800 6.221138
21900 5.9483523
22000 6.4488416
22100 6.2204256
22200 6.274451
22300 6.114715
22400 6.321134
22500 6.0604863
22600 5.9714446
22700 6.2211356
22800 5.9202557
22900 6.433989
23000 6.428491
23100 6.0192857
23200 6.699507
23300 6.1205325
23400 5.5322533
23500 5.9745874
23600 6.4423175
23700 6.141226
23800 5.855108
23900 6.011274
24000 6.380545
24100 6.2595496
24200 6.2498026
24300 6.430483
24400 6.088498
24500 6.120332
24600 6.0233183
24700 6.0153003
24800 6.2689962
24900 6.3831544
25000 5.8377237
25100 6.470786
25200 5.7108502
25300 5.5901737
25400 5.781766
25500 6.3895464
25600 6.0205965
25700 6.1308246
25800 6.2065344
25900 6.5717177
26000 6.2785172
26100 6.132982
26200 5.7252374
26300 5.94901
26400 6.2628474
26500 6.0613594
26600 6.175045
26700 6.4641075
26800 6.2252965
26900 6.0168495
27000 6.2288194
27100 5.966542
27200 6.0779095
27300 6.280644
27400 6.425327
27500 6.256438
27600 6.5424614
27700 6.000574
27800 5.801223
27900 6.0846944
28000 6.253708
28100 6.623285
28200 6.664036
28300 6.0118456
28400 6.962141
28500 6.2584677
28600 6.390093
28700 5.978823
28800 6.854315
28900 6.810658
29000 5.930354
29100 6.243111
29200 6.423964
29300 6.2279606
29400 5.988979
29500 6.2722836
29600 6.0317464
29700 6.0694304
29800 6.249308
29900 6.3589153
30000 6.5406337
30100 5.9858236
30200 6.1098685
30300 5.9980674
30400 6.40493
30500 6.1987987
30600 6.4575057
30700 6.5780363
30800 6.4618464
30900 6.057872
31000 6.2312975
31100 6.0534544
31200 6.5076237
31300 6.6388235
31400 6.255707
31500 6.194193
31600 6.0251784
31700 5.726176
31800 6.00895
31900 6.4786005
32000 6.3956594
32100 6.0602827
32200 6.238476
32300 5.776362
32400 6.1834464
32500 5.7021427
32600 5.979969
32700 6.513334
32800 6.167
32900 6.023942
33000 5.992578
33100 6.5899467
33200 5.8504143
33300 5.8774657
33400 6.2473617
33500 6.144299
33600 6.3152905
33700 6.473531
33800 5.8589344
33900 5.791319
34000 5.9928246
34100 6.048331
34200 5.94488
34300 6.0918374
34400 5.731923
34500 5.9297247
34600 6.3765717
34700 6.1123176
34800 6.23982
34900 6.239196
35000 5.891156
35100 5.89074
35200 6.0610495
35300 5.9483438
35400 6.215276
35500 5.6880293
35600 5.978625
35700 5.690866
35800 6.2965074
35900 5.757072
36000 6.0720544
36100 6.0154805
36200 6.0976095
36300 6.015659
36400 6.577118
36500 6.000908
36600 6.686253
36700 5.7920995
36800 5.6745586
36900 5.9187365
37000 5.995462
37100 6.028191
37200 5.473663
37300 6.220208
37400 5.861847
37500 6.2300606
37600 6.1193676
37700 6.0149965
37800 5.77226
37900 5.9258485
38000 6.0753427
38100 6.2559586
38200 6.1361256
38300 5.927048
38400 6.0679016
38500 6.5982556
38600 6.306584
38700 6.365044
38800 6.248786
38900 6.371553
39000 5.848462
39100 5.5453925
39200 6.285661
39300 6.306257
39400 6.036046
39500 5.9848175
39600 6.187334
39700 5.9535303
39800 6.0413117
39900 6.2469273
40000 5.930762
40100 5.920286
40200 5.790992
40300 6.3959327
