0 8.085565
100 0.43564856
200 0.07114371
300 0.27344888
400 0.31082144
500 0.22920875
600 0.298573
700 0.14407302
800 0.14174622
900 0.15317367
1000 0.3353466
1100 0.30242297
1200 0.35259035
1300 0.07528937
1400 0.10094554
1500 0.118653454
1600 0.36024982
1700 0.1565016
1800 0.016193585
1900 0.06462028
2000 0.023291705
2100 0.031636734
2200 0.27599543
2300 0.082044825
2400 0.04673052
2500 0.012867169
2600 0.15339999
2700 0.037587363
2800 0.04019568
2900 0.017935395
3000 0.028119931
3100 0.013197145
3200 0.15803066
3300 0.075429894
3400 0.13034533
3500 0.09607181
3600 0.03068516
3700 0.022576872
3800 0.0442312
3900 0.038813993
4000 0.008018053
4100 0.021038532
4200 0.0056468192
4300 0.025825476
4400 0.060957953
4500 0.019716358
4600 0.008122791
4700 0.014027219
4800 0.017491072
4900 0.0049386434
5000 0.005127117
5100 0.26143503
5200 0.0049917223
5300 0.048328854
5400 0.042053252
5500 0.042612616
5600 0.014539303
5700 0.013581266
5800 0.063873194
5900 0.079811
6000 0.11471372
6100 0.022026623
6200 0.004627429
6300 0.031802807
6400 0.018140815
6500 0.0491232
6600 0.033219375
6700 0.0023731396
6800 0.0073376433
6900 0.0077302507
7000 0.02008182
7100 0.0045111775
7200 0.020962982
7300 0.0035686302
7400 0.007834685
7500 0.011536557
7600 0.0040676133
7700 0.0058051366
7800 0.0065769525
7900 0.0025736087
8000 0.0019155955
8100 0.00227637
8200 0.0172963
8300 0.009389507
8400 0.040465675
8500 0.120995
8600 0.0056593376
8700 0.003621894
8800 0.014668502
8900 0.019169621
9000 0.0068645612
9100 0.0017436215
9200 0.0062403786
9300 0.00268953
9400 0.0053850943
9500 0.027126124
9600 0.008167892
9700 0.002078814
9800 0.009472001
9900 0.0063449754
10000 0.0058779265
10100 0.027130386
10200 0.00811996
10300 0.0018566528
10400 0.02843679
10500 0.008506189
10600 0.006393984
10700 0.003632558
10800 0.014506789
10900 0.0069242497
11000 0.0017530937
11100 0.075259276
11200 0.0034206898
11300 0.00061856094
11400 0.0023756651
11500 0.0034050213
11600 0.0043611624
11700 0.0014362792
11800 0.01692139
11900 0.0055542826
12000 0.002837219
12100 0.008564988
12200 0.014124035
12300 0.0011046471
12400 0.0028040744
12500 0.003885613
12600 0.001025981
12700 0.0019393944
12800 0.0013384065
12900 0.0054538613
13000 0.0024624576
13100 0.0010008975
13200 0.0013167176
13300 0.0018073816
13400 0.00072822167
13500 0.003934214
13600 0.010046777
13700 0.015113884
13800 0.0018815992
13900 0.0020058493
14000 0.0012841484
14100 0.008697803
14200 0.0032493938
14300 0.0017095845
14400 0.002202319
14500 0.001566243
14600 0.003556376
14700 0.005873077
14800 0.0013466453
14900 0.005818606
15000 0.002868192
15100 0.0023258503
15200 0.0026690399
15300 0.003755959
15400 0.0031246964
15500 0.004379828
15600 0.009436008
15700 0.006844689
15800 0.001381916
15900 0.014847797
16000 0.0037119724
16100 0.0057810317
16200 0.0017573875
16300 0.0021365562
16400 0.0066639427
16500 0.008603218
16600 0.0011238467
16700 0.0013426895
16800 0.0041209934
16900 0.0131238075
17000 0.0030314089
17100 0.00039629405
17200 0.0056668413
17300 0.007679658
17400 0.0013987485
17500 0.0021508234
17600 0.0024355957
17700 0.0007519739
17800 0.0036448704
17900 0.0009179952
18000 0.0024701993
18100 0.006838096
18200 0.0030938855
18300 0.0034270536
18400 0.0025905324
18500 0.005631069
18600 0.0048018177
18700 0.0040605804
