0 5.6044865
100 0.30196857
200 0.04931306
300 0.18954033
400 0.21544501
500 0.1588754
600 0.20695503
700 0.09986381
800 0.098251
900 0.1061719
1000 0.23244455
1100 0.20962363
1200 0.24439701
1300 0.052186616
1400 0.069970116
1500 0.08224431
1600 0.24970615
1700 0.10847865
1800 0.011224538
1900 0.044791363
2000 0.01614458
2100 0.021928914
2200 0.19130546
2300 0.056869138
2400 0.032391127
2500 0.008918842
2600 0.10632877
2700 0.026053574
2800 0.027861524
2900 0.012431868
3000 0.019491252
3100 0.009147564
3200 0.1095385
3300 0.052284017
3400 0.0903485
3500 0.0665919
3600 0.021269333
3700 0.015649095
3800 0.030658731
3900 0.02690381
4000 0.005557691
4100 0.0145828
4200 0.003914077
4300 0.017900856
4400 0.042252835
4500 0.013666338
4600 0.005630289
4700 0.009722928
4800 0.012123887
4900 0.0034232067
5000 0.0035538469
5100 0.18121295
5200 0.0034599982
5300 0.03349901
5400 0.029149095
5500 0.029536815
5600 0.010077877
5700 0.009413816
5800 0.044273525
5900 0.05532077
6000 0.07951349
6100 0.015267692
6200 0.0032074894
6300 0.022044025
6400 0.012574255
6500 0.034049608
6600 0.023025917
6700 0.0016449351
6800 0.0050860667
6900 0.0053582015
7000 0.013919657
7100 0.00312691
7200 0.0145304315
7300 0.002473586
7400 0.00543059
7500 0.007996532
7600 0.0028194545
7700 0.004023814
7800 0.004558796
7900 0.0017838896
8000 0.0013277896
8100 0.0015778595
8200 0.011988881
8300 0.0065083103
8400 0.02804867
8500 0.08386734
8600 0.003922754
8700 0.0025105055
8800 0.010167431
8900 0.013287369
9000 0.0047581512
9100 0.0012085864
9200 0.0043255007
9300 0.00186424
9400 0.0037326629
9500 0.018802397
9600 0.005661551
9700 0.001440924
9800 0.006565491
9900 0.004398002
10000 0.004074268
10100 0.018805351
10200 0.005628328
10300 0.0012869337
10400 0.01971088
10500 0.0058960407
10600 0.004431972
10700 0.0025178974
10800 0.01005534
10900 0.0047995243
11000 0.001215152
11100 0.052165754
11200 0.0023710416
11300 0.0004287538
11400 0.0016466856
11500 0.002360181
11600 0.0030229276
11700 0.0009955529
11800 0.011729013
11900 0.0038499353
12000 0.0019666103
12100 0.0059367977
12200 0.009790035
12300 0.000765683
12400 0.0019436363
12500 0.0026933018
12600 0.0007111559
12700 0.0013442858
12800 0.00092771265
12900 0.0037803287
13000 0.0017068456
13100 0.0006937693
13200 0.0009126791
13300 0.0012527815
13400 0.0005047648
13500 0.0027269893
13600 0.0069638956
13700 0.010476146
13800 0.0013042252
13900 0.0013903488
14000 0.00089010387
14100 0.0060288575
14200 0.0022523082
14300 0.0011849937
14400 0.0015265312
14500 0.0010856369
14600 0.002465092
14700 0.004070907
14800 0.0009334234
14900 0.00403315
15000 0.0019880792
15100 0.0016121565
15200 0.0018500375
15300 0.0026034324
15400 0.0021658745
15500 0.0030358655
15600 0.006540542
15700 0.004744377
15800 0.0009578712
15900 0.010291709
16000 0.0025729432
16100 0.0040071057
16200 0.0012181283
16300 0.001480948
16400 0.004619093
16500 0.0059632966
16600 0.0007789912
16700 0.0009306814
16800 0.002856455
16900 0.0090967305
17000 0.0021012125
17100 0.0002746901
17200 0.003927955
17300 0.0053231334
17400 0.0009695386
17500 0.0014908372
17600 0.0016882264
17700 0.0005212286
17800 0.0025264316
17900 0.0006363058
18000 0.0017122116
18100 0.004739807
18200 0.002144518
18300 0.0023754525
18400 0.0017956203
18500 0.0039031596
18600 0.0033283664
18700 0.0028145798
