0 3.1798239
100 1.4281945
200 1.1686395
300 1.2907116
400 1.1932001
500 1.2706189
600 1.2512622
700 1.2954729
800 1.300247
900 1.2690808
1000 1.3059546
1100 1.2737206
1200 1.4424317
1300 1.1872422
1400 1.2636299
1500 1.1252239
1600 1.1894171
1700 1.1387961
1800 1.0386015
1900 1.1613474
2000 1.0647585
2100 1.112009
2200 1.1704776
2300 1.1631477
2400 1.1411052
2500 1.0516247
2600 1.115534
2700 1.0968622
2800 1.1534435
2900 1.0619504
3000 1.0876153
3100 1.0495546
3200 1.3332832
3300 1.1263015
3400 1.1663345
3500 1.1093547
3600 1.1047473
3700 1.0654783
3800 1.1217878
3900 1.1192635
4000 1.0331429
4100 1.0387022
4200 1.0239033
4300 1.0659735
4400 1.0699282
4500 1.053557
4600 1.0338981
4700 1.0433192
4800 1.050755
4900 1.0230136
5000 1.0207813
5100 1.115735
5200 1.0206364
5300 1.0564291
5400 1.0823884
5500 1.1008942
5600 1.0435553
5700 1.0459654
5800 1.1138005
5900 1.08318
6000 1.031157
6100 1.0776184
6200 1.020443
6300 1.0832567
6400 1.0491058
6500 1.0755546
6600 1.0817391
6700 1.0104576
6800 1.0271124
6900 1.0336025
7000 1.062086
7100 1.0185506
7200 1.0647807
7300 1.0162276
7400 1.0287178
7500 1.039799
7600 1.012746
7700 1.0220759
7800 1.024478
7900 1.011352
8000 1.0088973
8100 1.0099024
8200 1.0530378
8300 1.0345073
8400 1.0577421
8500 1.0390337
8600 1.0226278
8700 1.0160412
8800 1.0586283
8900 1.0526564
9000 1.0271456
9100 1.0084157
9200 1.0236815
9300 1.013054
9400 1.0204544
9500 1.0861807
9600 1.0303831
9700 1.008158
9800 1.0288564
9900 1.0224738
10000 1.0220189
10100 1.0675204
10200 1.0297954
10300 1.0078423
10400 1.084332
10500 1.0303445
10600 1.0195792
10700 1.0133983
10800 1.043734
10900 1.0276136
11000 1.0079753
11100 1.0232054
11200 1.0138137
11300 1.0031915
11400 1.0103779
11500 1.0111163
11600 1.0169729
11700 1.0072067
11800 1.0543405
11900 1.021527
12000 1.0124524
12100 1.0313203
12200 1.0503328
12300 1.0051317
12400 1.010092
12500 1.0153892
12600 1.004719
12700 1.0080557
12800 1.0063522
12900 1.0196159
13000 1.0098739
13100 1.0050704
13200 1.0060421
13300 1.0077415
13400 1.0038116
13500 1.0170338
13600 1.0367384
13700 1.0334101
13800 1.0088477
13900 1.0093329
14000 1.0062597
14100 1.031477
14200 1.0137186
14300 1.0065553
14400 1.0097798
14500 1.0078278
14600 1.0138994
14700 1.0228806
14800 1.0061934
14900 1.0215108
15000 1.0119562
15100 1.010045
15200 1.0118377
15300 1.015637
15400 1.012969
15500 1.0161908
15600 1.0355716
15700 1.0241594
15800 1.006801
15900 1.051085
16000 1.0137469
16100 1.0223681
16200 1.0084207
16300 1.0096681
16400 1.0206155
16500 1.0272119
16600 1.0048835
16700 1.0060548
16800 1.014669
16900 1.0458274
17000 1.0093157
17100 1.0021979
17200 1.0198951
17300 1.027528
17400 1.0069026
17500 1.0096385
17600 1.010612
17700 1.0035956
17800 1.0142105
17900 1.0045593
18000 1.0104349
18100 1.0233622
18200 1.0116706
18300 1.015626
18400 1.0111979
18500 1.0198175
18600 1.0192472
18700 1.0157905
