0 6.9922423
100 0.27308127
200 0.3331877
300 0.19342697
400 0.37069705
500 0.050014555
600 0.20804375
700 0.1484701
800 0.1140825
900 0.087165594
1000 0.6250495
1100 0.12563887
1200 0.24999832
1300 0.27339432
1400 0.054091875
1500 0.13310455
1600 0.043522216
1700 0.2660296
1800 0.20471297
1900 0.15174115
2000 0.10566828
2100 0.019846626
2200 0.06624715
2300 0.051279955
2400 0.09111749
2500 0.011843603
2600 0.02156071
2700 0.07400889
2800 0.05194238
2900 0.042674065
3000 0.07710891
3100 0.34679112
3200 0.122348286
3300 0.06700951
3400 0.137007
3500 0.009273358
3600 0.1535048
3700 0.04449268
3800 0.06116998
3900 0.06019551
4000 0.087084725
4100 0.020306122
4200 0.1269324
4300 0.024178976
4400 0.0041720793
4500 0.026359603
4600 0.23547289
4700 0.069390364
4800 0.030886764
4900 0.22420149
5000 0.012463647
5100 0.040481493
5200 0.024174988
5300 0.0099461535
5400 0.005616975
5500 0.011705315
5600 0.007206513
5700 0.03169838
5800 0.045019828
5900 0.061421517
6000 0.0031919167
6100 0.03748126
6200 0.18961266
6300 0.010728266
6400 0.009595707
6500 0.026423318
6600 0.11374677
6700 0.010775836
6800 0.003666993
6900 0.010905137
7000 0.021743368
7100 0.01090303
7200 0.008882806
7300 0.010156235
7400 0.0029000742
7500 0.023519078
7600 0.017866092
7700 0.0119702825
7800 0.0049576648
7900 0.032408763
8000 0.004192173
8100 0.0018563569
8200 0.0054647806
8300 0.014516353
8400 0.016387869
8500 0.025990164
8600 0.0028976938
8700 0.047935467
8800 0.00310279
8900 0.0373346
9000 0.014313091
9100 0.005581244
9200 0.0020193937
9300 0.0027070418
9400 0.027305385
9500 0.0013732723
9600 0.0016154576
9700 0.0016384183
9800 0.0009528798
9900 0.0035726198
10000 0.0044790395
10100 0.023681568
10200 0.00086018036
10300 0.036913533
10400 0.010393968
10500 0.0026667456
10600 0.0016270941
10700 0.010150984
10800 0.013863683
10900 0.0013857071
11000 0.008984449
11100 0.0029211645
11200 0.0037634156
11300 0.004976405
11400 0.010650227
11500 0.0021938377
11600 0.004174188
11700 0.009099218
11800 0.007034808
11900 0.005663459
12000 0.0020359287
12100 0.013273789
12200 0.033027563
12300 0.0007092145
12400 0.0035179676
12500 0.0039421082
12600 0.0050038835
12700 0.0027734241
12800 0.008388765
12900 0.0012325086
13000 0.004753117
13100 0.0012246887
13200 0.0009834871
13300 0.0029940063
13400 0.0049040206
13500 0.0072101685
13600 0.0041881
13700 0.008924938
13800 0.0069207237
13900 0.00026055763
14000 0.005502185
14100 0.0035460338
14200 0.000975239
14300 0.000679066
14400 0.0019575385
14500 0.00436104
14600 0.0035006579
14700 0.0010996
14800 0.00349115
14900 0.003967222
15000 0.003712895
15100 0.0022965893
15200 0.0016513299
15300 0.0030010242
15400 0.008062093
15500 0.00400251
15600 0.0028288176
15700 0.00062724826
15800 0.0048694205
15900 0.0032161088
16000 0.0019904952
16100 0.011770104
16200 0.005413971
16300 0.00096912525
16400 0.0013286432
16500 0.0024276262
16600 0.0033096483
16700 0.0032620553
16800 0.0034782288
16900 0.0021118617
17000 0.0019295322
17100 0.0012993409
17200 0.0012326717
17300 0.0033996599
17400 0.0038267763
17500 0.0020949286
17600 0.0019553832
17700 0.0044154665
17800 0.00017035623
17900 0.00468473
18000 0.0025886882
18100 0.0018393662
18200 0.004338628
18300 0.0025110953
18400 0.0016237614
18500 0.0010647023
18600 0.0012321271
18700 0.0029979744
