0 4.846653
100 0.18928552
200 0.23094812
300 0.13407336
400 0.2569476
500 0.034667447
600 0.14420494
700 0.102911636
800 0.07907596
900 0.060418583
1000 0.43325126
1100 0.08708623
1200 0.17328563
1300 0.1895025
1400 0.03749363
1500 0.092261046
1600 0.030167302
1700 0.18439767
1800 0.14189622
1900 0.10517895
2000 0.07324367
2100 0.013756633
2200 0.045919027
2300 0.035544556
2400 0.06315783
2500 0.00820936
2600 0.014944745
2700 0.051299054
2800 0.036003713
2900 0.029579408
3000 0.053447828
3100 0.24037728
3200 0.08480537
3300 0.046447452
3400 0.09496602
3500 0.0064278017
3600 0.10640142
3700 0.030839976
3800 0.042399798
3900 0.041724347
4000 0.060362533
4100 0.014075131
4200 0.08798283
4300 0.01675959
4400 0.002891865
4500 0.018271085
4600 0.16321737
4700 0.048097737
4800 0.021409074
4900 0.15540463
5000 0.008639142
5100 0.028059632
5200 0.016756825
5300 0.0068941484
5400 0.0038933903
5500 0.008113506
5600 0.0049951742
5700 0.021971643
5800 0.031205367
5900 0.042574152
6000 0.002212468
6100 0.02598003
6200 0.13142948
6300 0.007436267
6400 0.0066512376
6500 0.018315248
6600 0.07884325
6700 0.0074692406
6800 0.0025417658
6900 0.007558865
7000 0.015071355
7100 0.007557404
7200 0.006157092
7300 0.0070397654
7400 0.0020101783
7500 0.016302183
7600 0.012383832
7700 0.008297168
7800 0.0034363915
7900 0.022464043
8000 0.002905793
8100 0.0012867285
8200 0.0037878973
8300 0.010061969
8400 0.0113592055
8500 0.018015008
8600 0.0020085282
8700 0.033226334
8800 0.0021506902
8900 0.025878372
9000 0.009921079
9100 0.0038686234
9200 0.0013997371
9300 0.0018763784
9400 0.01892665
9500 0.0009518798
9600 0.0011197499
9700 0.001135665
9800 0.00066048594
9900 0.0024763513
10000 0.0031046337
10100 0.016414812
10200 0.0005962316
10300 0.025586512
10400 0.00720455
10500 0.0018484471
10600 0.0011278157
10700 0.0070361258
10800 0.009609573
10900 0.00096049893
11000 0.006227546
11100 0.002024797
11200 0.002608601
11300 0.003449381
11400 0.0073821745
11500 0.0015206523
11600 0.0028933263
11700 0.006307097
11800 0.0048761573
11900 0.003925611
12000 0.0014111982
12100 0.009200689
12200 0.022892963
12300 0.00049159
12400 0.0024384693
12500 0.0027324613
12600 0.0034684278
12700 0.0019223911
12800 0.005814649
12900 0.0008543099
13000 0.0032946095
13100 0.0008488895
13200 0.00068170135
13300 0.002075287
13400 0.0033992082
13500 0.004997708
13600 0.0029029697
13700 0.0061862953
13800 0.00479708
13900 0.0001806048
14000 0.003813824
14100 0.0024579233
14200 0.00067598413
14300 0.0004706927
14400 0.0013568623
14500 0.0030228426
14600 0.002426471
14700 0.0007621846
14800 0.0024198808
14900 0.0027498687
15000 0.0025735828
15100 0.0015918744
15200 0.0011446147
15300 0.0020801516
15400 0.0055882167
15500 0.0027743287
15600 0.001960787
15700 0.00043477537
15800 0.003375225
15900 0.0022292368
16000 0.0013797062
16100 0.008158415
16200 0.0037526786
16300 0.00067174644
16400 0.0009209453
16500 0.0016827022
16600 0.0022940733
16700 0.0022610845
16800 0.0024109245
16900 0.001463831
17000 0.0013374498
17100 0.00090063445
17200 0.0008544229
17300 0.0023564647
17400 0.0026525191
17500 0.001452094
17600 0.0013553683
17700 0.0030605681
17800 0.00011808194
17900 0.0032472073
18000 0.0017943418
18100 0.0012749515
18200 0.0030073079
18300 0.0017405587
18400 0.0011255057
18500 0.0007379954
18600 0.00085404544
18700 0.0020780375
