0 2.9344952
100 1.2287185
200 1.4775953
300 1.4142969
400 1.3229601
500 1.1591105
600 1.1503353
700 1.1779735
800 1.243295
900 1.2203084
1000 1.3742244
1100 1.2511858
1200 1.2269241
1300 1.3720256
1400 1.1545935
1500 1.2952149
1600 1.1085036
1700 1.3502121
1800 1.1315348
1900 1.1911025
2000 1.201098
2100 1.0577338
2200 1.1329358
2300 1.1064415
2400 1.1661019
2500 1.0438894
2600 1.0537763
2700 1.1265155
2800 1.1092598
2900 1.1404164
3000 1.1146487
3100 1.1122949
3200 1.1567395
3300 1.1099448
3400 1.1588757
3500 1.0346895
3600 1.218514
3700 1.1028075
3800 1.1743717
3900 1.1426955
4000 1.149777
4100 1.0533727
4200 1.1149914
4300 1.0657449
4400 1.0173185
4500 1.0536392
4600 1.1134331
4700 1.130231
4800 1.0704541
4900 1.2110045
5000 1.0384661
5100 1.1133918
5200 1.0906394
5300 1.033176
5400 1.0239009
5500 1.0358351
5600 1.0273271
5700 1.057093
5800 1.0857142
5900 1.1395373
6000 1.0141202
6100 1.0812303
6200 1.0935677
6300 1.029583
6400 1.0282414
6500 1.048191
6600 1.1165326
6700 1.0400414
6800 1.0158634
6900 1.0406764
7000 1.0577245
7100 1.0408484
7200 1.0309522
7300 1.0377918
7400 1.0137539
7500 1.0511478
7600 1.0634302
7700 1.038665
7800 1.0174574
7900 1.0497475
8000 1.0179542
8100 1.0095497
8200 1.0182543
8300 1.0548102
8400 1.0562378
8500 1.0835135
8600 1.013842
8700 1.1389713
8800 1.0133438
8900 1.0999312
9000 1.0333006
9100 1.0215919
9200 1.009084
9300 1.0104196
9400 1.0507299
9500 1.0056814
9600 1.0071173
9700 1.0073862
9800 1.004503
9900 1.0155114
10000 1.0182929
10100 1.0689296
10200 1.004236
10300 1.0611218
10400 1.0329752
10500 1.0117315
10600 1.0067977
10700 1.0382162
10800 1.0432796
10900 1.006788
11000 1.0277299
11100 1.0109332
11200 1.0153784
11300 1.0191147
11400 1.0352801
11500 1.0094966
11600 1.0179901
11700 1.0320103
11800 1.0257963
11900 1.0218654
12000 1.0091201
12100 1.0435951
12200 1.0396824
12300 1.0037079
12400 1.0148356
12500 1.0147984
12600 1.0181633
12700 1.0120891
12800 1.027734
12900 1.0059526
13000 1.0190197
13100 1.0061505
13200 1.0048957
13300 1.0124998
13400 1.0193626
13500 1.0282676
13600 1.0168324
13700 1.0334775
13800 1.0221734
13900 1.0016193
14000 1.0218239
14100 1.0124351
14200 1.0045838
14300 1.0034022
14400 1.0083033
14500 1.0175182
14600 1.0147023
14700 1.0041077
14800 1.0138948
14900 1.0163059
15000 1.0151067
15100 1.0091306
15200 1.007016
15300 1.011793
15400 1.028669
15500 1.0172977
15600 1.0124987
15700 1.0033681
15800 1.0195868
15900 1.011517
16000 1.0081547
16100 1.0389142
16200 1.0220041
16300 1.0050386
16400 1.0061183
16500 1.010591
16600 1.013958
16700 1.0121685
16800 1.0146909
16900 1.0097065
17000 1.0091214
17100 1.0062187
17200 1.0056134
17300 1.0130816
17400 1.0149204
17500 1.0091151
17600 1.0091176
17700 1.0163941
17800 1.0010512
17900 1.0164719
18000 1.0107567
18100 1.0080032
18200 1.0176871
18300 1.0102876
18400 1.0076041
18500 1.0048854
18600 1.0059588
18700 1.0121604
