0 0.09375
100 0.3125
200 0.40625
300 0.25
400 0.3125
500 0.46875
600 0.375
700 0.4375
800 0.34375
900 0.46875
1000 0.46875
1100 0.4375
1200 0.40625
1300 0.5
1400 0.46875
1500 0.375
1600 0.5
1700 0.375
1800 0.4375
1900 0.46875
2000 0.5
2100 0.46875
2200 0.53125
2300 0.5
2400 0.5625
2500 0.46875
2600 0.40625
2700 0.625
2800 0.4375
2900 0.4375
3000 0.40625
3100 0.46875
3200 0.4375
3300 0.4375
3400 0.625
3500 0.40625
3600 0.53125
3700 0.5625
3800 0.5625
3900 0.46875
4000 0.46875
4100 0.71875
4200 0.53125
4300 0.625
4400 0.59375
4500 0.5
4600 0.59375
4700 0.5
4800 0.625
4900 0.4375
5000 0.71875
5100 0.5625
5200 0.6875
5300 0.5625
5400 0.5625
5500 0.6875
5600 0.5625
5700 0.5625
5800 0.34375
5900 0.5
6000 0.5625
6100 0.46875
6200 0.5
6300 0.59375
6400 0.5625
6500 0.53125
6600 0.625
6700 0.6875
6800 0.5
6900 0.625
7000 0.5
7100 0.4375
7200 0.375
7300 0.5625
7400 0.53125
7500 0.53125
7600 0.53125
7700 0.5625
7800 0.46875
7900 0.625
8000 0.78125
8100 0.46875
8200 0.59375
8300 0.5
8400 0.625
8500 0.59375
8600 0.53125
8700 0.5625
8800 0.65625
8900 0.4375
9000 0.53125
9100 0.4375
9200 0.5
9300 0.65625
9400 0.59375
9500 0.75
9600 0.625
9700 0.625
9800 0.53125
9900 0.625
10000 0.53125
10100 0.65625
10200 0.65625
10300 0.59375
10400 0.46875
10500 0.65625
10600 0.65625
10700 0.625
10800 0.46875
10900 0.6875
11000 0.78125
11100 0.40625
11200 0.65625
11300 0.65625
11400 0.53125
11500 0.46875
11600 0.71875
11700 0.71875
11800 0.40625
11900 0.59375
12000 0.59375
12100 0.5625
12200 0.53125
12300 0.625
12400 0.5625
12500 0.71875
12600 0.65625
12700 0.65625
12800 0.78125
12900 0.6875
13000 0.6875
13100 0.75
13200 0.8125
13300 0.65625
13400 0.78125
13500 0.90625
13600 0.71875
13700 0.71875
13800 0.59375
13900 0.71875
14000 0.53125
14100 0.65625
14200 0.59375
14300 0.71875
14400 0.84375
14500 0.8125
14600 0.625
14700 0.8125
14800 0.75
14900 0.8125
15000 0.6875
15100 0.75
15200 0.53125
15300 0.6875
15400 0.71875
15500 0.75
15600 0.6875
15700 0.625
15800 0.78125
15900 0.6875
16000 0.8125
16100 0.65625
16200 0.75
16300 0.625
16400 0.59375
16500 0.59375
16600 0.71875
16700 0.71875
16800 0.71875
16900 0.78125
17000 0.78125
17100 0.875
17200 0.8125
17300 0.6875
17400 0.78125
17500 0.8125
17600 0.71875
17700 0.75
17800 0.71875
17900 0.5625
18000 0.8125
18100 0.8125
18200 0.5
18300 0.75
18400 0.78125
18500 0.8125
18600 0.75
18700 0.8125
18800 0.6875
18900 0.78125
19000 0.75
19100 0.78125
19200 0.8125
19300 0.8125
19400 0.625
19500 0.75
19600 0.71875
19700 0.6875
19800 0.625
19900 0.59375
20000 0.6875
20100 0.6875
20200 0.84375
20300 0.84375
20400 0.84375
20500 0.9375
20600 0.75
20700 0.84375
20800 0.6875
20900 0.65625
21000 0.84375
21100 0.78125
21200 0.65625
21300 0.78125
21400 0.75
21500 0.40625
21600 0.78125
21700 0.75
21800 0.875
21900 0.75
22000 0.75
22100 0.6875
22200 0.625
22300 0.6875
22400 0.6875
22500 0.625
22600 0.8125
22700 0.84375
22800 0.9375
22900 0.875
23000 0.78125
23100 0.75
23200 0.71875
23300 0.75
23400 0.875
23500 0.71875
23600 0.75
23700 0.71875
23800 0.8125
23900 0.71875
24000 0.78125
24100 0.875
24200 0.84375
24300 0.6875
24400 0.875
24500 0.75
24600 0.4375
24700 0.59375
24800 0.6875
24900 0.84375
25000 0.78125
25100 0.6875
25200 0.65625
25300 0.71875
25400 0.71875
25500 0.84375
25600 0.71875
25700 0.78125
25800 0.6875
25900 0.75
26000 0.71875
26100 0.84375
26200 0.84375
26300 0.875
26400 0.6875
26500 0.84375
26600 0.78125
26700 0.8125
