0 3.313375
100 2.8013291
200 2.7102656
300 2.595812
400 2.3392642
500 2.4447823
600 2.7575023
700 2.411017
800 2.52827
900 2.4087472
1000 2.0264862
1100 2.3356104
1200 2.3457563
1300 2.202672
1400 2.4649029
1500 2.2890666
1600 2.184761
1700 2.3513305
1800 2.155229
1900 2.275516
2000 2.08334
2100 2.192629
2200 2.5402114
2300 2.0731587
2400 1.9451272
2500 2.2943494
2600 1.9115669
2700 1.9704682
2800 2.1710384
2900 2.1499004
3000 2.2873442
3100 1.9361249
3200 1.9678105
3300 2.238023
3400 1.7838986
3500 1.9449745
3600 2.149951
3700 1.5952911
3800 2.0152955
3900 2.0296557
4000 2.0107443
4100 1.7877815
4200 2.207988
4300 1.6491908
4400 1.9671298
4500 2.0444136
4600 1.6597545
4700 2.3266556
4800 1.853908
4900 2.233538
5000 1.4652348
5100 1.6357175
5200 1.3971945
5300 1.8909267
5400 2.089399
5500 1.6859835
5600 1.7396241
5700 1.4954511
5800 2.2366052
5900 1.9827431
6000 1.6500956
6100 2.1662092
6200 1.7762437
6300 1.7723581
6400 1.9843955
6500 1.7177585
6600 1.3748134
6700 1.5724624
6800 2.120979
6900 1.6400183
7000 1.6957057
7100 2.0014896
7200 2.27495
7300 1.8697897
7400 1.73759
7500 1.9385499
7600 1.876246
7700 1.8152648
7800 1.8875127
7900 2.031369
8000 1.4896903
8100 1.8708978
8200 1.5088816
8300 1.7879616
8400 2.1948066
8500 1.2969075
8600 1.8565183
8700 1.7150096
8800 2.0510957
8900 2.147963
9000 1.8603312
9100 1.981252
9200 1.5444059
9300 1.326826
9400 2.005553
9500 1.5293796
9600 1.3992281
9700 1.7452751
9800 2.1834195
9900 1.5840261
10000 1.5494447
10100 1.86052
10200 1.5877441
10300 1.712811
10400 2.065885
10500 1.7509526
10600 1.6665022
10700 1.9758416
10800 1.9646411
10900 1.2354717
11000 1.1334611
11100 2.0243444
11200 1.5084678
11300 1.5633634
11400 2.023353
11500 1.5901599
11600 1.2288578
11700 1.4246669
11800 2.3159938
11900 1.9560008
12000 1.4606335
12100 1.980178
12200 1.6587238
12300 1.4368116
12400 1.582168
12500 1.3407953
12600 1.5282013
12700 0.9668416
12800 1.3615527
12900 1.1009433
13000 1.1809059
13100 1.488892
13200 1.2551138
13300 1.5297246
13400 1.1957375
13500 0.8186814
13600 1.4375883
13700 1.3392227
13800 1.8471252
13900 1.2013937
14000 1.7489538
14100 1.6242644
14200 1.5254557
14300 1.1606656
14400 0.95778817
14500 0.9653869
14600 1.2130871
14700 1.0397989
14800 1.2936007
14900 1.2409773
15000 1.1699991
15100 1.163412
15200 1.7711976
15300 1.1394846
15400 1.4060888
15500 1.1673982
15600 1.1338149
15700 1.3491012
15800 1.0313046
15900 1.2716622
16000 0.8481806
16100 1.4934055
16200 1.2709522
16300 1.3761543
16400 1.417571
16500 1.5406849
16600 1.3278542
16700 1.3012655
16800 1.2422721
16900 0.9497668
17000 0.9322237
17100 0.88360894
17200 0.93578136
17300 1.356419
17400 1.0560647
17500 0.7917576
17600 1.1479143
17700 0.9507159
17800 1.4376268
17900 1.6620109
18000 1.1973956
18100 1.0861943
18200 1.7743299
18300 0.9774845
18400 0.9768215
18500 0.97442275
18600 1.4601126
18700 1.1323786
18800 1.049014
18900 0.9237032
19000 1.3253764
19100 1.01384
19200 1.110079
19300 0.9591443
19400 1.2627728
19500 1.4392397
19600 1.1501775
19700 1.24557
19800 1.0746646
19900 1.6498235
20000 1.7672187
20100 1.2383547
20200 1.0149162
20300 0.9377172
20400 0.94215655
20500 0.7232413
20600 1.4026549
20700 0.87418985
20800 1.2642498
20900 1.500972
21000 0.83687633
21100 0.98860526
21200 1.2999762
21300 0.88912934
21400 1.2838384
21500 1.8504926
21600 1.0207738
21700 1.0582052
21800 0.8335165
21900 1.3612412
22000 1.0224814
22100 1.1735258
22200 1.2902966
22300 1.2901517
22400 1.4929119
22500 1.3249991
22600 1.1292429
22700 1.1595023
22800 0.8067367
22900 0.71129316
23000 0.9834705
23100 0.984481
23200 0.8939904
23300 1.3378534
23400 0.719399
23500 1.2763145
23600 1.2782466
23700 1.0161504
23800 0.88359064
23900 1.202088
24000 1.2902727
24100 0.7736062
24200 0.84154105
24300 1.2222688
24400 0.9247194
24500 1.0354755
24600 1.791251
24700 1.6650889
24800 1.0799718
24900 0.8665974
25000 1.4078443
25100 1.1732931
25200 1.2294638
25300 1.110773
25400 1.3232266
25500 0.7214794
25600 1.5963161
25700 0.9785484
25800 1.7360809
25900 1.2825047
26000 1.1749138
26100 0.7889936
26200 0.8591931
26300 0.8741257
26400 1.1767963
26500 0.95809567
26600 1.0973467
26700 1.0274174
