0 2.2966566
100 1.9417334
200 1.878613
300 1.7992798
400 1.6214544
500 1.6945939
600 1.911355
700 1.6711895
800 1.7524632
900 1.6696163
1000 1.4046532
1100 1.6189218
1200 1.6259544
1300 1.5267758
1400 1.7085404
1500 1.58666
1600 1.514361
1700 1.6298182
1800 1.493891
1900 1.5772675
2000 1.4440613
2100 1.5198146
2200 1.7607404
2300 1.4370042
2400 1.3482594
2500 1.5903218
2600 1.3249972
2700 1.3658245
2800 1.5048492
2900 1.4901974
3000 1.5854663
3100 1.3420196
3200 1.3639823
3300 1.5512793
3400 1.2365043
3500 1.3481536
3600 1.4902325
3700 1.1057715
3800 1.3968964
3900 1.4068501
4000 1.3937417
4100 1.2391957
4200 1.5304606
4300 1.143132
4400 1.3635105
4500 1.4170794
4600 1.1504542
4700 1.6127148
4800 1.2850311
4900 1.5481706
5000 1.0156233
5100 1.133793
5200 0.96846145
5300 1.3106905
5400 1.448261
5500 1.1686348
5600 1.2058156
5700 1.0365677
5800 1.5502965
5900 1.3743328
6000 1.1437591
6100 1.5015018
6200 1.2311983
6300 1.228505
6400 1.3754781
6500 1.1906595
6600 0.95294803
6700 1.0899479
6800 1.4701507
6900 1.1367741
7000 1.1753736
7100 1.387327
7200 1.5768752
7300 1.2960395
7400 1.2044055
7500 1.3437004
7600 1.3005146
7700 1.2582457
7800 1.3083241
7900 1.4080377
8000 1.0325747
8100 1.2968075
8200 1.045877
8300 1.2393205
8400 1.5213239
8500 0.8989478
8600 1.2868404
8700 1.1887541
8800 1.4217112
8900 1.4888545
9000 1.2894833
9100 1.3732992
9200 1.0705006
9300 0.91968566
9400 1.3901434
9500 1.0600852
9600 0.96987104
9700 1.2097325
9800 1.5134311
9900 1.0979632
10000 1.0739932
10100 1.2896142
10200 1.1005404
10300 1.1872301
10400 1.4319625
10500 1.2136679
10600 1.1551313
10700 1.369549
10800 1.3617854
10900 0.8563637
11000 0.7856554
11100 1.4031687
11200 1.0455902
11300 1.0836409
11400 1.4024816
11500 1.1022148
11600 0.8517793
11700 0.9875038
11800 1.6053245
11900 1.3557965
12000 1.012434
12100 1.3725548
12200 1.1497397
12300 0.99592185
12400 1.0966753
12500 0.92936844
12600 1.0592685
12700 0.6701635
12800 0.94375646
12900 0.76311576
13000 0.8185416
13100 1.0320213
13200 0.8699786
13300 1.0603243
13400 0.8288221
13500 0.56746674
13600 0.9964603
13700 0.92827845
13800 1.2803296
13900 0.8327427
14000 1.2122824
14100 1.1258543
14200 1.0573653
14300 0.80451214
14400 0.66388816
14500 0.66915524
14600 0.8408479
14700 0.72073364
14800 0.8966557
14900 0.8601799
15000 0.8109816
15100 0.80641574
15200 1.2277006
15300 0.78983057
15400 0.9746265
15500 0.80917877
15600 0.7859006
15700 0.9351257
15800 0.71484584
15900 0.8814491
16000 0.587914
16100 1.0351498
16200 0.88095695
16300 0.9538775
16400 0.9825853
16500 1.0679214
16600 0.92039835
16700 0.9019685
16800 0.8610774
16900 0.6583282
17000 0.64616823
17100 0.61247104
17200 0.6486342
17300 0.94019794
17400 0.7320083
17500 0.5488045
17600 0.79567355
17700 0.65898603
17800 0.996487
17900 1.1520182
18000 0.8299714
18100 0.7528925
18200 1.2298717
18300 0.67754066
18400 0.67708105
18500 0.6754184
18600 1.0120729
18700 0.784905
18800 0.7271211
18900 0.64026225
19000 0.9186809
19100 0.7027403
19200 0.76944816
19300 0.6648282
19400 0.8752874
19500 0.99760497
19600 0.7972423
19700 0.8633633
19800 0.7449007
19900 1.1435705
20000 1.2249427
20100 0.8583621
20200 0.7034863
20300 0.649976
20400 0.65305316
20500 0.5013127
20600 0.9722463
20700 0.60594225
20800 0.8763112
20900 1.0403945
21000 0.5800785
21100 0.685249
21200 0.9010749
21300 0.6162975
21400 0.889889
21500 1.2826637
21600 0.7075465
21700 0.73349196
21800 0.5777496
21900 0.9435405
22000 0.7087301
22100 0.8134261
22200 0.89436543
22300 0.89426506
22400 1.0348077
22500 0.91841936
22600 0.78273153
22700 0.8037057
22800 0.5591873
22900 0.49303085
23000 0.6816898
23100 0.6823902
23200 0.61966693
23300 0.9273293
23400 0.49864936
23500 0.8846738
23600 0.88601303
23700 0.70434177
23800 0.61245835
23900 0.83322394
24000 0.89434886
24100 0.53622293
24200 0.5833118
24300 0.8472122
24400 0.64096665
24500 0.71773696
24600 1.2416005
24700 1.1541517
24800 0.7485794
24900 0.6006796
25000 0.9758433
25100 0.8132648
25200 0.8521994
25300 0.7699292
25400 0.9171908
25500 0.50009143
25600 1.106482
25700 0.6782781
25800 1.2033596
25900 0.88896453
26000 0.81438816
26100 0.5468887
26200 0.59554726
26300 0.6058978
26400 0.815693
26500 0.6641013
26600 0.76062274
26700 0.71215147
