0 9.996742
100 8.133596
200 6.791498
300 6.649685
400 5.987157
500 6.82076
600 5.9585767
700 6.644928
800 5.4888372
900 4.7916126
1000 4.7473707
1100 5.170712
1200 5.2755394
1300 5.6011553
1400 4.916996
1500 5.0118923
1600 5.091738
1700 5.0952177
1800 4.8854556
1900 4.3934827
2000 4.585723
2100 5.326234
2200 4.642745
2300 4.7746162
2400 4.973643
2500 5.0964556
2600 4.622591
2700 4.408486
2800 5.325448
2900 5.0285277
3000 5.1383142
3100 4.8957467
3200 4.719306
3300 4.4535856
3400 3.6200612
3500 4.8701663
3600 4.3520384
3700 4.201837
3800 3.7871742
3900 4.847472
4000 4.291674
4100 3.699387
4200 4.7249146
4300 4.161083
4400 4.8746367
4500 4.6970243
4600 3.9799855
4700 4.3845906
4800 4.110108
4900 4.54832
5000 4.2241974
5100 3.8238053
5200 3.612051
5300 4.1101685
5400 3.7555456
5500 4.0107927
5600 3.9465823
5700 4.0340204
5800 4.671692
5900 3.95608
6000 4.4830365
6100 4.51212
6200 3.301505
6300 3.638543
6400 3.5252953
6500 3.9100316
6600 3.810031
6700 3.7968912
6800 4.2245083
6900 4.2397337
7000 4.4538183
7100 4.0202103
7200 4.344486
7300 4.305526
7400 4.0505896
7500 3.9052749
7600 3.8195648
7700 4.3532467
7800 3.7748895
7900 3.8296084
8000 3.2678177
8100 4.1010237
8200 3.3836465
8300 3.7473326
8400 3.9159603
8500 3.5929828
8600 3.9166358
8700 3.5523837
8800 3.9755058
8900 4.0104856
9000 3.631367
9100 4.096997
9200 3.9494307
9300 3.6305754
9400 3.8138323
9500 3.0056608
9600 3.9680226
9700 3.569748
9800 3.7193365
9900 4.0850787
10000 3.9073975
10100 3.4588037
10200 2.9925513
10300 3.4899392
10400 4.3719273
10500 3.779139
10600 3.273671
10700 3.4952383
10800 3.931487
10900 3.0851135
11000 3.173231
11100 3.934856
11200 4.239518
11300 3.4117796
11400 4.123432
11500 3.586443
11600 3.2867484
11700 3.6107645
11800 3.9594672
11900 3.2582798
12000 3.8579948
12100 3.7925415
12200 3.7001405
12300 3.3749804
12400 3.6000607
12500 3.39251
12600 3.764695
12700 2.909154
12800 3.6984625
12900 3.4103012
13000 2.5446157
13100 3.698741
13200 3.2158258
13300 3.1245651
13400 2.6842594
13500 3.0427012
13600 3.3321717
13700 2.9936898
13800 3.7373116
13900 3.3020387
14000 3.73964
14100 3.6996176
14200 3.821812
14300 2.9362266
14400 3.2399635
14500 2.7849162
14600 3.4629388
14700 2.997104
14800 3.2148135
14900 3.3478632
15000 3.3907552
15100 3.3603573
15200 3.288474
15300 3.4449992
15400 3.4231396
15500 3.233215
15600 3.1879265
15700 3.737719
15800 2.9746137
15900 3.4469776
16000 2.9765089
16100 3.3848362
16200 3.2063723
16300 3.242833
16400 3.3340788
16500 3.3569713
16600 3.111744
16700 3.2279086
16800 3.025718
16900 3.2337694
17000 3.0006132
17100 3.2911406
17200 3.1672335
17300 3.2451649
17400 3.3950112
17500 2.5891495
17600 3.0642812
17700 2.6208513
17800 3.548388
17900 3.5198958
18000 2.9456444
18100 3.0539055
18200 3.8952436
18300 3.1327224
18400 3.1711156
18500 2.994936
18600 3.2322013
18700 3.4912252
18800 3.0032523
18900 3.378512
19000 3.6868029
19100 2.9815907
19200 3.395833
19300 2.7765741
19400 3.1996694
19500 3.2664015
19600 3.364392
19700 3.3831017
19800 2.959012
19900 3.4052577
20000 3.878178
20100 2.6931543
20200 2.582179
20300 3.2524977
20400 3.3131895
20500 2.8683367
20600 3.4924183
20700 3.0576
20800 3.6136062
20900 3.9782972
21000 2.8232422
21100 3.246827
21200 3.0828128
21300 3.169515
21400 2.8538423
21500 3.5748107
21600 2.945003
21700 3.2043614
21800 2.9680617
21900 3.4119964
22000 2.8380058
22100 3.0380077
22200 2.9871397
22300 3.1853926
22400 3.1823726
22500 3.6262646
22600 3.203742
22700 2.9694939
22800 2.9088342
22900 2.397997
23000 3.4214563
23100 3.1644397
23200 2.7463565
23300 3.1264687
23400 2.4551232
23500 3.2510095
23600 3.0654695
23700 2.540565
23800 2.7869427
23900 3.2889876
24000 3.3614779
24100 2.9498076
24200 3.100017
24300 3.2333071
24400 3.3374176
24500 2.6613975
24600 4.1067195
24700 3.382008
24800 3.0776918
24900 2.954488
25000 3.2426386
25100 3.0873952
25200 3.0653605
25300 3.058056
25400 3.4574628
25500 2.5987546
25600 3.8100471
25700 2.9533954
25800 3.3253815
25900 3.5162663
26000 3.3493586
26100 2.8481379
26200 2.628387
26300 2.9837394
26400 3.1458576
26500 3.27491
26600 2.990339
26700 2.9641016
