0 4.7629633
100 0.38082868
200 0.23214296
300 0.29534087
400 0.31501976
500 0.49676836
600 0.28611523
700 0.3420733
800 0.17636175
900 0.09624665
1000 0.051496178
1100 0.07406048
1200 0.18422543
1300 0.048271764
1400 0.20337452
1500 0.11711809
1600 0.0992321
1700 0.13831097
1800 0.04662584
1900 0.01841555
2000 0.04431452
2100 0.11174851
2200 0.116337396
2300 0.041513454
2400 0.23154387
2500 0.055541076
2600 0.122356474
2700 0.28551137
2800 0.044504702
2900 0.022034764
3000 0.094536036
3100 0.13311125
3200 0.048605204
3300 0.0701786
3400 0.026118377
3500 0.07394281
3600 0.009559288
3700 0.16708668
3800 0.021146767
3900 0.2818155
4000 0.028287515
4100 0.012017803
4200 0.25631216
4300 0.15127821
4400 0.003323468
4500 0.039107047
4600 0.014241581
4700 0.030131906
4800 0.33290836
4900 0.059390996
5000 0.022124944
5100 0.01205496
5200 0.028238885
5300 0.010856922
5400 0.080776855
5500 0.099150136
5600 0.010846889
5700 0.07170289
5800 0.05767838
5900 0.01586525
6000 0.120152354
6100 0.0032426268
6200 0.10557344
6300 0.00094404956
6400 0.14852631
6500 0.07120717
6600 0.074765995
6700 0.040651344
6800 0.039826233
6900 0.00848286
7000 0.046669826
7100 0.00840541
7200 0.016660588
7300 0.0018426228
7400 0.008596061
7500 0.0066227745
7600 0.009400627
7700 0.027390761
7800 0.061969653
7900 0.0070991293
8000 0.029547589
8100 0.0045633973
8200 0.095672704
8300 0.005867837
8400 0.014344166
8500 0.018415425
8600 0.012250929
8700 0.004977272
8800 0.008605933
8900 0.0029776783
9000 0.021380365
9100 0.0012215326
9200 0.0017795068
9300 0.0064436304
9400 0.0016814055
9500 0.0021093648
9600 0.007576765
9700 0.014668495
9800 0.002530413
9900 0.0112388525
10000 0.010083332
10100 0.0036974738
10200 0.03178972
10300 0.018416015
10400 0.0021067685
10500 0.024638457
10600 0.005507849
10700 0.0046786703
10800 0.032131307
10900 0.006210597
11000 0.002769174
11100 0.002951559
11200 0.0049411766
11300 0.021044863
11400 0.001925503
11500 0.0018629178
11600 0.0037341511
11700 0.0036413644
11800 0.011894808
11900 0.0029501312
12000 0.001092782
12100 0.0036293978
12200 0.00046062568
12300 0.0032322994
12400 0.0001901441
12500 0.009009825
12600 0.003589907
12700 0.0066183545
12800 0.008604696
12900 0.00036505953
13000 0.00045300947
13100 0.008241005
13200 0.0048392913
13300 0.00540583
13400 0.0034285355
13500 0.0017932957
13600 0.018280482
13700 0.0006333389
13800 0.0020630702
13900 0.0058165076
14000 0.0019345656
14100 0.0009430786
14200 0.0015215928
14300 0.00040626907
14400 0.0006781295
14500 0.0007203756
14600 0.0014803713
14700 0.002131252
14800 0.000835431
14900 0.0018376043
15000 0.006342622
15100 0.0036763186
15200 0.00025473948
15300 0.0022699172
15400 0.009091544
15500 0.0011663025
15600 0.000962743
15700 0.013074818
15800 0.0014407317
15900 0.0027546056
16000 0.011707961
16100 0.0024800128
16200 0.001529956
16300 0.001040221
16400 0.0013621663
16500 0.00025126385
16600 0.0011321428
16700 0.0044152834
16800 0.0038447464
16900 0.009409582
17000 0.005384631
17100 0.001364431
17200 0.002386258
17300 0.003432091
17400 0.010308081
17500 0.0050588786
17600 0.0014360761
17700 0.0032724966
