0 3.3014345
100 0.26397032
200 0.16090924
300 0.20471469
400 0.21835506
500 0.3443336
600 0.19831997
700 0.23710714
800 0.122244656
900 0.066713095
1000 0.03569443
1100 0.051334813
1200 0.12769534
1300 0.033459436
1400 0.14096847
1500 0.08118007
1600 0.06878245
1700 0.095869854
1800 0.03231857
1900 0.012764687
2000 0.030716483
2100 0.077458166
2200 0.08063894
2300 0.028774934
2400 0.16049398
2500 0.03849814
2600 0.08481105
2700 0.19790141
2800 0.03084831
2900 0.015273335
3000 0.06552739
3100 0.092265695
3200 0.03369056
3300 0.048644096
3400 0.018103879
3500 0.05125325
3600 0.006625993
3700 0.11581566
3800 0.014657822
3900 0.19533962
4000 0.019607412
4100 0.008330107
4200 0.17766206
4300 0.10485806
4400 0.0023036525
4500 0.02710694
4600 0.009871512
4700 0.020885846
4800 0.2307545
4900 0.0411667
5000 0.015335843
5100 0.0083558615
5200 0.019573703
5300 0.007525445
5400 0.05599025
5500 0.06872564
5600 0.0075184903
5700 0.049700655
5800 0.039979607
5900 0.010996953
6000 0.08328327
6100 0.0022476176
6200 0.07317793
6300 0.0006543653
6400 0.102950595
6500 0.04935705
6600 0.05182384
6700 0.028177364
6800 0.027605442
6900 0.005879871
7000 0.032349057
7100 0.0058261864
7200 0.01154824
7300 0.0012772088
7400 0.005958335
7500 0.0045905574
7600 0.006516018
7700 0.018985828
7800 0.04295409
7900 0.0049207415
8000 0.020480828
8100 0.0031631058
8200 0.06631526
8300 0.0040672747
8400 0.009942618
8500 0.0127646
8600 0.008491697
8700 0.003449982
8800 0.0059651784
8900 0.0020639694
9000 0.01481974
9100 0.00084670185
9200 0.0012334601
9300 0.004466384
9400 0.0011654615
9500 0.0014621003
9600 0.005251813
9700 0.010167426
9800 0.0017539486
9900 0.007790179
10000 0.0069892327
10100 0.0025628936
10200 0.022034954
10300 0.012765009
10400 0.0014603006
10500 0.017078077
10600 0.0038177501
10700 0.0032430072
10800 0.022271724
10900 0.004304858
11000 0.0019194451
11100 0.0020458647
11200 0.0034249625
11300 0.014587188
11400 0.001334657
11500 0.0012912762
11600 0.0025883163
11700 0.0025240015
11800 0.008244853
11900 0.0020448752
12000 0.00075745874
12100 0.002515707
12200 0.0003192814
12300 0.0022404592
12400 0.00013179785
12500 0.006245135
12600 0.002488334
12700 0.004587494
12800 0.0059643206
12900 0.00025304
13000 0.00031400225
13100 0.0057122293
13200 0.0033543413
13300 0.003747036
13400 0.0023764798
13500 0.0012430178
13600 0.012671065
13700 0.00043899706
13800 0.0014300114
13900 0.004031696
14000 0.0013409387
14100 0.0006536923
14200 0.0010546878
14300 0.00028160427
14400 0.00047004354
14500 0.0004993263
14600 0.0010261153
14700 0.0014772713
14800 0.00057907664
14900 0.0012737303
15000 0.0043963706
15100 0.0025482299
15200 0.00017657195
15300 0.0015733867
15400 0.0063017784
15500 0.0008084193
15600 0.0006673226
15700 0.009062774
15800 0.0009986392
15900 0.0019093471
16000 0.00811534
16100 0.0017190139
16200 0.0010604847
16300 0.0007210262
16400 0.0009441817
16500 0.00017416282
16600 0.0007847416
16700 0.0030604412
16800 0.0026649751
16900 0.006522225
17000 0.0037323418
17100 0.0009457515
17200 0.0016540281
17300 0.0023789443
17400 0.0071450174
17500 0.0035065473
17600 0.0009954121
17700 0.0022683218
