0 5.0630007
100 1.506521
200 1.3716426
300 1.2873842
400 1.2979702
500 1.4300883
600 1.3573282
700 1.2743782
800 1.3659949
900 1.1943399
1000 1.1546249
1100 1.1677358
1200 1.174891
1300 1.164198
1400 1.1724494
1500 1.1763444
1600 1.1612672
1700 1.2452374
1800 1.1084969
1900 1.0511596
2000 1.1237049
2100 1.1258218
2200 1.2556708
2300 1.1344463
2400 1.082329
2500 1.109608
2600 1.1856704
2700 1.0358956
2800 1.1169683
2900 1.0692606
3000 1.2184603
3100 1.1884642
3200 1.1258512
3300 1.1400466
3400 1.0865052
3500 1.1707654
3600 1.0402195
3700 1.0648155
3800 1.0625639
3900 1.2661996
4000 1.0519649
4100 1.0479429
4200 1.0916709
4300 1.1298131
4400 1.0149949
4500 1.1062701
4600 1.0436978
4700 1.0821033
4800 1.311343
4900 1.1146274
5000 1.0524173
5100 1.0339403
5200 1.0974541
5300 1.0401713
5400 1.1956186
5500 1.0749791
5600 1.0437281
5700 1.1054904
5800 1.093607
5900 1.0520376
6000 1.1203145
6100 1.0132117
6200 1.1908138
6300 1.0045177
6400 1.1479921
6500 1.1557754
6600 1.110451
6700 1.0423048
6800 1.0705397
6900 1.0327742
7000 1.0707071
7100 1.0302219
7200 1.0447683
7300 1.0080076
7400 1.0331802
7500 1.0245004
7600 1.0334575
7700 1.0767219
7800 1.0801501
7900 1.0280178
8000 1.0817041
8100 1.0176508
8200 1.1913142
8300 1.0225391
8400 1.0394174
8500 1.04944
8600 1.0427209
8700 1.019105
8800 1.0293907
8900 1.0131907
9000 1.0386158
9100 1.0061431
9200 1.0076822
9300 1.0208311
9400 1.0080838
9500 1.0100062
9600 1.028185
9700 1.0288991
9800 1.0088751
9900 1.0317365
10000 1.0293176
10100 1.0154774
10200 1.0774832
10300 1.0342569
10400 1.0082569
10500 1.0535204
10600 1.0194726
10700 1.0167449
10800 1.0667019
10900 1.0192881
11000 1.0113864
11100 1.0117431
11200 1.0144899
11300 1.0565366
11400 1.0091327
11500 1.0077472
11600 1.016387
11700 1.0143306
11800 1.0367434
11900 1.0114685
12000 1.0051267
12100 1.0145003
12200 1.0024624
12300 1.0136569
12400 1.0011375
12500 1.0309222
12600 1.0139639
12700 1.021048
12800 1.0343351
12900 1.0020155
13000 1.0024722
13100 1.0270197
13200 1.0174298
13300 1.0171653
13400 1.0146947
13500 1.0079079
13600 1.0541492
13700 1.0033205
13800 1.0092012
13900 1.0200306
14000 1.0076098
14100 1.0043073
14200 1.0067927
14300 1.0021042
14400 1.003341
14500 1.0038447
14600 1.0071352
14700 1.0082171
14800 1.0039446
14900 1.0075643
15000 1.0228858
15100 1.0142628
15200 1.0015728
15300 1.0076123
15400 1.0318464
15500 1.0051643
15600 1.0041375
15700 1.0330975
15800 1.0065552
15900 1.0110049
16000 1.0441761
16100 1.0087612
16200 1.0062801
16300 1.0047255
16400 1.0062597
16500 1.0014336
16600 1.0053756
16700 1.0163548
16800 1.0155083
16900 1.0293876
17000 1.020792
17100 1.0067255
17200 1.0097251
17300 1.0137213
17400 1.0296376
17500 1.019657
17600 1.00586
17700 1.0128105
