0 0.040625
100 0.39999998
200 0.44375002
300 0.46249998
400 0.48125005
500 0.521875
600 0.509375
700 0.45937502
800 0.47500002
900 0.5125
1000 0.48125005
1100 0.475
1200 0.484375
1300 0.50000006
1400 0.49062502
1500 0.546875
1600 0.50625
1700 0.45
1800 0.559375
1900 0.534375
2000 0.546875
2100 0.51875
2200 0.503125
2300 0.546875
2400 0.534375
2500 0.47187498
2600 0.521875
2700 0.5125
2800 0.54062504
2900 0.55625004
3000 0.50937504
3100 0.48749998
3200 0.515625
3300 0.58437496
3400 0.50000006
3500 0.49375004
3600 0.52812505
3700 0.51875
3800 0.50625
3900 0.46875
4000 0.54375
4100 0.54375005
4200 0.565625
4300 0.615625
4400 0.565625
4500 0.528125
4600 0.571875
4700 0.56875
4800 0.615625
4900 0.596875
5000 0.6375
5100 0.5125
5200 0.50312495
5300 0.5125
5400 0.54999995
5500 0.60312504
5600 0.55625004
5700 0.54687506
5800 0.5
5900 0.5375
6000 0.48125005
6100 0.525
6200 0.54375005
6300 0.5625
6400 0.553125
6500 0.5562501
6600 0.571875
6700 0.525
6800 0.509375
6900 0.58437496
7000 0.496875
7100 0.578125
7200 0.56874996
7300 0.55625004
7400 0.525
7500 0.525
7600 0.515625
7700 0.559375
7800 0.56875
7900 0.51875
8000 0.55
8100 0.571875
8200 0.5625
8300 0.553125
8400 0.57187504
8500 0.52812505
8600 0.584375
8700 0.55
8800 0.5125
8900 0.515625
9000 0.58437496
9100 0.553125
9200 0.5375
9300 0.5625
9400 0.50625
9500 0.57500005
9600 0.60312504
9700 0.58750004
9800 0.553125
9900 0.546875
10000 0.546875
10100 0.57187504
10200 0.603125
10300 0.61562496
10400 0.5
10500 0.53125
10600 0.52812505
10700 0.52812505
10800 0.625
10900 0.571875
11000 0.59375
11100 0.56250006
11200 0.515625
11300 0.49687502
11400 0.50937504
11500 0.525
11600 0.571875
11700 0.521875
11800 0.49687502
11900 0.559375
12000 0.5625
12100 0.51875
12200 0.559375
12300 0.58750004
12400 0.54062504
12500 0.47499996
12600 0.5375
12700 0.578125
12800 0.52500004
12900 0.553125
13000 0.496875
13100 0.53125006
13200 0.596875
13300 0.5125
13400 0.56874996
13500 0.55625004
13600 0.5625
13700 0.51875
13800 0.5
13900 0.51250005
14000 0.571875
14100 0.521875
14200 0.525
14300 0.59375
14400 0.5375
14500 0.503125
14600 0.51875
14700 0.55625004
14800 0.565625
14900 0.55625004
15000 0.58125
15100 0.584375
15200 0.61875
15300 0.56250006
15400 0.5
15500 0.534375
15600 0.55625004
15700 0.55
15800 0.503125
15900 0.50625
16000 0.58750004
16100 0.55625
16200 0.546875
16300 0.46562502
16400 0.55
16500 0.596875
16600 0.578125
16700 0.540625
16800 0.540625
16900 0.50937504
17000 0.5625
17100 0.58124995
17200 0.565625
17300 0.55625
17400 0.521875
17500 0.534375
17600 0.603125
17700 0.5656251
17800 0.54375
17900 0.49375004
18000 0.56875
18100 0.5
18200 0.56874996
18300 0.509375
18400 0.540625
18500 0.603125
18600 0.525
18700 0.553125
18800 0.58124995
18900 0.615625
19000 0.58125
19100 0.534375
19200 0.609375
19300 0.54375
19400 0.503125
19500 0.55
19600 0.5875
19700 0.546875
19800 0.61875
19900 0.6
20000 0.509375
20100 0.5625
20200 0.49375004
20300 0.578125
20400 0.5625
20500 0.55625
20600 0.55
20700 0.565625
20800 0.58437496
20900 0.534375
21000 0.58125
21100 0.565625
21200 0.534375
21300 0.5375
21400 0.540625
21500 0.575
21600 0.496875
21700 0.6000001
21800 0.565625
21900 0.590625
22000 0.546875
22100 0.54375
22200 0.540625
22300 0.559375
22400 0.534375
22500 0.571875
22600 0.60625
22700 0.55
22800 0.575
22900 0.54375005
23000 0.47500002
23100 0.60312504
23200 0.53749996
23300 0.55625004
23400 0.61875004
23500 0.5875
23600 0.521875
23700 0.565625
23800 0.57187504
23900 0.584375
24000 0.53125006
24100 0.553125
24200 0.55937505
24300 0.571875
24400 0.5
24500 0.615625
24600 0.56875
24700 0.56874996
24800 0.55
24900 0.5125
25000 0.57812506
25100 0.565625
25200 0.59062505
25300 0.60312504
25400 0.5875
25500 0.55
25600 0.578125
25700 0.51875
25800 0.55312496
25900 0.515625
26000 0.534375
26100 0.590625
26200 0.53437495
26300 0.590625
26400 0.54062504
26500 0.546875
26600 0.559375
26700 0.54687494
26800 0.59375006
26900 0.55
27000 0.553125
27100 0.59062505
27200 0.578125
27300 0.621875
27400 0.553125
27500 0.59687495
27600 0.5625
27700 0.56875
27800 0.553125
27900 0.575
28000 0.59062505
28100 0.53749996
28200 0.484375
28300 0.5375
28400 0.475
28500 0.5375
28600 0.5125
28700 0.596875
28800 0.55937505
28900 0.48125005
29000 0.565625
29100 0.546875
29200 0.584375
29300 0.52812505
29400 0.57500005
29500 0.5625
29600 0.534375
29700 0.628125
29800 0.584375
29900 0.57187504
30000 0.546875
30100 0.58750004
30200 0.54062504
30300 0.575
30400 0.49999997
30500 0.51875
30600 0.515625
30700 0.540625
30800 0.5
30900 0.51875
31000 0.521875
31100 0.58125
31200 0.55
31300 0.525
31400 0.55
31500 0.575
31600 0.578125
31700 0.59375
31800 0.534375
31900 0.5656251
32000 0.553125
32100 0.515625
32200 0.53124994
32300 0.603125
32400 0.578125
32500 0.596875
32600 0.57812506
32700 0.49687502
32800 0.50625
32900 0.55937505
33000 0.5656251
33100 0.52812505
33200 0.58125
33300 0.53437495
33400 0.55
33500 0.5375
33600 0.553125
33700 0.54375
33800 0.584375
33900 0.571875
34000 0.55312496
34100 0.590625
34200 0.575
34300 0.546875
34400 0.57812494
34500 0.57187504
34600 0.525
34700 0.53749996
34800 0.553125
34900 0.58437496
35000 0.5625
35100 0.60312504
35200 0.57187504
35300 0.571875
35400 0.578125
35500 0.6
35600 0.584375
35700 0.55312496
35800 0.571875
35900 0.521875
36000 0.55
36100 0.60625
36200 0.546875
36300 0.578125
36400 0.528125
36500 0.60312504
36600 0.49687502
36700 0.609375
36800 0.56874996
36900 0.6
37000 0.596875
37100 0.571875
37200 0.625
37300 0.53749996
37400 0.5625
37500 0.56875
37600 0.578125
37700 0.534375
37800 0.584375
37900 0.584375
38000 0.546875
38100 0.496875
38200 0.54375
38300 0.575
38400 0.55625
38500 0.503125
38600 0.521875
38700 0.521875
38800 0.49687502
38900 0.5125
39000 0.540625
39100 0.58750004
39200 0.540625
39300 0.49062502
39400 0.534375
39500 0.590625
39600 0.55
39700 0.62187505
39800 0.52500004
39900 0.5375
40000 0.55
40100 0.53124994
