0 4.774423
100 3.008796
200 2.7234945
300 2.4329984
400 2.446387
500 2.2935026
600 2.212227
700 2.4158235
800 2.4463418
900 2.4126112
1000 2.3963444
1100 2.5652492
1200 2.4016373
1300 2.5306568
1400 2.371851
1500 2.2331152
1600 2.3218997
1700 2.562579
1800 2.1786263
1900 2.1925151
2000 2.1725988
2100 2.3020866
2200 2.4125655
2300 2.152041
2400 2.090655
2500 2.4672034
2600 2.2465386
2700 2.2003412
2800 2.263906
2900 2.0871134
3000 2.278825
3100 2.4020567
3200 2.2802286
3300 1.9041032
3400 2.277536
3500 2.3165333
3600 2.3236995
3700 2.2690618
3800 2.3624382
3900 2.4488342
4000 2.2372482
4100 2.2296286
4200 2.0156536
4300 1.8164648
4400 2.0791354
4500 2.3029568
4600 1.8487712
4700 2.035031
4800 1.7653826
4900 1.9933472
5000 1.8089503
5100 2.1877284
5200 2.2990243
5300 2.3668537
5400 2.1193886
5500 1.9054006
5600 2.1292138
5700 2.0163422
5800 2.206988
5900 2.1456869
6000 2.326302
6100 2.2748969
6200 2.19772
6300 2.1918557
6400 2.1550882
6500 2.0911026
6600 1.8331245
6700 2.1839538
6800 2.3072615
6900 2.016138
7000 2.2865536
7100 2.0142634
7200 2.076589
7300 2.2087533
7400 2.2785106
7500 2.1702113
7600 2.4765878
7700 1.9459004
7800 1.9569992
7900 2.174385
8000 2.0865297
8100 2.107631
8200 2.151306
8300 2.0697472
8400 1.9433388
8500 2.3146718
8600 2.018235
8700 2.143676
8800 2.3492355
8900 2.2452414
9000 2.060383
9100 2.1768239
9200 2.1975
9300 2.1984785
9400 2.4732647
9500 2.0808706
9600 1.9778882
9700 1.9016919
9800 2.107363
9900 2.2269523
10000 2.2214363
10100 2.0295517
10200 1.8841661
10300 1.8404369
10400 2.2100985
10500 2.390627
10600 2.1800787
10700 2.247924
10800 1.8122327
10900 2.0697706
11000 2.0378969
11100 2.2226026
11200 2.1413696
11300 2.3650675
11400 2.3527222
11500 2.241561
11600 2.10908
11700 2.2306674
11800 2.2834637
11900 2.10155
12000 2.0507057
12100 2.138348
12200 2.030955
12300 2.0312588
12400 2.26209
12500 2.389164
12600 2.149258
12700 1.9443734
12800 2.26386
12900 2.3136375
13000 2.3425024
13100 2.2572727
13200 1.8574672
13300 2.3208115
13400 2.134476
13500 2.1552591
13600 2.0372941
13700 2.2554822
13800 2.1682236
13900 2.2029374
14000 1.969669
14100 2.1501005
14200 2.3459613
14300 2.0341942
14400 2.177579
14500 2.3902762
14600 2.2554176
14700 2.0364418
14800 2.0361097
14900 2.1368616
15000 2.1310735
15100 2.0641928
15200 1.80437
15300 2.08062
15400 2.1980424
15500 2.382376
15600 2.1324055
15700 2.0892515
15800 2.474642
15900 2.28205
16000 1.9165748
16100 2.0938532
16200 2.2167366
16300 2.7437868
16400 2.1650965
16500 2.0793982
16600 1.9409504
16700 2.3672512
16800 2.1554456
16900 2.3135417
17000 2.039533
17100 2.0147953
17200 2.1471956
17300 2.1083486
17400 2.0969782
17500 1.9262315
17600 1.8891873
17700 2.0159862
17800 2.201761
17900 2.1907525
18000 2.1180284
18100 2.2992184
18200 2.1184106
18300 2.3882377
18400 2.1101992
18500 1.9003333
18600 2.1845787
18700 2.1724312
18800 1.9550374
18900 1.8706816
19000 1.9470865
19100 2.1640732
19200 2.0147321
19300 2.2065153
19400 2.180531
19500 2.1269805
19600 2.0538259
19700 2.040868
19800 1.8150632
19900 1.9177271
20000 2.321104
20100 2.0355055
20200 2.1701496
20300 1.9369695
20400 1.9710377
20500 2.0901742
20600 2.1776369
20700 1.9219877
20800 1.9992777
20900 2.1694787
21000 1.9901562
21100 2.1186152
21200 2.1431522
21300 2.1516318
21400 2.1294596
21500 1.8736836
21600 2.2410214
21700 1.8913565
21800 2.0819342
21900 1.9648831
22000 2.2081804
22100 2.017475
22200 2.1815913
22300 2.0666873
22400 2.1888826
22500 1.9659005
22600 1.9977138
22700 2.1497767
22800 1.9399259
22900 2.2674456
23000 2.4783833
23100 1.8953805
23200 2.1803997
23300 2.1269836
23400 1.8108925
23500 1.8574439
23600 2.2824163
23700 2.000862
23800 2.140278
23900 1.9969823
24000 2.1963708
24100 2.1503723
24200 1.9361458
24300 2.0362043
24400 2.4018133
24500 1.778204
24600 2.0698128
24700 1.9672627
24800 2.0530353
24900 2.2324011
25000 2.0853221
25100 2.0835454
25200 1.9843675
25300 1.9331837
25400 1.9753115
25500 2.149846
25600 2.0931907
25700 2.276128
25800 2.0569704
25900 2.1391866
26000 2.1655843
26100 2.0728724
26200 2.044036
26300 1.9998707
26400 2.0806336
26500 2.0838385
26600 2.1817317
26700 2.1250038
26800 1.9411954
26900 2.1966488
27000 2.0992968
27100 1.9846246
27200 2.1455212
27300 1.9010643
27400 2.0883465
27500 1.9932206
27600 2.2340405
27700 1.9563929
27800 2.1838405
27900 2.0314717
28000 1.9807554
28100 2.0838945
28200 2.34974
28300 1.9252934
28400 2.529116
28500 2.050576
28600 2.214613
28700 1.9841132
28800 2.300229
28900 2.4607031
29000 1.9664458
29100 2.135193
29200 1.999594
29300 2.129073
29400 1.8515425
29500 2.1344101
29600 2.296151
29700 1.8200122
29800 2.0219412
29900 2.0183976
30000 2.239263
30100 1.8588076
30200 2.0959477
30300 1.9495044
30400 2.36186
30500 2.2016883
30600 2.1341705
30700 2.1881537
30800 2.3929148
30900 2.010981
31000 2.3372438
31100 1.9757503
31200 2.1934645
31300 2.237051
31400 2.1517987
31500 2.082835
31600 2.1121182
31700 1.9796633
31800 2.133085
31900 2.0071375
32000 2.1931381
32100 2.3257256
32200 2.230427
32300 1.8728826
32400 2.0483265
32500 1.9370188
32600 1.908087
32700 2.3513215
32800 2.248294
32900 2.1403043
33000 1.9329886
33100 2.2053876
33200 1.8731205
33300 2.173641
33400 2.0155704
33500 2.310978
33600 2.1024785
33700 2.2493377
33800 1.9903722
33900 1.9952009
34000 2.145271
34100 1.9689512
34200 1.964123
34300 2.0506663
34400 1.9069476
34500 1.9844366
34600 2.26097
34700 2.1827128
34800 2.0558572
34900 2.0448265
35000 1.9898038
35100 1.897211
35200 1.9940618
35300 1.9409821
35400 2.142756
35500 1.9174194
35600 1.8784461
35700 2.006116
35800 2.023953
35900 2.3304763
36000 2.1198502
36100 1.8837116
36200 2.1441503
36300 2.0367649
36400 2.1660972
36500 1.9190564
36600 2.3418782
36700 1.9088137
36800 1.9017038
36900 1.910362
37000 1.8457056
37100 2.048521
37200 1.7379503
37300 2.0054085
37400 2.0647824
37500 2.0404153
37600 1.9613521
37700 2.191225
37800 1.8291258
37900 1.9539124
38000 2.1240983
38100 2.3444397
38200 2.2067902
38300 1.9594669
38400 2.095677
38500 2.3081412
38600 2.2998214
38700 2.1725447
38800 2.4340367
38900 2.2578177
39000 2.1399207
39100 1.8612123
39200 2.2251823
39300 2.322352
39400 2.2633786
39500 2.1656806
39600 2.1691866
39700 1.8320725
39800 2.1827831
39900 2.190669
40000 2.121086
40100 2.3391144
