0 3.309378
100 2.0855384
200 1.8877826
300 1.6864259
400 1.6957064
500 1.5897349
600 1.533399
700 1.6745212
800 1.6956749
900 1.6722946
1000 1.6610193
1100 1.7780952
1200 1.6646881
1300 1.7541176
1400 1.6440419
1500 1.5478774
1600 1.6094183
1700 1.7762444
1800 1.5101087
1900 1.5197357
2000 1.5059308
2100 1.5956848
2200 1.672263
2300 1.4916811
2400 1.4491316
2500 1.7101351
2600 1.557182
2700 1.5251603
2800 1.5692201
2900 1.4466767
3000 1.5795612
3100 1.6649789
3200 1.580534
3300 1.3198237
3400 1.5786676
3500 1.6056986
3600 1.6106658
3700 1.5727937
3800 1.6375175
3900 1.6974025
4000 1.5507423
4100 1.5454608
4200 1.3971446
4300 1.2590774
4400 1.4411469
4500 1.596288
4600 1.2814705
4700 1.410576
4800 1.22367
4900 1.381683
5000 1.2538688
5100 1.5164179
5200 1.5935622
5300 1.6405779
5400 1.4690481
5500 1.320723
5600 1.4758586
5700 1.3976219
5800 1.5297675
5900 1.4872768
6000 1.6124698
6100 1.5768384
6200 1.5233434
6300 1.5192785
6400 1.4937934
6500 1.4494419
6600 1.2706251
6700 1.5138013
6800 1.5992718
6900 1.3974805
7000 1.5849183
7100 1.396181
7200 1.4393818
7300 1.5309912
7400 1.5793432
7500 1.5042759
7600 1.7166399
7700 1.3487954
7800 1.3564885
7900 1.5071689
8000 1.4462721
8100 1.4608984
8200 1.4911716
8300 1.4346395
8400 1.3470198
8500 1.6044081
8600 1.3989339
8700 1.485883
8800 1.628366
8900 1.5562828
9000 1.4281487
9100 1.5088594
9200 1.523191
9300 1.5238692
9400 1.7143364
9500 1.4423496
9600 1.3709676
9700 1.3181524
9800 1.4607128
9900 1.5436058
10000 1.5397823
10100 1.4067781
10200 1.3060044
10300 1.2756937
10400 1.5319235
10500 1.6570563
10600 1.5111154
10700 1.5581422
10800 1.256144
10900 1.4346557
11000 1.4125625
11100 1.5405908
11200 1.4842843
11300 1.6393398
11400 1.6307827
11500 1.5537317
11600 1.4619029
11700 1.5461807
11800 1.5827764
11900 1.4566835
12000 1.4214408
12100 1.48219
12200 1.4077507
12300 1.4079612
12400 1.5679613
12500 1.6560422
12600 1.489752
12700 1.347737
12800 1.5691882
12900 1.6036913
13000 1.623699
13100 1.5646223
13200 1.2874981
13300 1.608664
13400 1.479506
13500 1.4939119
13600 1.4121447
13700 1.5633811
13800 1.5028981
13900 1.5269598
14000 1.3652705
14100 1.4903361
14200 1.6260965
14300 1.409996
14400 1.5093827
14500 1.6568133
14600 1.5633364
14700 1.4115539
14800 1.4113237
14900 1.4811596
15000 1.4771476
15100 1.4307895
15200 1.250694
15300 1.4421759
15400 1.5235668
15500 1.6513371
15600 1.4780709
15700 1.4481589
15800 1.7152911
15900 1.5817964
16000 1.3284684
16100 1.4513484
16200 1.5365248
16300 1.9018481
16400 1.5007305
16500 1.441329
16600 1.3453643
16700 1.6408534
16800 1.494041
16900 1.6036249
17000 1.4136965
17100 1.3965497
17200 1.4883226
17300 1.461396
17400 1.4535146
17500 1.3351619
17600 1.3094848
17700 1.3973751
17800 1.5261444
17900 1.5185139
18000 1.4681054
18100 1.5936968
18200 1.4683703
18300 1.6554003
18400 1.4626787
18500 1.3172107
18600 1.5142345
18700 1.5058146
18800 1.3551286
18900 1.2966577
19000 1.3496175
19100 1.5000212
19200 1.3965058
19300 1.5294399
19400 1.511429
19500 1.4743105
19600 1.4236035
19700 1.414622
19800 1.258106
19900 1.3292671
20000 1.6088668
20100 1.410905
20200 1.5042331
20300 1.342605
20400 1.3662193
20500 1.4487984
20600 1.5094228
20700 1.3322203
20800 1.3857937
20900 1.503768
21000 1.3794712
21100 1.468512
21200 1.4855199
21300 1.4913976
21400 1.4760289
21500 1.2987385
21600 1.5533576
21700 1.3109884
21800 1.4430869
21900 1.3619531
22000 1.530594
22100 1.3984071
22200 1.5121639
22300 1.4325185
22400 1.5172179
22500 1.3626584
22600 1.3847097
22700 1.4901116
22800 1.3446542
22900 1.5716735
23000 1.7178844
23100 1.3137777
23200 1.5113379
23300 1.4743128
23400 1.255215
23500 1.287482
23600 1.5820504
23700 1.3868918
23800 1.4835277
23900 1.3842027
24000 1.5224082
24100 1.4905244
24200 1.342034
24300 1.4113894
24400 1.6648101
24500 1.232557
24600 1.4346849
24700 1.3636026
24800 1.4230555
24900 1.5473825
25000 1.4454352
25100 1.4442037
25200 1.3754587
25300 1.3399808
25400 1.3691816
25500 1.4901597
25600 1.4508892
25700 1.5776918
25800 1.4257832
25900 1.4827712
26000 1.5010686
26100 1.4368057
26200 1.4168177
26300 1.3862047
26400 1.4421853
26500 1.4444067
26600 1.5122612
26700 1.4729403
26800 1.3455341
26900 1.5226009
27000 1.4551216
27100 1.3756369
27200 1.487162
27300 1.3177173
27400 1.4475315
27500 1.3815953
27600 1.5485189
27700 1.3560683
27800 1.5137229
27900 1.408109
28000 1.3729551
28100 1.4444456
28200 1.6287158
28300 1.3345118
28400 1.7530496
28500 1.421351
28600 1.5350527
28700 1.3752825
28800 1.5943973
28900 1.7056295
29000 1.3630364
29100 1.4800031
29200 1.3860129
29300 1.4757609
29400 1.2833915
29500 1.4794604
29600 1.5915705
29700 1.2615364
29800 1.4015028
29900 1.3990465
30000 1.5521388
30100 1.2884272
30200 1.4528003
30300 1.3512934
30400 1.6371167
30500 1.5260941
30600 1.4792943
30700 1.5167125
30800 1.6586422
30900 1.3939059
31000 1.620054
31100 1.3694857
31200 1.5203937
31300 1.5506055
31400 1.4915133
31500 1.4437112
31600 1.4640088
31700 1.372198
31800 1.4785419
31900 1.3912418
32000 1.5201676
32100 1.6120701
32200 1.5460142
32300 1.2981833
32400 1.4197918
32500 1.3426391
32600 1.3225851
32700 1.6298118
32800 1.5583987
32900 1.4835459
33000 1.3398457
33100 1.5286583
33200 1.2983482
33300 1.5066532
33400 1.397087
33500 1.6018479
33600 1.457327
33700 1.5591221
33800 1.3796209
33900 1.3829678
34000 1.4869887
34100 1.364773
34200 1.3614264
34300 1.4214135
34400 1.3217953
34500 1.3755066
34600 1.567185
34700 1.5129412
34800 1.4250116
34900 1.4173657
35000 1.3792269
35100 1.3150464
35200 1.3821783
35300 1.3453863
35400 1.4852452
35500 1.3290539
35600 1.3020396
35700 1.3905336
35800 1.4028972
35900 1.6153631
36000 1.4693681
36100 1.3056893
36200 1.4862118
36300 1.4117779
36400 1.5014241
36500 1.3301885
36600 1.6232663
36700 1.3230889
36800 1.3181607
36900 1.324162
37000 1.2793456
37100 1.4199265
37200 1.2046554
37300 1.3900433
37400 1.4311981
37500 1.4143081
37600 1.3595057
37700 1.5188415
37800 1.2678534
37900 1.3543489
38000 1.4723128
38100 1.6250417
38200 1.5296304
38300 1.358199
38400 1.4526125
38500 1.5998815
38600 1.5941148
38700 1.5058932
38800 1.6871457
38900 1.5649999
39000 1.4832801
39100 1.290094
39200 1.5423788
39300 1.6097317
39400 1.5688546
39500 1.5011355
39600 1.5035655
39700 1.2698959
39800 1.51299
39900 1.5184561
40000 1.4702247
40100 1.6213505
