0 26.872051
100 10.536533
200 8.890927
300 8.290724
400 8.089562
500 7.2501316
600 7.195773
700 7.481269
800 7.5848217
900 7.3251553
1000 6.7256756
1100 7.622548
1200 7.3681707
1300 7.0985565
1400 7.268626
1500 6.968895
1600 6.902787
1700 7.160659
1800 6.752183
1900 6.637923
2000 6.6565447
2100 6.8420224
2200 6.861937
2300 5.9456773
2400 6.310106
2500 7.38346
2600 6.4434514
2700 6.8881073
2800 6.628806
2900 6.3297644
3000 6.584787
3100 6.68272
3200 6.366602
3300 5.9536524
3400 6.9103117
3500 6.6741443
3600 6.031666
3700 6.2248363
3800 6.867439
3900 6.400671
4000 6.7405787
4100 6.5845547
4200 6.336259
4300 6.2243176
4400 6.3390636
4500 6.476265
4600 5.802431
4700 6.250765
4800 5.9465237
4900 6.229969
5000 6.1232014
5100 6.6623983
5200 6.604104
5300 6.708327
5400 6.3730717
5500 5.887398
5600 6.112711
5700 6.5645413
5800 6.295758
5900 6.0304728
6000 6.9424553
6100 6.536028
6200 6.4884152
6300 6.008891
6400 6.4457254
6500 6.168528
6600 5.9484367
6700 6.756874
6800 6.5340614
6900 6.513039
7000 6.6359887
7100 6.297427
7200 6.368987
7300 6.2717137
7400 6.2752686
7500 6.346916
7600 6.809409
7700 6.253688
7800 6.0988646
7900 6.09122
8000 5.8856406
8100 6.1348734
8200 6.0659394
8300 6.1463637
8400 5.919183
8500 6.5422406
8600 6.17959
8700 6.4024534
8800 6.433316
8900 6.306998
9000 6.2624664
9100 5.985093
9200 6.204482
9300 6.6358304
9400 6.3523774
9500 6.12739
9600 6.021114
9700 5.9785094
9800 5.8662233
9900 6.5397487
10000 6.560567
10100 6.224443
10200 6.290588
10300 5.7982965
10400 6.2822905
10500 6.6069345
10600 6.597012
10700 6.6229877
10800 5.5378027
10900 6.498721
11000 6.0134654
11100 6.67374
11200 6.4008255
11300 6.61476
11400 6.5414834
11500 6.563018
11600 6.2296543
11700 6.606253
11800 6.320726
11900 6.108646
12000 6.141346
12100 6.2875795
12200 5.875072
12300 6.257782
12400 6.216099
12500 6.720652
12600 5.958716
12700 5.878458
12800 6.2965693
12900 6.26539
13000 6.952941
13100 6.10394
13200 6.024877
13300 6.693903
13400 6.269656
13500 6.4791527
13600 6.167894
13700 6.330084
13800 6.359606
13900 6.3154874
14000 5.864868
14100 6.088921
14200 6.8951273
14300 6.3750873
14400 5.597007
14500 6.4384613
14600 6.414992
14700 5.9146833
14800 6.2560267
14900 6.4746532
15000 6.4921007
15100 5.605783
15200 5.9255457
15300 5.783702
15400 6.807784
15500 6.573698
15600 6.152903
15700 6.3878784
15800 6.7402096
15900 6.701057
16000 6.041978
16100 5.922002
16200 6.202377
16300 7.3409066
16400 6.036787
16500 6.699919
16600 5.954138
16700 6.4244375
16800 6.6540575
16900 7.007674
17000 6.1274724
17100 6.2676067
17200 6.0617657
17300 6.672852
17400 6.5008335
17500 5.978396
17600 5.8185406
17700 6.246378
17800 6.4990644
17900 6.1173525
18000 6.0082626
18100 6.689506
18200 6.105315
18300 6.4958067
18400 6.1398115
18500 5.999611
18600 6.4178996
18700 6.190705
18800 6.0727487
18900 5.8391604
19000 6.178702
19100 6.492722
19200 6.450133
19300 6.3087482
19400 6.756483
19500 6.6273394
19600 5.787834
19700 6.3450804
19800 5.807744
19900 6.572074
20000 6.786372
20100 6.6062717
20200 6.3871336
20300 6.001613
20400 5.9898615
20500 6.2495127
20600 6.4371543
20700 6.3072844
20800 6.153632
20900 6.6502647
21000 6.2639728
21100 6.232751
21200 6.2552824
21300 6.379856
21400 6.414343
21500 6.115185
21600 6.6365905
21700 5.75934
21800 6.2147284
21900 5.9444313
22000 6.458505
22100 6.3487864
22200 6.426552
22300 6.237598
22400 6.528455
22500 6.165961
22600 6.18939
22700 6.322433
22800 6.220643
22900 6.441836
23000 6.391665
23100 6.10826
23200 6.6678767
23300 6.1616473
23400 5.66076
23500 5.945733
23600 6.526284
23700 6.221389
23800 6.11243
23900 6.2777333
24000 6.4637756
24100 6.413129
24200 6.486854
24300 6.648342
24400 6.163388
24500 6.100643
24600 6.0943246
24700 6.1417613
24800 6.4927087
24900 6.5566125
25000 5.95313
25100 6.4551544
25200 5.5658274
25300 5.913376
25400 5.8466635
25500 6.431953
25600 6.072399
25700 6.168518
25800 6.439336
25900 6.5582705
26000 6.2986174
26100 6.1436186
26200 5.9516425
26300 6.154369
26400 6.302671
26500 6.0860925
26600 6.2823787
26700 6.2282596
26800 6.408449
26900 6.0722446
27000 6.237215
27100 6.008344
27200 6.092057
27300 6.389146
27400 6.449205
27500 6.200797
27600 6.5778275
27700 6.0463667
27800 5.941952
27900 6.104512
28000 6.3209496
28100 6.6613674
28200 6.60772
28300 6.131953
28400 7.0987973
28500 6.255172
28600 6.399686
28700 6.14589
28800 6.7629056
28900 6.9292803
29000 6.0805764
29100 6.3742533
29200 6.481794
29300 6.4276333
29400 6.0133433
29500 6.2750454
29600 6.0115695
29700 6.071385
29800 6.3056746
29900 6.417269
30000 6.53756
30100 6.0899773
30200 6.1120424
30300 6.0701246
30400 6.505765
30500 6.330307
30600 6.564256
30700 6.7534256
30800 6.5343213
30900 6.003751
31000 6.276438
31100 6.021109
31200 6.4350715
31300 6.833408
31400 6.264692
31500 6.335945
31600 6.023282
31700 6.007148
31800 5.9861784
31900 6.676655
32000 6.434102
32100 6.159781
32200 6.3354216
32300 5.8174067
32400 6.370635
32500 5.755711
32600 6.093705
32700 6.637168
32800 6.4129777
32900 6.2001605
33000 6.1183443
33100 6.632209
33200 5.9452486
33300 5.9854107
33400 6.289509
33500 6.393267
33600 6.401362
33700 6.732324
33800 6.0275145
33900 5.862874
34000 6.0821676
34100 6.1944556
34200 5.989209
34300 6.08898
34400 5.761248
34500 5.9323487
34600 6.391384
34700 6.26643
34800 6.3169146
34900 6.362843
35000 6.0361776
35100 5.9339085
35200 6.1865654
35300 6.126675
35400 6.467284
35500 5.813248
35600 6.060196
35700 5.7447014
35800 6.3206058
35900 5.9096475
36000 5.949512
36100 6.188808
36200 6.1868515
36300 6.165568
36400 6.683685
36500 6.1152296
36600 6.695942
36700 5.757656
36800 5.7890964
36900 6.105665
37000 6.1384215
37100 6.2388897
37200 5.712259
37300 6.431565
37400 5.9245515
37500 6.2722273
37600 6.2159705
37700 6.1013618
37800 5.7342253
37900 5.9994893
38000 5.989553
38100 6.2518134
38200 6.18555
38300 6.186463
38400 6.165964
38500 6.5599055
38600 6.2932363
38700 6.5503774
38800 6.388994
38900 6.4390173
39000 5.975918
39100 5.660001
39200 6.33226
39300 6.4550467
39400 6.113963
39500 5.8959475
39600 6.374291
39700 6.081524
39800 6.134628
39900 6.3650913
40000 5.997386
40100 5.9844623
