0 0.025000002
100 0.35000002
200 0.428125
300 0.45
400 0.43125004
500 0.503125
600 0.4875
700 0.48125
800 0.46562502
900 0.47187504
1000 0.4875
1100 0.45625
1200 0.5125
1300 0.45625004
1400 0.51874995
1500 0.521875
1600 0.453125
1700 0.4625
1800 0.5
1900 0.49687502
2000 0.534375
2100 0.52187496
2200 0.47500002
2300 0.596875
2400 0.52500004
2500 0.453125
2600 0.53125
2700 0.50624996
2800 0.5375
2900 0.54375005
3000 0.49375004
3100 0.4625
3200 0.4875
3300 0.553125
3400 0.509375
3500 0.503125
3600 0.54062504
3700 0.525
3800 0.48125002
3900 0.453125
4000 0.534375
4100 0.51562506
4200 0.54375
4300 0.565625
4400 0.57187504
4500 0.5187501
4600 0.55312496
4700 0.559375
4800 0.60937506
4900 0.540625
5000 0.615625
5100 0.49062502
5200 0.45
5300 0.49062502
5400 0.51875
5500 0.603125
5600 0.546875
5700 0.51562506
5800 0.47812504
5900 0.484375
6000 0.478125
6100 0.5125
6200 0.50937504
6300 0.515625
6400 0.52812505
6500 0.559375
6600 0.55937505
6700 0.5375
6800 0.45625004
6900 0.56250006
7000 0.515625
7100 0.51875
7200 0.52812505
7300 0.540625
7400 0.52500004
7500 0.54062504
7600 0.45624998
7700 0.578125
7800 0.5625
7900 0.55625
8000 0.55937505
8100 0.534375
8200 0.546875
8300 0.546875
8400 0.546875
8500 0.521875
8600 0.575
8700 0.55
8800 0.51875
8900 0.53125
9000 0.59375
9100 0.540625
9200 0.55625
9300 0.534375
9400 0.50624996
9500 0.5625
9600 0.60312504
9700 0.615625
9800 0.540625
9900 0.553125
10000 0.52500004
10100 0.57187504
10200 0.61249995
10300 0.609375
10400 0.521875
10500 0.521875
10600 0.53125
10700 0.521875
10800 0.609375
10900 0.553125
11000 0.596875
11100 0.5625
11200 0.51875
11300 0.509375
11400 0.540625
11500 0.5
11600 0.571875
11700 0.51875
11800 0.521875
11900 0.559375
12000 0.546875
12100 0.515625
12200 0.54375005
12300 0.56874996
12400 0.5375
12500 0.475
12600 0.540625
12700 0.559375
12800 0.5343751
12900 0.54062504
13000 0.49374998
13100 0.528125
13200 0.6000001
13300 0.50624996
13400 0.51875
13500 0.55937505
13600 0.540625
13700 0.53125
13800 0.484375
13900 0.51875
14000 0.55625
14100 0.54062504
14200 0.48437503
14300 0.5906249
14400 0.5625
14500 0.509375
14600 0.571875
14700 0.5656251
14800 0.584375
14900 0.54999995
15000 0.54375
15100 0.55625004
15200 0.59999996
15300 0.590625
15400 0.53125
15500 0.54062504
15600 0.56875
15700 0.559375
15800 0.48750004
15900 0.534375
16000 0.571875
16100 0.56249994
16200 0.575
16300 0.46875
16400 0.546875
16500 0.565625
16600 0.575
16700 0.528125
16800 0.546875
16900 0.48125002
17000 0.546875
17100 0.590625
17200 0.553125
17300 0.55312496
17400 0.54375005
17500 0.528125
17600 0.628125
17700 0.5812501
17800 0.565625
17900 0.525
18000 0.55937505
18100 0.50625
18200 0.57187504
18300 0.503125
18400 0.553125
18500 0.61875004
18600 0.515625
18700 0.5125
18800 0.60625005
18900 0.6125001
19000 0.58125
19100 0.52812505
19200 0.584375
19300 0.5625
19400 0.50625
19500 0.54375
19600 0.58124995
19700 0.56874996
19800 0.63437504
19900 0.609375
20000 0.5375
20100 0.575
20200 0.515625
20300 0.5875
20400 0.56875
20500 0.546875
20600 0.546875
20700 0.59375
20800 0.55
20900 0.51875
21000 0.6125001
21100 0.56875
21200 0.5625
21300 0.55
21400 0.559375
21500 0.578125
21600 0.51250005
21700 0.6125
21800 0.54375
21900 0.5875
22000 0.55
22100 0.55
22200 0.5625
22300 0.55
22400 0.521875
22500 0.55
22600 0.584375
22700 0.528125
22800 0.56875
22900 0.515625
23000 0.46875
23100 0.58750004
23200 0.5375
23300 0.55625
23400 0.61562496
23500 0.6
23600 0.50624996
23700 0.546875
23800 0.5687501
23900 0.56875
24000 0.528125
24100 0.56875
24200 0.56875
24300 0.5875
24400 0.503125
24500 0.64062506
24600 0.53125
24700 0.565625
24800 0.534375
24900 0.509375
25000 0.55625
25100 0.54375
25200 0.596875
25300 0.62187505
25400 0.5875
25500 0.5625
25600 0.57500005
25700 0.52812505
25800 0.54375
25900 0.55625004
26000 0.50937504
26100 0.58125
26200 0.56875
26300 0.5625
26400 0.55625
26500 0.565625
26600 0.55625
26700 0.534375
26800 0.575
26900 0.5875
27000 0.5656251
27100 0.596875
27200 0.546875
27300 0.6000001
27400 0.5375
27500 0.58125
27600 0.546875
27700 0.5625
27800 0.57187504
27900 0.575
28000 0.565625
28100 0.525
28200 0.484375
28300 0.553125
28400 0.47500002
28500 0.546875
28600 0.5125
28700 0.5531251
28800 0.546875
28900 0.48437497
29000 0.5625
29100 0.5625
29200 0.56875
29300 0.5375
29400 0.59375
29500 0.56875
29600 0.515625
29700 0.615625
29800 0.58124995
29900 0.578125
30000 0.54375005
30100 0.59687495
30200 0.540625
30300 0.57500005
30400 0.51875
30500 0.50937504
30600 0.55625004
30700 0.51874995
30800 0.4875
30900 0.5375
31000 0.521875
31100 0.56875
31200 0.534375
31300 0.5375
31400 0.553125
31500 0.565625
31600 0.5375
31700 0.565625
31800 0.51875
31900 0.534375
32000 0.534375
32100 0.54062504
32200 0.50937504
32300 0.60312504
32400 0.596875
32500 0.584375
32600 0.546875
32700 0.521875
32800 0.5125
32900 0.56874996
33000 0.565625
33100 0.52812505
33200 0.603125
33300 0.54999995
33400 0.57500005
33500 0.528125
33600 0.546875
33700 0.5
33800 0.565625
33900 0.56875
34000 0.54062504
34100 0.590625
34200 0.584375
34300 0.565625
34400 0.54375005
34500 0.559375
34600 0.53125
34700 0.546875
34800 0.57187504
34900 0.5812501
35000 0.54375
35100 0.60937506
35200 0.584375
35300 0.55312496
35400 0.59687495
35500 0.584375
35600 0.5687501
35700 0.58125
35800 0.54062504
35900 0.528125
36000 0.54375
36100 0.60625
36200 0.534375
36300 0.57187504
36400 0.546875
36500 0.609375
36600 0.515625
36700 0.59375
36800 0.6125
36900 0.58750004
37000 0.61875
37100 0.5625
37200 0.63750005
37300 0.55625004
37400 0.565625
37500 0.559375
37600 0.56875
37700 0.54375
37800 0.584375
37900 0.58125
38000 0.56250006
38100 0.50625
38200 0.56874996
38300 0.553125
38400 0.578125
38500 0.53125
38600 0.509375
38700 0.534375
38800 0.51250005
38900 0.50937504
39000 0.5375
39100 0.625
39200 0.52812505
39300 0.49062502
39400 0.534375
39500 0.58750004
39600 0.534375
39700 0.6125
39800 0.534375
39900 0.53125
40000 0.578125
40100 0.53125
40200 0.56875
40300 0.55625004
