0 4.781337
100 3.1016655
200 2.836733
300 2.4923594
400 2.5587535
500 2.3592334
600 2.3247733
700 2.526086
800 2.5265589
900 2.6018195
1000 2.377908
1100 2.620373
1200 2.4833639
1300 2.663464
1400 2.385066
1500 2.2842288
1600 2.4281504
1700 2.5349495
1800 2.3150995
1900 2.3009615
2000 2.235394
2100 2.3599913
2200 2.4119976
2300 2.054126
2400 2.2143223
2500 2.491981
2600 2.2886612
2700 2.2756624
2800 2.282524
2900 2.1335278
3000 2.343589
3100 2.4598987
3200 2.352151
3300 1.9593534
3400 2.3005812
3500 2.3601327
3600 2.3337963
3700 2.2392051
3800 2.4150584
3900 2.5718145
4000 2.213314
4100 2.2911725
4200 2.1545753
4300 1.9588071
4400 2.1736279
4500 2.3150477
4600 1.9195079
4700 2.145879
4800 1.8786315
4900 2.0673904
5000 1.8892205
5100 2.3157935
5200 2.5684462
5300 2.423465
5400 2.2196383
5500 1.8849151
5600 2.2896771
5700 2.0922937
5800 2.292222
5900 2.3490267
6000 2.3660414
6100 2.299989
6200 2.3328848
6300 2.361135
6400 2.305816
6500 2.1423614
6600 1.9782827
6700 2.2044206
6800 2.3661685
6900 2.118585
7000 2.3314013
7100 2.1467474
7200 2.1489217
7300 2.3202922
7400 2.4408352
7500 2.1995301
7600 2.497149
7700 1.9995874
7800 2.000356
7900 2.168602
8000 2.0311477
8100 2.1523821
8200 2.2287297
8300 2.1151872
8400 2.04174
8500 2.263593
8600 2.0339193
8700 2.077824
8800 2.3809454
8900 2.2340462
9000 2.1205506
9100 2.1801763
9200 2.111227
9300 2.2350833
9400 2.422874
9500 2.0618296
9600 2.01097
9700 1.8580486
9800 2.1305752
9900 2.196743
10000 2.252383
10100 2.0855045
10200 1.9068054
10300 1.8253049
10400 2.1344023
10500 2.3160474
10600 2.2301695
10700 2.281929
10800 1.885052
10900 2.111809
11000 2.024309
11100 2.121462
11200 2.1321194
11300 2.3501701
11400 2.2261515
11500 2.3249018
11600 2.1110718
11700 2.2391498
11800 2.2426982
11900 2.088077
12000 2.0859897
12100 2.1328235
12200 2.0691352
12300 1.9983935
12400 2.23782
12500 2.3534143
12600 2.200177
12700 1.9722539
12800 2.2291763
12900 2.3019133
13000 2.4074228
13100 2.289132
13200 1.9185003
13300 2.3567426
13400 2.2715507
13500 2.1470964
13600 2.1144016
13700 2.277567
13800 2.2353516
13900 2.2446034
14000 1.9624093
14100 2.2009797
14200 2.3182483
14300 1.9968238
14400 2.1886468
14500 2.4496877
14600 2.155144
14700 2.0965931
14800 2.0283864
14900 2.1628263
15000 2.1507258
15100 2.103732
15200 1.8007481
15300 1.9719746
15400 2.138053
15500 2.4030423
15600 2.0749683
15700 2.0876172
15800 2.5201626
15900 2.2215474
16000 1.9168311
16100 2.0875986
16200 2.1853118
16300 2.6542563
16400 2.1654027
16500 2.08999
16600 1.9755235
16700 2.2399251
16800 2.1098027
16900 2.3133042
17000 2.10992
17100 2.0609088
17200 2.0264926
17300 2.15456
17400 2.0856695
17500 1.9340627
17600 1.7818803
17700 1.9693785
17800 2.1500294
17900 2.2254932
18000 2.1405761
18100 2.2535186
18200 2.0920322
18300 2.3945389
18400 2.1241753
18500 1.8041598
18600 2.1975927
18700 2.1970932
18800 1.9895625
18900 1.8638965
19000 1.9299715
19100 2.1412983
19200 1.9859872
19300 2.1926496
19400 2.1491978
19500 2.2177026
19600 2.0656471
19700 2.0611522
19800 1.7930237
19900 1.9039121
20000 2.2003555
20100 2.0993426
20200 2.1443746
20300 1.9422104
20400 1.9452688
20500 2.0740607
20600 2.1794968
20700 1.9499663
20800 2.096703
20900 2.1918337
21000 2.008127
21100 2.0773578
21200 2.1223905
21300 2.1598089
21400 2.0435834
21500 1.8877455
21600 2.2374218
21700 1.8168021
21800 2.0514271
21900 1.9268512
22000 2.2731314
22100 2.0428102
22200 2.1244798
22300 2.0808525
22400 2.238416
22500 1.957273
22600 1.9164037
22700 2.1308906
22800 1.9377015
22900 2.2536674
23000 2.4836075
23100 1.9552606
23200 2.2087793
23300 2.1317732
23400 1.87336
23500 1.8894303
23600 2.2183619
23700 2.1027985
23800 2.162734
23900 1.9982471
24000 2.261951
24100 2.1301184
24200 1.978062
24300 2.0764415
24400 2.4305327
24500 1.7544334
24600 2.1031177
24700 1.9395947
24800 2.0565774
24900 2.1968305
25000 2.0443258
25100 2.1945121
25200 1.9987133
25300 1.8509371
25400 1.9925126
25500 2.1356175
25600 2.0146852
25700 2.284765
25800 2.0161865
25900 2.0736878
26000 2.2242918
26100 2.0903652
26200 2.0048804
26300 2.0178645
26400 2.114254
26500 1.9986205
26600 2.154566
26700 2.0953531
26800 1.9680864
26900 2.1001008
27000 2.1147144
27100 1.9227722
27200 2.1814578
27300 1.961166
27400 2.1487987
27500 1.996257
27600 2.2650497
27700 1.9895135
27800 2.1043832
27900 2.0677114
28000 1.96668
28100 2.1086247
28200 2.3644075
28300 1.9442527
28400 2.5606928
28500 2.0374167
28600 2.1787884
28700 1.9981198
28800 2.294822
28900 2.510124
29000 1.9323366
29100 2.1210647
29200 2.0083666
29300 2.1655078
29400 1.8272706
29500 2.1770108
29600 2.2610805
29700 1.8030934
29800 2.0434496
29900 2.0025332
30000 2.2070315
30100 1.9061931
30200 2.1265314
30300 1.9446591
30400 2.280093
30500 2.178937
30600 2.0553594
30700 2.257185
30800 2.488226
30900 1.9737183
31000 2.3113322
31100 1.9896553
31200 2.2323139
31300 2.2079315
31400 2.1532788
31500 2.076787
31600 2.1312578
31700 1.9447594
31800 2.19779
31900 2.0221815
32000 2.1636684
32100 2.2923114
32200 2.1966054
32300 1.836269
32400 2.0526178
32500 1.9395831
32600 1.9863473
32700 2.3303673
32800 2.1662428
32900 2.0704424
33000 1.9380286
33100 2.1717806
33200 1.9411819
33300 2.1031156
33400 2.0377188
33500 2.259921
33600 2.095116
33700 2.2638826
33800 2.023237
33900 2.025868
34000 2.1695504
34100 1.9491272
34200 1.9673917
34300 1.9960165
34400 1.9834219
34500 2.0369544
34600 2.1696491
34700 2.1759977
34800 2.103661
34900 1.987672
35000 2.005931
35100 1.861931
35200 1.9920701
35300 1.979184
35400 2.1138518
35500 1.84679
35600 1.9287982
35700 1.949483
35800 2.068354
35900 2.3159406
36000 2.1616776
36100 1.9029547
36200 2.0932004
36300 2.0454843
36400 2.1546617
36500 1.9001356
36600 2.333656
36700 1.911659
36800 1.7838418
36900 1.8799511
37000 1.8703324
37100 2.015906
37200 1.7157084
37300 2.053807
37400 2.003394
37500 1.9986154
37600 1.9708022
37700 2.1967492
37800 1.8335414
37900 1.9071316
38000 2.090144
38100 2.3219564
38200 2.1959543
38300 2.0346348
38400 2.049611
38500 2.2891457
38600 2.278635
38700 2.2332597
38800 2.3876173
38900 2.274114
39000 2.1103683
39100 1.8465997
39200 2.2399142
39300 2.260426
39400 2.178259
39500 2.2201047
39600 2.1793427
39700 1.8223687
39800 2.1827512
39900 2.2132587
40000 2.110737
40100 2.3555279
40200 2.1002665
40300 2.065686
