0 3.3141701
100 2.1499107
200 1.9662735
300 1.727572
400 1.7735927
500 1.635296
600 1.61141
700 1.7509494
800 1.7512772
900 1.8034439
1000 1.6482402
1100 1.8163042
1200 1.7213366
1300 1.8461727
1400 1.6532018
1500 1.5833068
1600 1.6830657
1700 1.7570932
1800 1.6047047
1900 1.594905
2000 1.5494571
2100 1.6358213
2200 1.6718693
2300 1.4238117
2400 1.5348513
2500 1.7273097
2600 1.586379
2700 1.577369
2800 1.5821252
2900 1.4788487
3000 1.6244521
3100 1.7050718
3200 1.6303868
3300 1.3581203
3400 1.5946414
3500 1.6359193
3600 1.6176643
3700 1.5520988
3800 1.6739908
3900 1.782646
4000 1.5341524
4100 1.5881197
4200 1.4934378
4300 1.3577416
4400 1.506644
4500 1.6046689
4600 1.3305014
4700 1.4874101
4800 1.3021681
4900 1.4330059
5000 1.3095078
5100 1.6051857
5200 1.7803112
5300 1.6798179
5400 1.5385361
5500 1.3065236
5600 1.5870833
5700 1.4502676
5800 1.5888472
5900 1.6282212
6000 1.640015
6100 1.5942309
6200 1.6170325
6300 1.6366141
6400 1.5982698
6500 1.4849718
6600 1.3712411
6700 1.527988
6800 1.6401031
6900 1.4684913
7000 1.6160042
7100 1.4880118
7200 1.4895191
7300 1.608304
7400 1.691858
7500 1.5245981
7600 1.7308918
7700 1.3860084
7800 1.3865411
7900 1.5031604
8000 1.4078844
8100 1.4919176
8200 1.5448377
8300 1.466136
8400 1.4152263
8500 1.5690031
8600 1.4098054
8700 1.4402379
8800 1.6503456
8900 1.5485228
9000 1.4698536
9100 1.511183
9200 1.4633911
9300 1.5492418
9400 1.6794082
9500 1.4291513
9600 1.3938982
9700 1.2879012
9800 1.4768022
9900 1.5226662
10000 1.5612329
10100 1.4455616
10200 1.3216968
10300 1.2652049
10400 1.479455
10500 1.6053617
10600 1.5458357
10700 1.5817127
10800 1.3066185
10900 1.4637945
11000 1.403144
11100 1.4704854
11200 1.4778726
11300 1.6290138
11400 1.5430506
11500 1.6114992
11600 1.4632834
11700 1.5520604
11800 1.55452
11900 1.4473447
12000 1.4458978
12100 1.4783607
12200 1.4342153
12300 1.3851808
12400 1.5511386
12500 1.6312625
12600 1.5250465
12700 1.3670622
12800 1.5451473
12900 1.5955647
13000 1.6686983
13100 1.5867054
13200 1.3298031
13300 1.6335695
13400 1.5745189
13500 1.4882538
13600 1.4655914
13700 1.5786891
13800 1.5494276
13900 1.5558405
14000 1.3602384
14100 1.5256028
14200 1.6068873
14300 1.3840928
14400 1.5170543
14500 1.6979941
14600 1.493832
14700 1.4532475
14800 1.4059703
14900 1.499157
15000 1.4907696
15100 1.4581959
15200 1.2481835
15300 1.3668686
15400 1.4819853
15500 1.665662
15600 1.4382585
15700 1.4470259
15800 1.7468436
15900 1.5398593
16000 1.3286461
16100 1.447013
16200 1.5147427
16300 1.8397903
16400 1.5009428
16500 1.4486706
16600 1.3693285
16700 1.5525979
16800 1.4624038
16900 1.6034603
17000 1.4624852
17100 1.428513
17200 1.4046576
17300 1.4934273
17400 1.445676
17500 1.3405901
17600 1.2351053
17700 1.3650692
17800 1.4902868
17900 1.5425943
18000 1.4837344
18100 1.5620201
18200 1.4500862
18300 1.6597679
18400 1.4723661
18500 1.2505482
18600 1.5232552
18700 1.522909
18800 1.3790597
18900 1.2919546
19000 1.3377542
19100 1.4842348
19200 1.3765814
19300 1.5198289
19400 1.4897103
19500 1.5371944
19600 1.4317975
19700 1.4286819
19800 1.2428293
19900 1.3196913
20000 1.5251702
20100 1.4551533
20200 1.4863672
20300 1.3462377
20400 1.3483576
20500 1.4376293
20600 1.510712
20700 1.3516136
20800 1.4533238
20900 1.5192634
21000 1.3919276
21100 1.4399147
21200 1.4711291
21300 1.4970654
21400 1.4165041
21500 1.3084855
21600 1.5508626
21700 1.2593113
21800 1.4219409
21900 1.3355914
22000 1.5756146
22100 1.4159682
22200 1.4725771
22300 1.442337
22400 1.5515517
22500 1.3566782
22600 1.3283498
22700 1.4770209
22800 1.3431123
22900 1.5621232
23000 1.7215056
23100 1.3552834
23200 1.5310092
23300 1.4776326
23400 1.2985142
23500 1.3096533
23600 1.5376513
23700 1.4575489
23800 1.499093
23900 1.3850794
24000 1.567865
24100 1.4764855
24200 1.3710881
24300 1.4392796
24400 1.6847169
24500 1.2160805
24600 1.4577701
24700 1.3444246
24800 1.4255109
24900 1.5227269
25000 1.4170187
25100 1.5211198
25200 1.3854024
25300 1.2829719
25400 1.3811045
25500 1.4802973
25600 1.3964734
25700 1.5836785
25800 1.397514
25900 1.4373709
26000 1.5417616
26100 1.4489307
26200 1.3896773
26300 1.3986771
26400 1.4654891
26500 1.3853382
26600 1.4934313
26700 1.452388
26800 1.3641735
26900 1.4556789
27000 1.4658083
27100 1.3327641
27200 1.5120714
27300 1.3593767
27400 1.4894338
27500 1.3836999
27600 1.5700128
27700 1.3790257
27800 1.4586473
27900 1.4332284
28000 1.3631988
28100 1.4615872
28200 1.6388824
28300 1.3476533
28400 1.7749369
28500 1.4122297
28600 1.510221
28700 1.3849912
28800 1.5906494
28900 1.7398853
29000 1.3393936
29100 1.4702101
29200 1.3920937
29300 1.5010157
29400 1.2665675
29500 1.5089889
29600 1.5672616
29700 1.2498091
29800 1.4164114
29900 1.3880502
30000 1.5297977
30100 1.3212724
30200 1.4739993
30300 1.347935
30400 1.5804399
30500 1.510324
30600 1.4246665
30700 1.5645615
30800 1.7247068
30900 1.3680773
31000 1.6020935
31100 1.3791239
31200 1.547322
31300 1.5304215
31400 1.4925392
31500 1.439519
31600 1.4772754
31700 1.3480045
31800 1.523392
31900 1.4016694
32000 1.4997407
32100 1.5889091
32200 1.5225708
32300 1.2728047
32400 1.4227662
32500 1.3444165
32600 1.376831
32700 1.6152875
32800 1.5015252
32900 1.4351213
33000 1.3433391
33100 1.5053636
33200 1.3455248
33300 1.4577687
33400 1.4124391
33500 1.5664579
33600 1.4522237
33700 1.5692039
33800 1.402401
33900 1.4042246
34000 1.5038178
34100 1.351032
34200 1.363692
34300 1.3835332
34400 1.3748033
34500 1.4119092
34600 1.5038861
34700 1.5082867
34800 1.4581468
34900 1.3777492
35000 1.3904053
35100 1.2905922
35200 1.3807977
35300 1.3718659
35400 1.4652104
35500 1.2800972
35600 1.336941
35700 1.3512787
35800 1.4336737
35900 1.6052877
36000 1.4983608
36100 1.3190277
36200 1.450896
36300 1.4178216
36400 1.4934976
36500 1.3170737
36600 1.6175672
36700 1.3250611
36800 1.236465
36900 1.3030828
37000 1.2964156
37100 1.3973197
37200 1.1892384
37300 1.4235905
37400 1.3886468
37500 1.3853346
37600 1.366056
37700 1.5226705
37800 1.2709141
37900 1.3219229
38000 1.4487773
38100 1.6094575
38200 1.5221195
38300 1.4103014
38400 1.4206822
38500 1.5867149
38600 1.5794294
38700 1.5479777
38800 1.6549703
38900 1.5762956
39000 1.4627957
39100 1.2799654
39200 1.5525901
39300 1.566808
39400 1.509854
39500 1.5388594
39600 1.5106053
39700 1.2631698
39800 1.5129678
39900 1.5341141
40000 1.4630514
40100 1.6327275
40200 1.4557939
40300 1.4318244
