0 26.28285
100 10.390707
200 8.355081
300 8.217496
400 7.5185885
500 7.1686015
600 7.1082172
700 7.2652793
800 7.374383
900 7.497837
1000 6.6373935
1100 7.193353
1200 7.4118023
1300 6.970871
1400 7.080719
1500 6.833189
1600 7.0993905
1700 7.137329
1800 6.600957
1900 6.4165034
2000 6.9454
2100 6.950659
2200 6.7245493
2300 6.1362443
2400 6.5015607
2500 7.034455
2600 6.4951596
2700 6.7572465
2800 6.6177645
2900 6.2866488
3000 6.738071
3100 6.4067426
3200 6.4623466
3300 6.1817293
3400 6.9595404
3500 6.4885645
3600 6.315039
3700 6.2411356
3800 6.9554925
3900 6.65318
4000 6.55425
4100 6.75811
4200 6.1022787
4300 6.1881924
4400 6.2365723
4500 6.513347
4600 5.812978
4700 6.0280495
4800 6.011286
4900 6.05317
5000 5.99841
5100 6.624362
5200 6.4883547
5300 6.6015444
5400 6.1736984
5500 6.056449
5600 6.2406087
5700 6.7181044
5800 6.1974845
5900 6.1616783
6000 6.8937573
6100 6.511823
6200 6.359064
6300 6.0093007
6400 6.3862243
6500 6.2064705
6600 5.893669
6700 6.6752014
6800 6.3314447
6900 6.6561937
7000 6.4959154
7100 6.3040833
7200 6.3235526
7300 6.3519044
7400 6.2754064
7500 6.175732
7600 6.9947915
7700 6.2754793
7800 6.129583
7900 6.0685453
8000 5.9169726
8100 6.109917
8200 6.2885923
8300 6.230935
8400 5.828327
8500 6.3756466
8600 6.2697935
8700 6.5262527
8800 6.3920474
8900 6.262195
9000 6.4137554
9100 5.8601627
9200 6.208273
9300 6.751512
9400 6.522564
9500 6.273663
9600 5.882192
9700 6.0380087
9800 5.8071938
9900 6.5073376
10000 6.427135
10100 6.2199235
10200 6.142228
10300 5.634901
10400 6.4238176
10500 6.630514
10600 6.485485
10700 6.5782247
10800 5.705452
10900 6.486111
11000 6.1253037
11100 6.300845
11200 6.267688
11300 6.370536
11400 6.3320656
11500 6.572139
11600 6.054909
11700 6.481997
11800 6.21306
11900 5.9874806
12000 6.240793
12100 6.245062
12200 5.738367
12300 6.3048134
12400 6.054904
12500 6.7828074
12600 5.971466
12700 5.635969
12800 6.2182446
12900 6.3245335
13000 6.8734827
13100 6.27967
13200 5.8749437
13300 6.7079644
13400 6.3625574
13500 6.4134645
13600 6.175288
13700 6.3343325
13800 6.3235073
13900 6.1309032
14000 5.910403
14100 6.1643267
14200 6.710311
14300 6.3335333
14400 5.676117
14500 6.587736
14600 6.2944813
14700 5.8622627
14800 6.211681
14900 6.52434
15000 6.4722185
15100 5.535525
15200 5.877257
15300 5.7772036
15400 6.696537
15500 6.566528
15600 6.097792
15700 6.1909213
15800 6.7145433
15900 6.652259
16000 5.973403
16100 6.036998
16200 6.2095623
16300 7.401432
16400 6.2074337
16500 6.6825314
16600 6.1290684
16700 6.3296337
16800 6.519024
16900 7.0670576
17000 6.1742053
17100 6.3121333
17200 6.157708
17300 6.665029
17400 6.540899
17500 5.9662004
17600 5.8276367
17700 6.157451
17800 6.477158
17900 6.085648
18000 6.1038704
18100 6.6555634
18200 6.082019
18300 6.7731714
18400 6.172348
18500 5.9229817
18600 6.3177667
18700 6.202449
18800 6.0284524
18900 5.7661424
19000 6.2062726
19100 6.3907166
19200 6.442439
19300 6.362147
19400 6.7229166
19500 6.6388445
19600 5.8805237
19700 6.339334
19800 5.7721596
19900 6.580902
20000 6.8132358
20100 6.6054726
20200 6.4382696
20300 6.0476084
20400 6.1456814
20500 6.3835206
20600 6.3958263
20700 6.304853
20800 6.1211205
20900 6.5603485
21000 6.243888
21100 6.1681547
21200 6.4569287
21300 6.315422
21400 6.211818
21500 6.2582536
21600 6.7515764
21700 5.7309475
21800 6.3794217
21900 5.886902
22000 6.4851317
22100 6.2493825
22200 6.3531604
22300 6.268237
22400 6.589699
22500 6.0927973
22600 6.115432
22700 6.394964
22800 6.0587783
22900 6.3502445
23000 6.459779
23100 6.2406106
23200 6.8248596
23300 6.095847
23400 5.6773105
23500 5.9810486
23600 6.545941
23700 6.330474
23800 6.0041604
23900 6.2098894
24000 6.2465115
24100 6.354925
24200 6.4022136
24300 6.5442877
24400 6.203219
24500 6.191921
24600 6.1549673
24700 6.145632
24800 6.3335304
24900 6.439202
25000 5.870865
25100 6.530703
25200 5.7437487
25300 5.8170695
25400 5.909798
25500 6.3861427
25600 6.2081614
25700 6.2068477
25800 6.3441567
25900 6.4438396
26000 6.3636794
26100 6.2858253
26200 5.884651
26300 6.0952044
26400 6.2025723
26500 6.0207005
26600 6.3619657
26700 6.4721518
26800 6.350276
26900 6.013344
27000 6.276082
27100 5.9725323
27200 6.223191
27300 6.4037504
27400 6.5296245
27500 6.1553006
27600 6.5342593
27700 6.1235437
27800 6.0184855
27900 6.211587
28000 6.223743
28100 6.4978347
28200 6.574362
28300 6.190725
28400 7.1689105
28500 6.2050495
28600 6.341479
28700 6.034874
28800 6.8584967
28900 6.7729745
29000 6.0648518
29100 6.3530354
29200 6.5811067
29300 6.3326583
29400 6.028608
29500 6.288254
29600 6.011724
29700 6.1237025
29800 6.249815
29900 6.353077
30000 6.6771107
30100 6.080079
30200 6.0414433
30300 5.984916
30400 6.477349
30500 6.468117
30600 6.473899
30700 6.59221
30800 6.6307764
30900 6.0521803
31000 6.319036
31100 6.068642
31200 6.4475846
31300 6.7487645
31400 6.229265
31500 6.340808
31600 6.049885
31700 5.821086
31800 6.0709167
31900 6.629249
32000 6.4326677
32100 6.0417967
32200 6.233536
32300 5.7883697
32400 6.296855
32500 5.706877
32600 6.1518736
32700 6.6501017
32800 6.353065
32900 6.155367
33000 5.9646416
33100 6.6287694
33200 5.940602
33300 6.0039816
33400 6.291587
33500 6.227453
33600 6.3449526
33700 6.769168
33800 5.9697323
33900 5.897091
34000 5.9887867
34100 6.093756
34200 6.008528
34300 6.0747676
34400 5.878454
34500 6.1274424
34600 6.4660163
34700 6.2000055
34800 6.242252
34900 6.300961
35000 6.127989
35100 5.958057
35200 6.195747
35300 6.061197
35400 6.3997684
35500 5.8199296
35600 6.189377
35700 5.720051
35800 6.2864823
35900 5.724108
36000 5.8785386
36100 6.114958
36200 6.144228
36300 6.147744
36400 6.7070584
36500 6.1561737
36600 6.749664
36700 5.7674556
36800 5.6973143
36900 6.0665426
37000 6.110426
37100 6.076887
37200 5.6945157
37300 6.314056
37400 5.9521046
37500 6.265274
37600 6.1344886
37700 6.0720167
37800 5.756757
37900 6.009769
38000 6.2092266
38100 6.2814245
38200 6.137652
38300 6.073716
38400 6.0661926
38500 6.562813
38600 6.533419
38700 6.439959
38800 6.515353
38900 6.309637
39000 5.897641
39100 5.607611
39200 6.364455
39300 6.2995615
39400 6.0822873
39500 5.900227
39600 6.3150635
39700 5.9125957
39800 6.086995
39900 6.3732853
40000 6.044401
40100 5.957666
40200 6.0653043
40300 6.3206778
