0 0.09375
100 0.40625
200 0.3125
300 0.40625
400 0.4375
500 0.4375
600 0.40625
700 0.0625
800 0.3125
900 0.34375
1000 0.3125
1100 0.28125
1200 0.3125
1300 0.5
1400 0.375
1500 0.375
1600 0.40625
1700 0.28125
1800 0.28125
1900 0.375
2000 0.46875
2100 0.40625
2200 0.375
2300 0.65625
2400 0.375
2500 0.40625
2600 0.5625
2700 0.34375
2800 0.34375
2900 0.375
3000 0.40625
3100 0.5
3200 0.53125
3300 0.40625
3400 0.5
3500 0.4375
3600 0.53125
3700 0.65625
3800 0.5
3900 0.34375
4000 0.53125
4100 0.5625
4200 0.34375
4300 0.5
4400 0.375
4500 0.53125
4600 0.53125
4700 0.5625
4800 0.6875
4900 0.40625
5000 0.65625
5100 0.5
5200 0.65625
5300 0.53125
5400 0.625
5500 0.625
5600 0.53125
5700 0.40625
5800 0.59375
5900 0.5
6000 0.46875
6100 0.59375
6200 0.53125
6300 0.59375
6400 0.375
6500 0.625
6600 0.625
6700 0.40625
6800 0.53125
6900 0.375
7000 0.625
7100 0.4375
7200 0.6875
7300 0.5625
7400 0.84375
7500 0.5625
7600 0.65625
7700 0.4375
7800 0.6875
7900 0.6875
8000 0.75
8100 0.65625
8200 0.5625
8300 0.59375
8400 0.5
8500 0.5625
8600 0.53125
8700 0.375
8800 0.59375
8900 0.65625
9000 0.71875
9100 0.5625
9200 0.71875
9300 0.625
9400 0.65625
9500 0.625
9600 0.625
9700 0.53125
9800 0.59375
9900 0.5625
10000 0.71875
10100 0.65625
10200 0.4375
10300 0.5625
10400 0.46875
10500 0.5625
10600 0.5625
10700 0.53125
10800 0.71875
10900 0.625
11000 0.5625
11100 0.59375
11200 0.6875
11300 0.78125
11400 0.5625
11500 0.65625
11600 0.75
11700 0.625
11800 0.46875
11900 0.625
12000 0.78125
12100 0.8125
12200 0.625
12300 0.8125
12400 0.75
12500 0.59375
12600 0.75
12700 0.71875
12800 0.75
12900 0.71875
13000 0.6875
13100 0.6875
13200 0.65625
13300 0.8125
13400 0.6875
13500 0.625
13600 0.71875
13700 0.84375
13800 0.6875
13900 0.71875
14000 0.75
14100 0.8125
14200 0.78125
14300 0.6875
14400 0.71875
14500 0.71875
14600 0.6875
14700 0.71875
14800 0.71875
14900 0.78125
15000 0.65625
15100 0.71875
15200 0.75
15300 0.71875
15400 0.65625
15500 0.71875
15600 0.75
15700 0.84375
15800 0.875
15900 0.71875
16000 0.8125
16100 0.71875
16200 0.71875
16300 0.6875
16400 0.71875
16500 0.875
16600 0.75
16700 0.6875
16800 0.71875
16900 0.9375
17000 0.875
17100 0.84375
17200 0.8125
17300 0.84375
17400 0.875
17500 0.75
17600 0.875
17700 0.71875
17800 0.71875
17900 0.9375
18000 0.875
18100 0.875
18200 0.90625
18300 0.78125
18400 0.78125
18500 0.84375
18600 0.78125
18700 0.875
18800 0.875
18900 0.65625
19000 0.875
19100 0.8125
19200 0.75
19300 0.96875
19400 0.90625
19500 0.8125
19600 0.84375
19700 0.90625
19800 0.84375
19900 0.75
20000 0.59375
20100 0.9375
20200 0.875
20300 0.875
20400 0.90625
20500 0.875
20600 0.78125
20700 0.78125
