0 3.3239982
100 2.5031219
200 3.0959089
300 3.0124009
400 2.7279296
500 3.044734
600 2.7433853
700 3.9754024
800 4.0325556
900 3.1522748
1000 3.1318161
1100 4.1847425
1200 3.499893
1300 2.531884
1400 4.0878363
1500 3.0933955
1600 3.67113
1700 3.483078
1800 4.3710256
1900 2.5149803
2000 2.4400375
2100 3.605917
2200 3.5331147
2300 2.097854
2400 3.1713185
2500 2.4854543
2600 2.0545528
2700 2.7712739
2800 2.9394987
2900 1.927455
3000 2.489757
3100 2.079073
3200 2.315534
3300 1.9792761
3400 2.601605
3500 1.8274691
3600 2.0420563
3700 2.2272565
3800 2.5946982
3900 2.5513158
4000 1.7591772
4100 1.796935
4200 2.5942345
4300 2.3017085
4400 2.7538767
4500 2.3630996
4600 1.940727
4700 1.7799258
4800 1.6807559
4900 1.9198258
5000 1.5015807
5100 2.0701857
5200 1.544173
5300 2.1985521
5400 1.5870353
5500 1.8434242
5600 1.9834119
5700 2.29198
5800 1.518233
5900 2.1467361
6000 2.0267484
6100 1.9441421
6200 1.7749287
6300 1.4647391
6400 1.8274552
6500 1.5387133
6600 1.7769531
6700 2.5714512
6800 1.8014815
6900 2.5693827
7000 1.6616468
7100 2.4429963
7200 1.3680836
7300 1.881441
7400 0.9709757
7500 2.1578515
7600 1.8206754
7700 2.312925
7800 1.8299466
7900 1.3070079
8000 1.3353579
8100 1.216154
8200 1.8041909
8300 1.4485034
8400 1.7725918
8500 1.7228726
8600 1.5284336
8700 2.525261
8800 1.5387557
8900 2.0184526
9000 1.4601619
9100 1.5250742
9200 1.3245434
9300 1.4705513
9400 1.4522029
9500 1.360518
9600 1.6209264
9700 1.6052517
9800 1.9634691
9900 2.0492706
10000 1.2457403
10100 2.1120281
10200 2.1329901
10300 1.9272187
10400 2.4305654
10500 1.9839784
10600 1.859663
10700 1.6371595
10800 1.1040195
10900 1.4096097
11000 1.8111557
11100 1.5260713
11200 1.4525824
11300 0.900894
11400 1.3851504
11500 1.2278723
11600 1.0651898
11700 1.6206553
11800 1.9755512
11900 1.2332591
12000 0.969813
12100 1.0699693
12200 1.9732677
12300 0.6933472
12400 1.428691
12500 1.7099643
12600 1.2020278
12700 1.0782583
12800 1.0164672
12900 1.1037558
13000 1.2323712
13100 1.2550886
13200 1.5603131
13300 0.9062269
13400 1.3150072
13500 1.300807
13600 1.1381925
13700 1.0736963
13800 1.2147887
13900 1.081817
14000 0.91003174
14100 0.76563185
14200 1.0394617
14300 1.0554073
14400 0.95620704
14500 1.0898747
14600 1.2480848
14700 1.4585222
14800 1.0096381
14900 0.92353547
15000 1.2801669
15100 1.0227225
15200 0.9494309
15300 1.0296832
15400 0.95035315
15500 1.0839126
15600 1.008395
15700 0.8613751
15800 0.94212043
15900 1.174287
16000 0.80436265
16100 1.0964738
16200 1.0835118
16300 1.3222964
16400 1.1482522
16500 0.9200353
16600 1.1785482
16700 1.1524996
16800 1.2097281
16900 0.4716003
17000 0.73021424
17100 0.750221
17200 0.80596536
17300 1.067073
17400 0.8208498
17500 1.0155997
17600 0.78234905
17700 1.1504143
17800 0.9604942
17900 0.5832057
18000 0.6873004
18100 0.7255047
18200 0.65417403
18300 1.027607
18400 1.3333188
18500 0.7167994
18600 1.1121451
18700 0.8026711
18800 0.8340496
18900 1.1646749
19000 0.59972674
19100 0.8122672
19200 0.78110313
19300 0.4251438
19400 0.74565613
19500 0.78436506
19600 0.7198005
19700 0.9260472
19800 0.8433142
19900 0.889367
20000 1.2878348
20100 0.5380243
20200 0.73458296
20300 0.79601544
20400 0.601204
20500 0.6355132
20600 1.1121399
20700 0.8298751
