0 2.30402
100 1.7350318
200 2.1459205
300 2.0880373
400 1.8908567
500 2.1104488
600 1.9015698
700 2.755539
800 2.7951546
900 2.1849904
1000 2.1708095
1100 2.9006424
1200 2.425941
1300 1.7549683
1400 2.8334723
1500 2.1441784
1600 2.5446334
1700 2.4142857
1800 3.0297642
1900 1.7432514
2000 1.6913052
2100 2.4994311
2200 2.4489684
2300 1.4541215
2400 2.1981905
2500 1.7227856
2600 1.4241076
2700 1.9209006
2800 2.0375051
2900 1.33601
3000 1.7257681
3100 1.4411036
3200 1.605006
3300 1.3719296
3400 1.8032951
3500 1.266705
3600 1.4154456
3700 1.5438166
3800 1.7985077
3900 1.7684373
4000 1.2193687
4100 1.2455404
4200 1.7981863
4300 1.5954227
4400 1.9088418
4500 1.6379758
4600 1.3452095
4700 1.2337506
4800 1.1650112
4900 1.3307219
5000 1.0408164
5100 1.4349433
5200 1.0703392
5300 1.5239203
5400 1.100049
5500 1.2777643
5600 1.3747964
5700 1.5886796
5800 1.0523589
5900 1.4880041
6000 1.404835
6100 1.3475766
6200 1.2302868
6300 1.0152798
6400 1.2666954
6500 1.0665548
6600 1.23169
6700 1.7823942
6800 1.2486918
6900 1.7809603
7000 1.1517658
7100 1.693356
7200 0.9482833
7300 1.3041155
7400 0.67302907
7500 1.4957087
7600 1.261996
7700 1.6031976
7800 1.2684224
7900 0.9059489
8000 0.9255996
8100 0.8429737
8200 1.2505698
8300 1.004026
8400 1.228667
8500 1.1942043
8600 1.0594294
8700 1.7503775
8800 1.0665841
8900 1.3990848
9000 1.0121071
9100 1.0571009
9200 0.9181035
9300 1.0193084
9400 1.0065904
9500 0.9430392
9600 1.1235405
9700 1.1126757
9800 1.3609731
9900 1.4204462
10000 0.8634814
10100 1.4639463
10200 1.478476
10300 1.3358462
10400 1.6847396
10500 1.3751891
10600 1.2890202
10700 1.1347924
10800 0.76524806
10900 0.977067
11000 1.2553974
11100 1.0577921
11200 1.0068533
11300 0.6244521
11400 0.9601131
11500 0.85109615
11600 0.73833334
11700 1.1233526
11800 1.3693478
11900 0.85483
12000 0.67222315
12100 0.74164623
12200 1.367765
12300 0.48059165
12400 0.99029315
12500 1.185257
12600 0.8331822
12700 0.7473917
12800 0.70456135
12900 0.76506525
13000 0.85421467
13100 0.86996114
13200 1.0815266
13300 0.6281486
13400 0.91149354
13500 0.90165067
13600 0.78893495
13700 0.74422956
13800 0.8420273
13900 0.74985844
14000 0.63078594
14100 0.53069556
14200 0.7205
14300 0.7315526
14400 0.6627922
14500 0.75544363
14600 0.86510646
14700 1.0109706
14800 0.6998278
14900 0.640146
15000 0.88734406
15100 0.70889723
15200 0.65809536
15300 0.71372205
15400 0.6587346
15500 0.75131094
15600 0.69896615
15700 0.5970597
15800 0.65302813
15900 0.8139537
16000 0.5575417
16100 0.76001775
16200 0.7510332
16300 0.916546
16400 0.7959078
16500 0.63771987
16600 0.8169074
16700 0.79885185
16800 0.83851963
16900 0.3268884
17000 0.50614595
17100 0.5200136
17200 0.55865264
17300 0.7396386
17400 0.5689697
17500 0.7039601
17600 0.54228306
17700 0.79740644
17800 0.66576385
17900 0.4042474
18000 0.47640032
18100 0.5028815
18200 0.45343888
18300 0.7122829
18400 0.92418617
18500 0.49684748
18600 0.7708802
18700 0.5563692
18800 0.5781191
18900 0.80729115
19000 0.4156989
19100 0.5630207
19200 0.54141945
19300 0.29468724
19400 0.51684946
19500 0.5436804
19600 0.49892765
19700 0.641887
19800 0.58454084
19900 0.61646223
20000 0.89265907
20100 0.37293002
20200 0.5091741
20300 0.55175585
20400 0.41672283
20500 0.4405042
20600 0.77087665
20700 0.5752256
