0 9.68338
100 2.9772315
200 3.6273804
300 4.8954597
400 3.2554793
500 3.6484308
600 3.8520339
700 4.379939
800 3.386763
900 3.471642
1000 3.2316682
1100 3.4381766
1200 3.2939968
1300 3.8429115
1400 3.3186183
1500 2.8197422
1600 3.2352204
1700 2.6865892
1800 3.2865872
1900 3.2941628
2000 2.9547133
2100 2.5350692
2200 3.4349623
2300 2.5841012
2400 3.3562908
2500 3.3700013
2600 4.303463
2700 4.2901897
2800 4.0477686
2900 4.282796
3000 3.7519047
3100 4.1280236
3200 4.1573315
3300 3.7163777
3400 3.8022015
3500 3.6149893
3600 3.2118611
3700 3.8684645
3800 3.3587856
3900 3.5793803
4000 3.3553004
4100 3.4765563
4200 3.4928713
4300 3.0296192
4400 3.56033
4500 3.5553312
4600 3.1880474
4700 3.3866992
4800 3.3213866
4900 4.1190114
5000 3.4870644
5100 3.609905
5200 3.3008597
5300 4.0288177
5400 3.3153336
5500 3.377378
5600 3.4307346
5700 4.210259
5800 3.205033
5900 3.513605
6000 3.7161505
6100 3.92658
6200 3.4080338
6300 3.4005384
6400 3.9041908
6500 2.722447
6600 3.2807786
6700 3.1740637
6800 3.395296
6900 3.1779313
7000 3.2913728
7100 3.1754267
7200 3.4659286
7300 3.5528817
7400 3.0947404
7500 3.5003586
7600 3.1471798
7700 3.5035784
7800 3.6117067
7900 2.8175929
8000 3.064388
8100 3.0320807
8200 3.2704422
8300 3.120441
8400 3.485873
8500 3.704638
8600 3.007719
8700 3.899406
8800 3.4307675
8900 3.5721698
9000 2.6056204
9100 3.2712665
9200 3.3682075
9300 3.0086694
9400 2.596584
9500 2.8677332
9600 3.565055
9700 3.5388565
9800 3.1824255
9900 3.169952
10000 2.7717736
10100 2.8428252
10200 3.7119617
10300 2.9517493
10400 3.2197986
10500 3.368911
10600 3.2865791
10700 3.288897
10800 3.1825705
10900 3.3418446
11000 3.3503077
11100 3.0327654
11200 3.1238527
11300 2.960628
11400 2.9324508
11500 3.2297862
11600 2.6731992
11700 3.1267264
11800 3.6529427
11900 2.8844402
12000 2.5859077
12100 2.8817077
12200 2.8561854
12300 2.258891
12400 2.914455
12500 3.2562146
12600 2.8489256
12700 2.6324744
12800 2.7959232
12900 2.993763
13000 2.6346073
13100 2.8516436
13200 3.0932214
13300 2.8752055
13400 2.8688378
13500 2.5827985
13600 2.8608427
13700 2.7976093
13800 2.9299512
13900 2.9308524
14000 3.033253
14100 2.5584264
14200 2.9539318
14300 2.7617471
14400 3.1587205
14500 2.666432
14600 3.011363
14700 2.5069108
14800 2.258822
14900 2.4897947
15000 2.908389
15100 2.4839234
15200 2.5787141
15300 2.7501183
15400 2.7580502
15500 2.5841084
15600 2.494216
15700 2.1885889
15800 2.6375494
15900 3.0023518
16000 2.7869966
16100 2.8013248
16200 2.6239028
16300 2.4134312
16400 2.650919
16500 2.6232924
16600 3.242392
16700 2.6091614
16800 2.8405964
16900 2.2235384
17000 2.5611038
17100 2.3777664
17200 2.7633498
17300 2.646125
17400 2.615612
17500 2.6837955
17600 2.3433251
17700 2.5056772
17800 2.5443687
17900 2.478031
18000 2.4089851
18100 2.4011188
18200 2.4273684
18300 2.5555751
18400 3.2876978
18500 2.6015925
18600 2.701425
18700 2.5907059
18800 2.5219936
18900 2.7209227
19000 2.0530102
19100 2.656418
19200 2.2461214
19300 2.1954238
19400 2.2771277
19500 2.222611
19600 2.4028614
19700 2.4644263
19800 2.7756867
19900 2.6742141
20000 2.6194055
20100 2.3491163
20200 2.4764442
20300 2.5327742
20400 2.5165024
20500 2.318345
20600 2.5440974
20700 2.395878
