0 0.21875
100 0.34375
200 0.40625
300 0.40625
400 0.4375
500 0.375
600 0.5625
700 0.4375
800 0.28125
900 0.53125
1000 0.40625
1100 0.625
1200 0.5625
1300 0.53125
1400 0.375
1500 0.34375
1600 0.59375
1700 0.625
1800 0.5
1900 0.46875
2000 0.5
2100 0.4375
2200 0.53125
2300 0.5
2400 0.375
2500 0.5
2600 0.40625
2700 0.40625
2800 0.34375
2900 0.46875
3000 0.46875
3100 0.59375
3200 0.53125
3300 0.5
3400 0.4375
3500 0.5625
3600 0.5625
3700 0.625
3800 0.5
3900 0.5625
4000 0.5
4100 0.5625
4200 0.5625
4300 0.53125
4400 0.6875
4500 0.5625
4600 0.4375
4700 0.65625
4800 0.5625
4900 0.5
5000 0.5625
5100 0.5625
5200 0.5
5300 0.78125
5400 0.40625
5500 0.59375
5600 0.78125
5700 0.625
5800 0.59375
5900 0.5625
6000 0.8125
6100 0.625
6200 0.59375
6300 0.625
6400 0.75
6500 0.71875
6600 0.65625
6700 0.53125
6800 0.78125
6900 0.59375
7000 0.53125
7100 0.5
7200 0.59375
7300 0.84375
7400 0.625
7500 0.65625
7600 0.53125
7700 0.59375
7800 0.6875
7900 0.6875
8000 0.65625
8100 0.6875
8200 0.625
8300 0.71875
8400 0.71875
8500 0.8125
8600 0.6875
8700 0.6875
8800 0.5625
8900 0.75
9000 0.625
9100 0.59375
9200 0.75
9300 0.8125
9400 0.71875
9500 0.71875
9600 0.65625
9700 0.8125
9800 0.65625
9900 0.84375
10000 0.78125
10100 0.65625
10200 0.71875
10300 0.78125
10400 0.71875
10500 0.75
10600 0.59375
10700 0.78125
10800 0.6875
10900 0.84375
11000 0.71875
11100 0.8125
11200 0.84375
11300 0.625
11400 0.78125
11500 0.78125
11600 0.75
11700 0.8125
11800 0.8125
11900 0.875
12000 0.75
12100 0.875
12200 0.78125
12300 0.84375
12400 0.6875
12500 0.875
12600 0.8125
12700 0.78125
12800 0.78125
12900 0.84375
13000 0.875
13100 0.71875
13200 0.8125
13300 0.90625
13400 0.71875
13500 0.875
13600 0.84375
13700 0.75
13800 0.8125
13900 0.75
14000 0.875
14100 0.875
14200 0.90625
14300 0.8125
14400 0.8125
14500 0.875
14600 0.90625
14700 0.875
14800 0.84375
14900 0.8125
15000 0.9375
15100 0.84375
15200 0.78125
15300 0.6875
15400 0.8125
15500 0.90625
15600 0.9375
15700 0.9375
15800 0.90625
15900 0.8125
16000 0.9375
16100 0.84375
16200 0.75
16300 0.75
16400 0.78125
16500 0.875
16600 0.875
16700 0.78125
16800 0.8125
16900 0.8125
17000 0.9375
17100 0.9375
17200 0.78125
17300 0.78125
17400 0.90625
17500 0.90625
17600 0.8125
17700 0.84375
17800 0.875
17900 0.84375
