0 4.0678477
100 2.9773362
200 2.6586947
300 2.5021794
400 2.4664187
500 2.6256204
600 1.9847991
700 2.4346132
800 2.9306586
900 2.0755258
1000 2.2735617
1100 1.6712203
1200 1.7246816
1300 2.046203
1400 2.7390938
1500 2.6945627
1600 1.7728876
1700 1.8048761
1800 1.7706292
1900 2.2128842
2000 1.8041234
2100 2.3121247
2200 2.362096
2300 2.4008179
2400 1.9620337
2500 1.9048553
2600 2.4248083
2700 1.9814802
2800 2.3328779
2900 2.0726228
3000 2.2576442
3100 1.570013
3200 2.3546326
3300 1.7042036
3400 2.135574
3500 1.8298861
3600 2.3990548
3700 2.0192738
3800 2.032906
3900 1.9704871
4000 2.203261
4100 1.6122394
4200 1.814677
4300 2.0555475
4400 1.5278587
4500 1.8900095
4600 2.1545987
4700 1.5559806
4800 1.4720064
4900 1.8263563
5000 1.7349709
5100 1.9235396
5200 2.0934114
5300 1.204828
5400 1.9018006
5500 1.6425798
5600 1.2016835
5700 1.6694703
5800 1.5144379
5900 1.706458
6000 0.77016187
6100 2.0449543
6200 1.6907443
6300 1.5436462
6400 1.2194561
6500 1.278381
6600 1.2440377
6700 1.7452823
6800 1.0375001
6900 2.3123074
7000 1.9242021
7100 1.8855977
7200 1.5878466
7300 1.2404225
7400 1.6140268
7500 1.2835177
7600 1.7069412
7700 1.3702457
7800 1.1823344
7900 1.1681229
8000 1.4413022
8100 1.1786251
8200 1.5114654
8300 1.0264219
8400 1.2232156
8500 0.8703024
8600 1.318184
8700 1.3885934
8800 1.4635149
8900 0.9925222
9000 1.3783246
9100 1.5661241
9200 1.1883637
9300 1.0330164
9400 1.330702
9500 1.0641654
9600 1.1618605
9700 1.2151527
9800 1.3249406
9900 0.81214
10000 1.218476
10100 1.4977016
10200 1.0030245
10300 1.0367184
10400 1.1774282
10500 1.0374129
10600 1.4127487
10700 1.1460696
10800 1.1807818
10900 0.9073261
11000 1.2273436
11100 1.088955
11200 0.87681246
11300 1.1975788
11400 1.0129013
11500 0.9724508
11600 1.1318637
11700 1.090965
11800 0.99307823
11900 0.7237082
12000 1.0917587
12100 0.85878056
12200 1.2969385
12300 0.7491363
12400 1.1233733
12500 0.7416719
12600 0.9677701
12700 1.168834
12800 1.178646
12900 0.99050486
13000 0.90670854
13100 1.1103296
13200 0.90228736
13300 0.81033015
13400 1.01952
13500 0.8618443
13600 0.69951344
13700 1.2937604
13800 1.1216204
13900 1.2235659
14000 0.65639216
14100 0.70751685
14200 0.7294563
14300 0.979265
14400 0.83775467
14500 0.8100967
14600 0.54791
14700 0.96430606
14800 0.96454155
14900 0.8659489
15000 0.73687035
15100 0.97674304
15200 0.9075096
15300 1.1539172
15400 0.8209482
15500 0.66229045
15600 0.7573393
15700 0.664074
15800 0.5453008
15900 1.0251936
16000 0.70341337
16100 1.0276845
16200 0.8739757
16300 1.123904
16400 0.7735983
16500 0.5711291
16600 0.6697983
16700 0.86014867
16800 0.78870547
16900 0.9458462
17000 0.5122924
17100 0.45922706
17200 0.91896003
17300 0.8993475
17400 0.7524461
17500 0.6876887
17600 0.970779
17700 0.9122768
17800 0.69313353
17900 0.8345956
