0 2.8196173
100 2.0637321
200 1.8428668
300 1.7343786
400 1.7095912
500 1.8199413
600 1.3757579
700 1.6875453
800 2.0313778
900 1.4386449
1000 1.575913
1100 1.1584016
1200 1.1954582
1300 1.4183198
1400 1.8985951
1500 1.8677286
1600 1.2288721
1700 1.2510448
1800 1.2273066
1900 1.5338544
2000 1.2505231
2100 1.6026428
2200 1.6372802
2300 1.6641202
2400 1.3599782
2500 1.320345
2600 1.680749
2700 1.3734574
2800 1.6170278
2900 1.4366326
3000 1.5648797
3100 1.0882502
3200 1.632107
3300 1.1812639
3400 1.4802672
3500 1.2683804
3600 1.6628981
3700 1.3996539
3800 1.4091032
3900 1.3658376
4000 1.5271841
4100 1.1175191
4200 1.2578382
4300 1.4247969
4400 1.059031
4500 1.3100548
4600 1.4934541
4700 1.0785235
4800 1.0203171
4900 1.2659338
5000 1.2025902
5100 1.3332961
5200 1.4510422
5300 0.8351232
5400 1.3182278
5500 1.1385496
5600 0.83294356
5700 1.1571887
5800 1.0497284
5900 1.1828265
6000 0.53383553
6100 1.4174542
6200 1.1719346
6300 1.0699741
6400 0.8452625
6500 0.8861062
6600 0.86230123
6700 1.2097375
6800 0.7191403
6900 1.6027694
7000 1.3337553
7100 1.3069967
7200 1.1006114
7300 0.8597954
7400 1.1187581
7500 0.8896667
7600 1.1831615
7700 0.94978195
7800 0.8195318
7900 0.8096811
8000 0.9990345
8100 0.8169607
8200 1.047668
8300 0.7114614
8400 0.84786844
8500 0.60324764
8600 0.9136956
8700 0.9624996
8800 1.0144312
8900 0.68796396
9000 0.9553819
9100 1.0855545
9200 0.8237109
9300 0.71603245
9400 0.92237234
9500 0.7376232
9600 0.80534035
9700 0.8422797
9800 0.91837883
9900 0.56293255
10000 0.8445832
10100 1.0381277
10200 0.6952436
10300 0.7185984
10400 0.81613106
10500 0.7190798
10600 0.9792428
10700 0.79439497
10800 0.8184556
10900 0.62891054
11000 0.8507297
11100 0.7548061
11200 0.6077601
11300 0.8300984
11400 0.70208967
11500 0.6740515
11600 0.78454816
11700 0.75619936
11800 0.68834937
11900 0.5016363
12000 0.7567495
12100 0.59526134
12200 0.8989693
12300 0.5192617
12400 0.778663
12500 0.5140878
12600 0.6708071
12700 0.810174
12800 0.8169751
12900 0.68656564
13000 0.62848246
13100 0.76962185
13200 0.62541795
13300 0.56167805
13400 0.70667744
13500 0.5973849
13600 0.48486578
13700 0.89676636
13800 0.777448
13900 0.8481113
14000 0.45497638
14100 0.4904133
14200 0.5056206
14300 0.6787748
14400 0.5806873
14500 0.5615162
14600 0.37978226
14700 0.668406
14800 0.66856927
14900 0.60023004
15000 0.5107596
15100 0.6770267
15200 0.62903774
15300 0.79983443
15400 0.5690379
15500 0.45906478
15600 0.5249476
15700 0.460301
15800 0.3779737
15900 0.71061003
16000 0.48756897
16100 0.71233654
16200 0.6057938
16300 0.7790309
16400 0.5362175
16500 0.39587653
16600 0.4642688
16700 0.59620965
16800 0.546689
16900 0.6556106
17000 0.35509402
17100 0.31831193
17200 0.6369746
17300 0.6233802
17400 0.5215559
17500 0.4766695
17600 0.67289275
17700 0.6323421
17800 0.48044354
17900 0.5784976
