0 6.8031054
100 4.146209
200 4.20564
300 3.9760756
400 4.9276175
500 4.070499
600 3.9583921
700 4.7014017
800 3.6833055
900 4.114209
1000 4.476673
1100 4.4761233
1200 4.381809
1300 4.04774
1400 4.348024
1500 3.9054172
1600 4.4808636
1700 4.5205154
1800 4.1018047
1900 4.6466475
2000 4.4784164
2100 4.4365263
2200 3.9944198
2300 4.007398
2400 4.19042
2500 4.3758144
2600 3.5672529
2700 3.7403984
2800 4.003545
2900 4.0992265
3000 3.8162372
3100 2.9603724
3200 3.7676597
3300 3.3061733
3400 3.7328875
3500 3.219397
3600 3.6178534
3700 3.622032
3800 3.3410697
3900 3.7297826
4000 4.1897335
4100 3.4816384
4200 3.7240393
4300 3.6607409
4400 3.7784398
4500 3.399222
4600 3.6326323
4700 3.8921928
4800 3.6472423
4900 3.841876
5000 3.4739428
5100 3.5643663
5200 3.9697328
5300 3.4536223
5400 3.407453
5500 3.6685133
5600 3.6363852
5700 3.7256706
5800 3.3966222
5900 3.6394722
6000 2.642139
6100 3.7815313
6200 3.531497
6300 3.4756515
6400 3.1434202
6500 3.1735978
6600 3.2865293
6700 3.4663515
6800 2.925179
6900 3.591879
7000 3.4558554
7100 3.365393
7200 3.493236
7300 2.9523683
7400 2.9749727
7500 2.9325256
7600 3.2116432
7700 3.1107967
7800 2.965065
7900 3.0078611
8000 3.4804378
8100 3.4435773
8200 3.4736638
8300 2.9963918
8400 3.1238918
8500 2.858743
8600 3.357964
8700 3.3423295
8800 3.2437038
8900 3.1939402
9000 3.2942886
9100 3.455265
9200 3.2075012
9300 2.9373195
9400 3.5556288
9500 2.9679635
9600 2.9414308
9700 2.8454554
9800 3.3319287
9900 2.7165284
10000 3.0012012
10100 3.118723
10200 2.861534
10300 2.8227506
10400 3.125572
10500 2.697082
10600 3.1423209
10700 2.6557415
10800 3.1256943
10900 2.9493725
11000 2.722093
11100 2.6304417
11200 2.8420033
11300 3.023627
11400 3.0589898
11500 3.153494
11600 3.0232635
11700 3.1045067
11800 3.4070082
11900 2.4654312
12000 2.9681652
12100 2.6225998
12200 2.978869
12300 2.9081619
12400 2.7770758
12500 2.7213001
12600 2.9034033
12700 2.8156638
12800 2.7026446
12900 3.137971
13000 2.705677
13100 3.115405
13200 2.6463249
13300 2.7896438
13400 2.7218976
13500 2.8066854
13600 2.7660537
13700 2.7783608
13800 3.1048992
13900 2.8815706
14000 2.2273817
14100 2.5668755
14200 2.7905498
14300 2.8878763
14400 2.8715858
14500 2.8341465
14600 2.4047852
14700 2.8385463
14800 3.486709
14900 2.8129628
15000 2.8767176
15100 2.9229667
15200 2.5732584
15300 3.1372852
15400 2.6663942
15500 2.507067
15600 2.6362724
15700 2.871411
15800 2.4701457
15900 2.7528088
16000 3.0994267
16100 2.7624052
16200 2.8895118
16300 3.0571675
16400 2.6204872
16500 2.4267035
16600 2.6299148
16700 2.394164
16800 2.6940527
16900 3.0337193
17000 2.2792215
17100 2.34771
17200 2.8513327
17300 2.7527676
17400 2.761911
17500 2.759022
17600 2.4014883
17700 3.215097
17800 2.7636888
17900 2.8952234
