0 3.321429
100 0.40869278
200 0.30759674
300 0.3163028
400 0.5587381
500 0.13992755
600 0.22843951
700 0.08683514
800 0.092573024
900 0.21295002
1000 0.18136886
1100 0.2777886
1200 0.08116793
1300 0.24715225
1400 0.19697776
1500 0.42295766
1600 0.086483814
1700 0.17458701
1800 0.3270868
1900 0.27411395
2000 0.053666767
2100 0.26880467
2200 0.5957878
2300 0.07109887
2400 0.0040566744
2500 0.0690472
2600 0.33765027
2700 0.0073516904
2800 0.030877627
2900 0.0027386078
3000 0.015624495
3100 0.24033187
3200 0.0020647505
3300 0.1454984
3400 0.26061085
3500 0.009436282
3600 0.25019863
3700 0.037498392
3800 0.07541894
3900 0.16460928
4000 0.22113451
4100 0.08573236
4200 0.010538871
4300 0.038892753
4400 0.022701282
4500 0.0010160448
4600 0.82398915
4700 0.005672904
4800 0.014514583
4900 0.044319864
5000 0.05452446
5100 0.21705255
5200 0.24420291
5300 0.11362428
5400 0.066297814
5500 0.0014497146
5600 0.0208702
5700 0.09465493
5800 0.0006198409
5900 0.112281635
6000 0.14764443
6100 0.0058817742
6200 0.0020198734
6300 0.00012309517
6400 0.0056718485
6500 0.048608057
6600 0.001123262
6700 0.008996265
6800 0.11109072
6900 0.025161618
7000 0.00012555464
7100 0.011917769
7200 0.008449477
7300 0.00034563852
7400 0.0046132756
7500 0.000773768
7600 0.17372148
7700 0.00037286722
7800 0.00060396956
7900 0.046108574
8000 0.0027589295
8100 0.00076367485
8200 0.0011141464
8300 0.04802497
8400 0.00022077956
8500 0.006222316
8600 6.471268e-05
8700 0.0016859674
8800 5.6721445e-05
8900 0.0011794305
9000 0.003324757
9100 0.02169026
9200 0.00062638294
9300 0.0020104374
9400 0.0015443887
9500 0.0070690485
9600 0.009269607
9700 0.0021853875
9800 0.0015889762
9900 0.0012824853
10000 0.00036518177
10100 0.00018355432
10200 0.00026495615
10300 0.07745348
10400 0.002296843
10500 0.04130664
10600 0.0034541732
10700 0.008395833
10800 0.00061097136
10900 0.0037797592
11000 0.017060237
11100 0.00048000517
11200 0.00056948606
11300 0.0051012165
11400 0.14958577
11500 0.15677442
11600 0.0010082294
11700 3.2154137e-05
11800 0.0037815857
11900 0.0010890866
12000 0.0012099026
12100 0.00045812302
12200 0.0010136827
12300 0.00031513977
12400 0.00029922664
12500 0.01174701
12600 0.00032770913
12700 0.00019365335
12800 0.01100134
12900 0.0008134012
13000 0.0036033476
13100 0.00497374
13200 0.00208042
13300 0.0030553665
13400 0.00013117143
13500 0.005661591
13600 0.0017478216
13700 0.009230584
13800 0.0010979214
13900 0.0011865065
14000 0.0053082705
14100 0.0014931279
14200 0.0010223015
14300 0.0009683289
14400 0.0016584062
14500 0.0012862876
14600 0.0012161514
14700 0.0011274489
14800 0.00068997813
14900 0.005936533
15000 0.0004975088
15100 0.00071729353
15200 0.0005536687
15300 0.00046785286
15400 0.0009818212
