0 2.3022392
100 0.28328425
200 0.21320981
300 0.21924439
400 0.38728774
500 0.09699039
600 0.1583422
700 0.06018953
800 0.06416673
900 0.1476057
1000 0.12571532
1100 0.1925484
1200 0.056261323
1300 0.17131288
1400 0.13653459
1500 0.2931719
1600 0.05994601
1700 0.12101449
1800 0.2267193
1900 0.19000131
2000 0.03719897
2100 0.1863212
2200 0.41296864
2300 0.04928198
2400 0.0028118724
2500 0.04785987
2600 0.23404133
2700 0.0050958036
2800 0.02140274
2900 0.0018982583
3000 0.010830075
3100 0.16658536
3200 0.001431176
3300 0.100851804
3400 0.18064168
3500 0.0065407325
3600 0.17342448
3700 0.025991904
3800 0.052276425
3900 0.11409846
4000 0.15327877
4100 0.059425145
4200 0.007304989
4300 0.026958402
4400 0.01573533
4500 0.0007042686
4600 0.5711458
4700 0.0039321575
4800 0.0100607425
4900 0.03072019
5000 0.037793476
5100 0.15044937
5200 0.16926856
5300 0.07875835
5400 0.04595414
5500 0.0010048656
5600 0.01446612
5700 0.0656098
5800 0.000429641
5900 0.0778277
6000 0.10233932
6100 0.0040769354
6200 0.0014000695
6300 8.5323074e-05
6400 0.003931426
6500 0.03369254
6600 0.0007785859
6700 0.006235736
6800 0.07700222
6900 0.017440705
7000 8.7027845e-05
7100 0.008260768
7200 0.0058567314
7300 0.00023957837
7400 0.003197679
7500 0.0005363351
7600 0.12041455
7700 0.00025845185
7800 0.0004186398
7900 0.03196003
8000 0.0019123442
8100 0.0005293391
8200 0.00077226746
8300 0.033288375
8400 0.00015303273
8500 0.004312981
8600 4.4855413e-05
8700 0.0011686236
8800 3.931631e-05
8900 0.0008175189
9000 0.002304546
9100 0.015034543
9200 0.00043417557
9300 0.001393529
9400 0.0010704887
9500 0.004899891
9600 0.006425202
9700 0.0015147952
9800 0.0011013944
9900 0.0008889511
10000 0.00025312472
10100 0.00012723016
10200 0.00018365361
10300 0.05368666
10400 0.0015920503
10500 0.028631581
10600 0.0023942504
10700 0.005819548
10800 0.00042349307
10900 0.0026199294
11000 0.011825255
11100 0.00033271423
11200 0.00039473767
11300 0.0035358937
11400 0.103684954
11500 0.108667746
11600 0.00069885136
11700 2.228755e-05
11800 0.0026211955
11900 0.00075489737
12000 0.00083864055
12100 0.00031754668
12200 0.0007026313
12300 0.00021843825
12400 0.0002074081
12500 0.008142407
12600 0.00022715067
12700 0.00013423027
12800 0.0076255477
12900 0.00056380674
13000 0.0024976502
13100 0.0034475338
13200 0.0014420373
13300 0.0021178187
13400 9.092111e-05
13500 0.003924316
13600 0.0012114976
13700 0.0063981535
13800 0.0007610211
13900 0.0008224236
14000 0.0036794126
14100 0.0010349574
14200 0.0007086054
14300 0.00067119446
14400 0.0011495196
14500 0.0008915866
14600 0.0008429719
14700 0.000781488
14800 0.00047825638
14900 0.0041148914
15000 0.0003448468
15100 0.00049719
15200 0.0003837739
15300 0.0003242909
15400 0.0006805466
