0 9.999995
100 1.7795873
200 1.4173985
300 1.2334659
400 1.4610515
500 1.2813202
600 1.371187
700 1.1660175
800 1.1421568
900 1.1620747
1000 1.2731702
1100 1.1766703
1200 1.1550058
1300 1.3979663
1400 1.0779996
1500 1.203846
1600 1.1804614
1700 1.1265789
1800 1.0927486
1900 1.095205
2000 1.1345073
2100 1.1309662
2200 1.1507326
2300 1.0626104
2400 1.0159407
2500 1.0996149
2600 1.0479338
2700 1.0276443
2800 1.08485
2900 1.0117984
3000 1.0416098
3100 1.1224989
3200 1.0086087
3300 1.0821505
3400 1.111374
3500 1.0284686
3600 1.0218697
3700 1.0891006
3800 1.0776858
3900 1.0997897
4000 1.0811291
4100 1.0432212
4200 1.0359558
4300 1.0962256
4400 1.0575603
4500 1.0044653
4600 1.003758
4700 1.0179623
4800 1.048812
4900 1.05735
5000 1.0749271
5100 1.0828807
5200 1.0349653
5300 1.0928339
5400 1.089828
5500 1.0062349
5600 1.0563884
5700 1.0693384
5800 1.0030057
5900 1.0851407
6000 1.0519865
6100 1.0163774
6200 1.0086681
6300 1.0007995
6400 1.0172694
6500 1.0992861
6600 1.0047672
6700 1.0282853
6800 1.0621454
6900 1.0475192
7000 1.0007882
7100 1.0364552
7200 1.0220592
7300 1.0018423
7400 1.0159643
7500 1.0036442
7600 1.0254862
7700 1.0021551
7800 1.0029595
7900 1.0539732
8000 1.0126401
8100 1.0037017
8200 1.0050769
8300 1.0811917
8400 1.0012424
8500 1.0221819
8600 1.0004418
8700 1.0065045
8800 1.0003775
8900 1.0053601
9000 1.011133
9100 1.0596503
9200 1.0029781
9300 1.0085721
9400 1.0068432
9500 1.021342
9600 1.0260077
9700 1.0093994
9800 1.0065136
9900 1.0056612
10000 1.0018733
10100 1.0010915
10200 1.0013238
10300 1.0573575
10400 1.0090773
10500 1.0314044
10600 1.0115494
10700 1.0264351
10800 1.002682
10900 1.0126398
11000 1.0304846
11100 1.0022521
11200 1.0028721
11300 1.0186741
11400 1.0066111
11500 1.0135775
11600 1.0046198
11700 1.0002232
11800 1.0115515
11900 1.0048448
12000 1.0052171
12100 1.0023136
12200 1.004744
12300 1.0017359
12400 1.0014707
12500 1.0334373
12600 1.0017241
12700 1.0010678
12800 1.0247021
12900 1.0037751
13000 1.0112863
13100 1.0159427
13200 1.0071002
13300 1.011941
13400 1.0007973
13500 1.0193734
13600 1.0065403
13700 1.0292497
13800 1.004799
13900 1.0048615
14000 1.0148859
14100 1.006629
14200 1.0047145
14300 1.0044382
14400 1.0064169
14500 1.0056522
14600 1.0053511
14700 1.0044808
14800 1.0028033
14900 1.0204275
15000 1.0025109
15100 1.0037174
15200 1.0025089
15300 1.0023113
15400 1.0046813
