0 0.15625
100 0.875
200 0.9375
300 1.0
400 1.0
500 1.0
600 0.96875
700 0.9375
800 0.90625
900 1.0
1000 1.0
1100 0.9375
1200 1.0
1300 0.9375
1400 0.96875
1500 0.9375
1600 1.0
1700 1.0
1800 1.0
1900 1.0
2000 0.96875
2100 0.96875
2200 1.0
2300 1.0
2400 0.96875
2500 0.90625
2600 1.0
2700 1.0
2800 1.0
2900 1.0
3000 1.0
3100 1.0
3200 0.96875
3300 1.0
3400 1.0
3500 0.96875
3600 1.0
3700 1.0
3800 1.0
3900 0.96875
4000 1.0
4100 1.0
4200 1.0
4300 1.0
4400 0.9375
4500 1.0
4600 1.0
4700 0.96875
4800 0.9375
4900 0.96875
5000 1.0
5100 0.9375
5200 1.0
5300 1.0
5400 1.0
5500 1.0
5600 1.0
5700 1.0
5800 1.0
5900 1.0
6000 1.0
6100 1.0
6200 1.0
6300 1.0
6400 1.0
6500 0.96875
6600 1.0
6700 1.0
6800 1.0
6900 1.0
7000 1.0
7100 1.0
7200 1.0
7300 0.9375
7400 1.0
7500 1.0
7600 1.0
7700 1.0
7800 0.96875
7900 1.0
8000 1.0
8100 1.0
8200 1.0
8300 1.0
8400 1.0
8500 1.0
8600 1.0
8700 1.0
8800 1.0
8900 1.0
9000 1.0
9100 1.0
9200 1.0
9300 1.0
9400 1.0
9500 1.0
9600 1.0
9700 1.0
9800 1.0
9900 1.0
10000 1.0
10100 1.0
10200 1.0
10300 0.9375
10400 1.0
10500 1.0
10600 1.0
10700 1.0
10800 1.0
10900 1.0
11000 1.0
11100 1.0
11200 1.0
11300 1.0
11400 1.0
11500 1.0
11600 1.0
