0 7.186418
100 0.838626
200 0.33726862
300 0.12439601
400 0.058256682
500 0.16985737
600 0.103542745
700 0.13582498
800 0.2950313
900 0.07563514
1000 0.015746059
1100 0.23885845
1200 0.098596856
1300 0.21624982
1400 0.11436678
1500 0.34157032
1600 0.052441567
1700 0.018957712
1800 0.082553424
1900 0.037580736
2000 0.17732501
2100 0.26677907
2200 0.027209528
2300 0.012625871
2400 0.14770906
2500 0.31394497
2600 0.030205302
2700 0.011912182
2800 0.01638584
2900 0.03899431
3000 0.018542266
3100 0.028248902
3200 0.06839772
3300 0.010775444
3400 0.05209286
3500 0.055062767
3600 0.023350248
3700 0.014439678
3800 0.022399915
3900 0.12640534
4000 0.047737043
4100 0.015673973
4200 0.04585163
4300 0.0074979113
4400 0.14553563
4500 0.019923138
4600 0.014456395
4700 0.18124542
4800 0.18260585
4900 0.15557197
5000 0.04241741
5100 0.35081944
5200 0.0061542024
5300 0.030546999
5400 0.014968651
5500 0.036198188
5600 0.023099156
5700 0.034376025
5800 0.0038599316
5900 0.0043369755
6000 0.07270477
6100 0.010111276
6200 0.002123051
6300 0.0056161797
6400 0.0148123
6500 0.038678586
6600 0.014560785
6700 0.028349679
6800 0.0121739395
6900 0.005515794
7000 0.0048898007
7100 0.010902126
7200 0.008584823
7300 0.18130057
7400 0.030840972
7500 0.0016791321
7600 0.028325072
7700 0.0006638268
7800 0.03792737
7900 0.028269863
8000 0.004784888
8100 0.012395534
8200 0.036678612
8300 0.02329586
8400 0.011059108
8500 0.023142383
8600 0.0068692276
8700 0.0025227189
8800 0.010398226
8900 0.014894553
9000 0.0044354596
9100 0.0030812677
9200 0.00451885
9300 0.0022564924
9400 0.003978938
9500 0.0022437226
9600 0.0017194581
9700 0.0064561507
9800 0.0032918907
9900 0.034637928
10000 0.004834481
10100 0.002500789
10200 0.03294489
10300 0.35197234
10400 0.005548943
10500 0.012668933
10600 0.0023933144
10700 0.0028033091
10800 0.017002484
10900 0.003333159
11000 0.00096744735
11100 0.008917915
11200 0.00058859313
11300 0.018060375
11400 0.017494446
11500 0.004917653
11600 0.002222357
