0 0.046875004
100 0.37500003
200 0.43125
300 0.46250004
400 0.46562502
500 0.51875
600 0.53125
700 0.46562502
800 0.44687498
900 0.46249998
1000 0.50624996
1100 0.440625
1200 0.46562505
1300 0.4875
1400 0.51250005
1500 0.528125
1600 0.42812502
1700 0.45625
1800 0.5125
1900 0.50625
2000 0.51250005
2100 0.49375004
2200 0.47500002
2300 0.54375
2400 0.553125
2500 0.43125004
2600 0.5125
2700 0.540625
2800 0.54375
2900 0.55937505
3000 0.5
3100 0.478125
3200 0.51250005
3300 0.575
3400 0.534375
3500 0.484375
3600 0.515625
3700 0.51874995
3800 0.475
3900 0.4625
4000 0.53124994
4100 0.50625
4200 0.553125
4300 0.5875
4400 0.57812494
4500 0.5125
4600 0.55
4700 0.56875
4800 0.609375
4900 0.546875
5000 0.653125
5100 0.475
5200 0.46562505
5300 0.515625
5400 0.55312496
5500 0.596875
5600 0.54375
5700 0.534375
5800 0.46562505
5900 0.478125
6000 0.4875
6100 0.515625
6200 0.49375
6300 0.5375
6400 0.49375
6500 0.534375
6600 0.546875
6700 0.50625
6800 0.49687505
6900 0.578125
7000 0.49374998
7100 0.53125
7200 0.54375
7300 0.546875
7400 0.51562494
7500 0.51875
7600 0.49062502
7700 0.58750004
7800 0.54999995
7900 0.521875
8000 0.55625004
8100 0.57500005
8200 0.54375
8300 0.5625
8400 0.53125
8500 0.49375004
8600 0.559375
8700 0.540625
8800 0.503125
8900 0.52187496
9000 0.57187504
9100 0.55
9200 0.534375
9300 0.53125006
9400 0.49375004
9500 0.55625
9600 0.59687495
9700 0.59375006
9800 0.54375
9900 0.515625
10000 0.49375
10100 0.5625
10200 0.57187504
10300 0.56250006
10400 0.49687505
10500 0.5375
10600 0.51875
10700 0.515625
10800 0.628125
10900 0.5875
11000 0.55
11100 0.54999995
11200 0.50000006
11300 0.49687502
11400 0.49374998
11500 0.509375
11600 0.5375
11700 0.478125
11800 0.49687502
11900 0.5375
12000 0.5375
12100 0.52812505
12200 0.54375
12300 0.559375
12400 0.503125
12500 0.48749998
12600 0.56250006
12700 0.5625
12800 0.515625
12900 0.515625
13000 0.49375004
13100 0.546875
13200 0.578125
13300 0.525
13400 0.528125
13500 0.54375
13600 0.5125
13700 0.509375
13800 0.509375
13900 0.52812505
14000 0.590625
14100 0.52812505
14200 0.48437503
14300 0.571875
14400 0.546875
14500 0.5125
14600 0.52812505
14700 0.56250006
14800 0.55625
14900 0.5375
15000 0.515625
15100 0.50625
15200 0.58750004
15300 0.571875
15400 0.5125
15500 0.5
15600 0.58750004
15700 0.52500004
15800 0.490625
15900 0.503125
16000 0.57500005
16100 0.56874996
16200 0.55
16300 0.45000002
16400 0.5625
16500 0.553125
16600 0.578125
16700 0.5375
16800 0.56875
16900 0.48125002
17000 0.55937505
17100 0.59687495
17200 0.5187501
17300 0.54062504
17400 0.54687506
17500 0.5625
17600 0.6
17700 0.57187504
17800 0.528125
17900 0.509375
18000 0.565625
18100 0.51875
18200 0.559375
18300 0.5
18400 0.553125
18500 0.61875004
18600 0.515625
18700 0.534375
18800 0.578125
18900 0.6125
19000 0.57500005
19100 0.540625
19200 0.5875
19300 0.54062504
19400 0.49375004
19500 0.546875
19600 0.575
19700 0.56562495
19800 0.61875004
19900 0.5875
20000 0.54375
20100 0.578125
20200 0.525
20300 0.58125
20400 0.55625004
20500 0.559375
20600 0.53125
20700 0.584375
20800 0.55625
20900 0.515625
21000 0.5875
21100 0.57500005
21200 0.54375005
21300 0.55937505
21400 0.54375005
21500 0.59375
21600 0.51875
21700 0.5875
21800 0.584375
21900 0.559375
22000 0.55
22100 0.55937505
22200 0.55625
22300 0.55937505
22400 0.521875
22500 0.57187504
22600 0.59375
22700 0.5375
22800 0.59375006
22900 0.553125
23000 0.46875
23100 0.603125
23200 0.54062504
23300 0.55
23400 0.646875
23500 0.57500005
23600 0.515625
23700 0.56562495
23800 0.57500005
23900 0.56874996
24000 0.53125
24100 0.575
24200 0.57187504
24300 0.578125
24400 0.51875
24500 0.596875
24600 0.54375005
24700 0.5625
24800 0.55625004
24900 0.5375
25000 0.59375
25100 0.565625
25200 0.590625
25300 0.596875
25400 0.60625
25500 0.55
25600 0.59375006
25700 0.5
25800 0.55
25900 0.534375
26000 0.55
26100 0.56874996
26200 0.56875
26300 0.56875
26400 0.55625004
26500 0.58125
26600 0.5625
26700 0.54375
26800 0.57187504
26900 0.57187504
27000 0.54375
27100 0.6
27200 0.590625
27300 0.61875004
27400 0.55312496
27500 0.575
27600 0.52812505
27700 0.5875
27800 0.58125
27900 0.584375
28000 0.584375
28100 0.528125
28200 0.49687502
28300 0.56874996
28400 0.49062502
28500 0.55
28600 0.5187501
28700 0.5656251
28800 0.53125
28900 0.471875
29000 0.58750004
29100 0.559375
29200 0.575
29300 0.53125
29400 0.58750004
29500 0.553125
29600 0.546875
29700 0.634375
29800 0.578125
29900 0.575
30000 0.55
30100 0.5875
30200 0.525
30300 0.56875
30400 0.51875
30500 0.50312495
30600 0.5375
30700 0.509375
30800 0.503125
30900 0.51874995
31000 0.509375
31100 0.553125
31200 0.55625004
31300 0.52500004
31400 0.53125
31500 0.56250006
31600 0.52812505
31700 0.584375
31800 0.540625
31900 0.55625
32000 0.534375
32100 0.521875
32200 0.53437495
32300 0.603125
32400 0.575
32500 0.59375
32600 0.571875
32700 0.49374998
32800 0.52812505
32900 0.58437496
33000 0.58125
33100 0.521875
33200 0.5875
33300 0.54375
33400 0.55625004
33500 0.52187496
33600 0.5
33700 0.54062504
33800 0.5625
33900 0.57187504
34000 0.56874996
34100 0.5875
34200 0.58750004
34300 0.58124995
34400 0.565625
34500 0.57187504
34600 0.55
34700 0.54375
34800 0.565625
34900 0.59375
35000 0.5625
35100 0.59062505
35200 0.578125
35300 0.5625
35400 0.5625
35500 0.58125
35600 0.55625
35700 0.5625
35800 0.56874996
35900 0.50937504
36000 0.55
36100 0.584375
36200 0.5625
36300 0.56562495
36400 0.5375
36500 0.6
36600 0.50937504
36700 0.6
36800 0.596875
36900 0.58750004
37000 0.59062505
37100 0.54999995
37200 0.628125
37300 0.55937505
37400 0.57187504
37500 0.56875
37600 0.578125
37700 0.553125
37800 0.58750004
37900 0.58750004
38000 0.578125
38100 0.515625
38200 0.55937505
38300 0.55937505
38400 0.58125
38500 0.509375
38600 0.515625
38700 0.534375
38800 0.509375
38900 0.50000006
39000 0.540625
39100 0.603125
39200 0.53125
39300 0.49374998
39400 0.546875
39500 0.575
39600 0.54375005
39700 0.6062499
39800 0.553125
39900 0.55937505
40000 0.55625
40100 0.52187496
40200 0.56875
40300 0.54999995
40400 0.55
40500 0.54999995
40600 0.51875
40700 0.596875
40800 0.50625
40900 0.546875
