0 4.742604
100 3.2274463
200 2.8848934
300 2.556488
400 2.5641432
500 2.344709
600 2.242489
700 2.5581536
800 2.5387058
900 2.5756516
1000 2.407965
1100 2.6374867
1200 2.464627
1300 2.5745716
1400 2.3115618
1500 2.2207353
1600 2.3819332
1700 2.5566926
1800 2.2453835
1900 2.2179089
2000 2.2480695
2100 2.4280033
2200 2.5194771
2300 2.1250796
2400 2.125889
2500 2.6099072
2600 2.3306036
2700 2.1736484
2800 2.3730612
2900 2.1416364
3000 2.3223894
3100 2.4645078
3200 2.3493347
3300 1.9288212
3400 2.2524877
3500 2.343324
3600 2.3882551
3700 2.2829103
3800 2.4078865
3900 2.4795136
4000 2.3059552
4100 2.2942836
4200 2.1019638
4300 1.959998
4400 2.140011
4500 2.3020377
4600 1.958027
4700 2.0481575
4800 1.8236955
4900 2.0648336
5000 1.8469384
5100 2.302082
5200 2.5161188
5300 2.3230798
5400 2.1904292
5500 1.919198
5600 2.1967587
5700 2.0694435
5800 2.315948
5900 2.2770889
6000 2.3673518
6100 2.3660443
6200 2.2807488
6300 2.2597053
6400 2.321046
6500 2.1708539
6600 1.8674129
6700 2.2336264
6800 2.286864
6900 2.0434446
7000 2.3691924
7100 2.1194575
7200 2.1615434
7300 2.2483702
7400 2.36092
7500 2.2438776
7600 2.548383
7700 1.9569373
7800 1.962893
7900 2.2315133
8000 1.9826555
8100 2.0190125
8200 2.1375604
8300 2.162167
8400 2.1145248
8500 2.4396112
8600 2.0151198
8700 2.1714664
8800 2.4402857
8900 2.2452147
9000 2.1666193
9100 2.1887085
9200 2.203017
9300 2.2698011
9400 2.5845046
9500 2.194691
9600 2.0855703
9700 1.9373521
9800 2.0643287
9900 2.2987828
10000 2.3035738
10100 2.103834
10200 2.0488482
10300 1.9876158
10400 2.241975
10500 2.5050457
10600 2.2334466
10700 2.262884
10800 1.8756684
10900 2.0645273
11000 2.080786
11100 2.195976
11200 2.294815
11300 2.4068873
11400 2.3777943
11500 2.2838511
11600 2.2875733
11700 2.3691545
11800 2.2910008
11900 2.3100045
12000 2.0788338
12100 2.1509926
12200 2.0975614
12300 2.0691469
12400 2.3280458
12500 2.362139
12600 2.157873
12700 1.9612229
12800 2.2737489
12900 2.3730392
13000 2.365168
13100 2.2865756
13200 1.9291558
13300 2.312072
13400 2.2062387
13500 2.1790059
13600 2.195245
13700 2.2749183
13800 2.23836
13900 2.2401872
14000 2.0566285
14100 2.1723998
14200 2.4274302
14300 2.0481246
14400 2.1971369
14500 2.4099967
14600 2.2093968
14700 2.0094135
14800 2.0757763
14900 2.1887856
15000 2.136049
15100 2.1917756
15200 1.8135054
15300 2.0740821
15400 2.2986233
15500 2.3800044
15600 2.024109
15700 2.1744785
15800 2.5128293
15900 2.253961
16000 1.9671819
16100 2.0745153
16200 2.1597471
16300 2.6607466
16400 2.1469083
16500 2.0392077
16600 1.9945638
16700 2.2683663
16800 2.1099656
16900 2.3058708
17000 2.0199025
17100 1.9732916
17200 2.1904004
17300 2.200387
17400 2.136361
17500 1.870986
17600 1.8689023
17700 2.048781
17800 2.199489
17900 2.249871
18000 2.1148603
18100 2.2659893
18200 2.0732496
18300 2.3318443
18400 2.205807
18500 1.8652002
18600 2.190557
18700 2.2723854
18800 2.0162435
18900 1.8057724
19000 1.9510956
19100 2.0636907
19200 1.9876951
19300 2.1923866
19400 2.1816003
19500 2.2426436
19600 2.0405667
19700 2.0371463
19800 1.7783703
19900 1.9096243
20000 2.2424147
20100 2.0406811
20200 2.131522
20300 1.9431976
20400 1.9958174
20500 2.0321686
20600 2.1818244
20700 1.9047376
20800 2.0317817
20900 2.209158
21000 1.9675082
21100 2.1222944
21200 2.21178
21300 2.113201
21400 2.0028067
21500 1.8515671
21600 2.1920328
21700 1.868976
21800 2.035587
21900 2.000388
22000 2.197212
22100 2.04999
22200 2.1263137
22300 2.0531783
22400 2.1576357
22500 1.9907054
22600 1.9735398
22700 2.1632175
22800 1.9128795
22900 2.1661088
23000 2.503653
23100 1.9147675
23200 2.1831934
23300 2.0982513
23400 1.8241532
23500 1.8433386
23600 2.2368603
23700 2.0139587
23800 2.0895717
23900 1.9979768
24000 2.1306417
24100 2.1554935
24200 1.9420661
24300 2.0264082
24400 2.3308055
24500 1.780136
24600 2.1171117
24700 1.9841769
24800 2.0519445
24900 2.1811526
25000 1.9717835
25100 2.0940325
25200 1.8782169
25300 1.9164137
25400 1.9418795
25500 2.122542
25600 1.9751719
25700 2.2789946
25800 2.069718
25900 2.1517918
26000 2.2162414
26100 2.0715253
26200 2.0128713
26300 2.0304306
26400 2.1380227
26500 2.0124638
26600 2.1041658
26700 2.1360376
26800 1.9660622
26900 2.1298587
27000 2.1714377
27100 1.9645659
27200 2.0660684
27300 1.932186
27400 2.18072
27500 2.0349321
27600 2.3240314
27700 1.9935919
27800 2.124306
27900 1.9579
28000 1.9971733
28100 2.115021
28200 2.26654
28300 1.900107
28400 2.528435
28500 2.0579534
28600 2.2693202
28700 2.0011816
28800 2.2957175
28900 2.4445028
29000 1.8952767
29100 2.0975823
29200 1.9856149
29300 2.0789042
29400 1.8919225
29500 2.0543163
29600 2.2532701
29700 1.8125387
29800 1.991898
29900 2.0240738
30000 2.1561246
30100 1.8600099
30200 2.1369085
30300 1.910202
30400 2.2709749
30500 2.1707811
30600 2.043971
30700 2.1801121
30800 2.4587455
30900 2.0205622
31000 2.3694825
31100 1.987157
31200 2.1365094
31300 2.2240386
31400 2.110593
31500 2.0543437
31600 2.1231484
31700 2.0025463
31800 2.1622665
31900 1.9785749
32000 2.2089014
32100 2.319657
32200 2.198129
32300 1.89827
32400 2.0590901
32500 1.8946797
32600 1.940197
32700 2.3632512
32800 2.1807942
32900 2.0634055
33000 1.8704239
33100 2.2167609
33200 1.8645109
33300 2.1021404
33400 2.0058982
33500 2.3353338
33600 2.1249986
33700 2.160803
33800 1.9929616
33900 2.0215542
34000 2.1673656
34100 1.9616342
34200 1.998774
34300 1.9662802
34400 1.9422168
34500 1.9950166
34600 2.124535
34700 2.1687512
34800 2.1228485
34900 1.9799613
35000 2.005173
35100 1.9416645
35200 1.9502931
35300 1.9426562
35400 2.0592384
35500 1.8826361
35600 1.9113408
35700 2.0334146
35800 1.9928272
35900 2.3593416
36000 2.0921462
36100 1.9110042
36200 2.0714312
36300 2.0269952
36400 2.165365
36500 1.8968328
36600 2.3394256
36700 1.932487
36800 1.8372084
36900 1.9129092
37000 1.8537246
37100 2.0143678
37200 1.7319509
37300 2.0985465
37400 2.009631
37500 2.0550938
37600 1.91949
37700 2.2190602
37800 1.8153943
37900 1.9166025
38000 2.0495605
38100 2.430879
38200 2.2311714
38300 2.0105112
38400 2.080814
38500 2.3022478
38600 2.3390658
38700 2.238858
38800 2.3613842
38900 2.2766514
39000 2.084738
39100 1.8230488
39200 2.220306
39300 2.2408664
39400 2.2106512
39500 2.1462479
39600 2.0975602
39700 1.8587621
39800 2.1264648
39900 2.11079
40000 2.086819
40100 2.309665
40200 2.047534
40300 2.0905502
40400 2.0870013
40500 1.9584701
40600 2.1728582
40700 1.8700972
40800 2.368264
40900 2.1180127
