0 3.2873223
100 2.2370954
200 1.9996557
300 1.7720225
400 1.7773286
500 1.6252284
600 1.5543749
700 1.7731769
800 1.7596968
900 1.7853056
1000 1.669074
1100 1.8281665
1200 1.7083492
1300 1.7845571
1400 1.6022525
1500 1.5392964
1600 1.6510303
1700 1.7721643
1800 1.5563812
1900 1.5373373
2000 1.558243
2100 1.6829637
2200 1.7463684
2300 1.4729929
2400 1.473554
2500 1.8090497
2600 1.6154513
2700 1.5066582
2800 1.6448807
2900 1.4844692
3000 1.6097577
3100 1.7082666
3200 1.6284348
3300 1.336957
3400 1.5613054
3500 1.6242684
3600 1.6554123
3700 1.5823928
3800 1.6690197
3900 1.7186679
4000 1.5983663
4100 1.5902762
4200 1.4569703
4300 1.3585671
4400 1.4833426
4500 1.5956509
4600 1.3572009
4700 1.4196746
4800 1.2640895
4900 1.4312336
5000 1.2802001
5100 1.5956817
5200 1.7440406
5300 1.6102363
5400 1.5182898
5500 1.3302867
5600 1.5226772
5700 1.4344289
5800 1.6052928
5900 1.5783578
6000 1.6409231
6100 1.6400169
6200 1.5808947
6300 1.5663084
6400 1.6088265
6500 1.5047212
6600 1.294392
6700 1.5482318
6800 1.5851333
6900 1.4164078
7000 1.642199
7100 1.469096
7200 1.4982678
7300 1.5584514
7400 1.6364651
7500 1.5553375
7600 1.7664045
7700 1.3564456
7800 1.3605738
7900 1.5467671
8000 1.3742721
8100 1.3994728
8200 1.4816439
8300 1.4987
8400 1.4656769
8500 1.6910096
8600 1.3967745
8700 1.5051458
8800 1.6914772
8900 1.5562642
9000 1.5017861
9100 1.5170972
9200 1.527015
9300 1.5733063
9400 1.7914422
9500 1.5212438
9600 1.4456072
9700 1.3428701
9800 1.4308836
9900 1.5933948
10000 1.5967157
10100 1.4582665
10200 1.4201534
10300 1.3777103
10400 1.5540187
10500 1.7363653
10600 1.5481071
10700 1.5685116
10800 1.3001143
10900 1.4310212
11000 1.442291
11100 1.5221345
11200 1.5906446
11300 1.6683272
11400 1.6481614
11500 1.583045
11600 1.585625
11700 1.6421727
11800 1.5880008
11900 1.601173
12000 1.4409379
12100 1.4909545
12200 1.4539188
12300 1.4342233
12400 1.6136785
12500 1.6373099
12600 1.4957236
12700 1.3594161
12800 1.5760427
12900 1.6448654
13000 1.6394097
13100 1.5849334
13200 1.337189
13300 1.6026063
13400 1.5292482
13500 1.5103718
13600 1.5216279
13700 1.5768532
13800 1.5515128
13900 1.5527794
14000 1.4255463
14100 1.5057927
14200 1.6825664
14300 1.4196517
14400 1.5229392
14500 1.6704824
14600 1.5314372
14700 1.3928193
14800 1.4388185
14900 1.5171505
15000 1.4805964
15100 1.519223
15200 1.2570262
15300 1.4376441
15400 1.5932842
15500 1.6496934
15600 1.4030054
15700 1.5072337
15800 1.7417606
15900 1.5623268
16000 1.3635466
16100 1.4379444
16200 1.4970226
16300 1.8442891
16400 1.4881234
16500 1.4134711
16600 1.3825263
16700 1.5723118
16800 1.4625167
16900 1.5983078
17000 1.4000897
17100 1.3677815
17200 1.5182699
17300 1.525192
17400 1.4808125
17500 1.2968687
17600 1.2954243
17700 1.4201066
17800 1.5245697
17900 1.5594918
18000 1.4659095
18100 1.5706642
18200 1.437067
18300 1.6163113
18400 1.5289489
18500 1.2928582
18600 1.5183784
18700 1.5750974
18800 1.3975534
18900 1.2516661
19000 1.3523964
19100 1.4304414
19200 1.3777653
19300 1.5196466
19400 1.5121702
19500 1.5544821
19600 1.4144131
19700 1.4120423
19800 1.2326723
19900 1.3236507
20000 1.5543234
20100 1.4144924
20200 1.4774585
20300 1.3469219
20400 1.3833952
20500 1.408592
20600 1.5123255
20700 1.3202635
20800 1.4083238
20900 1.5312716
21000 1.3637727
21100 1.4710624
21200 1.5330892
21300 1.4647592
21400 1.3882399
21500 1.2834085
21600 1.5194013
21700 1.2954755
21800 1.4109615
21900 1.3865632
22000 1.5229913
22100 1.4209447
22200 1.4738483
22300 1.4231547
22400 1.4955591
22500 1.3798518
22600 1.3679535
22700 1.4994282
22800 1.325907
22900 1.5014323
23000 1.7354001
23100 1.3272157
23200 1.5132744
23300 1.454397
23400 1.2644067
23500 1.277705
23600 1.5504733
23700 1.3959699
23800 1.4483808
23900 1.384892
24000 1.4768482
24100 1.4940742
24200 1.3461376
24300 1.4045992
24400 1.6155913
24500 1.2338963
24600 1.4674699
24700 1.3753266
24800 1.4222996
24900 1.5118598
25000 1.3667362
25100 1.4514728
25200 1.3018807
25300 1.3283567
25400 1.3460083
25500 1.471234
25600 1.3690848
25700 1.5796787
25800 1.4346191
25900 1.4915084
26000 1.5361814
26100 1.435872
26200 1.3952161
26300 1.4073871
26400 1.4819643
26500 1.3949337
26600 1.4584966
26700 1.4805884
26800 1.3627704
26900 1.4763056
27000 1.5051259
27100 1.3617333
27200 1.4320896
27300 1.3392893
27400 1.51156
27500 1.4105074
27600 1.6108958
27700 1.3818526
27800 1.4724567
27900 1.3571129
28000 1.384335
28100 1.4660208
28200 1.5710459
28300 1.3170538
28400 1.7525777
28500 1.4264646
28600 1.572973
28700 1.3871135
28800 1.5912701
28900 1.6944003
29000 1.3137057
29100 1.4539332
29200 1.3763233
29300 1.4409866
29400 1.3113807
29500 1.4239435
29600 1.5618478
29700 1.2563561
29800 1.3806784
29900 1.402981
30000 1.4945117
30100 1.2892606
30200 1.4811921
30300 1.3240511
30400 1.5741198
30500 1.5046709
30600 1.4167728
30700 1.5111386
30800 1.7042725
30900 1.4005469
31000 1.6424001
31100 1.3773923
31200 1.4809154
31300 1.541586
31400 1.4629517
31500 1.4239626
31600 1.4716544
31700 1.3880593
31800 1.4987689
31900 1.3714436
32000 1.5310938
32100 1.6078638
32200 1.5236269
32300 1.3157805
32400 1.4272525
32500 1.3132919
32600 1.3448421
32700 1.638081
32800 1.5116113
32900 1.4302437
33000 1.2964791
33100 1.5365416
33200 1.2923805
33300 1.4570928
33400 1.3903828
33500 1.6187301
33600 1.4729367
33700 1.4977546
33800 1.3814157
33900 1.4012346
34000 1.5023034
34100 1.3597012
34200 1.3854446
34300 1.3629216
34400 1.3462421
34500 1.3828402
34600 1.4726155
34700 1.5032638
34800 1.4714465
34900 1.3724046
35000 1.38988
35100 1.3458593
35200 1.3518401
35300 1.3465466
35400 1.4273553
35500 1.3049439
35600 1.3248405
35700 1.4094555
35800 1.3813225
35900 1.635371
36000 1.4501653
36100 1.3246071
36200 1.4358068
36300 1.405006
36400 1.5009166
36500 1.3147843
36600 1.6215663
36700 1.3394979
36800 1.2734559
36900 1.3259276
37000 1.284904
37100 1.3962533
37200 1.2004969
37300 1.4546016
37400 1.3929701
37500 1.4244825
37600 1.330489
37700 1.5381353
37800 1.2583355
37900 1.3284876
38000 1.4206471
38100 1.684957
38200 1.5465301
38300 1.3935801
38400 1.4423102
38500 1.5957966
38600 1.6213169
38700 1.5518581
38800 1.6367867
38900 1.5780545
39000 1.4450302
39100 1.2636411
39200 1.5389988
39300 1.5532503
39400 1.5323067
39500 1.4876657
39600 1.453918
39700 1.2883958
39800 1.4739531
39900 1.4630882
40000 1.4464726
40100 1.6009378
40200 1.4192424
40300 1.449059
40400 1.4465991
40500 1.3575081
40600 1.5061105
40700 1.2962526
40800 1.6415554
40900 1.4680946
