0 26.294209
100 10.642482
200 9.029722
300 8.458628
400 8.071021
500 7.3778553
600 7.184414
700 7.441712
800 7.6983767
900 7.4725223
1000 6.7467527
1100 7.6467795
1200 7.545988
1300 6.9579196
1400 7.202637
1500 7.096813
1600 7.1626425
1700 7.206141
1800 6.932931
1900 6.6073723
2000 6.6743884
2100 6.7913685
2200 6.9731283
2300 6.1912274
2400 6.457827
2500 7.3584857
2600 6.281335
2700 6.8037434
2800 6.503424
2900 6.107987
3000 6.589333
3100 6.628337
3200 6.3949385
3300 6.0206714
3400 6.718405
3500 6.810665
3600 5.9976864
3700 6.138327
3800 7.0634995
3900 6.180995
4000 6.696709
4100 6.7679467
4200 6.3769903
4300 6.1001825
4400 6.5627546
4500 6.3424196
4600 5.7000446
4700 6.089366
4800 5.9422874
4900 6.1675205
5000 6.1258984
5100 6.4009595
5200 6.687578
5300 6.4256597
5400 6.187988
5500 6.011839
5600 6.0482316
5700 6.436306
5800 5.8740454
5900 5.698931
6000 6.834415
6100 6.439097
6200 6.469331
6300 6.018952
6400 6.542609
6500 6.240638
6600 5.5968695
6700 6.754928
6800 6.5318785
6900 6.439298
7000 6.511314
7100 6.2869434
7200 6.5166707
7300 6.2817526
7400 6.378798
7500 6.0782986
7600 6.5685987
7700 6.1886654
7800 5.942193
7900 6.1056366
8000 5.873554
8100 6.142689
8200 6.154809
8300 6.2012877
8400 5.943916
8500 6.4417753
8600 6.0309157
8700 6.316127
8800 6.3505335
8900 6.194424
9000 6.3564396
9100 5.8624077
9200 6.1952996
9300 6.645602
9400 6.601934
9500 6.3009834
9600 6.0196586
9700 5.972191
9800 5.876222
9900 6.70233
10000 6.4420176
10100 6.00878
10200 6.4085355
10300 5.90845
10400 6.30655
10500 6.665176
10600 6.570458
10700 6.479952
10800 5.6799273
10900 6.581968
11000 6.2637167
11100 6.4847484
11200 6.464403
11300 6.521247
11400 6.367949
11500 6.647937
11600 6.1026134
11700 6.5479727
11800 6.4685445
11900 6.3051453
12000 6.3020773
12100 6.2729845
12200 5.749225
12300 6.1988893
12400 6.193697
12500 6.767847
12600 5.6961765
12700 5.708086
12800 5.9711685
12900 6.2872334
13000 6.7904873
13100 6.3316345
13200 5.97239
13300 6.63277
13400 6.167018
13500 6.353235
13600 6.077484
13700 6.1979713
13800 6.3203444
13900 6.0512896
14000 5.8912554
14100 5.9220657
14200 6.7391787
14300 6.3520503
14400 5.6671734
14500 6.5785775
14600 6.3305197
14700 5.8298035
14800 6.206847
14900 6.339019
15000 6.322181
15100 5.431397
15200 6.057768
15300 5.917516
15400 6.6099195
15500 6.528268
15600 6.171801
15700 6.2379875
15800 6.609068
15900 6.824524
16000 5.9625664
16100 5.955667
16200 6.172292
16300 7.4004197
16400 6.197075
16500 6.416976
16600 5.972327
16700 6.226344
16800 6.6316185
16900 7.0126677
17000 5.9673834
17100 6.282409
17200 6.0520024
17300 6.623037
17400 6.5121627
17500 5.959055
17600 5.7746553
17700 6.1444855
17800 6.3737035
17900 6.125554
18000 6.0235834
18100 6.57113
18200 6.0866976
18300 6.486633
18400 6.1463866
18500 6.0695343
18600 6.2880783
18700 6.1493645
18800 6.02466
18900 5.6449018
19000 6.1191187
19100 6.4190073
19200 6.2867136
19300 6.312874
19400 6.6889687
19500 6.4717994
19600 5.7882423
19700 6.280268
19800 5.7065225
19900 6.4440546
20000 6.8264728
20100 6.607289
20200 6.3451676
20300 6.0206623
20400 6.036475
20500 6.3053145
20600 6.235464
20700 6.199819
20800 6.059261
20900 6.4512033
21000 6.3147316
21100 5.8977294
21200 6.4300613
21300 6.264442
21400 6.3098283
21500 6.0683603
21600 6.5067334
21700 5.720364
21800 6.160037
21900 5.9334083
22000 6.5134144
22100 6.249398
22200 6.2828126
22300 6.2167487
22400 6.459067
22500 5.960951
22600 6.079857
22700 6.153057
22800 6.16435
22900 6.365958
23000 6.290726
23100 6.0346284
23200 6.6426735
23300 6.0761704
23400 5.5254807
23500 5.8987336
23600 6.3939104
23700 6.194957
23800 6.00565
23900 6.0781155
24000 6.3143716
24100 6.335976
24200 6.4135017
24300 6.5303383
24400 6.1095233
24500 6.117749
24600 6.1837754
24700 6.1668577
24800 6.187203
24900 6.37435
25000 5.8203254
25100 6.3909135
25200 5.5484767
25300 5.704422
25400 5.9031935
25500 6.3484445
25600 6.096214
25700 6.2253904
25800 6.298296
25900 6.4931226
26000 6.245202
26100 6.140896
26200 5.917186
26300 6.1060667
26400 6.2650733
26500 5.8912983
26600 6.2306986
26700 6.2749786
26800 6.3553834
26900 5.937602
27000 6.234556
27100 5.921211
27200 6.0368423
27300 6.1867514
27400 6.381356
27500 6.2027025
27600 6.6412897
27700 6.156521
27800 5.755876
27900 6.0576773
28000 6.3440933
28100 6.655241
28200 6.546151
28300 6.0877495
28400 7.1075754
28500 6.1630316
28600 6.354753
28700 6.0228167
28800 6.692411
28900 6.878174
29000 6.0893135
29100 6.351084
29200 6.477447
29300 6.255685
29400 6.069709
29500 6.2614646
29600 6.115783
29700 6.1221642
29800 6.1939044
29900 6.2658787
30000 6.73513
30100 5.9509773
30200 6.1074123
30300 6.0607557
30400 6.545379
30500 6.375124
30600 6.446546
30700 6.617063
30800 6.590916
30900 6.0322256
31000 6.2429395
31100 6.117796
31200 6.3852615
31300 6.6809516
31400 6.1367035
31500 6.2275534
31600 6.114306
31700 5.937559
31800 5.9926014
31900 6.602183
32000 6.4877048
32100 6.1242986
32200 6.1891165
32300 5.753019
32400 6.297782
32500 5.666952
32600 5.981368
32700 6.7115893
32800 6.1875286
32900 6.177865
33000 5.9194846
33100 6.6695647
33200 5.8327208
33300 5.829945
33400 6.2983713
33500 6.118171
33600 6.4146695
33700 6.681781
33800 5.958542
33900 5.831359
34000 6.007625
34100 6.146778
34200 6.026519
34300 6.1029234
34400 5.7513666
34500 6.080004
34600 6.28478
34700 6.071459
34800 6.221221
34900 6.348398
35000 5.9712086
35100 6.04243
35200 6.1201773
35300 6.0072384
35400 6.31073
35500 5.738288
35600 5.9572535
35700 5.748116
35800 6.321097
35900 5.75974
36000 5.8193784
36100 6.1532545
36200 6.0366993
36300 6.1655536
36400 6.6275663
36500 6.0566506
36600 6.713931
36700 5.8052936
36800 5.649601
36900 6.024998
37000 6.1275573
37100 6.0230126
37200 5.666234
37300 6.270127
37400 5.828294
37500 6.29857
37600 6.152624
37700 5.961919
37800 5.6790233
37900 5.973418
38000 5.975404
38100 6.23773
38200 6.157738
38300 6.03897
38400 6.1316543
38500 6.481452
38600 6.262858
38700 6.351001
38800 6.31324
38900 6.456316
39000 5.9521728
39100 5.693706
39200 6.4091196
39300 6.2357306
39400 6.168642
39500 5.9867325
39600 6.3631315
39700 5.951708
39800 6.0153
39900 6.2665544
40000 6.0179033
40100 5.8565636
40200 5.9684434
40300 6.4012065
40400 6.436065
40500 6.2397723
40600 6.4518676
40700 6.0664315
40800 6.325342
40900 6.0858417
