0 6.872496
100 0.29428095
200 0.6144793
300 0.4761695
400 0.18520339
500 0.13476819
600 0.177739
700 0.20355077
800 0.09840169
900 0.048436183
1000 0.38709748
1100 0.20724832
1200 0.5349753
1300 0.061615493
1400 0.08197119
1500 0.11083654
1600 0.2734221
1700 0.28454298
1800 0.05249112
1900 0.02695317
2000 0.027872272
2100 0.08265212
2200 0.07954685
2300 0.26999608
2400 0.014037342
2500 0.06535393
2600 0.008785147
2700 0.03259111
2800 0.13895428
2900 0.4552744
3000 0.020004077
3100 0.09213601
3200 0.03798457
3300 0.07447275
3400 0.04520227
3500 0.041370418
3600 0.012061377
3700 0.03644238
3800 0.090508774
3900 0.045805216
4000 0.061121866
4100 0.03535278
4200 0.024548799
4300 0.025065612
4400 0.04997289
4500 0.17334464
4600 0.02692009
4700 0.006125597
4800 0.012328452
4900 0.010092789
5000 0.0011095179
5100 0.03433662
5200 0.004268353
5300 0.038592976
5400 0.012720906
5500 0.019071065
5600 0.026284987
5700 0.17725888
5800 0.025402963
5900 0.02521217
6000 0.010348501
6100 0.025998658
6200 0.020278724
6300 0.03525817
6400 0.011953498
6500 0.14737672
6600 0.06705062
6700 0.0349375
6800 0.0059734774
6900 0.047277994
7000 0.0047281166
7100 0.011181933
7200 0.008602016
7300 0.011447594
7400 0.00094902905
7500 0.00021593398
7600 0.018865377
7700 0.007520969
7800 0.012673532
7900 0.001174476
8000 0.010680925
8100 0.0054017245
8200 0.0022527338
8300 0.04794437
8400 0.010396324
8500 0.0026482868
8600 0.006470106
8700 0.020465968
8800 0.0030412
8900 0.012807224
9000 0.0015360783
9100 0.0025560926
9200 0.008456004
9300 0.0029683672
9400 0.020360328
9500 0.05554541
9600 0.0019381434
9700 0.010825665
9800 0.00042931386
9900 0.0029003518
10000 0.0013770183
10100 0.005601553
10200 0.006974278
10300 0.0044338973
10400 0.0014106467
10500 0.017468851
10600 0.008434073
10700 0.0012754807
10800 0.003167769
10900 0.006127488
11000 0.0066144904
11100 0.0015161342
11200 0.00511564
11300 0.00753316
11400 0.0043266974
11500 0.003436703
11600 0.009555391
11700 0.0008250179
11800 0.0009684135
11900 0.0063758832
12000 0.0070345937
12100 0.027863076
12200 0.0048487238
12300 0.00020669108
12400 0.0011106244
12500 0.0005672187
12600 0.0024295026
12700 0.00061432837
12800 0.0030881518
12900 0.0026228318
13000 0.001474242
13100 0.003019503
13200 0.00081012066
13300 0.006253735
13400 0.011792967
13500 0.001380036
13600 0.0021863056
13700 0.0030495855
13800 0.0025011685
13900 0.00087467104
14000 0.006114694
14100 0.0010237944
14200 0.0027986865
14300 0.010849959
14400 0.0004547286
14500 0.0029956866
14600 0.006240953
14700 0.0070788544
14800 0.0024891885
14900 0.0005319487
15000 0.003391153
15100 0.0012777338
15200 0.008773552
15300 0.01271239
15400 0.0010674326
15500 0.0020144966
15600 0.0004557211
15700 0.00044331787
15800 0.0047427574
15900 0.00034218584
16000 0.00070733996
16100 0.0009752031
16200 0.003546292
16300 0.0018390538
16400 0.0018498757
16500 0.0020380756
16600 0.00075486966
16700 0.0021504774
16800 0.001750384
16900 0.0003426589
17000 0.0037035765
17100 0.011498251
17200 0.02271186
17300 0.0016388895
17400 0.0030200025
17500 0.00036849096
17600 0.0010598622
17700 0.0012034117
17800 0.004487118
17900 0.003319333
18000 0.0028083266
18100 0.003581241
18200 0.0013725617
18300 0.008790724
18400 0.00093432196
18500 0.007292839
18600 0.00078928005
