0 4.7636514
100 0.20398
200 0.4259246
300 0.33005553
400 0.1283732
500 0.09341419
600 0.123199284
700 0.14109065
800 0.068206854
900 0.033573404
1000 0.26831552
1100 0.14365359
1200 0.37081662
1300 0.042708606
1400 0.056818098
1500 0.076826036
1600 0.18952176
1700 0.19723016
1800 0.036384072
1900 0.018682513
2000 0.019319586
2100 0.057290085
2200 0.05513767
2300 0.18714702
2400 0.009729944
2500 0.04529989
2600 0.0060894
2700 0.022590436
2800 0.09631577
2900 0.31557217
3000 0.013865769
3100 0.063863814
3200 0.026328897
3300 0.051620573
3400 0.031331826
3500 0.028675789
3600 0.0083603095
3700 0.025259934
3800 0.0627359
3900 0.031749755
4000 0.04236645
4100 0.02450468
4200 0.01701593
4300 0.017374158
4400 0.03463857
4500 0.12015335
4600 0.018659584
4700 0.00424594
4800 0.008545432
4900 0.006995789
5000 0.0007690592
5100 0.02380033
5200 0.0029585967
5300 0.026750611
5400 0.00881746
5500 0.013219055
5600 0.018219365
5700 0.1228665
5800 0.017607993
5900 0.017475745
6000 0.007173034
6100 0.018020896
6200 0.014056141
6300 0.0244391
6400 0.008285534
6500 0.102153756
6600 0.04647595
6700 0.02421683
6800 0.004140499
6900 0.032770608
7000 0.0032772808
7100 0.0077507254
7200 0.005962463
7300 0.007934867
7400 0.0006578168
7500 0.00014967403
7600 0.013076483
7700 0.0052131386
7800 0.008784623
7900 0.0008140847
8000 0.0074034533
8100 0.00374419
8200 0.001561476
8300 0.033232506
8400 0.0072061825
8500 0.0018356525
8600 0.004484736
8700 0.014185928
8800 0.0021079993
8900 0.008877291
9000 0.0010647284
9100 0.0017717483
9200 0.0058612553
9300 0.0020575153
9400 0.014112704
9500 0.038501143
9600 0.0013434186
9700 0.007503779
9800 0.0002975777
9900 0.0020103706
10000 0.00095447636
10100 0.0038827006
10200 0.004834201
10300 0.0030733433
10400 0.0009777858
10500 0.012108485
10600 0.005846054
10700 0.00088409585
10800 0.00219573
10900 0.004247251
11000 0.0045848154
11100 0.0010509042
11200 0.0035458913
11300 0.0052215885
11400 0.0029990382
11500 0.002382141
11600 0.0066232923
11700 0.00057185884
11800 0.0006712531
11900 0.0044194255
12000 0.0048760087
12100 0.019313212
12200 0.0033608794
12300 0.00014326735
12400 0.0007698262
12500 0.00039316603
12600 0.0016840028
12700 0.00042581998
12800 0.0021405437
12900 0.0018180085
13000 0.0010218667
13100 0.00209296
13200 0.00056153286
13300 0.004334759
13400 0.008174262
13500 0.00095656805
13600 0.0015154316
13700 0.0021138117
13800 0.0017336779
13900 0.00060627575
14000 0.004238383
14100 0.0007096402
14200 0.0019399016
14300 0.007520619
14400 0.00031519384
14500 0.0020764517
14600 0.0043258993
14700 0.004906688
14800 0.001725374
14900 0.00036871876
15000 0.002350568
15100 0.0008856576
15200 0.0060813627
15300 0.008811558
15400 0.0007398879
15500 0.0013963426
15600 0.0003158818
15700 0.00030728453
15800 0.003287429
15900 0.00023718516
16000 0.0004902907
16100 0.0006759593
16200 0.0024581023
16300 0.001274735
16400 0.0012822361
16500 0.0014126864
16600 0.00052323577
16700 0.0014905974
16800 0.0012132737
16900 0.00023751306
17000 0.0025671236
17100 0.00796998
17200 0.015742661
17300 0.0011359917
17400 0.0020933063
17500 0.00025541848
17600 0.0007346405
17700 0.00083414145
17800 0.0031102332
17900 0.0023007863
18000 0.0019465837
18100 0.0024823272
18200 0.0009513872
18300 0.0060932655
18400 0.0006476226
18500 0.005055011
18600 0.0005470872
