0 3.3003473
100 1.6321723
200 1.3110175
300 1.5160025
400 1.4153966
500 1.2693838
600 1.2399621
700 1.289707
800 1.2455584
900 1.1072569
1000 1.247509
1100 1.3681512
1200 1.2949451
1300 1.1210488
1400 1.141092
1500 1.1673758
1600 1.2324126
1700 1.2707229
1800 1.1182015
1900 1.0749538
2000 1.0894959
2100 1.101254
2200 1.194053
2300 1.2689952
2400 1.0533385
2500 1.1071925
2600 1.0315058
2700 1.0810258
2800 1.0709219
2900 1.1636987
3000 1.059319
3100 1.0980067
3200 1.1248981
3300 1.1155142
3400 1.0923089
3500 1.1028692
3600 1.0451832
3700 1.1069747
3800 1.0876884
3900 1.0694578
4000 1.1024461
4100 1.0913681
4200 1.0746443
4300 1.0764537
4400 1.0977242
4500 1.1291344
4600 1.0758245
4700 1.0186901
4800 1.0368497
4900 1.0420222
5000 1.0060198
5100 1.0664392
5200 1.0178875
5300 1.1133218
5400 1.0489053
5500 1.0435272
5600 1.0796578
5700 1.0249248
5800 1.081687
5900 1.0755335
6000 1.025778
6100 1.0807142
6200 1.0642716
6300 1.0715169
6400 1.0359764
6500 1.0771039
6600 1.1205508
6700 1.0759408
6800 1.0222462
6900 1.1278511
7000 1.018421
7100 1.0371475
7200 1.028388
7300 1.0282986
7400 1.0043862
7500 1.001261
7600 1.0383954
7700 1.0276104
7800 1.0375953
7900 1.0057057
8000 1.0422809
8100 1.0162103
8200 1.0104374
8300 1.1049213
8400 1.029262
8500 1.0101186
8600 1.0257025
8700 1.0465832
8800 1.0128393
8900 1.028686
9000 1.0066838
9100 1.0096939
9200 1.0304556
9300 1.0109504
9400 1.0404973
9500 1.0703613
9600 1.0071359
9700 1.0375097
9800 1.002218
9900 1.0118544
10000 1.0069649
10100 1.0174316
10200 1.0256801
10300 1.0162463
10400 1.0064017
10500 1.0560298
10600 1.0252225
10700 1.0058303
10800 1.0108731
10900 1.0181768
11000 1.0189035
11100 1.007046
11200 1.0176973
11300 1.0267792
11400 1.0158448
11500 1.0138289
11600 1.0319123
11700 1.0040574
11800 1.0044086
11900 1.0208044
12000 1.0234243
12100 1.0580649
12200 1.0190613
12300 1.0013463
12400 1.0047243
12500 1.003097
12600 1.0109041
12700 1.0031561
12800 1.0131134
12900 1.0097103
13000 1.0067518
13100 1.0124922
13200 1.0043666
13300 1.0214345
13400 1.0284109
13500 1.0064538
13600 1.0102825
13700 1.0131346
13800 1.0105822
13900 1.0044725
14000 1.0211896
14100 1.0049593
14200 1.011279
14300 1.0374017
14400 1.0024194
14500 1.0111426
14600 1.019839
14700 1.0232934
14800 1.0113207
14900 1.0024412
15000 1.0149007
15100 1.0049448
15200 1.0230613
15300 1.0441492
15400 1.0053315
15500 1.0090007
15600 1.0024366
15700 1.0024257
15800 1.0178347
15900 1.001987
16000 1.003834
16100 1.0051458
16200 1.0141276
16300 1.0065811
16400 1.00892
16500 1.0076375
16600 1.0039974
16700 1.0087903
16800 1.007427
16900 1.0018935
17000 1.0154529
17100 1.0403377
17200 1.0760691
17300 1.0075964
17400 1.0124907
17500 1.0020474
17600 1.0046033
17700 1.005004
17800 1.0161135
17900 1.0114534
18000 1.0094247
18100 1.0147581
18200 1.0062071
18300 1.0240788
18400 1.0044711
18500 1.020168
18600 1.0040185
