0 0.0625
100 0.125
200 0.28125
300 0.53125
400 0.4375
500 0.28125
600 0.34375
700 0.4375
800 0.4375
900 0.46875
1000 0.46875
1100 0.59375
1200 0.5625
1300 0.28125
1400 0.3125
1500 0.53125
1600 0.40625
1700 0.46875
1800 0.4375
1900 0.375
2000 0.59375
2100 0.53125
2200 0.5
2300 0.375
2400 0.5625
2500 0.5625
2600 0.5
2700 0.4375
2800 0.3125
2900 0.40625
3000 0.46875
3100 0.53125
3200 0.4375
3300 0.5625
3400 0.40625
3500 0.75
3600 0.53125
3700 0.46875
3800 0.5625
3900 0.40625
4000 0.625
4100 0.59375
4200 0.34375
4300 0.46875
4400 0.5
4500 0.53125
4600 0.625
4700 0.625
4800 0.4375
4900 0.5
5000 0.53125
5100 0.59375
5200 0.53125
5300 0.59375
5400 0.5
5500 0.53125
5600 0.53125
5700 0.4375
5800 0.6875
5900 0.5
6000 0.65625
6100 0.46875
6200 0.65625
6300 0.65625
6400 0.5
6500 0.6875
6600 0.625
6700 0.59375
6800 0.5625
6900 0.53125
7000 0.53125
7100 0.6875
7200 0.5
7300 0.4375
7400 0.59375
7500 0.5
7600 0.59375
7700 0.59375
7800 0.375
7900 0.59375
8000 0.71875
8100 0.78125
8200 0.65625
8300 0.59375
8400 0.65625
8500 0.625
8600 0.78125
8700 0.6875
8800 0.71875
8900 0.625
9000 0.625
9100 0.59375
9200 0.65625
9300 0.71875
9400 0.78125
9500 0.625
9600 0.71875
9700 0.53125
9800 0.75
9900 0.78125
10000 0.59375
10100 0.75
10200 0.6875
10300 0.65625
10400 0.625
10500 0.5625
10600 0.5625
10700 0.6875
10800 0.6875
10900 0.75
11000 0.75
11100 0.40625
11200 0.75
11300 0.75
11400 0.75
11500 0.78125
11600 0.6875
11700 0.75
11800 0.78125
11900 0.625
12000 0.84375
12100 0.625
12200 0.6875
12300 0.65625
12400 0.71875
12500 0.8125
12600 0.8125
12700 0.59375
12800 0.84375
12900 0.65625
13000 0.8125
13100 0.78125
13200 0.75
13300 0.71875
13400 0.75
13500 0.78125
13600 0.875
13700 0.71875
13800 0.75
13900 0.71875
14000 0.75
14100 0.8125
14200 0.8125
14300 0.75
14400 0.75
14500 0.75
14600 0.8125
14700 0.78125
14800 0.8125
14900 0.78125
15000 0.875
15100 0.59375
15200 0.625
15300 0.6875
15400 0.71875
15500 0.84375
15600 0.78125
15700 0.6875
15800 0.78125
15900 0.71875
16000 0.75
16100 0.6875
16200 0.84375
16300 0.9375
16400 0.75
16500 0.8125
16600 0.71875
16700 0.84375
16800 0.78125
16900 0.75
17000 0.84375
17100 0.8125
17200 0.75
17300 0.8125
17400 0.8125
17500 0.75
17600 0.8125
17700 0.78125
17800 0.875
17900 0.6875
18000 0.65625
18100 0.8125
18200 0.84375
18300 0.90625
18400 0.78125
18500 0.84375
18600 0.6875
18700 0.78125
18800 0.78125
18900 0.78125
19000 0.9375
19100 0.6875
19200 0.65625
19300 0.84375
19400 0.75
19500 0.8125
19600 0.78125
