0 3.2876127
100 3.1842182
200 2.7364054
300 2.384999
400 2.5029495
500 2.8877318
600 2.873461
700 2.2412498
800 2.473113
900 2.2350566
1000 2.1112168
1100 1.8707465
1200 2.0554364
1300 2.8198545
1400 2.386422
1500 1.9190818
1600 1.9284433
1700 2.3431175
1800 2.395097
1900 2.4520457
2000 1.8548834
2100 1.9852692
2200 2.495247
2300 2.1587558
2400 1.9534512
2500 1.5777892
2600 2.263548
2700 2.0648155
2800 2.3739963
2900 2.1368814
3000 2.0072725
3100 2.2357934
3200 2.0696037
3300 1.7511883
3400 2.974316
3500 1.1062409
3600 1.9290233
3700 2.1136293
3800 1.7373891
3900 2.1670716
4000 1.4370472
4100 1.6164145
4200 2.4071813
4300 2.5552897
4400 1.9579251
4500 1.8767142
4600 1.5867715
4700 1.740342
4800 2.1571193
4900 1.849119
5000 2.0952346
5100 1.6668997
5200 1.7358307
5300 1.297546
5400 2.107977
5500 1.8960991
5600 2.093783
5700 1.8971974
5800 1.4141462
5900 1.6766499
6000 1.8789675
6100 1.8652754
6200 1.333953
6300 1.4599435
6400 1.686582
6500 1.220406
6600 1.8454916
6700 1.7938898
6800 2.0218728
6900 1.5692708
7000 1.6518366
7100 1.4883955
7200 1.9355409
7300 2.3809068
7400 1.8815403
7500 1.7966312
7600 1.5840393
7700 1.5440168
7800 2.1784687
7900 1.4044704
8000 1.3607714
8100 1.0764381
8200 1.2201807
8300 1.468035
8400 1.1353555
8500 1.3615535
8600 0.87467265
8700 1.2048836
8800 1.394643
8900 1.3670949
9000 1.6036656
9100 1.3715029
9200 1.3625427
9300 1.283125
9400 0.869195
9500 1.598426
9600 1.4640087
9700 1.715736
9800 1.2215879
9900 0.8786926
10000 1.1183403
10100 1.3288372
10200 1.4137242
10300 1.8441483
10400 1.4027271
10500 1.7155472
10600 1.6553451
10700 1.7625788
10800 1.0487283
10900 1.2815317
11000 1.0756215
11100 2.5229876
11200 1.5174294
11300 1.1476796
11400 1.4033278
11500 1.1288563
11600 1.2198534
11700 1.2065101
11800 1.2185136
11900 1.8426359
12000 0.5954714
12100 1.1927716
12200 1.2948966
12300 1.4380261
12400 1.177514
12500 0.9722229
12600 0.9097153
12700 1.6352162
12800 0.90808094
12900 1.7569387
13000 1.1146473
13100 1.0351903
13200 1.1673348
13300 1.286422
13400 0.91663194
13500 1.4116275
13600 0.6467982
13700 1.4070008
13800 0.950348
13900 1.059391
14000 0.90060943
14100 0.9826867
14200 0.7711319
14300 0.85914207
14400 1.1433834
14500 0.82489043
14600 0.9813122
14700 0.8945142
14800 0.8882411
14900 1.103529
15000 0.77220786
15100 1.5027318
15200 1.1704019
15300 1.2361308
15400 1.0512868
15500 0.83956015
15600 0.859769
15700 1.0307962
15800 1.012935
15900 0.92943704
16000 1.1234125
16100 1.2768723
16200 0.88284147
16300 0.5796913
16400 1.1667253
16500 1.168847
16600 1.3449917
16700 0.9872082
16800 0.9953403
16900 1.2119893
17000 0.87898284
17100 0.9084356
17200 0.9988023
17300 0.9331393
17400 0.76294446
17500 1.2478416
17600 0.8987719
17700 1.0235248
17800 0.85510564
17900 1.3374115
18000 1.5750532
18100 0.94544303
18200 0.9184021
18300 0.6550602
18400 0.9567692
18500 0.73909175
18600 1.4057065
18700 0.9140362
18800 0.9738201
18900 0.82885665
19000 0.65257597
19100 1.3761102
19200 1.2556719
19300 0.8886606
19400 1.0269549
19500 0.955667
19600 0.8373128
