0 2.2787995
100 2.2071319
200 1.8967316
300 1.6531553
400 1.7349124
500 2.0016232
600 1.9917314
700 1.5535159
800 1.7142314
900 1.5492232
1000 1.4633839
1100 1.2967026
1200 1.4247199
1300 1.9545742
1400 1.6541417
1500 1.3302062
1600 1.3366951
1700 1.6241252
1800 1.6601547
1900 1.6996285
2000 1.2857072
2100 1.3760837
2200 1.7295734
2300 1.4963355
2400 1.3540292
2500 1.0936401
2600 1.5689719
2700 1.431221
2800 1.6455288
2900 1.4811733
3000 1.3913352
3100 1.5497339
3200 1.43454
3300 1.2138312
3400 2.0616386
3500 0.76678777
3600 1.337097
3700 1.4650562
3800 1.2042663
3900 1.5020996
4000 0.9960853
4100 1.1204132
4200 1.668531
4300 1.7711918
4400 1.3571303
4500 1.3008392
4600 1.0998662
4700 1.2063131
4800 1.4952011
4900 1.2817116
5000 1.4523059
5100 1.1554068
5200 1.2031862
5300 0.89939034
5400 1.4611382
5500 1.3142757
5600 1.4512997
5700 1.315037
5800 0.98021144
5900 1.1621652
6000 1.3024011
6100 1.2929103
6200 0.9246258
6300 1.0119557
6400 1.1690495
6500 0.845921
6600 1.2791973
6700 1.2434297
6800 1.4014554
6900 1.0877357
7000 1.1449659
7100 1.0316771
7200 1.3416147
7300 1.6503189
7400 1.3041843
7500 1.2453299
7600 1.0979724
7700 1.070231
7800 1.5099995
7900 0.9735047
8000 0.9432149
8100 0.74613
8200 0.8457648
8300 1.0175643
8400 0.7869684
8500 0.943757
8600 0.60627687
8700 0.8351617
8800 0.9666928
8900 0.947598
9000 1.1115763
9100 0.9506533
9200 0.9444427
9300 0.8893945
9400 0.60248005
9500 1.1079445
9600 1.0147735
9700 1.1892576
9800 0.84674025
9900 0.6090633
10000 0.7751744
10100 0.92107975
10200 0.9799189
10300 1.2782662
10400 0.97229636
10500 1.1891267
10600 1.1473978
10700 1.2217265
10800 0.7269231
10900 0.8882901
11000 0.74556404
11100 1.7488017
11200 1.0518019
11300 0.7955109
11400 0.97271276
11500 0.78246355
11600 0.84553796
11700 0.83628905
11800 0.84460926
11900 1.2772179
12000 0.4127493
12100 0.82676625
12200 0.8975539
12300 0.9967637
12400 0.8161905
12500 0.6738936
12600 0.6305666
12700 1.1334455
12800 0.62943375
12900 1.2178171
13000 0.7726146
13100 0.7175393
13200 0.80913484
13300 0.89167976
13400 0.63536084
13500 0.9784657
13600 0.44832635
13700 0.9752586
13800 0.65873104
13900 0.7343139
14000 0.6242549
14100 0.6811465
14200 0.5345079
14300 0.5955119
14400 0.792533
14500 0.5717705
14600 0.6801938
14700 0.62003
14800 0.6156818
14900 0.764908
15000 0.5352537
15100 1.0416143
15200 0.8112608
15300 0.8568206
15400 0.7286965
15500 0.58193874
15600 0.59594643
15700 0.71449345
15800 0.70211303
15900 0.6442367
16000 0.7786902
16100 0.8850604
16200 0.6119391
16300 0.4018114
16400 0.8087123
16500 0.810183
16600 0.9322772
16700 0.6842806
16800 0.6899173
16900 0.840087
17000 0.6092645
17100 0.62967956
17200 0.692317
17300 0.6468029
17400 0.5288328
17500 0.8649379
17600 0.6229812
17700 0.7094533
17800 0.5927141
17900 0.92702305
18000 1.0917437
18100 0.6553312
18200 0.6365878
18300 0.4540531
18400 0.6631819
18500 0.51229936
18600 0.97436154
18700 0.6335616
18800 0.67500067
18900 0.57451963
19000 0.4523312
19100 0.95384693
19200 0.8703654
19300 0.6159726
19400 0.71183085
19500 0.6624179
19600 0.58038104
