0 9.733637
100 7.057258
200 6.7022157
300 5.569047
400 5.6086383
500 5.965275
600 4.8920155
700 5.4745917
800 5.458723
900 4.7832365
1000 5.220843
1100 4.9100523
1200 4.842036
1300 5.199999
1400 5.372285
1500 4.1731706
1600 4.818958
1700 4.157044
1800 4.7524633
1900 4.975576
2000 4.1086106
2100 3.9582484
2200 4.1094656
2300 4.9255314
2400 4.379702
2500 3.7293224
2600 4.4247637
2700 4.6078453
2800 4.9321737
2900 3.9899814
3000 4.3791676
3100 4.300207
3200 4.3758492
3300 3.6272426
3400 4.236622
3500 3.4576154
3600 3.7019465
3700 3.5982413
3800 3.5022507
3900 3.5801396
4000 3.7887778
4100 4.10251
4200 4.1335917
4300 4.164945
4400 3.785158
4500 3.656934
4600 3.9651592
4700 3.9417138
4800 4.0206585
4900 3.9943297
5000 3.6101599
5100 3.8992527
5200 3.4398959
5300 3.5324473
5400 3.7352695
5500 4.614073
5600 3.8260317
5700 3.8188124
5800 3.5925622
5900 3.7011695
6000 3.9644706
6100 3.7366362
6200 3.4983983
6300 3.586782
6400 3.3148484
6500 3.2763655
6600 4.085908
6700 3.5193076
6800 3.964725
6900 3.3243568
7000 3.7444873
7100 3.3804755
7200 3.9774413
7300 3.2446294
7400 3.3280416
7500 3.4513412
7600 3.4774237
7700 3.3919058
7800 3.7892008
7900 4.0307455
8000 3.2578022
8100 3.1570663
8200 3.064872
8300 3.4832013
8400 3.373737
8500 3.6091805
8600 2.8143334
8700 3.6098113
8800 3.547542
8900 3.4994488
9000 3.4179773
9100 3.8858383
9200 3.4830418
9300 3.2474258
9400 2.757119
9500 3.5385075
9600 3.4767125
9700 3.4847355
9800 2.9783902
9900 2.7008693
10000 3.2480898
10100 3.5077376
10200 3.1684952
10300 3.2296538
10400 3.42841
10500 3.7072828
10600 3.3060627
10700 2.8839507
10800 2.796351
10900 3.2971964
11000 2.9000683
11100 3.461516
11200 2.7308939
11300 3.504026
11400 3.2014694
11500 3.4284263
11600 3.2558134
11700 2.658838
11800 3.0983472
11900 3.7833214
12000 2.3719993
12100 2.9030805
12200 3.084421
12300 3.0305843
12400 3.4856515
12500 3.3217752
12600 3.1101208
12700 3.5556402
12800 2.848061
12900 3.0841818
13000 3.1741142
13100 2.9440312
13200 3.560216
13300 3.4503255
13400 2.9881845
13500 3.2397275
13600 2.746955
13700 2.968041
13800 2.8521574
13900 3.2257671
14000 2.8741899
14100 2.9663358
14200 3.0645328
14300 2.6679885
14400 2.8778353
14500 2.8257205
14600 3.062448
14700 2.9141035
14800 3.1626744
14900 3.074058
15000 2.2452643
15100 3.368596
15200 2.9958353
15300 3.3370352
15400 2.9487271
15500 2.514355
15600 2.7639713
15700 2.4964137
15800 2.7311325
15900 2.5896854
16000 2.9427073
16100 3.1123354
16200 3.1039793
16300 2.3508935
16400 3.188014
16500 2.9767554
16600 3.5857313
16700 2.8860605
16800 3.3509808
16900 3.3725715
17000 2.9696615
17100 2.9849625
17200 2.866097
17300 3.1380534
17400 2.6741543
17500 3.170133
17600 2.9883168
17700 2.7574792
17800 2.6455305
17900 3.678897
18000 3.4158242
18100 2.3395026
18200 2.8599992
18300 2.7707062
18400 2.820557
18500 2.5790834
18600 3.17352
18700 2.9748998
18800 2.8585527
18900 2.9707022
19000 2.778646
19100 3.3480859
19200 3.1112075
19300 3.0793438
19400 2.8104417
19500 3.0279574
19600 2.9394586
