0 0.0375
100 0.15625
200 0.3625
300 0.48125002
400 0.484375
500 0.515625
600 0.521875
700 0.471875
800 0.44062504
900 0.48750004
1000 0.521875
1100 0.45937502
1200 0.478125
1300 0.49687505
1400 0.51875
1500 0.53125
1600 0.48437506
1700 0.446875
1800 0.490625
1900 0.51250005
2000 0.51250005
2100 0.53125
2200 0.48124996
2300 0.55
2400 0.5375
2500 0.4625
2600 0.52500004
2700 0.490625
2800 0.56874996
2900 0.515625
3000 0.49999997
3100 0.52500004
3200 0.496875
3300 0.578125
3400 0.53125
3500 0.5
3600 0.53125
3700 0.50937504
3800 0.5
3900 0.478125
4000 0.553125
4100 0.50624996
4200 0.521875
4300 0.56875
4400 0.56249994
4500 0.51875
4600 0.54999995
4700 0.5375
4800 0.58125
4900 0.52500004
5000 0.64375
5100 0.509375
5200 0.484375
5300 0.50625
5400 0.559375
5500 0.621875
5600 0.55
5700 0.559375
5800 0.53125
5900 0.50625
6000 0.50625
6100 0.525
6200 0.52500004
6300 0.55
6400 0.48749998
6500 0.559375
6600 0.578125
6700 0.5375
6800 0.4875
6900 0.596875
7000 0.503125
7100 0.553125
7200 0.55
7300 0.578125
7400 0.50625
7500 0.525
7600 0.49375
7700 0.56875
7800 0.559375
7900 0.52187496
8000 0.571875
8100 0.55937505
8200 0.58124995
8300 0.59375
8400 0.58125
8500 0.52812505
8600 0.575
8700 0.565625
8800 0.49375004
8900 0.50625
9000 0.578125
9100 0.565625
9200 0.559375
9300 0.54687506
9400 0.51875
9500 0.5625
9600 0.59375006
9700 0.59687495
9800 0.57187504
9900 0.546875
10000 0.515625
10100 0.553125
10200 0.60625005
10300 0.59375
10400 0.51875
10500 0.56875
10600 0.553125
10700 0.5
10800 0.621875
10900 0.58125
11000 0.58125
11100 0.55625
11200 0.521875
11300 0.50625
11400 0.515625
11500 0.52500004
11600 0.5625
11700 0.509375
11800 0.51875
11900 0.5625
12000 0.55625004
12100 0.52812505
12200 0.54375005
12300 0.57187504
12400 0.54687494
12500 0.475
12600 0.55
12700 0.54375
12800 0.52500004
12900 0.50625
13000 0.49062496
13100 0.51875
13200 0.6
13300 0.528125
13400 0.52812505
13500 0.534375
13600 0.546875
13700 0.528125
13800 0.521875
13900 0.540625
14000 0.565625
14100 0.5375
14200 0.496875
14300 0.578125
14400 0.55625004
14500 0.5
14600 0.55
14700 0.56250006
14800 0.559375
14900 0.55625
15000 0.54062504
15100 0.58125
15200 0.609375
15300 0.559375
15400 0.52500004
15500 0.52500004
15600 0.58437496
15700 0.55937505
15800 0.475
15900 0.5375
16000 0.58437496
16100 0.546875
16200 0.55
16300 0.45000002
16400 0.55
16500 0.55937505
16600 0.57812506
16700 0.5375
16800 0.5375
16900 0.503125
17000 0.56875
17100 0.6
17200 0.546875
17300 0.565625
17400 0.51875
17500 0.584375
17600 0.62812495
17700 0.584375
17800 0.55625004
17900 0.50624996
18000 0.575
18100 0.51250005
18200 0.55625
18300 0.49687502
18400 0.53749996
18500 0.62499994
18600 0.53437495
18700 0.53125
18800 0.59375
18900 0.61875
19000 0.6
19100 0.521875
19200 0.5843751
19300 0.54375005
19400 0.54062504
19500 0.55625
19600 0.56874996
19700 0.559375
19800 0.61875
19900 0.6062499
20000 0.5125
20100 0.6
20200 0.509375
20300 0.59062505
20400 0.5625
20500 0.56562495
20600 0.540625
20700 0.5656251
20800 0.55
20900 0.525
21000 0.603125
21100 0.57187504
21200 0.534375
21300 0.553125
21400 0.58437496
21500 0.596875
21600 0.515625
21700 0.603125
21800 0.5562501
21900 0.559375
22000 0.55
22100 0.54375
22200 0.55625004
22300 0.55937505
22400 0.53125
22500 0.571875
22600 0.60625
22700 0.52812505
22800 0.6125
22900 0.521875
23000 0.46562502
23100 0.584375
23200 0.534375
23300 0.54375005
23400 0.596875
23500 0.6
23600 0.5375
23700 0.55625004
23800 0.55312496
23900 0.56250006
24000 0.515625
24100 0.5843751
24200 0.578125
24300 0.578125
24400 0.515625
24500 0.621875
24600 0.55
24700 0.559375
24800 0.51874995
24900 0.51874995
25000 0.56874996
25100 0.53437495
25200 0.6
25300 0.59999996
25400 0.59375006
25500 0.565625
25600 0.59062505
25700 0.525
25800 0.546875
25900 0.52500004
26000 0.534375
26100 0.584375
26200 0.559375
26300 0.57500005
26400 0.534375
26500 0.5656251
26600 0.55937505
26700 0.54062504
26800 0.596875
26900 0.559375
27000 0.55312496
27100 0.615625
27200 0.58124995
27300 0.609375
27400 0.546875
27500 0.575
27600 0.56874996
27700 0.5968751
27800 0.578125
27900 0.58750004
28000 0.603125
28100 0.52812505
28200 0.50312495
28300 0.55625004
28400 0.48125002
28500 0.546875
28600 0.515625
28700 0.578125
28800 0.55625004
28900 0.484375
29000 0.54375
29100 0.55
29200 0.5875
29300 0.534375
29400 0.578125
29500 0.55625004
29600 0.51875
29700 0.60625005
29800 0.596875
29900 0.590625
30000 0.534375
30100 0.58125
30200 0.553125
30300 0.559375
30400 0.49687502
30500 0.534375
30600 0.540625
30700 0.50937504
30800 0.50625
30900 0.565625
31000 0.503125
31100 0.58125
31200 0.55312496
31300 0.540625
31400 0.57187504
31500 0.578125
31600 0.565625
31700 0.6
31800 0.50937504
31900 0.55
32000 0.54062504
32100 0.521875
32200 0.51875
32300 0.609375
32400 0.575
32500 0.59687495
32600 0.565625
32700 0.50625
32800 0.540625
32900 0.590625
33000 0.575
33100 0.5
33200 0.60937494
33300 0.546875
33400 0.56875
33500 0.528125
33600 0.534375
33700 0.54375005
33800 0.553125
33900 0.55
34000 0.55312496
34100 0.571875
34200 0.59687495
34300 0.565625
34400 0.559375
34500 0.56875
34600 0.515625
34700 0.565625
34800 0.55625
34900 0.58437496
35000 0.571875
35100 0.6125
35200 0.6
35300 0.5875
35400 0.58125
35500 0.6
35600 0.58750004
35700 0.56249994
35800 0.58437496
35900 0.53125
36000 0.53125
36100 0.6
36200 0.56875
36300 0.56875
36400 0.521875
36500 0.63125
36600 0.50625
36700 0.603125
36800 0.59375006
36900 0.58750004
37000 0.61875
37100 0.57500005
37200 0.65000004
37300 0.56250006
37400 0.56562495
37500 0.57500005
37600 0.578125
37700 0.534375
37800 0.615625
37900 0.578125
38000 0.55625004
38100 0.503125
38200 0.546875
38300 0.565625
38400 0.59375
38500 0.528125
38600 0.534375
38700 0.559375
38800 0.50937504
38900 0.54062504
39000 0.53125
39100 0.596875
39200 0.51875
39300 0.49062505
39400 0.54687506
39500 0.559375
39600 0.55937505
39700 0.61875004
39800 0.528125
39900 0.559375
40000 0.55312496
40100 0.509375
40200 0.553125
40300 0.546875
40400 0.5625
40500 0.575
40600 0.571875
40700 0.5875
40800 0.49375
40900 0.553125
41000 0.52812505
41100 0.5875
41200 0.590625
41300 0.534375
41400 0.59375
41500 0.53125
41600 0.496875
41700 0.51250005
41800 0.546875
41900 0.546875
42000 0.54375005
42100 0.5625
42200 0.57187504
42300 0.553125
42400 0.56875
42500 0.54375005
42600 0.559375
