0 4.7547936
100 4.158647
200 3.1075113
300 2.4963372
400 2.531086
500 2.3141208
600 2.2341924
700 2.4643424
800 2.4506152
900 2.4995117
1000 2.2767289
1100 2.54358
1200 2.4279597
1300 2.547361
1400 2.3600008
1500 2.2443316
1600 2.340544
1700 2.5548923
1800 2.279003
1900 2.2514617
2000 2.2526348
2100 2.3631015
2200 2.3537142
2300 2.013407
2400 2.1627164
2500 2.5021951
2600 2.3083556
2700 2.2849853
2800 2.2164059
2900 2.174641
3000 2.3426578
3100 2.3788946
3200 2.4022
3300 1.941324
3400 2.283831
3500 2.3876216
3600 2.3686721
3700 2.2167704
3800 2.3283408
3900 2.4481995
4000 2.1668043
4100 2.29891
4200 2.1457205
4300 1.925812
4400 2.1544492
4500 2.262159
4600 1.9864969
4700 2.1091294
4800 1.9694941
4900 2.1333694
5000 1.8103737
5100 2.230726
5200 2.3978004
5300 2.4207222
5400 2.1210623
5500 1.8507204
5600 2.1777532
5700 2.019457
5800 2.1740966
5900 2.174157
6000 2.3116348
6100 2.2327228
6200 2.1832824
6300 2.216226
6400 2.3255153
6500 2.1477768
6600 1.828109
6700 2.1743848
6800 2.3190713
6900 2.0184958
7000 2.273337
7100 2.112018
7200 2.1047196
7300 2.1875532
7400 2.403177
7500 2.180671
7600 2.4573956
7700 1.9540493
7800 1.9729583
7900 2.1280031
8000 1.9872738
8100 2.0712943
8200 2.0815415
8300 2.1572225
8400 1.9541345
8500 2.347786
8600 2.029644
8700 2.130155
8800 2.4824364
8900 2.3014174
9000 2.1109157
9100 2.190716
9200 2.166463
9300 2.2171855
9400 2.4932797
9500 2.0999894
9600 2.092188
9700 1.8951862
9800 2.0353456
9900 2.2642062
10000 2.1986532
10100 2.1473858
10200 1.859158
10300 1.8704836
10400 2.1422846
10500 2.3568156
10600 2.1316378
10700 2.254923
10800 1.8566755
10900 2.054993
11000 1.9349039
11100 2.2114074
11200 2.158141
11300 2.4145975
11400 2.3669448
11500 2.245597
11600 2.1804802
11700 2.2818813
11800 2.3234923
11900 2.1015968
12000 2.0576203
12100 2.0932918
12200 2.0940866
12300 2.0759282
12400 2.2744272
12500 2.3533876
12600 2.148574
12700 1.9594555
12800 2.1650543
12900 2.4130068
13000 2.4682403
13100 2.31995
13200 1.8901858
13300 2.3857505
13400 2.233775
13500 2.175252
13600 2.1248927
13700 2.2282078
13800 2.178445
13900 2.17044
14000 2.0234406
14100 2.1044312
14200 2.36584
14300 2.0079172
14400 2.2063208
14500 2.4297242
14600 2.1920989
14700 2.1012886
14800 1.9913863
14900 2.1191514
15000 2.0778167
15100 2.0981119
15200 1.8284028
15300 2.0131774
15400 2.1809545
15500 2.3398538
15600 2.1118488
15700 2.0861557
15800 2.5739892
15900 2.2298954
16000 1.9316164
16100 2.1188715
16200 2.1606116
16300 2.685966
16400 2.1911166
16500 2.0888925
16600 1.9957426
16700 2.3014762
16800 2.1472733
16900 2.2502353
17000 1.9750674
17100 2.0395396
17200 2.1531408
17300 2.1088805
17400 2.102672
17500 1.8535719
17600 1.8068672
17700 2.0134358
17800 2.1887124
17900 2.2658284
18000 2.126001
18100 2.350295
18200 2.1034448
18300 2.3399022
18400 2.1489854
18500 1.8751447
18600 2.1482356
18700 2.2334206
18800 1.9905419
18900 1.8430418
19000 1.956918
19100 2.1082199
19200 2.0399983
19300 2.228128
19400 2.1774447
19500 2.2500029
19600 2.0336313
19700 2.0753443
19800 1.8153462
19900 1.895715
20000 2.2517025
20100 2.0655746
20200 2.1510744
20300 1.916986
20400 2.0110757
20500 2.01674
20600 2.1721692
20700 1.9107727
20800 2.0526612
20900 2.174941
21000 1.9279575
21100 2.0970342
21200 2.1483738
21300 2.1308506
21400 2.0061812
21500 1.8595067
21600 2.2302113
21700 1.8706063
21800 2.0308132
21900 1.9285648
22000 2.2682707
22100 2.0785904
22200 2.0893033
22300 2.1004913
22400 2.198484
22500 1.9471031
22600 1.8848644
22700 2.1569664
22800 1.8770056
22900 2.2424717
23000 2.4677007
23100 1.9319516
23200 2.1330543
23300 2.1280847
23400 1.8621683
23500 1.8718989
23600 2.2504046
23700 2.0318863
23800 2.0485091
23900 1.9484636
24000 2.2011166
24100 2.04113
24200 1.9160908
24300 2.0140939
24400 2.3312593
24500 1.7484778
24600 2.0367944
24700 2.0020006
24800 2.05161
24900 2.1648924
25000 1.9719629
25100 2.1730714
25200 1.9270945
25300 1.8727597
25400 1.9270723
25500 2.1603231
25600 2.0492988
25700 2.2444727
25800 2.0607626
25900 2.1776998
26000 2.2248073
26100 2.0239954
26200 2.0359523
26300 2.0232108
26400 2.1185348
26500 2.0145767
26600 2.1715384
26700 2.1618428
26800 1.9472761
26900 2.165296
27000 2.065509
27100 1.9382596
27200 2.072203
27300 1.9460981
27400 2.2379422
27500 2.0351927
27600 2.2067327
27700 1.9656725
27800 2.0515342
27900 1.9984473
28000 1.9497893
28100 2.1305153
28200 2.3928628
28300 1.9329383
28400 2.5077314
28500 2.0882227
28600 2.2163007
28700 1.9496454
28800 2.272787
28900 2.4611468
29000 2.02668
29100 2.1252828
29200 2.0041764
29300 2.0860722
29400 1.8698176
29500 2.1216018
29600 2.2575285
29700 1.8182439
29800 2.0543602
29900 1.9875827
30000 2.1618564
30100 1.8634022
30200 2.1343274
30300 1.8960416
30400 2.3707585
30500 2.1371434
30600 2.1019514
30700 2.2864258
30800 2.5119658
30900 1.9642384
31000 2.3692224
31100 2.0000117
31200 2.1523006
31300 2.2010014
31400 2.0459175
31500 2.0827749
31600 2.1669343
31700 1.9721034
31800 2.154659
31900 2.0268846
32000 2.219241
32100 2.303656
32200 2.2173476
32300 1.8742441
32400 2.000091
32500 1.9116858
32600 1.9240183
32700 2.3141787
32800 2.1602836
32900 2.1332552
33000 1.8574649
33100 2.1682837
33200 1.9175488
33300 2.0804062
33400 2.01094
33500 2.3014336
33600 2.1221707
33700 2.2397473
33800 1.9999195
33900 2.038383
34000 2.1186426
34100 2.0056958
34200 1.9250388
34300 2.0205681
34400 1.9540377
34500 2.0682762
34600 2.1989384
34700 2.0981517
34800 2.0172858
34900 2.090948
35000 2.0093358
35100 1.884561
35200 1.9628806
35300 1.9216132
35400 2.056599
35500 1.8171221
35600 1.8587718
35700 2.021167
35800 2.0121295
35900 2.1882474
36000 2.065121
36100 1.8782265
36200 2.0745506
36300 2.044921
36400 2.1781332
36500 1.8744143
36600 2.350778
36700 1.8733504
36800 1.806701
36900 1.8786236
37000 1.8104016
37100 2.0254118
37200 1.7010121
37300 2.0195675
37400 2.0389712
37500 2.0234075
37600 1.948312
37700 2.157393
37800 1.8390579
37900 1.9024513
38000 2.1130533
38100 2.3976579
38200 2.169133
38300 1.9967405
38400 2.0470617
38500 2.2412186
38600 2.2948475
38700 2.1856434
38800 2.2914183
38900 2.3069904
39000 2.098512
39100 1.8298864
39200 2.2280447
39300 2.2524447
39400 2.1496465
39500 2.172708
39600 2.1250374
39700 1.8579891
39800 2.1662998
39900 2.1593344
40000 2.0576103
40100 2.3299763
40200 2.1416976
40300 2.162036
40400 2.1047719
40500 1.8974725
40600 2.1406286
40700 1.9141617
40800 2.2785301
40900 2.1315536
41000 2.1034513
41100 1.9694611
41200 1.9847132
41300 2.2230055
41400 1.9279981
41500 2.2453103
41600 2.1748588
41700 2.3000937
41800 2.1623528
41900 2.1321044
42000 2.089951
42100 2.0615234
42200 1.9990509
42300 2.137689
42400 1.9500266
42500 2.2204087
42600 1.8232875
