0 3.2957718
100 2.8825545
200 2.1539626
300 1.730329
400 1.7544152
500 1.6040263
600 1.5486242
700 1.7081519
800 1.698637
900 1.7325295
1000 1.5781082
1100 1.7630754
1200 1.6829333
1300 1.765696
1400 1.635828
1500 1.5556521
1600 1.6223414
1700 1.7709163
1800 1.5796845
1900 1.5605943
2000 1.5614074
2100 1.6379771
2200 1.6314704
2300 1.3955873
2400 1.4990808
2500 1.7343894
2600 1.6000302
2700 1.5838311
2800 1.5362955
2900 1.5073463
3000 1.6238067
3100 1.648924
3200 1.6650782
3300 1.3456233
3400 1.5830309
3500 1.6549731
3600 1.6418384
3700 1.5365481
3800 1.6138828
3900 1.6969626
4000 1.5019144
4100 1.5934829
4200 1.4873002
4300 1.3348712
4400 1.4933504
4500 1.5680093
4600 1.3769348
4700 1.4619372
4800 1.3651493
4900 1.478739
5000 1.2548554
5100 1.5462214
5200 1.6620286
5300 1.6779169
5400 1.4702084
5500 1.2828217
5600 1.5095035
5700 1.399781
5800 1.5069689
5900 1.5070107
6000 1.6023031
6100 1.5476055
6200 1.5133361
6300 1.536171
6400 1.6119244
6500 1.4887255
6600 1.2671486
6700 1.5071688
6800 1.6074578
6900 1.3991146
7000 1.575757
7100 1.4639394
7200 1.4588804
7300 1.5162963
7400 1.6657554
7500 1.511526
7600 1.7033368
7700 1.3544438
7800 1.3675505
7900 1.4750193
8000 1.3774732
8100 1.4357117
8200 1.4428146
8300 1.4952726
8400 1.3545028
8500 1.6273612
8600 1.406842
8700 1.476511
8800 1.7206938
8900 1.5952209
9000 1.4631753
9100 1.5184886
9200 1.5016776
9300 1.5368359
9400 1.7282097
9500 1.4556018
9600 1.4501941
9700 1.313643
9800 1.410794
9900 1.5694282
10000 1.5239903
10100 1.4884545
10200 1.2886702
10300 1.2965205
10400 1.4849185
10500 1.63362
10600 1.4775387
10700 1.5629936
10800 1.2869494
10900 1.4244125
11000 1.3411732
11100 1.5328308
11200 1.4959092
11300 1.6736715
11400 1.6406411
11500 1.5565292
11600 1.5113937
11700 1.5816796
11800 1.6105222
11900 1.456716
12000 1.4262338
12100 1.4509592
12200 1.4515102
12300 1.4389237
12400 1.5765128
12500 1.631244
12600 1.4892781
12700 1.358191
12800 1.5007013
12900 1.6725688
13000 1.7108538
13100 1.6080668
13200 1.310177
13300 1.6536763
13400 1.5483348
13500 1.5077697
13600 1.4728634
13700 1.5444759
13800 1.5099831
13900 1.5044343
14000 1.4025421
14100 1.4586805
14200 1.6398753
14300 1.3917822
14400 1.529305
14500 1.6841565
14600 1.5194471
14700 1.4565022
14800 1.3803238
14900 1.4688838
15000 1.4402328
15100 1.4543004
15200 1.2673522
15300 1.3954282
15400 1.5117224
15500 1.621863
15600 1.4638221
15700 1.446013
15800 1.7841533
15900 1.5456457
16000 1.3388945
16100 1.4686898
16200 1.4976219
16300 1.8617698
16400 1.5187663
16500 1.44791
16600 1.3833433
16700 1.5952618
16800 1.4883764
16900 1.5597442
17000 1.3690124
17100 1.413701
17200 1.4924434
17300 1.4617646
17400 1.4574612
17500 1.2847981
17600 1.252425
17700 1.3956074
17800 1.5170997
17900 1.5705526
18000 1.4736315
18100 1.6291003
18200 1.4579968
18300 1.6218966
18400 1.4895632
18500 1.2997513
18600 1.4890435
18700 1.5480893
18800 1.3797386
18900 1.2774992
19000 1.3564322
19100 1.4613067
19200 1.4140191
19300 1.5444206
19400 1.5092896
19500 1.5595832
19600 1.4096057
19700 1.438519
19800 1.2583021
19900 1.3140095
20000 1.5607612
20100 1.4317473
20200 1.4910111
20300 1.3287535
20400 1.3939714
20500 1.3978977
20600 1.505633
20700 1.3244467
20800 1.4227962
20900 1.5075543
21000 1.3363583
21100 1.4535533
21200 1.4891393
21300 1.4769931
21400 1.3905789
21500 1.2889118
21600 1.5458646
21700 1.2966055
21800 1.4076525
21900 1.3367792
22000 1.5722455
22100 1.4407691
22200 1.4481947
22300 1.4559497
22400 1.523873
22500 1.349629
22600 1.3064885
22700 1.4950953
22800 1.3010411
22900 1.5543629
23000 1.7104797
23100 1.3391268
23200 1.4785205
23300 1.4750758
23400 1.2907567
23500 1.2975014
23600 1.5598617
23700 1.4083962
23800 1.4199183
23900 1.350572
24000 1.5256977
24100 1.4148036
24200 1.328133
24300 1.3960636
24400 1.6159058
24500 1.2119524
24600 1.4117982
24700 1.387681
24800 1.4220678
24900 1.5005891
25000 1.3668605
25100 1.5062582
25200 1.3357601
25300 1.2980981
25400 1.3357447
25500 1.4974219
25600 1.4204656
25700 1.5557499
25800 1.4284118
25900 1.5094664
26000 1.5421189
26100 1.4029267
26200 1.4112146
26300 1.4023829
26400 1.4684565
26500 1.3963981
26600 1.5051956
26700 1.4984753
26800 1.349749
26900 1.5008689
27000 1.4317018
27100 1.3434992
27200 1.4363416
27300 1.3489324
27400 1.5512234
27500 1.4106882
27600 1.5295906
27700 1.3625003
27800 1.4220151
27900 1.3852181
28000 1.351491
28100 1.4767607
28200 1.658606
28300 1.3398107
28400 1.738227
28500 1.4474456
28600 1.5362226
28700 1.3513912
28800 1.575376
28900 1.705937
29000 1.4047875
29100 1.4731338
29200 1.3891892
29300 1.445955
29400 1.2960588
29500 1.4705822
29600 1.5647995
29700 1.2603106
29800 1.4239739
29900 1.3776873
30000 1.4984846
30100 1.291612
30200 1.479403
30300 1.3142359
30400 1.6432846
30500 1.4813548
30600 1.4569616
30700 1.5848296
30800 1.741162
30900 1.3615063
31000 1.6422199
31100 1.3863025
31200 1.4918611
31300 1.525618
31400 1.4181219
31500 1.4436696
31600 1.5020044
31700 1.3669579
31800 1.4934958
31900 1.4049293
32000 1.5382606
32100 1.5967727
32200 1.5369482
32300 1.299127
32400 1.3863575
32500 1.3250797
32600 1.3336278
32700 1.6040664
32800 1.4973944
32900 1.4786599
33000 1.2874966
33100 1.5029398
33200 1.3291435
33300 1.4420277
33400 1.3938774
33500 1.5952321
33600 1.4709767
33700 1.5524745
33800 1.3862386
33900 1.4128994
34000 1.4685311
34100 1.3902425
34200 1.3343352
34300 1.4005511
34400 1.3544357
34500 1.4336199
34600 1.5241879
34700 1.454328
34800 1.398276
34900 1.4493349
35000 1.3927654
35100 1.3062781
35200 1.3605652
35300 1.3319608
35400 1.4255257
35500 1.259533
35600 1.2884024
35700 1.4009663
35800 1.394702
35900 1.5167775
36000 1.4314327
36100 1.3018874
36200 1.437969
36300 1.4174312
36400 1.5097669
36500 1.299245
36600 1.6294353
36700 1.2985076
36800 1.2523097
36900 1.3021626
37000 1.2548747
37100 1.4039085
37200 1.1790518
37300 1.3998575
37400 1.4133071
37500 1.4025191
37600 1.350467
37700 1.4953909
37800 1.2747378
37900 1.3186787
38000 1.464657
38100 1.6619297
38200 1.5035284
38300 1.384035
38400 1.418915
38500 1.5534943
38600 1.590667
38700 1.5149726
38800 1.5882901
38900 1.5990839
39000 1.4545777
39100 1.2683806
39200 1.544363
39300 1.5612757
39400 1.4900215
39500 1.5060065
39600 1.4729637
39700 1.2878599
39800 1.5015646
39900 1.4967366
40000 1.4262267
40100 1.6150166
40200 1.4845117
40300 1.4986092
40400 1.4589167
40500 1.3152277
40600 1.4837706
40700 1.3267958
40800 1.5793568
40900 1.4774804
41000 1.4580014
41100 1.3651264
41200 1.3756983
41300 1.5408701
41400 1.3363864
41500 1.5563306
41600 1.5074973
41700 1.5943034
41800 1.4988288
41900 1.4778621
42000 1.4486437
42100 1.4289391
42200 1.3856364
42300 1.4817332
42400 1.3516555
42500 1.53907
42600 1.2638066
