0 26.998615
100 18.587914
200 10.130844
300 8.452935
400 7.931135
500 7.2201047
600 7.160674
700 7.582207
800 7.3985486
900 7.5741553
1000 6.6696944
1100 7.181153
1200 7.6887426
1300 6.892842
1400 7.055091
1500 6.783941
1600 7.0160093
1700 7.1421375
1800 6.9087853
1900 6.6181746
2000 6.8665686
2100 7.0384293
2200 6.7534366
2300 6.33681
2400 6.699588
2500 7.245264
2600 6.3650084
2700 6.7858744
2800 6.6600876
2900 6.445469
3000 6.6303463
3100 6.528507
3200 6.1804795
3300 6.199144
3400 6.734932
3500 6.756273
3600 6.23051
3700 6.3994427
3800 6.71146
3900 6.4739876
4000 6.660216
4100 6.851538
4200 6.50115
4300 6.2529984
4400 6.5380626
4500 6.672968
4600 5.655015
4700 6.104366
4800 6.4441814
4900 6.434612
5000 6.1687694
5100 6.7787952
5200 6.689709
5300 6.475663
5400 6.331126
5500 5.974925
5600 6.175057
5700 6.4979124
5800 6.2796583
5900 6.131379
6000 6.8239875
6100 6.5375967
6200 6.4208384
6300 6.019107
6400 6.4755073
6500 6.273007
6600 5.95569
6700 6.6715493
6800 6.553997
6900 6.383173
7000 6.5590825
7100 6.293586
7200 6.428322
7300 6.221129
7400 6.2899103
7500 6.206055
7600 6.6741123
7700 6.2658787
7800 6.251477
7900 6.0999565
8000 6.003638
8100 6.1291337
8200 6.2134495
8300 6.2933903
8400 5.8274508
8500 6.5561056
8600 6.2610073
8700 6.262695
8800 6.540566
8900 6.431887
9000 6.485657
9100 5.9152966
9200 6.219199
9300 6.641518
9400 6.4103003
9500 6.183438
9600 6.1330013
9700 6.1049433
9800 5.9099245
9900 6.531755
10000 6.4282026
10100 6.1682177
10200 6.243735
10300 5.7178726
10400 6.365934
10500 6.645403
10600 6.5354457
10700 6.449786
10800 5.7555456
10900 6.609002
11000 6.0025535
11100 6.540228
11200 6.404037
11300 6.4982185
11400 6.289171
11500 6.561254
11600 6.0798903
11700 6.5536823
11800 6.4113207
11900 5.936964
12000 6.2497907
12100 6.261378
12200 5.7651997
12300 6.347829
12400 6.0641184
12500 6.635891
12600 6.1153803
12700 5.6565
12800 6.19936
12900 6.338046
13000 6.783517
13100 6.392979
13200 6.0053825
13300 6.602555
13400 6.321212
13500 6.5416355
13600 6.1641603
13700 6.2728267
13800 6.3825006
13900 6.0974116
14000 6.0106363
14100 6.095971
14200 6.863697
14300 6.460971
14400 5.551188
14500 6.6455317
14600 6.260981
14700 6.104069
14800 6.259526
14900 6.4938297
15000 6.3706822
15100 5.5876174
15200 5.9675245
15300 5.883189
15400 6.715315
15500 6.505927
15600 6.1995335
15700 6.248973
15800 6.8550863
15900 6.6373897
16000 6.007297
16100 6.033505
16200 6.314126
16300 7.434726
16400 6.1415806
16500 6.6399426
16600 5.9838414
16700 6.265518
16800 6.6634407
16900 6.9496574
17000 5.9984326
17100 6.3124304
17200 6.120193
17300 6.646738
17400 6.4694743
17500 5.938218
17600 5.713263
17700 6.327539
17800 6.3747683
17900 6.135666
18000 5.935579
18100 6.628894
18200 6.1612186
18300 6.6997476
18400 6.185195
18500 6.022008
18600 6.197483
18700 6.214269
18800 6.2119207
18900 5.7622538
19000 6.125457
19100 6.3872833
19200 6.479543
19300 6.4804425
19400 6.660404
19500 6.6531606
19600 5.792918
19700 6.3900657
19800 5.908608
19900 6.607159
20000 6.7806234
20100 6.596049
20200 6.327118
20300 5.990302
20400 6.1005645
20500 6.350013
20600 6.480604
20700 6.2523108
20800 6.1704454
20900 6.5727854
21000 6.245722
21100 6.0629916
21200 6.427534
21300 6.3100386
21400 6.2237144
21500 6.0902467
21600 6.630483
21700 5.800322
21800 6.2366066
21900 5.919442
22000 6.5412927
22100 6.262231
22200 6.374899
22300 6.2167873
22400 6.500934
22500 6.146041
22600 6.1188946
22700 6.3170943
22800 6.1825733
22900 6.3915586
23000 6.4696817
23100 6.19539
23200 6.5570335
23300 6.1446524
23400 5.6992865
23500 6.016425
23600 6.424226
23700 6.2715855
23800 5.969783
23900 6.161411
24000 6.484497
24100 6.3160453
24200 6.3023014
24300 6.5480723
24400 6.1591606
24500 5.96677
24600 6.191322
24700 6.04581
24800 6.335451
24900 6.54641
25000 5.839291
25100 6.3818045
25200 5.84308
25300 5.818799
25400 5.791603
25500 6.3837605
25600 6.106889
25700 6.381774
25800 6.314931
25900 6.6134605
26000 6.2805676
26100 6.214013
26200 5.8996983
26300 6.0018806
26400 6.2639236
26500 6.089218
26600 6.1698265
26700 6.291916
26800 6.2899456
26900 5.9821033
27000 6.272959
27100 5.972618
27200 6.108739
27300 6.358919
27400 6.6112533
27500 6.2598643
27600 6.6400843
27700 6.174695
27800 5.8654356
27900 6.1927147
28000 6.354869
28100 6.541113
28200 6.623171
28300 6.047685
28400 7.2225075
28500 6.3379946
28600 6.2872486
28700 6.0183244
28800 6.755596
28900 6.8832464
29000 6.1632276
29100 6.309351
29200 6.5978684
29300 6.283594
29400 6.2480106
29500 6.357642
29600 5.99305
29700 6.1236753
29800 6.3453164
29900 6.2971954
30000 6.6141806
30100 5.9375157
30200 6.250623
30300 6.0167413
30400 6.412336
30500 6.384043
30600 6.61653
30700 6.655958
30800 6.553632
30900 6.1423125
31000 6.3469396
31100 6.055002
31200 6.3640027
31300 6.75971
31400 6.268442
31500 6.22031
31600 6.1278715
31700 5.873724
31800 5.995717
31900 6.6838617
32000 6.473138
32100 6.0920267
32200 6.2713895
32300 5.868223
32400 6.329448
32500 5.679917
32600 6.124186
32700 6.6864266
32800 6.4638157
32900 6.139802
33000 5.97973
33100 6.693814
33200 5.8927436
33300 5.907951
33400 6.25334
33500 6.2553453
33600 6.4309807
33700 6.765371
33800 5.8919854
33900 5.91397
34000 6.10355
34100 6.1036925
34200 5.978916
34300 6.1338153
34400 5.7493443
34500 6.0021825
34600 6.3764277
34700 6.2285213
34800 6.4281306
34900 6.293391
35000 6.0130854
35100 5.8975983
35200 6.1940455
35300 6.017954
35400 6.264786
35500 5.801651
35600 6.053816
35700 5.6344166
35800 6.386262
35900 5.7967815
36000 6.00823
36100 6.152993
36200 6.191496
36300 6.0439205
36400 6.7381477
36500 6.143398
36600 6.754018
36700 5.8038597
36800 5.676558
36900 6.1079674
37000 6.0905304
37100 6.143058
37200 5.696407
37300 6.3018994
37400 5.984129
37500 6.3548574
37600 6.2346344
37700 6.0983877
37800 5.7073593
37900 6.060823
38000 6.1044283
38100 6.184343
38200 6.2468038
38300 6.082787
38400 6.061083
38500 6.529207
38600 6.2727013
38700 6.412072
38800 6.273551
38900 6.4523106
39000 6.058274
39100 5.6696415
39200 6.3797493
39300 6.308914
39400 6.1275177
39500 5.928318
39600 6.335025
39700 5.858168
39800 6.037763
39900 6.4027414
40000 5.9241047
40100 6.0336847
40200 6.111451
40300 6.3379674
40400 6.4061174
40500 6.105133
40600 6.373677
40700 6.122064
40800 6.435198
40900 6.1842046
41000 6.2544723
41100 5.936881
41200 6.086023
41300 6.104909
41400 6.234255
41500 6.7211275
41600 6.4531364
41700 6.5816183
41800 6.365107
41900 6.3101983
42000 6.374715
42100 5.752589
42200 5.901605
42300 6.120035
42400 6.228617
42500 6.6366816
42600 5.751811
