0 0.0625
100 0.34375
200 0.46875
300 0.25
400 0.1875
500 0.1875
600 0.34375
700 0.28125
800 0.34375
900 0.3125
1000 0.5625
1100 0.375
1200 0.375
1300 0.4375
1400 0.34375
1500 0.28125
1600 0.34375
1700 0.21875
1800 0.3125
1900 0.46875
2000 0.5
2100 0.34375
2200 0.28125
2300 0.46875
2400 0.34375
2500 0.4375
2600 0.71875
2700 0.375
2800 0.4375
2900 0.375
3000 0.46875
3100 0.46875
3200 0.40625
3300 0.34375
3400 0.5
3500 0.5625
3600 0.5
3700 0.4375
3800 0.5
3900 0.375
4000 0.65625
4100 0.53125
4200 0.65625
4300 0.40625
4400 0.4375
4500 0.65625
4600 0.5625
4700 0.5
4800 0.375
4900 0.53125
5000 0.59375
5100 0.4375
5200 0.46875
5300 0.46875
5400 0.625
5500 0.625
5600 0.53125
5700 0.59375
5800 0.53125
5900 0.34375
6000 0.375
6100 0.71875
6200 0.5
6300 0.40625
6400 0.5
6500 0.65625
6600 0.625
6700 0.46875
6800 0.6875
6900 0.75
7000 0.5
7100 0.5625
7200 0.53125
7300 0.625
7400 0.59375
7500 0.5625
7600 0.5
7700 0.375
7800 0.71875
7900 0.625
8000 0.65625
8100 0.8125
8200 0.46875
8300 0.53125
8400 0.71875
8500 0.59375
8600 0.53125
8700 0.65625
8800 0.71875
8900 0.625
9000 0.78125
9100 0.5625
9200 0.59375
9300 0.53125
9400 0.71875
9500 0.65625
9600 0.53125
9700 0.625
9800 0.59375
9900 0.84375
10000 0.75
10100 0.625
10200 0.8125
10300 0.625
10400 0.5
10500 0.71875
10600 0.71875
10700 0.78125
10800 0.84375
10900 0.6875
11000 0.625
11100 0.46875
11200 0.65625
11300 0.59375
11400 0.59375
11500 0.6875
11600 0.71875
11700 0.65625
11800 0.71875
11900 0.5625
12000 0.46875
12100 0.71875
12200 0.65625
12300 0.65625
12400 0.75
12500 0.6875
12600 0.65625
12700 0.6875
12800 0.5625
12900 0.78125
13000 0.71875
13100 0.71875
13200 0.78125
13300 0.78125
13400 0.6875
13500 0.71875
13600 0.71875
13700 0.6875
13800 0.75
13900 0.8125
14000 0.5625
14100 0.6875
14200 0.78125
14300 0.875
14400 0.8125
14500 0.5625
14600 0.84375
14700 0.78125
14800 0.84375
14900 0.6875
15000 0.75
15100 0.84375
15200 0.8125
15300 0.71875
15400 0.78125
15500 0.78125
15600 0.78125
15700 0.78125
15800 0.8125
15900 0.8125
16000 0.90625
16100 0.6875
16200 0.78125
16300 0.875
16400 0.71875
16500 0.71875
16600 0.71875
16700 0.78125
16800 0.9375
16900 0.84375
17000 0.8125
17100 0.78125
17200 0.90625
17300 0.84375
17400 0.75
17500 0.78125
17600 0.75
17700 0.78125
17800 0.78125
17900 0.71875
18000 0.78125
18100 0.875
18200 0.90625
18300 0.78125
18400 0.75
18500 0.6875
18600 0.875
18700 0.84375
18800 0.875
18900 0.78125
19000 0.78125
19100 0.84375
19200 0.65625
19300 0.78125
19400 0.8125
19500 0.9375
19600 0.8125
19700 0.84375
19800 0.84375
19900 0.8125
20000 0.9375
20100 0.84375
20200 0.875
20300 0.8125
20400 0.875
20500 0.84375
20600 0.84375
20700 0.8125
20800 0.84375
20900 0.8125
21000 0.875
21100 0.8125
21200 0.84375
21300 0.875
21400 0.78125
21500 0.90625
21600 0.8125
21700 0.90625
