0 3.3524623
100 2.6625757
200 2.77257
300 3.3969975
400 3.8229246
500 3.7041106
600 3.6100383
700 3.7728019
800 2.823508
900 3.2144723
1000 2.941655
1100 2.849493
1200 3.552196
1300 1.9677688
1400 4.232155
1500 3.2853675
1600 3.8461468
1700 3.6622138
1800 2.6738873
1900 2.3803208
2000 2.7440362
2100 2.734057
2200 4.2090716
2300 2.938634
2400 3.841145
2500 2.3234653
2600 1.2884393
2700 2.4811037
2800 2.4716797
2900 2.6869144
3000 2.1470497
3100 2.1573958
3200 1.8185239
3300 2.4753067
3400 1.8517221
3500 2.1284738
3600 2.36967
3700 1.8143313
3800 1.7196518
3900 2.7921774
4000 1.9207453
4100 2.0123017
4200 1.9958256
4300 2.518284
4400 2.1449044
4500 1.7327132
4600 2.0718064
4700 2.1817122
4800 2.8126516
4900 1.9834849
5000 2.5641203
5100 2.1696837
5200 1.9090735
5300 2.223409
5400 1.7212001
5500 1.6234808
5600 1.9876038
5700 1.4797862
5800 2.3915653
5900 2.5554914
6000 2.525991
6100 1.110072
6200 1.9852622
6300 2.1036239
6400 1.9591393
6500 1.5541797
6600 1.6319721
6700 1.7475374
6800 1.2055877
6900 1.2033869
7000 2.0516188
7100 1.549446
7200 2.26034
7300 1.7708002
7400 1.7547859
7500 1.6939245
7600 1.7308427
7700 1.879107
7800 1.4965218
7900 1.4601492
8000 1.587425
8100 1.0540113
8200 1.9032404
8300 1.5891716
8400 1.398244
8500 1.812042
8600 2.2130783
8700 1.4965256
8800 1.2679428
8900 1.704124
9000 1.0788995
9100 1.5542722
9200 1.7582756
9300 1.4808295
9400 1.1474677
9500 1.4966528
9600 1.6523371
9700 1.2138914
9800 1.4065185
9900 1.0707544
10000 1.1992091
10100 1.5728182
10200 1.0234755
10300 1.5612925
10400 1.8521558
10500 1.544009
10600 1.2750684
10700 0.9335082
10800 0.79166853
10900 1.0485381
11000 1.4082733
11100 1.7061741
11200 1.3966243
11300 1.3479344
11400 1.403043
11500 1.2606789
11600 1.1317354
11700 1.3850007
11800 1.2221693
11900 1.7210954
12000 1.8634675
12100 1.3030273
12200 1.4174412
12300 1.3190285
12400 1.158235
12500 1.3162584
12600 1.2576768
12700 1.1925774
12800 1.5144347
12900 0.94366795
13000 1.1161644
13100 1.0599385
13200 0.8759641
13300 1.095543
13400 1.0564803
13500 1.0574931
13600 0.96127415
13700 1.4054489
13800 0.8382355
13900 1.1040652
14000 1.6556016
14100 1.1773341
14200 0.9038501
14300 0.6499083
14400 1.0138066
14500 1.3873153
14600 1.2714871
14700 1.1675017
14800 0.791637
14900 1.1640874
15000 1.1204197
15100 0.6916548
15200 1.122299
15300 1.1085359
15400 1.0870813
15500 1.1365321
15600 0.79099655
15700 0.9541114
15800 0.9175579
15900 1.3159934
16000 0.53776294
16100 1.1619593
16200 0.8753112
16300 0.9236207
16400 1.1707908
16500 1.3386078
16600 1.2327659
16700 0.91067016
16800 0.8766111
16900 1.0907918
17000 0.8112265
17100 0.9588243
17200 0.70997006
17300 0.6798273
17400 1.057481
17500 0.847208
17600 1.0052191
17700 1.051638
17800 0.921005
17900 1.1535372
18000 1.1013522
18100 0.4992473
18200 0.8673916
18300 0.7866865
18400 1.1343241
18500 1.0306152
18600 0.6833244
18700 0.72707427
18800 0.67018706
18900 0.83808506
19000 0.7342218
19100 0.6094908
19200 1.011754
19300 0.8882794
19400 0.9296916
19500 0.5568109
19600 0.70542794
19700 0.8733134
19800 0.8278099
19900 0.7951802
20000 0.59402454
20100 0.66639066
20200 0.7195249
20300 0.90385216
20400 0.71346503
20500 0.6657997
20600 0.753785
20700 0.84375787
20800 0.9267024
20900 0.88544995
21000 0.7276472
21100 0.9541683
21200 0.8073841
21300 0.71057683
21400 0.7215429
21500 0.5743962
21600 0.9375502
21700 0.55006987
