0 2.3237498
100 1.8455569
200 1.921799
300 2.3546193
400 2.6498494
500 2.567494
600 2.5022879
700 2.615107
800 1.9571066
900 2.2281024
1000 2.0389998
1100 1.975118
1200 2.4621947
1300 1.3639534
1400 2.9335063
1500 2.2772431
1600 2.6659458
1700 2.538453
1800 1.8533974
1900 1.6499126
2000 1.9020209
2100 1.8951039
2200 2.9175062
2300 2.0369058
2400 2.662479
2500 1.6105034
2600 0.8930781
2700 1.71977
2800 1.7132378
2900 1.8624271
3000 1.4882214
3100 1.4953929
3200 1.2605047
3300 1.7157519
3400 1.2835159
3500 1.4753456
3600 1.64253
3700 1.2575986
3800 1.1919718
3900 1.9353899
4000 1.3313591
4100 1.3948212
4200 1.3834009
4300 1.7455416
4400 1.4867344
4500 1.2010252
4600 1.4360669
4700 1.5122476
4800 1.9495816
4900 1.3748469
5000 1.7773128
5100 1.5039101
5200 1.3232689
5300 1.5411496
5400 1.193045
5500 1.1253111
5600 1.377702
5700 1.0257096
5800 1.6577067
5900 1.7713317
6000 1.7508836
6100 0.7694433
6200 1.3760788
6300 1.458121
6400 1.3579719
6500 1.0772753
6600 1.1311969
6700 1.2113006
6800 0.8356498
6900 0.8341242
7000 1.4220737
7100 1.0739942
7200 1.5667483
7300 1.2274252
7400 1.2163249
7500 1.174139
7600 1.1997287
7700 1.3024977
7800 1.0373099
7900 1.0120983
8000 1.1003191
8100 0.730585
8200 1.3192258
8300 1.1015298
8400 0.9691889
8500 1.2560118
8600 1.533989
8700 1.0373125
8800 0.87887096
8900 1.1812087
9000 0.7478362
9100 1.0773394
9200 1.2187438
9300 1.0264328
9400 0.795364
9500 1.0374007
9600 1.1453128
9700 0.8414054
9800 0.9749243
9900 0.7421904
10000 0.83122844
10100 1.0901945
10200 0.7094192
10300 1.0822055
10400 1.2838166
10500 1.0702255
10600 0.88381004
10700 0.6470586
10800 0.54874283
10900 0.72679126
11000 0.9761407
11100 1.1826298
11200 0.9680662
11300 0.9343169
11400 0.97251534
11500 0.87383604
11600 0.78445923
11700 0.96000934
11800 0.84714323
11900 1.1929724
12000 1.2916572
12100 0.90318966
12200 0.98249537
12300 0.9142809
12400 0.8028273
12500 0.9123608
12600 0.8717551
12700 0.82663167
12800 1.0497261
12900 0.6541008
13000 0.7736662
13100 0.7346934
13200 0.6071721
13300 0.7593726
13400 0.73229635
13500 0.7329984
13600 0.66630447
13700 0.97418296
13800 0.5810206
13900 0.76527965
14000 1.1475756
14100 0.8160658
14200 0.62650114
14300 0.45048213
14400 0.7027172
14500 0.96161366
14600 0.88132775
14700 0.8092505
14800 0.54872096
14900 0.80688393
15000 0.7766158
15100 0.47941858
15200 0.77791834
15300 0.7683785
15400 0.7535073
15500 0.787784
15600 0.548277
15700 0.66133964
15800 0.63600266
15900 0.91217715
16000 0.37274885
16100 0.80540884
16200 0.6067195
16300 0.6402051
16400 0.81153035
16500 0.9278522
16600 0.85448825
16700 0.63122845
16800 0.60762054
16900 0.75607926
17000 0.5622994
17100 0.66460633
17200 0.49211374
17300 0.47122037
17400 0.73299
17500 0.58723986
17600 0.6967648
17700 0.7289399
17800 0.63839203
17900 0.79957104
18000 0.7633992
18100 0.34605187
18200 0.60123
18300 0.5452895
18400 0.7862536
18500 0.71436805
18600 0.47364438
18700 0.5039695
18800 0.46453828
18900 0.5809163
19000 0.50892377
19100 0.42246684
19200 0.7012944
19300 0.61570835
19400 0.6444131
19500 0.38595194
19600 0.4889654
19700 0.60533476
19800 0.57379407
19900 0.5511769
20000 0.41174644
20100 0.4619068
20200 0.49873668
20300 0.6265026
20400 0.49453628
20500 0.4614972
20600 0.52248394
20700 0.5848484
20800 0.64234114
20900 0.6137471
21000 0.5043666
21100 0.6613791
21200 0.559636
21300 0.49253434
21400 0.5001354
21500 0.3981411
21600 0.64986026
21700 0.38127938
