0 9.684891
100 3.7400823
200 3.6024184
300 4.2326794
400 4.354849
500 4.2923574
600 3.5101247
700 3.8438742
800 3.5059996
900 3.5726304
1000 3.1975112
1100 3.1586244
1200 2.9687223
1300 3.089865
1400 3.1985755
1500 3.8036633
1600 2.8801095
1700 3.278892
1800 3.980348
1900 3.256593
2000 3.0960774
2100 3.4693372
2200 2.5892594
2300 3.4401517
2400 2.8138094
2500 3.3903985
2600 3.930894
2700 3.8827233
2800 3.6885226
2900 3.5270674
3000 3.9140456
3100 3.6383667
3200 3.6140647
3300 3.4980292
3400 3.0993826
3500 3.2235177
3600 3.7615793
3700 3.0382395
3800 3.9894462
3900 3.334397
4000 3.354535
4100 3.4656374
4200 3.5148468
4300 3.5093417
4400 3.4395347
4500 2.911245
4600 3.2508821
4700 3.5157392
4800 3.3736782
4900 3.983975
5000 3.3855472
5100 3.640464
5200 3.0743444
5300 3.5262752
5400 3.370442
5500 3.3579865
5600 3.7697256
5700 3.4077907
5800 4.026375
5900 3.268609
6000 4.3424883
6100 3.0023456
6200 3.2867026
6300 3.6202416
6400 3.0434136
6500 3.561755
6600 3.513228
6700 3.2135406
6800 3.3037288
6900 3.0961452
7000 3.1287906
7100 3.158277
7200 3.4885073
7300 3.5082011
7400 3.2066412
7500 3.5569596
7600 3.867105
7700 3.2862492
7800 2.9551077
7900 2.9784493
8000 3.5349658
8100 2.6637359
8200 3.1790235
8300 3.369509
8400 3.1392374
8500 3.249771
8600 3.8143263
8700 3.250169
8800 3.1190352
8900 3.262651
9000 3.1338005
9100 3.2676554
9200 3.4835353
9300 3.194982
9400 2.8549376
9500 3.5409803
9600 3.0194945
9700 3.1138551
9800 3.00807
9900 3.0286105
10000 2.5547192
10100 3.161966
10200 3.0723798
10300 3.321892
10400 3.8686712
10500 3.5047145
10600 3.047147
10700 2.6766083
10800 2.7286434
10900 3.4221134
11000 3.507664
11100 3.537934
11200 2.971962
11300 3.0047343
11400 2.9005456
11500 2.4881182
11600 2.7526183
11700 2.7212324
11800 2.8900652
11900 3.197503
12000 3.3845706
12100 3.1741652
12200 2.9401507
12300 2.5125875
12400 2.9073663
12500 3.3363717
12600 2.8710527
12700 3.041267
12800 3.5156467
12900 3.270226
13000 2.6870108
13100 2.6808283
13200 2.7010033
13300 3.1087937
13400 2.781099
13500 2.959177
13600 2.6707652
13700 3.1946554
13800 2.5966501
13900 2.903025
14000 3.3539817
14100 2.7633839
14200 2.7042363
14300 2.2614658
14400 2.8306546
14500 3.0880718
14600 2.4882417
14700 3.0265226
14800 2.6689932
14900 2.9400496
15000 2.9071262
15100 2.2538896
15200 2.324027
15300 2.5546527
15400 2.5966477
15500 2.8296297
15600 2.6105773
15700 2.2492425
15800 2.4135718
15900 2.7811625
16000 2.266807
16100 3.0922241
16200 2.399474
16300 2.8039837
16400 2.7864091
16500 2.6798587
16600 3.089447
16700 2.6922727
16800 2.659563
16900 3.0155902
17000 2.4052413
17100 2.5594664
17200 2.5921988
17300 2.3601942
17400 2.7976031
17500 2.334508
17600 2.812395
17700 2.7844853
17800 2.5307658
17900 2.5772598
18000 2.5218825
18100 1.9949155
18200 2.9659443
18300 2.2875624
18400 2.4635415
18500 2.9378824
18600 2.48552
18700 2.207821
18800 2.6483984
18900 2.768911
19000 2.7013376
19100 2.146326
19200 2.9956026
19300 2.6981215
19400 2.7588909
19500 2.4022985
19600 2.5688677
19700 3.009858
19800 2.555568
19900 2.548493
20000 2.6087294
20100 2.4203348
20200 2.5485315
20300 2.8922596
20400 2.681714
20500 2.188143
20600 2.5660777
20700 2.7111154
20800 2.4613314
20900 2.6866071
21000 2.6082263
21100 2.4508014
21200 2.3122115
21300 2.7799327
21400 2.3732555
21500 1.9335345
21600 2.8469162
21700 2.2542815
