0 0.043750003
100 0.396875
200 0.459375
300 0.48437503
400 0.484375
500 0.53125006
600 0.54062504
700 0.490625
800 0.46250004
900 0.49062502
1000 0.48125
1100 0.453125
1200 0.49375
1300 0.5
1400 0.521875
1500 0.540625
1600 0.5
1700 0.4625
1800 0.496875
1900 0.53437495
2000 0.553125
2100 0.50937504
2200 0.49999997
2300 0.57187504
2400 0.53749996
2500 0.45312503
2600 0.50625
2700 0.509375
2800 0.53125
2900 0.546875
3000 0.49062502
3100 0.471875
3200 0.51250005
3300 0.56562495
3400 0.51875
3500 0.521875
3600 0.52500004
3700 0.515625
3800 0.48125
3900 0.48125005
4000 0.50937504
4100 0.5375
4200 0.55625
4300 0.57187504
4400 0.5625
4500 0.528125
4600 0.603125
4700 0.584375
4800 0.621875
4900 0.584375
5000 0.671875
5100 0.52812505
5200 0.50625
5300 0.521875
5400 0.5625
5500 0.63750005
5600 0.54375
5700 0.55312496
5800 0.49375
5900 0.5375
6000 0.49687505
6100 0.525
6200 0.51875
6300 0.578125
6400 0.55625
6500 0.571875
6600 0.6125
6700 0.51875
6800 0.47500002
6900 0.603125
7000 0.49687505
7100 0.54375
7200 0.575
7300 0.54999995
7400 0.55
7500 0.52500004
7600 0.503125
7700 0.56562495
7800 0.56249994
7900 0.53125006
8000 0.55937505
8100 0.5875
8200 0.575
8300 0.60312504
8400 0.55625004
8500 0.50937504
8600 0.59375
8700 0.546875
8800 0.5125
8900 0.53125
9000 0.57500005
9100 0.55
9200 0.5656251
9300 0.559375
9400 0.496875
9500 0.559375
9600 0.60937506
9700 0.59687495
9800 0.575
9900 0.55625
10000 0.509375
10100 0.575
10200 0.59375
10300 0.575
10400 0.53125
10500 0.5375
10600 0.525
10700 0.525
10800 0.646875
10900 0.60625005
11000 0.5875
11100 0.58125
11200 0.52500004
11300 0.525
11400 0.55
11500 0.51875
11600 0.575
11700 0.5375
11800 0.53749996
11900 0.55
12000 0.52187496
12100 0.5125
12200 0.553125
12300 0.5875
12400 0.546875
12500 0.49375
12600 0.546875
12700 0.565625
12800 0.553125
12900 0.53125
13000 0.509375
13100 0.57187504
13200 0.578125
13300 0.503125
13400 0.54687506
13500 0.5375
13600 0.55
13700 0.553125
13800 0.50937504
13900 0.51874995
14000 0.565625
14100 0.534375
14200 0.51874995
14300 0.590625
14400 0.53125006
14500 0.49687502
14600 0.565625
14700 0.578125
14800 0.584375
14900 0.534375
15000 0.515625
15100 0.565625
15200 0.625
15300 0.57500005
15400 0.52500004
15500 0.51874995
15600 0.571875
15700 0.55312496
15800 0.503125
15900 0.51875
16000 0.590625
16100 0.575
16200 0.53125
16300 0.49062502
16400 0.55
16500 0.5625
16600 0.584375
16700 0.52812505
16800 0.54375005
16900 0.50625
17000 0.55312496
17100 0.59375
17200 0.52812505
17300 0.53749996
17400 0.5375
17500 0.57500005
17600 0.61875004
17700 0.55625
17800 0.55
17900 0.5
18000 0.57187504
18100 0.5125
18200 0.57187504
18300 0.5125
18400 0.534375
18500 0.603125
18600 0.534375
18700 0.5125
18800 0.575
18900 0.6125
19000 0.559375
19100 0.503125
19200 0.59062505
19300 0.55
19400 0.50625
19500 0.521875
19600 0.571875
19700 0.56874996
19800 0.628125
19900 0.61875004
20000 0.50625
20100 0.57500005
20200 0.50937504
20300 0.55937505
20400 0.5625
20500 0.540625
20600 0.5125
20700 0.575
20800 0.559375
20900 0.515625
21000 0.590625
21100 0.5625
21200 0.53749996
21300 0.54375005
21400 0.55625
21500 0.59062505
21600 0.51250005
21700 0.596875
21800 0.59062505
21900 0.61249995
22000 0.5125
22100 0.54375005
22200 0.55625
22300 0.54375
22400 0.54062504
22500 0.57812506
22600 0.5968751
22700 0.540625
22800 0.5625
22900 0.521875
23000 0.471875
23100 0.575
23200 0.54375005
23300 0.5625
23400 0.63125
23500 0.58125
23600 0.525
23700 0.565625
23800 0.546875
23900 0.55625004
24000 0.53125
24100 0.57187504
24200 0.56562495
24300 0.571875
24400 0.515625
24500 0.6125001
24600 0.54999995
24700 0.55625004
24800 0.515625
24900 0.51875
25000 0.553125
25100 0.51250005
25200 0.57187504
25300 0.58125
25400 0.590625
25500 0.546875
25600 0.5875
25700 0.521875
25800 0.54375
25900 0.54062504
26000 0.5375
26100 0.584375
26200 0.54687506
26300 0.578125
26400 0.540625
26500 0.55625004
26600 0.55937505
26700 0.534375
26800 0.578125
26900 0.534375
27000 0.546875
27100 0.61875
27200 0.58125
27300 0.60625
27400 0.55
27500 0.571875
27600 0.54375
27700 0.56875
27800 0.578125
27900 0.57187504
28000 0.6
28100 0.54375005
28200 0.49687502
28300 0.553125
28400 0.465625
28500 0.534375
28600 0.521875
28700 0.5375
28800 0.546875
28900 0.459375
29000 0.546875
29100 0.54375
29200 0.58125
29300 0.54062504
29400 0.571875
29500 0.559375
29600 0.50625
29700 0.621875
29800 0.578125
29900 0.55625
30000 0.53749996
30100 0.584375
30200 0.528125
30300 0.55625004
30400 0.49375004
30500 0.521875
30600 0.54375
30700 0.51875
30800 0.50625
30900 0.55
31000 0.5
