0 4.761555
100 3.0347595
200 2.7240002
300 2.4151437
400 2.4356923
500 2.2589774
600 2.160733
700 2.4394045
800 2.4504251
900 2.4440136
1000 2.3199987
1100 2.5569222
1200 2.4386876
1300 2.525208
1400 2.2736306
1500 2.2166061
1600 2.2467704
1700 2.5772884
1800 2.2877626
1900 2.2112875
2000 2.2290125
2100 2.3115396
2200 2.4440215
2300 2.0210342
2400 2.103961
2500 2.4580734
2600 2.3138113
2700 2.2393613
2800 2.2928898
2900 2.0756042
3000 2.3880298
3100 2.4214187
3200 2.2367651
3300 1.926443
3400 2.259377
3500 2.2471244
3600 2.3503318
3700 2.304585
3800 2.291835
3900 2.448139
4000 2.2195566
4100 2.2174726
4200 2.0282779
4300 1.882387
4400 2.0578
4500 2.2265794
4600 1.7913404
4700 1.9868729
4800 1.7825142
4900 1.9625628
5000 1.7927848
5100 2.1382601
5200 2.4742243
5300 2.3338065
5400 2.0649054
5500 1.8013281
5600 2.1978421
5700 2.0263684
5800 2.2192948
5900 2.179022
6000 2.2985356
6100 2.286993
6200 2.1861033
6300 2.151273
6400 2.1575966
6500 2.084707
6600 1.8012469
6700 2.1346219
6800 2.32149
6900 1.915719
7000 2.2486358
7100 2.0836425
7200 2.056899
7300 2.2244768
7400 2.2943745
7500 2.1375136
7600 2.4950418
7700 1.9197593
7800 1.94484
7900 2.1560097
8000 2.0318336
8100 1.986402
8200 2.0744438
8300 1.9935725
8400 2.0115287
8500 2.3312447
8600 1.9765203
8700 2.0764613
8800 2.3690739
8900 2.1815898
9000 2.0720572
9100 2.1715152
9200 2.1962483
9300 2.190514
9400 2.4435165
9500 2.0731273
9600 1.9517634
9700 1.8995802
9800 1.9640739
9900 2.2504716
10000 2.270164
10100 2.0732589
10200 1.8231033
10300 1.8590655
10400 2.13671
10500 2.4169621
10600 2.166002
10700 2.2136798
10800 1.8591543
10900 2.020216
11000 2.0129354
11100 2.1486156
11200 2.1160307
11300 2.341205
11400 2.21562
11500 2.2257302
11600 2.1306968
11700 2.2253354
11800 2.2541726
11900 2.1136577
12000 2.0618749
12100 2.0622394
12200 2.068214
12300 2.0338893
12400 2.2308784
12500 2.3178225
12600 2.1465728
12700 1.9051349
12800 2.2175388
12900 2.398907
13000 2.4260254
13100 2.2372231
13200 1.9342119
13300 2.244906
13400 2.2581542
13500 2.1489656
13600 2.1073244
13700 2.2130773
13800 2.2348068
13900 2.170226
14000 2.0093768
14100 2.0981798
14200 2.3552225
14300 1.999132
14400 2.1858385
14500 2.416378
14600 2.137673
14700 2.072176
14800 2.0346835
14900 2.2166462
15000 2.1260571
15100 2.0187423
15200 1.7577076
15300 2.0557077
15400 2.205668
15500 2.270584
15600 2.118473
15700 2.1239755
15800 2.5264614
15900 2.2816825
16000 1.9858853
16100 2.09056
16200 2.235105
16300 2.672659
16400 2.2271762
16500 2.1396613
16600 2.0035918
16700 2.3866603
16800 2.1468933
16900 2.294163
17000 2.0372982
17100 2.0418355
17200 2.12945
17300 2.1267278
17400 2.1012955
17500 1.8815132
17600 1.8476434
17700 2.0634365
17800 2.1503396
17900 2.334522
18000 2.197813
18100 2.358864
18200 1.9873841
18300 2.4287145
18400 2.262762
18500 1.9588205
18600 2.201552
18700 2.2313108
18800 2.0402827
18900 1.8604741
19000 1.950494
19100 2.1725202
19200 2.050178
19300 2.206724
19400 2.1991293
19500 2.209708
19600 2.0768535
19700 2.1090732
19800 1.8138803
19900 1.9308819
20000 2.3128586
20100 2.0789666
20200 2.1442652
20300 1.9353813
20400 1.9585892
20500 2.1043828
20600 2.2974324
20700 1.9675959
20800 2.0992062
20900 2.2041347
21000 2.001003
21100 2.1599064
21200 2.202869
21300 2.173017
21400 2.0402794
21500 1.9113559
21600 2.2599597
21700 1.8620033
21800 2.035954
21900 1.8947583
22000 2.3110282
22100 2.1248493
22200 2.135124
22300 2.0992298
22400 2.2041118
22500 1.9294487
22600 1.9589937
22700 2.1565392
22800 1.9730636
22900 2.2588809
23000 2.500232
23100 1.9253638
23200 2.2021098
23300 2.097134
23400 1.8111329
23500 1.9484226
23600 2.1932678
23700 2.0105758
23800 2.0856137
23900 2.033408
24000 2.2644708
24100 2.1577597
24200 1.9920825
24300 2.0305793
24400 2.42135
24500 1.8005577
24600 2.1304643
24700 2.00621
24800 2.0516367
24900 2.2636044
25000 2.0494092
25100 2.1701243
25200 2.015015
25300 1.9070594
25400 2.0112975
25500 2.1370742
25600 2.056038
25700 2.2646542
25800 2.1148324
25900 2.1259468
26000 2.2082288
26100 2.0465956
26200 2.043868
26300 2.0279121
26400 2.0597832
26500 2.1234016
26600 2.1828449
26700 2.198097
26800 1.9596647
26900 2.235925
27000 2.1530974
27100 1.9866834
27200 2.11903
27300 1.9802243
27400 2.172292
27500 1.9992797
27600 2.2592971
27700 1.9807433
27800 2.1049948
27900 2.0326028
28000 1.970861
28100 2.1265209
28200 2.31767
28300 1.9522347
28400 2.4887965
28500 2.1145358
28600 2.2253013
28700 2.0376472
28800 2.3117948
28900 2.4422767
29000 2.025388
29100 2.1657052
29200 2.0050237
29300 2.1494663
29400 1.91085
29500 2.174788
29600 2.2941394
29700 1.8769709
29800 2.1057453
29900 2.017678
30000 2.209016
30100 1.8930796
30200 2.1067839
30300 1.9470108
30400 2.357288
30500 2.1901894
30600 2.0548368
30700 2.2701745
30800 2.4863608
30900 2.021986
31000 2.301909
