0 3.3004587
100 2.103535
200 1.888133
300 1.6740501
400 1.6882932
500 1.5658038
600 1.4977059
700 1.6908664
800 1.6985053
900 1.6940612
1000 1.6081005
1100 1.7723234
1200 1.6903694
1300 1.7503408
1400 1.5759606
1500 1.5364343
1600 1.5573425
1700 1.7864401
1800 1.5857563
1900 1.5327477
2000 1.5450337
2100 1.6022372
2200 1.6940665
2300 1.4008741
2400 1.4583547
2500 1.7038066
2600 1.6038117
2700 1.552207
2800 1.5893102
2900 1.4386991
3000 1.6552562
3100 1.6783996
3200 1.5504074
3300 1.3353086
3400 1.5660808
3500 1.557588
3600 1.6291258
3700 1.5974166
3800 1.588579
3900 1.6969206
4000 1.5384793
4100 1.5370349
4200 1.4058951
4300 1.3047713
4400 1.4263583
4500 1.5433472
4600 1.2416625
4700 1.3771954
4800 1.2355447
4900 1.3603449
5000 1.2426637
5100 1.482129
5200 1.7150016
5300 1.6176715
5400 1.4312834
5500 1.2485855
5600 1.5234281
5700 1.4045715
5800 1.538298
5900 1.510383
6000 1.5932235
6100 1.5852227
6200 1.5152915
6300 1.4911488
6400 1.4955319
6500 1.4450088
6600 1.2485292
6700 1.4796071
6800 1.6091343
6900 1.3278753
7000 1.5586356
7100 1.4442708
7200 1.4257338
7300 1.5418899
7400 1.5903392
7500 1.4816116
7600 1.7294312
7700 1.3306757
7800 1.3480604
7900 1.4944321
8000 1.4083598
8100 1.376869
8200 1.4378948
8300 1.3818392
8400 1.3942854
8500 1.6158957
8600 1.3700194
8700 1.4392934
8800 1.6421169
8900 1.5121629
9000 1.4362407
9100 1.5051796
9200 1.5223233
9300 1.5183487
9400 1.6937165
9500 1.4369823
9600 1.3528593
9700 1.3166887
9800 1.3613923
9900 1.559908
10000 1.5735579
10100 1.4370736
10200 1.2636789
10300 1.288606
10400 1.4810545
10500 1.6753105
10600 1.5013583
10700 1.534406
10800 1.2886676
10900 1.4003069
11000 1.3952606
11100 1.4893068
11200 1.4667207
11300 1.6227996
11400 1.5357509
11500 1.5427586
11600 1.4768864
11700 1.542485
11800 1.5624733
11900 1.465076
12000 1.4291828
12100 1.4294355
12200 1.4335766
12300 1.4097846
12400 1.5463271
12500 1.6065922
12600 1.487891
12700 1.3205389
12800 1.5370808
12900 1.6627957
13000 1.6815927
13100 1.5507249
13200 1.3406935
13300 1.5560503
13400 1.5652331
13500 1.4895495
13600 1.460686
13700 1.5339882
13800 1.54905
13900 1.504286
14000 1.3927938
14100 1.4543475
14200 1.6325158
14300 1.3856927
14400 1.5151078
14500 1.6749055
14600 1.4817219
14700 1.4363229
14800 1.4103352
14900 1.5364621
15000 1.4736705
15100 1.3992856
15200 1.21835
15300 1.4249079
15400 1.5288526
15500 1.573849
15600 1.4684136
15700 1.4722276
15800 1.7512095
15900 1.5815418
16000 1.3765107
16100 1.4490658
16200 1.5492568
16300 1.852546
16400 1.5437609
16500 1.4831002
16600 1.3887839
16700 1.6543069
16800 1.488113
16900 1.5901926
17000 1.4121475
17100 1.4152926
17200 1.4760222
17300 1.4741354
17400 1.456507
17500 1.3041656
17600 1.2806888
17700 1.4302652
17800 1.4905018
17900 1.6181674
18000 1.5234079
18100 1.6350399
18200 1.3775496
18300 1.6834565
18400 1.5684271
18500 1.3577509
18600 1.5259995
18700 1.5466268
18800 1.4142163
18900 1.2895824
19000 1.3519795
19100 1.5058762
19200 1.4210751
19300 1.5295844
19400 1.5243204
19500 1.5316529
19600 1.4395652
19700 1.4618981
19800 1.2572861
19900 1.3383853
20000 1.6031514
20100 1.4410298
20200 1.4862913
20300 1.3415041
20400 1.3575906
20500 1.458647
20600 1.5924588
20700 1.3638335
20800 1.4550589
20900 1.5277897
21000 1.3869896
21100 1.497133
21200 1.5269125
21300 1.5062207
21400 1.4142139
21500 1.3248509
21600 1.5664847
21700 1.2906424
21800 1.4112158
21900 1.3133464
22000 1.6018827
22100 1.4728333
22200 1.4799552
22300 1.4550753
22400 1.5277739
22500 1.337392
22600 1.3578709
22700 1.494799
22800 1.3676234
22900 1.5657369
23000 1.7330288
23100 1.3345605
23200 1.5263861
23300 1.4536226
23400 1.2553817
23500 1.3505436
23600 1.5202575
23700 1.3936249
23800 1.4456372
23900 1.409451
24000 1.5696115
24100 1.495645
24200 1.3808063
24300 1.4074904
24400 1.6783519
24500 1.2480515
24600 1.4767253
24700 1.3905989
24800 1.4220861
24900 1.569011
25000 1.4205421
25100 1.5042155
25200 1.3967019
25300 1.3218728
25400 1.3941251
25500 1.481307
25600 1.4251369
25700 1.5697386
25800 1.4658902
25900 1.473594
26000 1.5306276
26100 1.418592
26200 1.4167013
26300 1.4056416
26400 1.427733
26500 1.4718299
26600 1.5130328
26700 1.5236048
26800 1.3583361
26900 1.5498251
27000 1.4924134
27100 1.377064
27200 1.4687997
27300 1.3725868
27400 1.505718
27500 1.3857951
27600 1.5660255
27700 1.3729466
27800 1.4590712
27900 1.4088929
28000 1.3660967
28100 1.473992
28200 1.6064866
28300 1.353186
28400 1.7251023
28500 1.4656845
28600 1.5424613
28700 1.4123895
28800 1.602414
28900 1.6928571
29000 1.4038919
29100 1.5011524
29200 1.3897765
29300 1.4898965
29400 1.3245003
29500 1.5074482
29600 1.5901762
29700 1.301017
29800 1.4595915
29900 1.3985479
30000 1.5311732
30100 1.3121828
30200 1.4603113
30300 1.349565
30400 1.6339474
30500 1.5181236
30600 1.4243042
30700 1.573565
30800 1.723414
30900 1.4015338
31000 1.5955617
