0 26.861704
100 10.306938
200 8.85288
300 8.122471
400 7.8291826
500 7.365709
600 7.144129
700 7.3767486
800 7.4373674
900 7.3119354
1000 7.0199394
1100 7.424272
1200 7.3506603
1300 7.1616917
1400 7.1239405
1500 7.0373206
1600 6.973679
1700 7.0756617
1800 6.7395544
1900 6.5286374
2000 6.7494774
2100 6.804679
2200 6.918628
2300 5.9329176
2400 6.2195673
2500 7.445182
2600 6.310219
2700 6.4755535
2800 6.6485744
2900 6.1819153
3000 6.692014
3100 6.7850647
3200 6.4444675
3300 6.0615897
3400 6.5575285
3500 6.7216015
3600 6.1853666
3700 6.369797
3800 6.903543
3900 6.4041653
4000 6.751528
4100 6.5802026
4200 6.4389052
4300 6.2161937
4400 6.4066887
4500 6.318292
4600 5.5884457
4700 6.3413343
4800 5.8830814
4900 6.1946073
5000 6.057502
5100 6.7114596
5200 6.614852
5300 6.562538
5400 6.3505244
5500 5.9391694
5600 6.4788046
5700 6.4998875
5800 6.1495504
5900 6.122568
6000 6.9616466
6100 6.426895
6200 6.5201316
6300 6.0389423
6400 6.4526076
6500 6.081427
6600 5.9244623
6700 6.633952
6800 6.4185653
6900 6.496667
7000 6.585326
7100 6.255728
7200 6.1397576
7300 6.3834887
7400 6.5885367
7500 6.3025765
7600 6.5941453
7700 6.1748548
7800 6.2527094
7900 6.168867
8000 6.1485476
8100 6.1471405
8200 6.1377797
8300 6.1586566
8400 6.038191
8500 6.506641
8600 6.453007
8700 6.537827
8800 6.5638885
8900 6.256407
9000 6.406467
9100 5.921166
9200 6.1428485
9300 6.6740994
9400 6.4242725
9500 6.2374682
9600 6.110339
9700 6.034959
9800 5.7481546
9900 6.574145
10000 6.6012864
10100 6.240034
10200 6.2305202
10300 5.9057326
10400 6.3743563
10500 6.5314064
10600 6.6143126
10700 6.8063207
10800 5.799823
10900 6.6924276
11000 6.219101
11100 6.611272
11200 6.4503603
11300 6.5828476
11400 6.4075336
11500 6.5986347
11600 6.0717773
11700 6.5669727
11800 6.4093027
11900 6.1324344
12000 6.1701
12100 6.343314
12200 5.831523
12300 6.2846203
12400 6.3250656
12500 6.7811766
12600 6.0607343
12700 5.81652
12800 6.2290444
12900 6.498932
13000 6.8448744
13100 6.258956
13200 5.990448
13300 6.5532875
13400 6.163999
13500 6.4828863
13600 6.0689244
13700 6.2596617
13800 6.341243
13900 6.065893
14000 5.947698
14100 6.306248
14200 6.634764
14300 6.4481416
14400 5.5822477
14500 6.5795145
14600 6.321401
14700 5.9941154
14800 6.178404
14900 6.4843636
15000 6.329706
15100 5.624312
15200 6.004987
15300 5.8539567
15400 6.7057824
15500 6.5662594
15600 6.2048693
15700 6.331437
15800 6.8701386
15900 6.684759
16000 6.1182227
16100 5.9767113
16200 6.233428
16300 7.402221
16400 6.093004
16500 6.711421
16600 5.932766
16700 6.382176
16800 6.629554
16900 7.060071
17000 6.282698
17100 6.253216
17200 6.065095
17300 6.6162844
17400 6.5841517
17500 5.9772906
17600 5.793039
17700 6.2666993
17800 6.4981623
17900 6.211318
18000 6.0688167
18100 6.7614813
18200 6.104637
18300 6.584531
18400 6.1787796
18500 6.0486526
18600 6.392449
18700 6.233197
18800 6.0758605
18900 5.881308
19000 6.1989226
19100 6.5221195
19200 6.3448377
19300 6.437231
19400 6.698185
19500 6.71535
19600 5.888797
19700 6.480131
19800 5.892738
19900 6.584178
20000 6.954734
20100 6.5778913
20200 6.496803
20300 6.106972
20400 6.0213327
20500 6.400943
20600 6.5487776
20700 6.3736367
20800 6.1942153
20900 6.711174
21000 6.496688
21100 6.177151
21200 6.447963
21300 6.4602947
21400 6.4029922
21500 6.2796865
21600 6.7604346
21700 5.9229136
21800 6.3151903
21900 5.921857
22000 6.619698
22100 6.233961
22200 6.361395
22300 6.2411494
22400 6.6333475
22500 6.0766153
22600 6.3354406
22700 6.3477864
22800 6.218523
22900 6.5160418
23000 6.3884683
23100 6.3034883
23200 6.709708
23300 6.195155
23400 5.7862067
23500 6.084263
23600 6.7815466
23700 6.2896557
23800 6.1236277
23900 6.351119
24000 6.2531333
24100 6.3732424
24200 6.402316
24300 6.597359
24400 6.2253375
24500 6.226677
24600 6.1761637
24700 6.1958385
24800 6.3823376
24900 6.488289
25000 5.8635864
25100 6.5677223
25200 5.8527265
25300 5.953324
25400 5.9080353
25500 6.4501963
25600 6.2799506
25700 6.270695
25800 6.436796
25900 6.5919547
26000 6.5230627
26100 6.2097225
26200 6.12778
26300 6.0953135
26400 6.3618603
26500 6.2280846
26600 6.240007
26700 6.4063325
26800 6.409156
26900 6.1481404
27000 6.333668
27100 6.073353
27200 6.1059055
27300 6.349162
27400 6.5304346
27500 6.309214
27600 6.6911144
27700 6.2745614
27800 5.990994
27900 6.173446
28000 6.381477
28100 6.6405478
28200 6.7375484
28300 6.2753844
28400 7.2136345
28500 6.318302
28600 6.468285
28700 6.2412395
28800 6.8362627
28900 6.9435763
29000 6.161324
29100 6.285856
29200 6.489828
29300 6.4996505
29400 6.16211
29500 6.2331076
29600 5.9560366
29700 6.2385983
29800 6.1522136
29900 6.3621554
30000 6.600586
30100 6.068418
30200 6.2223244
30300 6.07061
30400 6.560602
30500 6.4679785
30600 6.587003
30700 6.6750154
30800 6.6913366
30900 6.128163
31000 6.3937902
