0 5.276411
100 0.2379328
200 0.17454934
300 0.3838185
400 0.20303185
500 0.13341565
600 0.18811648
700 0.0887081
800 0.4395269
900 0.2617166
1000 0.07233688
1100 0.25643283
1200 0.17002198
1300 0.09401311
1400 0.04458684
1500 0.06870532
1600 0.024794763
1700 0.18432015
1800 0.027228538
1900 0.100398704
2000 0.028106092
2100 0.17769103
2200 0.08200906
2300 0.009391894
2400 0.11308824
2500 0.038848635
2600 0.017894667
2700 0.15663086
2800 0.15000084
2900 0.008702908
3000 0.0025946838
3100 0.009504665
3200 0.057951845
3300 0.035127975
3400 0.25645354
3500 0.0062182327
3600 0.014837606
3700 0.01745816
3800 0.008376423
3900 0.026109058
4000 0.01501569
4100 0.009127666
4200 0.08965303
4300 0.027033007
4400 0.0025642337
4500 0.016414301
4600 0.07291223
4700 0.022677701
4800 0.08072418
4900 0.019979674
5000 0.017172767
5100 0.015231159
5200 0.0033018019
5300 0.0051125996
5400 0.018707052
5500 0.00990775
5600 0.021191234
5700 0.013312049
5800 0.14752865
5900 0.015358708
6000 0.022608709
6100 0.0013528836
6200 0.02064281
6300 0.01479711
6400 0.04180055
6500 0.008224856
6600 0.0036203102
6700 0.0037431687
6800 0.0021692696
6900 0.028177861
7000 0.012791159
7100 0.015457589
7200 0.003954356
7300 0.0058356626
7400 0.017048854
7500 0.03779769
7600 0.0027901349
7700 0.015221145
7800 0.0052310657
7900 0.0037652787
8000 0.0040840968
8100 0.017364118
8200 0.010936499
8300 0.0052693477
8400 0.00953413
8500 0.00941633
8600 0.013244758
8700 0.0029419
8800 0.03611355
8900 0.0046048732
9000 0.006581622
9100 0.0006481537
9200 0.009538891
9300 0.00050581363
9400 0.009046716
9500 0.0026007579
9600 0.003862095
9700 0.012871949
9800 0.0037123042
9900 0.011080049
10000 0.00398635
10100 0.0017351597
10200 0.0034756558
10300 0.0003858891
10400 0.0011446638
10500 0.0027413429
10600 0.0014394843
10700 0.0007238922
10800 0.0015270102
10900 0.005700085
11000 0.006669355
11100 0.00039085024
11200 0.008194823
11300 0.0055525275
11400 0.0038809592
11500 0.0035209912
11600 0.0035819968
11700 0.0071581043
11800 0.0023281283
11900 0.0015381257
12000 0.001169467
