0 3.0656304
100 1.5598181
200 1.4119701
300 1.4541044
400 1.392741
500 1.2392882
600 1.1988804
700 1.3257875
800 1.2997463
900 1.4417431
1000 1.203644
1100 1.1625247
1200 1.2712368
1300 1.2523484
1400 1.1583558
1500 1.1622224
1600 1.085839
1700 1.1933682
1800 1.1088735
1900 1.1110866
2000 1.10175
2100 1.1767218
2200 1.2367551
2300 1.053514
2400 1.1094716
2500 1.1125166
2600 1.0816691
2700 1.1303015
2800 1.2045394
2900 1.0466154
3000 1.015147
3100 1.0507768
3200 1.20217
3300 1.0770749
3400 1.255772
3500 1.0328801
3600 1.0628955
3700 1.0651412
3800 1.0375606
3900 1.1148231
4000 1.062391
4100 1.0484586
4200 1.2089868
4300 1.1074531
4400 1.0165209
4500 1.04987
4600 1.1452003
4700 1.0840406
4800 1.0532953
4900 1.0849781
5000 1.0737205
5100 1.0641978
5200 1.0192143
5300 1.0274979
5400 1.0623021
5500 1.0495367
5600 1.0918077
5700 1.0649409
5800 1.1001668
5900 1.0600001
6000 1.0547346
6100 1.0086054
6200 1.0625794
6300 1.0579891
6400 1.079834
6500 1.0384593
6600 1.0209354
6700 1.0217094
6800 1.0136193
6900 1.1110438
7000 1.0587159
7100 1.081342
7200 1.0211921
7300 1.0299954
7400 1.0692315
7500 1.0785185
7600 1.0155782
7700 1.0599643
7800 1.0251617
7900 1.0212617
8000 1.0236893
8100 1.0779371
8200 1.0485897
8300 1.0216763
8400 1.0470253
8500 1.0488935
8600 1.0367812
8700 1.01844
8800 1.0381063
8900 1.0263283
9000 1.0345718
9100 1.0046309
9200 1.0497563
9300 1.0039942
9400 1.0396739
9500 1.0114403
9600 1.0207487
9700 1.0415456
9800 1.021111
9900 1.0406003
10000 1.0231972
10100 1.0103471
10200 1.018853
10300 1.0029906
10400 1.006835
10500 1.0154666
10600 1.0095274
10700 1.0050921
10800 1.0100708
10900 1.0310054
11000 1.0338209
11100 1.0031582
11200 1.0314562
11300 1.0265204
11400 1.0206189
11500 1.0179942
11600 1.0191088
11700 1.037772
11800 1.0124475
11900 1.0094154
12000 1.0076334
