0 0.1875
100 0.34375
200 0.53125
300 0.375
400 0.46875
500 0.6875
600 0.4375
700 0.53125
800 0.5625
900 0.5
1000 0.5
1100 0.3125
1200 0.375
1300 0.40625
1400 0.5
1500 0.53125
1600 0.625
1700 0.46875
1800 0.625
1900 0.5625
2000 0.625
2100 0.5
2200 0.5625
2300 0.375
2400 0.5625
2500 0.59375
2600 0.53125
2700 0.5
2800 0.59375
2900 0.6875
3000 0.59375
3100 0.46875
3200 0.59375
3300 0.4375
3400 0.5625
3500 0.4375
3600 0.53125
3700 0.46875
3800 0.65625
3900 0.46875
4000 0.71875
4100 0.53125
4200 0.5625
4300 0.46875
4400 0.71875
4500 0.5
4600 0.625
4700 0.5
4800 0.625
4900 0.59375
5000 0.5625
5100 0.53125
5200 0.59375
5300 0.78125
5400 0.6875
5500 0.625
5600 0.53125
5700 0.59375
5800 0.59375
5900 0.59375
6000 0.6875
6100 0.53125
6200 0.75
6300 0.65625
6400 0.625
6500 0.625
6600 0.71875
6700 0.5
6800 0.625
6900 0.59375
7000 0.65625
7100 0.65625
7200 0.5
7300 0.53125
7400 0.5625
7500 0.71875
7600 0.625
7700 0.65625
7800 0.40625
7900 0.5625
8000 0.625
8100 0.59375
8200 0.59375
8300 0.59375
8400 0.6875
8500 0.6875
8600 0.625
8700 0.5
8800 0.5625
8900 0.75
9000 0.75
9100 0.65625
9200 0.78125
9300 0.65625
9400 0.71875
9500 0.6875
9600 0.65625
9700 0.59375
9800 0.5625
9900 0.6875
10000 0.75
10100 0.625
10200 0.59375
10300 0.65625
10400 0.78125
10500 0.5625
10600 0.71875
10700 0.6875
10800 0.71875
10900 0.75
11000 0.625
11100 0.625
11200 0.71875
11300 0.75
11400 0.8125
11500 0.75
11600 0.5625
11700 0.65625
11800 0.71875
11900 0.6875
12000 0.65625
12100 0.53125
12200 0.5625
12300 0.65625
12400 0.75
12500 0.6875
12600 0.5
12700 0.53125
12800 0.5
12900 0.78125
13000 0.5
13100 0.65625
13200 0.65625
13300 0.625
13400 0.6875
13500 0.78125
13600 0.71875
13700 0.6875
13800 0.71875
13900 0.6875
14000 0.625
14100 0.8125
14200 0.59375
14300 0.75
14400 0.6875
14500 0.625
14600 0.625
14700 0.71875
14800 0.65625
14900 0.65625
15000 0.625
15100 0.71875
15200 0.53125
15300 0.65625
15400 0.75
15500 0.875
15600 0.78125
15700 0.78125
15800 0.8125
15900 0.65625
16000 0.75
16100 0.6875
16200 0.59375
16300 0.625
16400 0.5625
16500 0.6875
16600 0.875
16700 0.53125
16800 0.78125
16900 0.78125
17000 0.75
17100 0.71875
17200 0.75
17300 0.78125
17400 0.875
17500 0.6875
17600 0.8125
17700 0.625
17800 0.8125
17900 0.84375
18000 0.75
18100 0.71875
18200 0.78125
18300 0.65625
18400 0.75
18500 0.75
18600 0.8125
18700 0.75
18800 0.71875
18900 0.71875
19000 0.78125
19100 0.8125
19200 0.9375
19300 0.8125
19400 0.71875
19500 0.5625
19600 0.71875
19700 0.78125
19800 0.78125
19900 0.8125
20000 0.65625
20100 0.71875
20200 0.6875
20300 0.78125
20400 0.84375
20500 0.875
20600 0.71875
20700 0.625
20800 0.625
20900 0.71875
21000 0.71875
21100 0.875
21200 0.59375
21300 0.84375
21400 0.65625
21500 0.65625
21600 0.90625
21700 0.75
21800 0.75
21900 0.9375
22000 0.71875
22100 0.75
22200 0.75
