0 3.2752967
100 2.7553368
200 2.864628
300 2.9190726
400 2.285355
500 1.6446935
600 2.2282028
700 2.0805416
800 1.9491465
900 2.082812
1000 1.9090464
1100 2.5570822
1200 3.101068
1300 2.1206563
1400 1.8588569
1500 2.1199439
1600 1.8787434
1700 2.0545986
1800 1.802658
1900 1.8742843
2000 1.3694853
2100 2.100228
2200 1.8501085
2300 2.1360416
2400 1.9145095
2500 1.7319419
2600 1.936893
2700 1.8615336
2800 1.7888763
2900 1.567767
3000 1.5682988
3100 2.1548011
3200 1.8914922
3300 2.1631658
3400 2.0281725
3500 1.9919583
3600 1.760478
3700 2.2690346
3800 1.7174907
3900 2.2838202
4000 1.3431453
4100 2.1318598
4200 1.7782362
4300 1.8406199
4400 1.3522412
4500 2.1944294
4600 1.689678
4700 2.0725358
4800 1.5653403
4900 1.5926712
5000 1.6992166
5100 1.7550632
5200 1.8980851
5300 1.4361932
5400 1.488017
5500 1.7973917
5600 1.8161781
5700 1.8288662
5800 2.0606396
5900 1.635291
6000 1.242637
6100 1.9481668
6200 1.153503
6300 1.5245132
6400 1.6107479
6500 1.6747175
6600 1.5091096
6700 1.7385912
6800 1.3875362
6900 1.5724893
7000 1.3192185
7100 1.7075036
7200 1.7174314
7300 1.7584752
7400 1.5953587
7500 1.1494408
7600 1.7092545
7700 1.4292966
7800 1.9761798
7900 1.5763943
8000 1.9493227
8100 1.5302538
8200 1.419001
8300 1.4240427
8400 1.4031785
8500 1.4630896
8600 1.7117715
8700 2.2240312
8800 1.6654816
8900 0.951504
9000 1.1491098
9100 1.5353165
9200 0.98052794
9300 1.4847218
9400 1.171384
9500 1.4384652
9600 1.4619194
9700 1.5072148
9800 1.7307622
9900 1.2990328
10000 1.2141887
10100 1.3349578
10200 1.6035784
10300 1.4957162
10400 1.0264648
10500 1.5331001
10600 1.1531817
10700 1.2924483
10800 1.2262005
10900 1.1783664
11000 1.3459033
11100 1.624069
11200 1.2403781
11300 1.2346063
11400 1.1029254
11500 1.0322827
11600 1.644633
11700 1.1776267
11800 1.3077099
11900 1.5472871
12000 1.3556715
12100 1.8111554
12200 1.572065
12300 1.4839126
12400 1.0218576
12500 1.4194252
12600 1.4591641
12700 1.5154377
12800 1.8205189
12900 1.276136
13000 1.6119628
13100 1.3284165
13200 1.4127923
13300 1.6532037
13400 1.2700133
13500 1.3337135
13600 1.130915
13700 1.044139
13800 1.2251952
13900 1.3968642
14000 1.3943908
14100 0.80273384
14200 1.3467791
14300 0.9685977
14400 1.6277126
14500 1.2749592
14600 1.5473238
14700 1.3402792
14800 1.2306988
14900 1.3048398
15000 1.2901844
15100 1.5612332
15200 1.771255
15300 1.4312919
15400 0.92902714
15500 0.6880455
15600 1.0898043
15700 1.1078308
15800 1.1014034
15900 1.6170506
16000 1.3585825
16100 1.5628673
16200 1.5061749
16300 1.4057705
16400 1.6376598
16500 1.4532585
16600 0.93080723
16700 1.6424812
16800 1.3949176
16900 1.1339934
17000 1.111758
17100 1.3348258
17200 1.1375902
17300 1.2239151
17400 0.8599384
17500 1.3350141
17600 0.93601006
17700 1.4146903
17800 1.2129707
17900 0.96205145
18000 1.3009578
18100 1.3249472
18200 1.0794951
18300 1.4328946
18400 1.0769624
18500 1.0064021
18600 0.73805857
18700 1.1686851
18800 1.1149164
18900 1.1278967
19000 1.0880979
19100 1.038627
19200 0.7335377
19300 1.1052859
19400 1.0728215
19500 1.5273399
19600 1.1286144
19700 1.2156448
19800 0.97664404
19900 1.1902243
20000 1.2753584
20100 1.2730664
20200 1.2887608
20300 1.1591668
20400 0.6918625
20500 1.0275482
20600 1.2511432
20700 1.3328803
20800 1.7458097
20900 1.4180864
21000 1.1685503
21100 1.0064178
21200 1.7557065
21300 0.8767521
21400 1.3286159
21500 1.2582932
21600 0.6660504
21700 1.0819387
21800 0.9103637
21900 0.87423366
22000 1.3162371
22100 1.1396043
22200 1.1751944
