0 2.2702627
100 1.9098539
200 1.9856089
300 2.023347
400 1.5840874
500 1.1400146
600 1.5444726
700 1.4421215
800 1.3510454
900 1.4436953
1000 1.3232502
1100 1.7724342
1200 2.1494966
1300 1.4699268
1400 1.2884614
1500 1.4694332
1600 1.3022457
1700 1.4241393
1800 1.2495073
1900 1.2991549
2000 0.9492548
2100 1.4557672
2200 1.2823975
2300 1.4805912
2400 1.3270369
2500 1.2004907
2600 1.342552
2700 1.2903168
2800 1.2399546
2900 1.0866933
3000 1.0870619
3100 1.4935943
3200 1.3110825
3300 1.4993923
3400 1.405822
3500 1.3807203
3600 1.2202704
3700 1.572775
3800 1.1904738
3900 1.5830235
4000 0.9309973
4100 1.4776926
4200 1.2325794
4300 1.2758205
4400 0.9373022
4500 1.5210625
4600 1.1711955
4700 1.4365723
4800 1.0850112
4900 1.1039555
5000 1.1778072
5100 1.2165171
5200 1.3156524
5300 0.9954933
5400 1.0314147
5500 1.245857
5600 1.2588787
5700 1.2676735
5800 1.4283266
5900 1.1334974
6000 0.8613304
6100 1.3503664
6200 0.7995473
6300 1.056712
6400 1.1164854
6500 1.1608257
6600 1.046035
6700 1.2050996
6800 0.9617668
6900 1.0899665
7000 0.9144126
7100 1.1835513
7200 1.1904328
7300 1.2188821
7400 1.1058184
7500 0.7967316
7600 1.184765
7700 0.9907129
7800 1.3697835
7900 1.0926733
8000 1.3511676
8100 1.0606911
8200 0.98357654
8300 0.98707116
8400 0.97260916
8500 1.0141364
8600 1.1865096
8700 1.541581
8800 1.1544238
8900 0.6595323
9000 0.79650223
9100 1.0642003
9200 0.6796502
9300 1.0291307
9400 0.8119415
9500 0.99706817
9600 1.0133253
9700 1.0447217
9800 1.1996729
9900 0.9004209
10000 0.8416115
10100 0.92532223
10200 1.1115159
10300 1.0367515
10400 0.71149117
10500 1.062664
10600 0.79932463
10700 0.8958569
10800 0.8499374
10900 0.8167814
11000 0.9329091
11100 1.1257188
11200 0.8597646
11300 0.85576385
11400 0.76448965
11500 0.71552384
11600 1.1399728
11700 0.8162687
11800 0.90643543
11900 1.0724977
12000 0.93967986
12100 1.2553973
12200 1.0896724
12300 1.0285698
12400 0.7082977
12500 0.9838706
12600 1.0114155
12700 1.0504214
12800 1.2618876
12900 0.8845501
13000 1.1173275
13100 0.92078817
13200 0.979273
13300 1.1459135
13400 0.8803062
13500 0.9244598
13600 0.7838906
13700 0.723742
13800 0.84924054
13900 0.96823245
14000 0.96651804
14100 0.5564127
14200 0.93351614
14300 0.67138076
14400 1.1282444
14500 0.8837344
14600 1.0725231
14700 0.92901075
14800 0.8530554
14900 0.90444607
15000 0.89428765
15100 1.0821644
15200 1.2277404
15300 0.992096
15400 0.64395255
15500 0.4769168
15600 0.75539476
15700 0.76788974
15800 0.76343465
15900 1.1208541
16000 0.94169766
16100 1.083297
16200 1.0440009
16300 0.9744059
16400 1.1351392
16500 1.0073221
16600 0.6451864
16700 1.1384813
16800 0.9668832
16900 0.78602433
17000 0.7706119
17100 0.92523074
17200 0.7885174
17300 0.8483533
17400 0.59606385
17500 0.9253613
17600 0.64879274
17700 0.98058856
17800 0.84076726
17900 0.66684324
18000 0.9017552
18100 0.9183835
18200 0.74824893
18300 0.99320686
18400 0.74649346
18500 0.6975848
18600 0.5115832
18700 0.81007075
18800 0.77280116
18900 0.78179836
19000 0.754212
19100 0.7199214
19200 0.50844955
19300 0.7661258
19400 0.7436232
19500 1.0586714
19600 0.78229594
19700 0.8426208
19800 0.6769581
19900 0.8250006
20000 0.88401115
20100 0.8824224
20200 0.8933009
20300 0.80347323
20400 0.47956255
20500 0.7122421
20600 0.86722636
20700 0.9238822
20800 1.210103
20900 0.9829426
21000 0.8099773
21100 0.69759566
21200 1.216963
21300 0.6077182
21400 0.9209264
21500 0.87218237
21600 0.46167094
21700 0.7499428
21800 0.631016
21900 0.6059726
22000 0.91234607
22100 0.78991354
22200 0.8145827
