0 9.577129
100 5.6875286
200 4.9299054
300 5.016444
400 5.2290373
500 4.903277
600 5.368876
700 4.8658524
800 4.5603013
900 4.726899
1000 4.619358
1100 5.0930824
1200 4.67801
1300 4.279916
1400 4.712801
1500 4.457598
1600 4.833477
1700 4.442147
1800 4.615874
1900 4.33885
2000 4.0455294
2100 4.47045
2200 4.618041
2300 4.522523
2400 4.2731066
2500 4.4441314
2600 4.1049414
2700 4.456659
2800 4.2312303
2900 4.056423
3000 4.386299
3100 4.6161466
3200 4.152529
3300 4.180345
3400 4.443076
3500 4.9840508
3600 4.849899
3700 4.398144
3800 4.3054237
3900 4.6742296
4000 4.126427
4100 4.6813726
4200 4.1615953
4300 3.6744514
4400 3.738689
4500 4.313052
4600 4.218346
4700 4.4196186
4800 4.0921516
4900 3.9908414
5000 4.3315945
5100 4.115325
5200 4.2298546
5300 3.9552367
5400 3.908731
5500 3.4420075
5600 4.264694
5700 3.8727245
5800 4.431097
5900 3.883626
6000 3.3357081
6100 3.8381672
6200 3.4827833
6300 4.510936
6400 4.041604
6500 3.7427397
6600 3.9111898
6700 4.05754
6800 3.6807046
6900 4.1628532
7000 3.4120011
7100 4.042755
7200 4.494392
7300 3.7961497
7400 4.0117264
7500 3.6113977
7600 4.0893116
7700 3.8300927
7800 4.5150676
7900 4.367801
8000 3.6187756
8100 4.2674603
8200 3.9343448
8300 3.4139142
8400 3.8248925
8500 3.1992307
8600 3.5491111
8700 4.343394
8800 3.530593
8900 3.090332
9000 3.292738
9100 3.9496193
9200 3.2158914
9300 3.5774407
9400 3.3701067
9500 3.6882906
9600 3.6610508
9700 3.443956
9800 3.513275
9900 3.5448966
10000 3.4718878
10100 3.6474273
10200 3.791328
10300 3.5445895
10400 3.1828291
10500 3.7036593
10600 3.2452965
10700 3.3141718
10800 3.7140522
10900 3.7507124
11000 3.763303
11100 3.5289843
11200 3.8889966
11300 3.118351
11400 2.791048
11500 2.7797282
11600 3.9085946
11700 3.3076937
11800 3.6717682
11900 3.7873664
12000 3.5438323
12100 3.6895385
12200 3.3270872
12300 3.767518
12400 3.168425
12500 4.0983315
12600 3.653257
12700 3.8120348
12800 3.9987059
12900 3.7373648
13000 4.009741
13100 3.7873607
13200 3.2296195
13300 3.6950617
13400 2.8065796
13500 3.83165
13600 3.5405054
13700 2.779934
13800 3.5357592
13900 3.6345608
14000 3.6786904
14100 2.8709083
14200 3.2148838
14300 3.279532
14400 3.6235652
14500 3.1313014
14600 3.5448875
14700 2.7508683
14800 3.3506317
14900 3.0867486
15000 3.2569509
15100 3.4586668
15200 3.8272972
15300 3.3533695
15400 2.8310637
15500 2.7211194
15600 3.5809944
15700 3.3510575
15800 3.1789613
15900 3.1023016
16000 3.4317808
16100 3.2519789
16200 3.094645
16300 3.814818
16400 3.9927454
16500 3.8539953
16600 2.8759458
16700 3.8245568
16800 3.5430095
16900 3.181292
17000 3.4073524
17100 3.3853042
17200 3.3599744
17300 3.0981677
17400 3.0357919
17500 3.305623
17600 3.1467142
17700 3.2621474
17800 3.6254165
17900 2.8363
18000 3.2720037
18100 3.6940112
18200 3.5226436
18300 3.176145
18400 3.1602876
18500 3.059371
18600 2.600997
18700 3.1272922
18800 3.4079123
18900 3.325926
19000 2.7367587
19100 3.3158596
19200 2.921157
19300 3.72127
19400 3.458149
19500 3.3823175
19600 3.157119
19700 2.9974566
19800 3.427104
19900 3.375076
20000 3.4457948
20100 3.7946892
20200 3.5124526
20300 3.301455
20400 2.7537875
20500 3.2817264
20600 3.5237172
20700 3.29115
20800 3.4927778
20900 3.7782512
21000 2.9751284
21100 3.4389138
21200 3.8181572
21300 2.8423157
21400 3.311078
21500 3.3630335
21600 2.9735227
21700 3.0049686
21800 3.040867
21900 3.0418468
22000 3.3902078
22100 3.6282856
22200 3.3617089
