0 3.5718844
100 1.067885
200 1.1055197
300 1.0438348
400 0.09517077
500 0.09985026
600 0.21851544
700 0.10598837
800 0.20353754
900 0.26643956
1000 0.06981802
1100 0.6270981
1200 0.09054352
1300 0.31622064
1400 0.09237676
1500 0.25036958
1600 0.2594734
1700 0.15509197
1800 0.3088833
1900 0.014119002
2000 0.028181784
2100 0.4295444
2200 0.21638675
2300 0.08347778
2400 0.14998381
2500 0.032072205
2600 0.031934347
2700 0.05040653
2800 0.01968084
2900 0.01108058
3000 0.06198753
3100 0.03370128
3200 0.14969908
3300 0.15824966
3400 0.005589159
3500 0.02902871
3600 0.1311773
3700 0.11727815
3800 0.12247868
3900 0.20328683
4000 0.012627392
4100 0.04051421
4200 0.027566524
4300 0.22369336
4400 0.8064226
4500 0.103192106
4600 0.026218357
4700 0.22674803
4800 0.091637515
4900 0.04969459
5000 0.017871642
5100 0.012128553
5200 0.03192081
5300 0.10766715
5400 0.0031719566
5500 0.08394279
5600 0.10350879
5700 0.1647392
5800 0.0031160975
5900 0.02762959
6000 0.098998204
6100 0.04343686
6200 0.016964527
6300 0.048690364
6400 0.012685067
6500 0.01734899
6600 0.007976586
6700 0.005665703
6800 0.0005444693
6900 0.00590517
7000 0.001956608
7100 0.013642559
7200 0.002015306
7300 0.01655263
7400 0.009363572
7500 0.0022510944
7600 0.0016845637
7700 0.015291344
7800 0.00056190765
7900 0.0015101531
8000 0.000270837
8100 0.058743674
8200 0.002224479
8300 0.07773609
8400 0.00065488706
8500 0.0336521
8600 0.20640263
8700 0.0019821106
8800 0.00088523066
8900 0.013021252
9000 0.00017799759
9100 0.0021242544
9200 0.030914735
9300 0.0019115425
9400 0.15632585
9500 0.0010124071
9600 0.0020241968
9700 0.031003218
9800 0.0035575149
9900 0.011851472
10000 0.0044281036
10100 0.0020174764
10200 2.9157896e-05
10300 0.00025480046
10400 0.0010816496
10500 0.005999106
10600 0.00019759186
10700 0.0016427943
10800 0.0035446482
10900 0.0027606823
11000 0.0006138301
11100 0.002556978
11200 0.0117880255
11300 0.05540298
11400 6.5459426e-05
11500 0.051872272
11600 0.00895225
11700 6.393162e-05
11800 0.0007989617
11900 0.0022832255
12000 8.101435e-05
12100 5.5074626e-05
12200 0.0019373373
12300 0.00031579504
12400 0.00025028264
12500 0.0005281887
12600 4.0761985e-05
12700 0.0018999572
12800 6.420985e-05
12900 0.0029387607
13000 0.00023221296
13100 0.00074757356
13200 6.7831366e-05
13300 0.0047818483
13400 0.0005294091
13500 0.0070750946
13600 0.0019757946
13700 0.00015742978
13800 0.00010388191
13900 1.7525557e-05
14000 2.184964e-05
14100 0.00016541583
14200 0.00033488288
14300 0.00075943256
14400 0.00020781861
14500 0.00051475153
14600 1.3924634e-05
14700 0.00014984759
14800 0.00016178453
14900 1.390288e-05
15000 0.00036083607
15100 0.0013210562
15200 0.0005092349
15300 0.00017025275
15400 0.00012233916
15500 0.0018661228
15600 0.0016795036
15700 0.00031914297
15800 0.0002595137
15900 0.00039181087
16000 3.4235414e-05
16100 0.00013494797
16200 0.00012102987
16300 0.006503566
16400 0.00055591663
16500 0.0003729587
16600 0.0007810145
16700 0.00011379813
