0 2.4758415
100 0.7402015
200 0.7662878
300 0.7235311
400 0.06596735
500 0.069210924
600 0.15146336
700 0.07346554
800 0.14108147
900 0.18468183
1000 0.048394166
1100 0.43467125
1200 0.06275999
1300 0.21918744
1400 0.06403069
1500 0.17354296
1600 0.17985326
1700 0.10750157
1800 0.2141016
1900 0.009786546
2000 0.019534124
2100 0.29773748
2200 0.14998786
2300 0.057862386
2400 0.10396085
2500 0.02223076
2600 0.022135202
2700 0.034939144
2800 0.013641719
2900 0.007680473
3000 0.04296648
3100 0.023359947
3200 0.10376349
3300 0.10969031
3400 0.00387411
3500 0.020121168
3600 0.09092518
3700 0.08129102
3800 0.08489575
3900 0.14090769
4000 0.008752641
4100 0.02808231
4200 0.019107658
4300 0.15505242
4400 0.55896956
4500 0.07152732
4600 0.01817318
4700 0.15716976
4800 0.063518286
4900 0.034445666
5000 0.012387679
5100 0.008406873
5200 0.022125818
5300 0.07462918
5400 0.0021986328
5500 0.058184713
5600 0.071746826
5700 0.114188515
5800 0.0021599142
5900 0.019151373
6000 0.068620324
6100 0.030108135
6200 0.011758914
6300 0.033749588
6400 0.008792618
6500 0.012025403
6600 0.0055289483
6700 0.003927166
6800 0.00037739734
6900 0.004093152
7000 0.0013562173
7100 0.009456301
7200 0.0013969037
7300 0.01147341
7400 0.006490334
7500 0.0015603397
7600 0.0011676506
7700 0.010599152
7800 0.0003894847
7900 0.0010467584
8000 0.0001877299
8100 0.04071801
8200 0.0015418914
8300 0.05388255
8400 0.0004539331
8500 0.023325859
8600 0.1430674
8700 0.0013738943
8800 0.0006135951
8900 0.0090256445
9000 0.00012337853
9100 0.0014724209
9200 0.021428462
9300 0.0013249803
9400 0.10835682
9500 0.00070174714
9600 0.0014030663
9700 0.021489793
9800 0.0024658814
9900 0.008214815
10000 0.0030693274
10100 0.0013984081
10200 2.0210713e-05
10300 0.00017661421
10400 0.0007497424
10500 0.0041582636
10600 0.00013696024
10700 0.0011386983
10800 0.0024569628
10900 0.0019135592
11000 0.0004254746
11100 0.001772362
11200 0.008170837
11300 0.03840242
11400 4.5373017e-05
11500 0.03595512
11600 0.0062052268
11700 4.4314023e-05
11800 0.00055379805
11900 0.0015826114
12000 5.6154866e-05
12100 3.817482e-05
12200 0.0013428599
12300 0.00021889244
12400 0.00017348271
12500 0.0003661125
12600 2.8254055e-05
12700 0.00131695
12800 4.450688e-05
12900 0.0020369936
13000 0.00016095776
13100 0.0005181785
13200 4.701712e-05
13300 0.0033145247
13400 0.00036695844
13500 0.004904082
13600 0.0013695165
13700 0.00010912201
13800 7.200545e-05
13900 1.2147791e-05
14000 1.5145017e-05
14100 0.00011465751
14200 0.00023212311
14300 0.00052639854
14400 0.00014404888
14500 0.00035679858
14600 9.651821e-06
14700 0.000103866434
14800 0.00011214049
14900 9.636742e-06
15000 0.0002501125
15100 0.00091568637
15200 0.00035297475
15300 0.00011801022
15400 8.4799045e-05
15500 0.0012934977
15600 0.0011641432
15700 0.00022121305
15800 0.00017988119
15900 0.0002715826
16000 2.3730181e-05
16100 9.353881e-05
16200 8.3891515e-05
16300 0.0045079286
16400 0.00038533204
16500 0.00025851527
16600 0.000541358
16700 7.887885e-05
