0 9.540207
100 1.7825338
200 1.3286271
300 1.5765193
400 1.1890345
500 1.1850433
600 1.2568274
700 1.2227352
800 1.1101563
900 1.2088292
1000 1.2038664
1100 1.4244928
1200 1.2481245
1300 1.1206076
1400 1.1691648
1500 1.1565778
1600 1.1190912
1700 1.1505127
1800 1.2645502
1900 1.0457277
2000 1.0823059
2100 1.2242208
2200 1.0894864
2300 1.0766604
2400 1.0647278
2500 1.0840918
2600 1.0742524
2700 1.0839493
2800 1.0521218
2900 1.0419667
3000 1.0653636
3100 1.0421834
3200 1.0495925
3300 1.1080756
3400 1.0227962
3500 1.079467
3600 1.1817863
3700 1.0184605
3800 1.0773073
3900 1.0266764
4000 1.0324745
4100 1.0617342
4200 1.0518773
4300 1.1640611
4400 1.0164943
4500 1.1054382
4600 1.0705135
4700 1.0867435
4800 1.081121
4900 1.0444002
5000 1.0426428
5100 1.0372111
5200 1.0358263
5300 1.1393104
5400 1.0129284
5500 1.0738313
5600 1.1074762
5700 1.0126109
5800 1.0103477
5900 1.0335426
6000 1.0757706
6100 1.0811522
6200 1.0386593
6300 1.0858328
6400 1.037616
6500 1.0394871
6600 1.0276387
6700 1.01812
6800 1.0028567
6900 1.0203528
7000 1.0082026
7100 1.0381621
7200 1.0092095
7300 1.0307906
7400 1.0330381
7500 1.0093479
7600 1.0066032
7700 1.0592902
7800 1.0027037
7900 1.0057908
8000 1.0015879
8100 1.1404798
8200 1.0083287
8300 1.0245504
8400 1.0030241
8500 1.0436027
8600 1.0275922
8700 1.0067259
8800 1.0034189
8900 1.0393176
9000 1.0009407
9100 1.0071938
9200 1.0580617
9300 1.007448
9400 1.0104637
9500 1.0049852
9600 1.0080855
9700 1.0568047
9800 1.013793
9900 1.0368681
10000 1.0125446
10100 1.0067842
10200 1.0002074
10300 1.0014368
10400 1.0049024
10500 1.0201049
10600 1.0010622
10700 1.0071847
10800 1.0116608
10900 1.0099164
11000 1.0031145
11100 1.0092845
11200 1.0287187
11300 1.0370271
11400 1.0004305
11500 1.0336418
11600 1.0215269
11700 1.0003893
11800 1.0038059
11900 1.0087273
12000 1.0005139
12100 1.0003393
12200 1.0064394
12300 1.0017605
12400 1.0014113
12500 1.0023522
12600 1.0002468
12700 1.0076236
12800 1.0004172
12900 1.0095208
13000 1.001296
13100 1.0032588
13200 1.0004383
13300 1.0149839
13400 1.002196
13500 1.0193028
13600 1.0072256
13700 1.0008163
13800 1.0006809
13900 1.0001386
14000 1.0001478
14100 1.0008981
14200 1.0016584
14300 1.0032841
14400 1.0010555
14500 1.0026096
14600 1.0001085
14700 1.000864
14800 1.0008417
14900 1.0000994
15000 1.0018172
15100 1.0058084
15200 1.0024824
15300 1.0009279
15400 1.0007002
15500 1.0070058
15600 1.0075387
15700 1.0017252
15800 1.0013757
15900 1.0018322
16000 1.0002482
16100 1.0007725
16200 1.0007174
16300 1.0172901
16400 1.0027177
16500 1.0017409
16600 1.0031188
16700 1.000646
