0 0.025000002
100 0.384375
200 0.44375
300 0.4875
400 0.47500002
500 0.509375
600 0.55
700 0.48125002
800 0.45312503
900 0.509375
1000 0.5125
1100 0.446875
1200 0.48437503
1300 0.49375
1400 0.5
1500 0.546875
1600 0.5
1700 0.47500002
1800 0.54062504
1900 0.55625
2000 0.55
2100 0.503125
2200 0.47500005
2300 0.559375
2400 0.525
2500 0.47812498
2600 0.534375
2700 0.553125
2800 0.54687506
2900 0.55625004
3000 0.5
3100 0.45
3200 0.4875
3300 0.603125
3400 0.515625
3500 0.503125
3600 0.52812505
3700 0.54375005
3800 0.515625
3900 0.5
4000 0.553125
4100 0.5125
4200 0.54999995
4300 0.578125
4400 0.54375005
4500 0.509375
4600 0.57187504
4700 0.56874996
4800 0.60312504
4900 0.56562495
5000 0.6437501
5100 0.50624996
5200 0.50625
5300 0.53749996
5400 0.56875
5500 0.60625005
5600 0.5375
5700 0.52812505
5800 0.525
5900 0.509375
6000 0.50937504
6100 0.515625
6200 0.525
6300 0.52187496
6400 0.5125
6500 0.546875
6600 0.58125
6700 0.534375
6800 0.49062502
6900 0.58125
7000 0.503125
7100 0.509375
7200 0.5625
7300 0.56250006
7400 0.50625
7500 0.521875
7600 0.47500002
7700 0.5375
7800 0.578125
7900 0.52812505
8000 0.534375
8100 0.54687506
8200 0.55937505
8300 0.5625
8400 0.56875
8500 0.51875
8600 0.57187504
8700 0.534375
8800 0.509375
8900 0.528125
9000 0.578125
9100 0.546875
9200 0.52187496
9300 0.525
9400 0.49687502
9500 0.54999995
9600 0.609375
9700 0.59375
9800 0.575
9900 0.5125
10000 0.51874995
10100 0.55625004
10200 0.584375
10300 0.58124995
10400 0.50624996
10500 0.50312495
10600 0.52500004
10700 0.49999997
10800 0.6125
10900 0.596875
11000 0.578125
11100 0.55312496
11200 0.515625
11300 0.503125
11400 0.540625
11500 0.509375
11600 0.54375
11700 0.528125
11800 0.51875
11900 0.534375
12000 0.52812505
12100 0.51875
12200 0.553125
12300 0.546875
12400 0.515625
12500 0.484375
12600 0.55
12700 0.5625
12800 0.521875
12900 0.50937504
13000 0.50624996
13100 0.509375
13200 0.58750004
13300 0.515625
13400 0.553125
13500 0.534375
13600 0.528125
13700 0.52812505
13800 0.51562506
13900 0.525
14000 0.565625
14100 0.53125
14200 0.51875
14300 0.584375
14400 0.5375
14500 0.50624996
14600 0.5375
14700 0.54375005
14800 0.559375
14900 0.5625
15000 0.52812505
15100 0.56875
15200 0.58125
15300 0.578125
15400 0.48749998
15500 0.503125
15600 0.584375
15700 0.56875
15800 0.503125
15900 0.534375
16000 0.596875
16100 0.56874996
16200 0.56875
16300 0.45625
16400 0.5625
16500 0.571875
16600 0.584375
16700 0.546875
16800 0.54375005
16900 0.496875
17000 0.584375
17100 0.60312504
17200 0.528125
17300 0.553125
17400 0.54062504
17500 0.565625
17600 0.615625
17700 0.57500005
17800 0.54375005
17900 0.5375
18000 0.55312496
18100 0.52500004
18200 0.53749996
18300 0.5187501
18400 0.55
18500 0.60625005
18600 0.525
18700 0.546875
18800 0.5875
18900 0.61875004
19000 0.58437496
19100 0.5
19200 0.596875
19300 0.53749996
19400 0.546875
19500 0.56250006
19600 0.59062505
19700 0.546875
19800 0.62812495
19900 0.6125001
20000 0.50937504
20100 0.58125
20200 0.52500004
20300 0.57187504
20400 0.56874996
20500 0.559375
20600 0.54375
20700 0.5875
20800 0.53749996
20900 0.525
21000 0.59374994
21100 0.578125
21200 0.5375
21300 0.54062504
21400 0.578125
21500 0.6
21600 0.515625
21700 0.615625
21800 0.565625
21900 0.578125
22000 0.546875
22100 0.534375
22200 0.56562495
22300 0.55
22400 0.534375
22500 0.56562495
22600 0.603125
22700 0.51250005
22800 0.57500005
22900 0.528125
23000 0.484375
23100 0.603125
23200 0.5375
23300 0.553125
23400 0.603125
23500 0.61875
23600 0.53437495
23700 0.53125
23800 0.54999995
23900 0.57812494
24000 0.55
24100 0.559375
24200 0.59999996
24300 0.590625
24400 0.540625
24500 0.6125
24600 0.571875
24700 0.553125
24800 0.534375
24900 0.53437495
25000 0.58125
25100 0.509375
25200 0.5625
25300 0.609375
25400 0.59375
25500 0.565625
25600 0.603125
25700 0.546875
25800 0.546875
25900 0.540625
26000 0.53125
26100 0.58125
26200 0.55
26300 0.55937505
26400 0.540625
26500 0.534375
26600 0.53125
26700 0.54062504
26800 0.59999996
26900 0.553125
27000 0.5593749
27100 0.6375
27200 0.58750004
27300 0.61875004
27400 0.54062504
27500 0.55625
27600 0.51875
27700 0.5625
27800 0.584375
27900 0.59375
28000 0.6
28100 0.55
28200 0.51875
28300 0.5906249
28400 0.49687502
28500 0.54999995
28600 0.54062504
28700 0.57500005
28800 0.54062504
28900 0.484375
29000 0.5375
29100 0.54375
29200 0.575
29300 0.540625
29400 0.575
29500 0.55625004
29600 0.55312496
29700 0.63125
29800 0.57500005
29900 0.590625
30000 0.5656251
30100 0.57500005
30200 0.525
30300 0.5625
30400 0.52500004
30500 0.52187496
30600 0.553125
30700 0.528125
30800 0.509375
30900 0.5375
31000 0.5187501
31100 0.55625004
31200 0.534375
31300 0.52812505
31400 0.56874996
31500 0.56249994
31600 0.565625
31700 0.6
31800 0.51562494
31900 0.54999995
32000 0.55625004
32100 0.53749996
32200 0.534375
32300 0.56874996
32400 0.571875
32500 0.628125
32600 0.57500005
32700 0.528125
32800 0.53125
32900 0.575
33000 0.59374994
33100 0.525
33200 0.5968751
33300 0.52500004
33400 0.56875
33500 0.52812505
33600 0.553125
33700 0.546875
33800 0.57187504
33900 0.578125
34000 0.58125
34100 0.59375
34200 0.59375006
34300 0.59375
34400 0.571875
34500 0.571875
34600 0.55625
34700 0.52812505
34800 0.559375
34900 0.58437496
35000 0.596875
35100 0.596875
35200 0.578125
35300 0.58124995
35400 0.56874996
35500 0.628125
35600 0.6
35700 0.575
35800 0.55312496
35900 0.553125
36000 0.54375005
36100 0.60625
36200 0.546875
36300 0.58125
36400 0.55625004
36500 0.61875004
36600 0.50312495
36700 0.60625005
36800 0.596875
36900 0.59999996
37000 0.596875
37100 0.571875
37200 0.646875
37300 0.565625
37400 0.59375006
37500 0.571875
37600 0.5875
37700 0.55937505
37800 0.59375
37900 0.59375006
38000 0.546875
38100 0.51875
38200 0.57187504
38300 0.55625
38400 0.56875
38500 0.521875
38600 0.53437495
38700 0.55
38800 0.503125
38900 0.525
39000 0.534375
39100 0.62187505
39200 0.52812505
39300 0.503125
39400 0.55312496
39500 0.578125
39600 0.5656251
39700 0.621875
39800 0.53125
39900 0.553125
40000 0.578125
40100 0.503125
40200 0.5687501
40300 0.55625
40400 0.553125
40500 0.58437496
40600 0.54062504
40700 0.590625
40800 0.490625
40900 0.56875
41000 0.54062504
41100 0.590625
41200 0.584375
41300 0.534375
41400 0.6
41500 0.54375005
41600 0.515625
41700 0.52812505
41800 0.54062504
41900 0.55937505
42000 0.55312496
42100 0.54375
42200 0.58124995
42300 0.559375
42400 0.56875
42500 0.521875
42600 0.571875
42700 0.540625
42800 0.55
42900 0.59687495
43000 0.609375
43100 0.596875
43200 0.5375
43300 0.534375
43400 0.596875
43500 0.5812501
43600 0.559375
43700 0.55
43800 0.64374995
43900 0.6593751
44000 0.559375
44100 0.528125
44200 0.56875
44300 0.5
44400 0.584375
44500 0.640625
44600 0.596875
44700 0.57500005
44800 0.57187504
44900 0.5625
45000 0.55312496
45100 0.540625
45200 0.534375
45300 0.565625
45400 0.521875
45500 0.5375
45600 0.5500001
45700 0.56875
45800 0.590625
45900 0.565625
46000 0.53125
46100 0.484375
46200 0.578125
46300 0.59375006
46400 0.53437495
46500 0.58750004
46600 0.578125
46700 0.54687506
46800 0.6281251
46900 0.546875
47000 0.52500004
47100 0.496875
47200 0.55937505
47300 0.53125
47400 0.565625
47500 0.54687494
47600 0.553125
47700 0.60625
47800 0.55937505
47900 0.53125
48000 0.571875
48100 0.596875
48200 0.50625
48300 0.609375
48400 0.51875
48500 0.50937504
48600 0.55625
48700 0.54062504
48800 0.56562495
48900 0.540625
49000 0.55625004
