0 4.7861876
100 3.037971
200 2.7365632
300 2.4567652
400 2.4072332
500 2.308496
600 2.1965358
700 2.4715407
800 2.5235198
900 2.4653165
1000 2.301611
1100 2.63755
1200 2.4773772
1300 2.5644746
1400 2.3883991
1500 2.2356288
1600 2.3048072
1700 2.49656
1800 2.2578726
1900 2.2435117
2000 2.2022123
2100 2.3319585
2200 2.3839333
2300 2.0478575
2400 2.1159303
2500 2.5097303
2600 2.3104026
2700 2.1562657
2800 2.2825913
2900 2.135698
3000 2.345315
3100 2.3764493
3200 2.3359365
3300 1.8837249
3400 2.21261
3500 2.244906
3600 2.3415742
3700 2.283049
3800 2.3299065
3900 2.3835502
4000 2.2020812
4100 2.2292812
4200 2.09342
4300 1.9326423
4400 2.145629
4500 2.2914934
4600 1.9094021
4700 2.0620375
4800 1.8367269
4900 2.0466385
5000 1.8331714
5100 2.2085707
5200 2.4739912
5300 2.3188324
5400 2.106939
5500 1.8995575
5600 2.1473176
5700 2.0477223
5800 2.2603202
5900 2.2401764
6000 2.3735151
6100 2.276996
6200 2.2291853
6300 2.3237746
6400 2.3499591
6500 2.1011152
6600 1.8640594
6700 2.201155
6800 2.317606
6900 1.9923196
7000 2.275695
7100 2.1980538
7200 2.0901058
7300 2.2262459
7400 2.3398492
7500 2.2678733
7600 2.4757862
7700 1.995892
7800 1.9172734
7900 2.1159627
8000 2.0955894
8100 2.1449683
8200 2.1654353
8300 2.1291637
8400 2.0005503
8500 2.3418944
8600 2.0437849
8700 2.1317437
8800 2.4479854
8900 2.2517002
9000 2.1299424
9100 2.1763985
9200 2.2623398
9300 2.2646098
9400 2.449101
9500 2.1536283
9600 1.9943266
9700 1.943064
9800 2.0454836
9900 2.3210993
10000 2.244242
10100 2.1177285
10200 1.9489005
10300 1.8820479
10400 2.2392123
10500 2.5528765
10600 2.2437322
10700 2.300765
10800 1.7922051
10900 2.0436594
11000 2.0366836
11100 2.2408924
11200 2.130909
11300 2.426161
11400 2.3021572
11500 2.3013127
11600 2.1912909
11700 2.27994
11800 2.347564
11900 2.1352646
12000 2.1781738
12100 2.1773772
12200 2.0745919
12300 2.1150396
12400 2.2748053
12500 2.3786747
12600 2.2024398
12700 2.0059075
12800 2.2622812
12900 2.4144857
13000 2.4195056
13100 2.3513775
13200 1.9521508
13300 2.4247954
13400 2.1871774
13500 2.1849203
13600 2.1954272
13700 2.2821
13800 2.2567673
13900 2.2320824
14000 2.062258
14100 2.1245074
14200 2.344076
14300 2.0435064
14400 2.2495139
14500 2.4875734
14600 2.2255003
14700 2.095877
14800 2.032589
14900 2.1805708
15000 2.2003417
15100 2.0920885
15200 1.8617675
15300 2.035875
15400 2.2778668
15500 2.3999968
15600 2.1088276
15700 2.1709945
15800 2.4692786
15900 2.2606537
16000 1.9365348
16100 2.1262116
16200 2.2147117
16300 2.6712172
16400 2.1876616
16500 2.0464802
16600 1.969411
16700 2.3439965
16800 2.085386
16900 2.3184028
17000 2.0726671
17100 1.9807832
17200 2.0922866
17300 2.1382737
17400 2.1059139
17500 1.945311
17600 1.9036405
17700 1.9964042
17800 2.0743513
17900 2.2276497
18000 2.1242948
18100 2.2916217
18200 2.0880985
18300 2.2974892
18400 2.2163491
18500 1.883419
18600 2.2321653
18700 2.2140317
18800 1.9660646
18900 1.8903229
19000 2.0042603
19100 2.1610756
19200 2.0117192
19300 2.2125287
19400 2.1587112
19500 2.1429536
19600 2.0334373
19700 2.0749135
19800 1.7936957
19900 1.9628402
20000 2.2321045
20100 2.009351
20200 2.126449
20300 1.9114834
20400 1.9890399
20500 2.0335922
20600 2.1464357
20700 1.8990427
20800 2.0515175
20900 2.168003
21000 1.919236
21100 2.0805614
21200 2.2130404
21300 2.141616
21400 2.0530765
21500 1.8515052
21600 2.2419806
21700 1.8526314
21800 2.0189836
21900 2.0393763
22000 2.2187903
22100 2.1091251
22200 2.1312497
22300 2.0905006
22400 2.1924994
22500 1.9102721
22600 1.9355915
22700 2.1374614
22800 1.9014187
22900 2.2437599
23000 2.4535372
23100 1.9441125
23200 2.1713245
23300 2.1131554
23400 1.8386332
23500 1.8209422
23600 2.1950612
23700 2.0594423
23800 2.1180918
23900 1.9562564
24000 2.1352675
24100 2.1036963
24200 1.8858603
24300 2.0236502
24400 2.315502
24500 1.8257005
24600 2.0686057
24700 2.013196
24800 2.0403504
24900 2.1753654
25000 1.9351941
25100 2.1454833
25200 1.9780883
25300 1.8807075
25400 1.936439
25500 2.0680206
25600 1.9994988
25700 2.2440968
25800 2.0446172
25900 2.1443293
26000 2.1841238
26100 2.042344
26200 1.9829407
26300 2.0560386
26400 2.0806768
26500 2.0804825
26600 2.2409923
26700 2.151575
26800 1.8959252
26900 2.1904528
27000 2.0610147
27100 1.8966904
27200 2.0329337
27300 1.9496074
27400 2.1518388
27500 2.0407271
27600 2.243237
27700 1.9599757
27800 2.1159093
27900 2.016904
28000 1.9146364
28100 2.0993397
28200 2.3306177
28300 1.8712902
28400 2.4844556
28500 2.0622764
28600 2.1723833
28700 1.8954191
28800 2.3056502
28900 2.4091723
29000 2.0185537
29100 2.1540933
29200 1.9787561
29300 2.0974095
29400 1.8597643
29500 2.160375
29600 2.1601226
29700 1.7799436
29800 2.001547
29900 1.934714
30000 2.1060848
30100 1.935037
30200 2.0875065
30300 1.8825237
30400 2.2958033
30500 2.1648464
30600 2.032697
30700 2.2138562
30800 2.3992174
30900 1.9643114
31000 2.2934377
31100 1.9831483
31200 2.182918
31300 2.1830676
31400 2.0569098
31500 2.0471942
31600 2.070274
31700 1.9124141
31800 2.144769
31900 1.9833853
32000 2.1724067
32100 2.243801
32200 2.1178775
32300 1.8930099
32400 1.9599848
32500 1.8494166
32600 1.8887881
32700 2.2547944
32800 2.1005144
32900 2.1322033
33000 1.8265326
33100 2.197754
33200 1.8472604
33300 2.1500854
33400 2.019753
33500 2.2358654
33600 2.112113
33700 2.1871028
33800 2.0193238
33900 2.0648372
34000 2.1135178
34100 1.938544
34200 1.9475853
34300 1.9692774
34400 1.9364375
34500 1.9240052
34600 2.142307
34700 2.112808
34800 2.0923848
34900 1.9878745
35000 1.9498864
35100 1.9086889
35200 1.9322263
35300 1.8833516
35400 2.0813446
35500 1.8585231
35600 1.8401744
35700 1.905846
35800 1.970839
35900 2.223847
36000 2.0800688
36100 1.8504838
36200 2.0201912
36300 2.0091372
36400 2.1659617
36500 1.8647618
36600 2.3420165
36700 1.9461572
36800 1.7881287
36900 1.8915837
37000 1.8565375
37100 1.9991431
37200 1.6888653
37300 1.9540242
37400 2.025962
37500 1.9725772
37600 1.9024618
37700 2.1324177
37800 1.8004373
37900 1.9611692
38000 2.1560712
38100 2.2734978
38200 2.165981
38300 2.0183914
38400 2.059158
38500 2.260934
38600 2.3060853
38700 2.1746051
38800 2.3745174
38900 2.258432
39000 2.117095
39100 1.7991107
39200 2.2211483
39300 2.2240942
39400 2.190384
39500 2.1184669
39600 2.1374717
39700 1.8260194
39800 2.1091812
39900 2.1330545
40000 2.0258827
40100 2.3384776
40200 2.1183522
40300 2.039769
40400 2.1517754
40500 1.9144204
40600 2.1313102
40700 1.9332716
40800 2.2885115
40900 2.009989
41000 2.0782359
41100 1.965215
41200 1.9370472
41300 2.2795496
41400 1.860713
41500 2.1821933
41600 2.2079182
41700 2.2874086
41800 2.1894474
41900 2.1219232
42000 2.0567946
42100 2.0679548
42200 2.0506825
42300 2.1385894
42400 1.9093758
42500 2.2632883
42600 1.8105952
42700 2.1143146
42800 2.0115974
42900 2.0746777
43000 1.8731183
43100 2.06974
43200 2.1936085
43300 2.0888405
43400 1.925044
43500 2.1264713
43600 2.024677
43700 2.1286795
43800 1.7127037
43900 1.6312909
44000 1.9292959
44100 2.209018
44200 2.1000636
44300 2.1933599
44400 1.8700441
44500 1.7365144
44600 1.8863254
44700 2.1340814
44800 1.9840288
44900 1.9837624
45000 2.0134406
45100 2.1325285
45200 2.1484134
45300 1.9792283
45400 2.3322864
45500 2.0709248
45600 2.1280935
45700 1.9682014
45800 1.9779241
45900 2.024906
46000 2.1954043
46100 2.4331985
46200 1.829867
46300 1.8573717
46400 2.343112
46500 1.9597255
46600 2.0730467
46700 2.1374006
46800 1.911324
46900 1.9364185
47000 2.0731509
47100 2.4386475
47200 2.1467407
47300 2.180218
47400 1.9741137
47500 2.094634
47600 2.0438309
47700 1.8171768
47800 2.2293563
47900 2.1954997
48000 2.062037
48100 1.9576863
48200 2.3311892
48300 1.8814106
48400 2.3362644
48500 2.4256074
48600 2.1430755
48700 2.1971745
48800 2.0848598
48900 2.1998882
49000 2.1639745
