0 3.3175325
100 2.105761
200 1.896841
300 1.7028999
400 1.668567
500 1.6001275
600 1.5225226
700 1.7131414
800 1.7491705
900 1.7088271
1000 1.5953552
1100 1.8282105
1200 1.717187
1300 1.7775583
1400 1.6555121
1500 1.5496198
1600 1.5975705
1700 1.7304835
1800 1.565038
1900 1.5550838
2000 1.5264573
2100 1.6163905
2200 1.6524167
2300 1.4194667
2400 1.4666512
2500 1.7396126
2600 1.6014491
2700 1.4946095
2800 1.5821718
2900 1.4803531
3000 1.6256485
3100 1.6472292
3200 1.6191478
3300 1.3056986
3400 1.5336645
3500 1.5560503
3600 1.6230556
3700 1.582489
3800 1.6149681
3900 1.6521511
4000 1.5263664
4100 1.5452199
4200 1.4510483
4300 1.3396056
4400 1.4872366
4500 1.5883422
4600 1.3234967
4700 1.4292955
4800 1.2731221
4900 1.4186218
5000 1.2706575
5100 1.5308646
5200 1.7148399
5300 1.6072922
5400 1.4604188
5500 1.3166729
5600 1.4884073
5700 1.4193729
5800 1.5667346
5900 1.552772
6000 1.6451954
6100 1.5782933
6200 1.5451536
6300 1.6107178
6400 1.6288676
6500 1.456382
6600 1.2920675
6700 1.5257244
6800 1.606442
6900 1.3809707
7000 1.5773916
7100 1.5235748
7200 1.448751
7300 1.5431161
7400 1.6218599
7500 1.57197
7600 1.7160842
7700 1.3834469
7800 1.3289527
7900 1.4666736
8000 1.4525518
8100 1.4867787
8200 1.5009654
8300 1.4758239
8400 1.3866758
8500 1.6232774
8600 1.4166437
8700 1.4776121
8800 1.6968142
8900 1.5607595
9000 1.4763637
9100 1.5085645
9200 1.5681344
9300 1.5697079
9400 1.6975874
9500 1.4927814
9600 1.3823619
9700 1.3468293
9800 1.4178212
9900 1.6088634
10000 1.55559
10100 1.4678975
10200 1.3508749
10300 1.3045362
10400 1.5521038
10500 1.7695191
10600 1.5552367
10700 1.5947688
10800 1.2422619
10900 1.4165567
11000 1.4117215
11100 1.5532682
11200 1.4770336
11300 1.6816866
11400 1.5957338
11500 1.5951483
11600 1.518887
11700 1.5803338
11800 1.6272073
11900 1.4800526
12000 1.5097951
12100 1.5092429
12200 1.4379976
12300 1.4660337
12400 1.5767748
12500 1.6487718
12600 1.5266149
12700 1.3903891
12800 1.5680939
12900 1.6735939
13000 1.6770735
13100 1.6298507
13200 1.3531278
13300 1.6807401
13400 1.5160358
13500 1.5144713
13600 1.5217541
13700 1.5818311
13800 1.5642718
13900 1.5471616
14000 1.4294482
14100 1.4725964
14200 1.6247896
14300 1.4164506
14400 1.5592442
14500 1.7242545
14600 1.5425993
14700 1.4527512
14800 1.4088833
14900 1.5114566
15000 1.5251607
15100 1.4501252
15200 1.290479
15300 1.4111611
15400 1.578897
15500 1.663551
15600 1.4617279
15700 1.5048187
15800 1.7115735
15900 1.5669658
16000 1.3423036
16100 1.4737777
16200 1.5351211
16300 1.8515466
16400 1.5163715
16500 1.418512
16600 1.3650917
16700 1.6247346
16800 1.4454794
16900 1.6069943
17000 1.4366634
17100 1.3729743
17200 1.4502625
17300 1.4821384
17400 1.4597082
17500 1.3483868
17600 1.3195031
17700 1.3838019
17800 1.4378308
17900 1.5440891
18000 1.472449
18100 1.5884311
18200 1.4473597
18300 1.5924981
18400 1.5362562
18500 1.3054866
18600 1.547219
18700 1.5346498
18800 1.3627721
18900 1.310272
19000 1.3892474
19100 1.4979435
19200 1.3944175
19300 1.5336081
19400 1.4963045
19500 1.4853823
19600 1.4094713
19700 1.4382205
19800 1.2432951
19900 1.3605372
20000 1.547177
20100 1.392776
20200 1.4739423
20300 1.3249394
20400 1.3786974
20500 1.4095788
20600 1.487796
20700 1.3163161
20800 1.4220036
20900 1.5027453
21000 1.330313
21100 1.4421352
21200 1.5339627
21300 1.4844551
21400 1.4230843
21500 1.2833656
21600 1.5540224
21700 1.2841463
21800 1.3994528
21900 1.4135879
22000 1.5379483
22100 1.4619342
22200 1.4772698
22300 1.4490247
22400 1.5197247
22500 1.3240998
22600 1.3416498
22700 1.4815754
22800 1.317963
22900 1.5552559
23000 1.7006625
23100 1.3475561
23200 1.5050474
23300 1.4647276
23400 1.2744434
23500 1.2621809
23600 1.5215005
23700 1.4274967
23800 1.4681493
23900 1.3559736
24000 1.4800546
24100 1.4581711
24200 1.3071787
24300 1.4026874
24400 1.6049837
24500 1.2654792
24600 1.4338481
24700 1.395441
24800 1.4142631
24900 1.5078485
25000 1.3413744
25100 1.4871356
25200 1.3711063
25300 1.3036071
25400 1.3422372
25500 1.4334426
25600 1.385947
25700 1.5554893
25800 1.4172206
25900 1.4863359
26000 1.5139192
26100 1.4156451
26200 1.3744698
26300 1.4251374
26400 1.4422152
26500 1.4420805
26600 1.5533375
26700 1.4913583
26800 1.3141552
26900 1.5183063
27000 1.4285865
27100 1.3146856
27200 1.4091223
27300 1.3513649
27400 1.4915409
27500 1.4145242
27600 1.5548934
27700 1.3585516
27800 1.4666365
27900 1.3980113
28000 1.3271248
28100 1.4551514
28200 1.6154611
28300 1.2970796
28400 1.7220935
28500 1.4294611
28600 1.5057813
28700 1.3138044
28800 1.598155
28900 1.669911
29000 1.3991549
29100 1.4931037
29200 1.3715692
29300 1.4538134
29400 1.2890904
29500 1.497458
29600 1.4972829
29700 1.2337629
29800 1.3873667
29900 1.3410416
30000 1.4598268
30100 1.3412654
30200 1.4469492
30300 1.304866
30400 1.5913296
30500 1.5005572
30600 1.4089582
30700 1.5345281
30800 1.6630108
30900 1.3615569
31000 1.58969
31100 1.3746136
31200 1.5130835
31300 1.513187
31400 1.4257412
31500 1.419007
31600 1.4350047
31700 1.3255844
31800 1.4866406
31900 1.3747779
32000 1.5057976
32100 1.5552844
32200 1.4680009
32300 1.3121345
32400 1.3585579
32500 1.2819179
32600 1.3092082
32700 1.5629044
32800 1.4559656
32900 1.4779308
33000 1.266056
33100 1.5233669
33200 1.2804233
33300 1.4903257
33400 1.399986
33500 1.5497837
33600 1.4640052
33700 1.515984
33800 1.3996886
33900 1.431236
34000 1.4649789
34100 1.3436964
34200 1.3499633
34300 1.364999
34400 1.3422362
34500 1.3336188
34600 1.4849341
34700 1.4644868
34800 1.4503306
34900 1.3778896
35000 1.3515583
35100 1.3230023
35200 1.3393172
35300 1.3054398
35400 1.4426781
35500 1.2882301
35600 1.2755117
35700 1.3210318
35800 1.3660815
35900 1.5414532
36000 1.4417939
36100 1.2826576
36200 1.4002899
36300 1.3926277
36400 1.5013303
36500 1.2925544
36600 1.6233622
36700 1.3489734
36800 1.2394364
36900 1.3111459
37000 1.2868537
37100 1.3857005
37200 1.1706322
37300 1.3544264
37400 1.40429
37500 1.3672863
37600 1.318686
37700 1.4780793
37800 1.2479681
37900 1.3593789
38000 1.4944746
38100 1.5758686
38200 1.5013437
38300 1.3990422
38400 1.4272996
38500 1.5671601
38600 1.5984565
38700 1.5073214
38800 1.6458901
38900 1.5654258
39000 1.4674584
39100 1.2470485
39200 1.5395826
39300 1.5416247
39400 1.5182585
39500 1.4684093
39600 1.4815824
39700 1.2657002
39800 1.461973
39900 1.4785206
40000 1.4042349
40100 1.6209092
40200 1.4683299
40300 1.4138601
40400 1.491497
40500 1.3269751
40600 1.4773116
40700 1.3400418
40800 1.5862753
40900 1.3932182
41000 1.4405234
41100 1.3621832
41200 1.3426589
41300 1.5800635
41400 1.289748
41500 1.5125811
41600 1.5304122
41700 1.5855108
41800 1.5176092
41900 1.4708052
42000 1.4256614
42100 1.433397
42200 1.4214249
42300 1.4823573
42400 1.3234785
42500 1.5687919
42600 1.2550089
42700 1.4655311
42800 1.394333
42900 1.4380571
43000 1.2983466
43100 1.4346344
43200 1.5204935
43300 1.4478738
43400 1.3343388
43500 1.4739577
43600 1.4033992
43700 1.4754882
43800 1.1871557
43900 1.1307247
44000 1.337286
44100 1.5311745
44200 1.4556532
44300 1.5203211
44400 1.2962158
44500 1.2036601
44600 1.3075011
44700 1.4792325
44800 1.375224
44900 1.3750393
45000 1.3956107
45100 1.4781561
45200 1.4891667
45300 1.3718965
45400 1.6166178
45500 1.4354557
45600 1.475082
45700 1.3642533
45800 1.3709925
45900 1.4035578
46000 1.5217383
46100 1.6865647
46200 1.2683672
46300 1.287432
46400 1.6241215
46500 1.3583782
46600 1.4369265
46700 1.4815332
46800 1.3248289
46900 1.342223
47000 1.4369986
47100 1.6903417
47200 1.4880072
47300 1.5112119
47400 1.3683513
47500 1.4518896
47600 1.4166756
47700 1.259571
47800 1.5452721
47900 1.5218045
48000 1.4292951
48100 1.3569647
48200 1.6158571
48300 1.3040944
48400 1.619375
48500 1.6813029
48600 1.4854667
48700 1.5229653
48800 1.4451147
48900 1.5248463
49000 1.4999529
