0 26.854736
100 10.115141
200 8.990541
300 8.190102
400 8.024026
500 7.298384
600 7.2255983
700 7.425107
800 7.4260206
900 7.2357655
1000 6.946721
1100 7.5063953
1200 7.319853
1300 7.0658336
1400 7.1926994
1500 7.0164685
1600 7.083913
1700 7.070531
1800 6.8632636
1900 6.546397
2000 6.741853
2100 6.889573
2200 6.843024
2300 6.124879
2400 6.3268776
2500 7.4479017
2600 6.152114
2700 6.5915685
2800 6.541678
2900 6.347128
3000 6.6792736
3100 6.5518603
3200 6.5315433
3300 6.1661696
3400 6.6097894
3500 6.682974
3600 6.0766697
3700 6.269537
3800 6.95871
3900 6.4406857
4000 6.645069
4100 6.646979
4200 6.445525
4300 6.1856413
4400 6.466468
4500 6.251896
4600 5.715272
4700 6.3931894
4800 5.9905834
4900 6.204145
5000 6.2306137
5100 6.5241556
5200 6.545124
5300 6.530781
5400 6.282191
5500 6.138387
5600 6.20731
5700 6.5661716
5800 6.164105
5900 5.9822216
6000 6.894663
6100 6.467689
6200 6.474331
6300 6.1162434
6400 6.691388
6500 6.0975475
6600 5.9707594
6700 6.783616
6800 6.6184425
6900 6.5767536
7000 6.5941534
7100 6.421531
7200 6.4713016
7300 6.223126
7400 6.464336
7500 6.427976
7600 6.81777
7700 6.14054
7800 6.1731224
7900 6.064651
8000 6.0849423
8100 6.199362
8200 6.302658
8300 6.21274
8400 5.825264
8500 6.507284
8600 6.3910184
8700 6.512149
8800 6.511834
8900 6.4087267
9000 6.385104
9100 5.991752
9200 6.5063605
9300 6.6994295
9400 6.4041657
9500 6.2862086
9600 5.9719057
9700 6.0926414
9800 5.9453745
9900 6.7364464
10000 6.589507
10100 6.217026
10200 6.301229
10300 5.9319005
10400 6.465917
10500 6.707405
10600 6.6621714
10700 6.721062
10800 5.668871
10900 6.4934945
11000 6.142959
11100 6.7343717
11200 6.390135
11300 6.6587324
11400 6.463959
11500 6.866096
11600 6.0836244
11700 6.548748
11800 6.449335
11900 6.1324997
12000 6.1912007
12100 6.1875134
12200 5.8234987
12300 6.1829057
12400 6.1278014
12500 6.6888504
12600 6.0633087
12700 5.66253
12800 6.152769
12900 6.3688693
13000 6.8410015
13100 6.2941456
13200 6.157216
13300 6.694687
13400 6.28885
13500 6.4966145
13600 6.3340225
13700 6.2729115
13800 6.341962
13900 6.2100544
14000 6.0248137
14100 6.209298
14200 6.705989
14300 6.37181
14400 5.545356
14500 6.5604444
14600 6.337266
14700 5.9840097
14800 6.200403
14900 6.4402037
15000 6.480838
15100 5.759036
15200 6.078279
15300 5.9950094
15400 6.7890935
15500 6.676841
15600 6.1400676
15700 6.167777
15800 6.69209
15900 6.684171
16000 6.0531673
16100 6.06622
16200 6.2633243
16300 7.3718386
16400 6.160971
16500 6.594686
16600 6.1252475
16700 6.3806605
16800 6.603819
16900 6.9899664
17000 6.115677
17100 6.3074355
17200 6.014307
17300 6.5389543
17400 6.5516725
17500 6.0092
17600 5.714913
17700 6.095648
17800 6.322139
17900 6.0709724
18000 6.034254
18100 6.501569
18200 6.1250734
18300 6.487464
18400 6.142454
18500 5.9684668
18600 6.221217
18700 6.2202387
18800 6.136818
18900 5.855399
19000 6.1372533
19100 6.349773
19200 6.3744993
19300 6.187779
19400 6.8223934
19500 6.414159
19600 5.630016
19700 6.21607
19800 5.7073917
19900 6.5380487
20000 6.8123183
20100 6.4691606
20200 6.391673
20300 5.9743648
20400 6.041122
20500 6.3050413
20600 6.4024506
20700 6.176335
20800 6.1453557
20900 6.4122634
21000 6.2604027
21100 6.1219344
21200 6.306813
21300 6.2981896
21400 6.0913835
21500 6.1247354
21600 6.563516
21700 5.8098683
21800 6.13265
21900 5.9067893
22000 6.3757215
22100 6.253993
22200 6.2526226
22300 6.2818456
22400 6.4068427
22500 6.00196
22600 6.057259
22700 6.209893
22800 6.11294
22900 6.342905
23000 6.350032
23100 6.1261015
23200 6.598365
23300 5.9746733
23400 5.552995
23500 6.0401506
23600 6.4466662
23700 6.2401333
23800 5.881751
23900 6.0503774
24000 6.3812904
24100 6.1826715
24200 6.21993
24300 6.4720635
24400 6.243101
24500 5.941088
24600 6.2845163
24700 5.9690833
24800 6.35489
24900 6.351587
25000 5.622828
25100 6.460378
25200 5.6490335
25300 5.662404
25400 5.7421927
25500 6.387947
25600 5.995474
25700 6.1485333
25800 6.274417
25900 6.4378963
26000 6.2080736
26100 6.101059
26200 5.7715616
26300 6.033863
26400 6.1203256
26500 5.9444857
26600 6.289933
26700 6.373045
26800 6.245414
26900 5.986356
27000 6.198655
27100 5.8354387
27200 6.1230454
27300 6.2588964
27400 6.4095583
27500 6.178336
27600 6.569618
27700 6.0586534
27800 5.7964597
27900 5.999227
28000 6.2168913
28100 6.3757467
28200 6.558119
28300 5.9803476
28400 6.992382
28500 6.2216234
28600 6.272273
28700 6.08426
28800 6.773531
28900 6.6381297
29000 6.0440416
29100 6.3158236
29200 6.3747983
29300 6.196447
29400 6.064556
29500 6.108684
29600 5.9013844
29700 6.020648
29800 6.210221
29900 6.2086983
30000 6.460179
30100 6.0085907
30200 6.000162
30300 5.966519
30400 6.4496355
30500 6.2151484
30600 6.328002
30700 6.6328373
30800 6.455595
30900 5.934241
31000 6.241839
31100 6.0445642
31200 6.297072
31300 6.524358
31400 6.1731577
31500 6.1790867
31600 5.9430237
31700 5.8355336
31800 5.928561
31900 6.4787483
32000 6.4525433
32100 6.0743537
32200 6.1741405
32300 5.6644907
32400 6.2336025
32500 5.685624
32600 6.001543
32700 6.5575037
32800 6.0767164
32900 6.0393066
33000 5.912176
33100 6.576868
33200 5.754998
33300 5.7902174
33400 6.2827315
33500 6.0915127
33600 6.2467575
33700 6.643565
33800 5.8950505
33900 5.8206124
34000 5.960452
34100 6.1115856
34200 5.9495926
34300 5.984345
34400 5.696943
34500 5.89229
34600 6.410602
34700 6.092064
34800 6.1478195
34900 6.285896
35000 5.8564577
35100 5.833413
35200 6.033689
35300 5.932137
35400 6.2391763
35500 5.7082696
35600 5.9153366
35700 5.5235224
35800 6.3520594
35900 5.681335
36000 5.9146266
36100 5.992473
36200 5.9769163
36300 5.9844127
36400 6.47598
36500 6.000817
36600 6.691307
36700 5.642633
36800 5.5894384
36900 5.8997555
37000 6.0453706
37100 5.963968
37200 5.568783
37300 6.0906568
37400 5.773269
37500 6.159964
37600 6.1138687
37700 5.9504046
37800 5.5791254
37900 5.8538284
38000 5.9591255
38100 6.178998
38200 6.1044717
38300 5.9160013
38400 5.901595
38500 6.460702
38600 6.3062572
38700 6.219658
38800 6.2063875
38900 6.386486
39000 5.819335
39100 5.6565523
39200 6.401771
39300 6.1340985
39400 5.89395
39500 5.8299685
39600 6.2559557
39700 5.8749795
39800 5.996911
39900 6.2484303
40000 5.9835124
40100 5.7323093
40200 6.0958567
40300 6.3006396
40400 6.313087
40500 6.086441
40600 6.3349304
40700 6.1038322
40800 6.2822824
40900 5.884695
41000 6.2957916
41100 5.8069086
41200 6.006278
41300 6.0230894
41400 6.0697994
41500 6.6838217
41600 6.450133
41700 6.4371347
41800 6.4413395
41900 6.267086
42000 6.2559934
42100 5.673602
42200 5.889796
42300 5.948943
42400 6.076097
42500 6.582937
42600 5.7609577
42700 6.128574
42800 6.064102
42900 5.86394
43000 5.69687
43100 5.886003
43200 6.109087
43300 6.232249
43400 6.150884
43500 6.0945287
43600 6.158712
43700 5.952664
43800 5.3123007
43900 5.4988914
44000 6.0283346
44100 6.270125
44200 6.1148133
44300 6.6030884
44400 6.009843
44500 5.867809
44600 5.9614277
44700 6.046748
44800 5.967353
44900 5.91143
45000 6.16335
45100 6.1714687
45200 6.030818
45300 6.003275
45400 6.5011554
45500 6.1073594
45600 6.410574
45700 6.0094147
45800 5.7729955
45900 5.9604645
46000 6.132376
46100 6.1998954
46200 5.8260746
46300 6.088421
46400 6.161217
46500 6.181912
46600 6.1164885
46700 6.400813
46800 5.8186536
46900 5.7589946
47000 6.544835
47100 6.5500793
47200 6.163895
47300 6.195653
47400 5.93281
47500 6.5741982
47600 6.230868
47700 5.94944
47800 6.079185
47900 6.4716673
48000 6.001854
48100 5.491452
48200 6.7234817
48300 5.7526755
48400 6.2899203
48500 6.583083
48600 6.283422
48700 6.0199537
48800 5.7896724
48900 6.0165296
49000 6.0695686
