0 0.09375
100 0.3125
200 0.28125
300 0.40625
400 0.40625
500 0.375
600 0.4375
700 0.5625
800 0.5
900 0.46875
1000 0.53125
1100 0.34375
1200 0.28125
1300 0.40625
1400 0.4375
1500 0.40625
1600 0.40625
1700 0.375
1800 0.34375
1900 0.5625
2000 0.4375
2100 0.59375
2200 0.375
2300 0.40625
2400 0.5
2500 0.4375
2600 0.5625
2700 0.40625
2800 0.53125
2900 0.46875
3000 0.65625
3100 0.4375
3200 0.59375
3300 0.625
3400 0.5625
3500 0.53125
3600 0.59375
3700 0.5
3800 0.5625
3900 0.46875
4000 0.40625
4100 0.5625
4200 0.65625
4300 0.5
4400 0.46875
4500 0.59375
4600 0.53125
4700 0.59375
4800 0.46875
4900 0.53125
5000 0.5625
5100 0.59375
5200 0.5625
5300 0.4375
5400 0.625
5500 0.4375
5600 0.5625
5700 0.5625
5800 0.5
5900 0.5625
6000 0.53125
6100 0.5
6200 0.46875
6300 0.53125
6400 0.5
6500 0.5
6600 0.5
6700 0.59375
6800 0.5
6900 0.5625
7000 0.5625
7100 0.5625
7200 0.46875
7300 0.625
7400 0.4375
7500 0.59375
7600 0.59375
7700 0.65625
7800 0.53125
7900 0.65625
8000 0.5625
8100 0.6875
8200 0.5
8300 0.53125
8400 0.65625
8500 0.59375
8600 0.4375
8700 0.5
8800 0.375
8900 0.5625
9000 0.53125
9100 0.65625
9200 0.65625
9300 0.6875
9400 0.59375
9500 0.625
9600 0.65625
9700 0.625
9800 0.59375
9900 0.625
10000 0.59375
10100 0.59375
10200 0.625
10300 0.59375
10400 0.59375
10500 0.78125
10600 0.375
10700 0.6875
10800 0.65625
10900 0.5625
11000 0.59375
11100 0.5625
11200 0.625
11300 0.5
11400 0.625
11500 0.625
11600 0.53125
11700 0.65625
11800 0.71875
11900 0.65625
12000 0.65625
12100 0.78125
12200 0.59375
12300 0.5
12400 0.65625
12500 0.625
12600 0.75
12700 0.6875
12800 0.65625
12900 0.59375
13000 0.53125
13100 0.6875
13200 0.6875
13300 0.6875
13400 0.65625
13500 0.78125
13600 0.5625
13700 0.625
13800 0.59375
13900 0.75
14000 0.5
14100 0.875
14200 0.5625
14300 0.53125
14400 0.53125
14500 0.75
14600 0.71875
14700 0.71875
14800 0.78125
14900 0.65625
15000 0.78125
15100 0.65625
15200 0.78125
15300 0.6875
15400 0.59375
15500 0.625
15600 0.71875
15700 0.71875
15800 0.625
15900 0.71875
16000 0.65625
16100 0.8125
16200 0.65625
16300 0.71875
16400 0.65625
16500 0.6875
16600 0.625
16700 0.625
16800 0.75
16900 0.71875
17000 0.84375
17100 0.75
17200 0.6875
17300 0.84375
17400 0.53125
17500 0.8125
17600 0.6875
17700 0.5
17800 0.75
17900 0.78125
18000 0.59375
18100 0.65625
18200 0.59375
18300 0.5625
18400 0.6875
18500 0.71875
18600 0.625
18700 0.8125
18800 0.78125
18900 0.71875
19000 0.6875
19100 0.65625
19200 0.8125
19300 0.75
19400 0.6875
19500 0.8125
19600 0.6875
19700 0.75
19800 0.71875
19900 0.625
20000 0.625
20100 0.59375
20200 0.78125
20300 0.9375
20400 0.625
20500 0.71875
20600 0.71875
20700 0.875
20800 0.71875
20900 0.59375
21000 0.71875
21100 0.75
21200 0.75
21300 0.71875
21400 0.6875
21500 0.6875
21600 0.6875
21700 0.75
21800 0.8125
21900 0.59375
22000 0.71875
22100 0.6875
22200 0.71875
22300 0.71875
22400 0.59375
22500 0.8125
22600 0.875
22700 0.75
22800 0.875
22900 0.65625
23000 0.6875
23100 0.84375
23200 0.75
23300 0.8125
23400 0.75
23500 0.71875
23600 0.65625
23700 0.71875
23800 0.75
23900 0.8125
24000 0.90625
24100 0.6875
24200 0.8125
24300 0.71875
24400 0.75
24500 0.84375
24600 0.625
24700 0.71875
24800 0.71875
24900 0.75
25000 0.71875
25100 0.65625
25200 0.84375
25300 0.75
25400 0.6875
25500 0.84375
25600 0.6875
25700 0.75
25800 0.8125
25900 0.875
26000 0.71875
26100 0.75
26200 0.65625
