0 3.32193
100 3.19196
200 2.79609
300 2.18141
400 2.42841
500 2.38173
600 2.12369
700 2.17628
800 1.94862
900 2.19839
1000 2.29557
1100 2.42376
1200 2.85126
1300 2.40207
1400 2.48453
1500 2.161
1600 2.18495
1700 2.40175
1800 2.2734
1900 1.84128
2000 2.02971
2100 1.39132
2200 2.2389
2300 2.19155
2400 1.88157
2500 2.00237
2600 1.71674
2700 2.62746
2800 1.91996
2900 2.34023
3000 1.63184
3100 2.3361
3200 1.66956
3300 1.95049
3400 1.65697
3500 2.08499
3600 1.92216
3700 1.96992
3800 1.85176
3900 1.92001
4000 2.27902
4100 1.88686
4200 1.43384
4300 1.9565
4400 2.2094
4500 2.03396
4600 2.16157
4700 1.97256
4800 1.84633
4900 1.95414
5000 1.72121
5100 1.80509
5200 1.78688
5300 2.35208
5400 1.81573
5500 2.15961
5600 2.0951
5700 1.73404
5800 2.21881
5900 1.95375
6000 1.95755
6100 1.89507
6200 2.14561
6300 1.73405
6400 2.31346
6500 2.07563
6600 1.91142
6700 1.63441
6800 1.73835
6900 1.94957
7000 2.07141
7100 1.72268
7200 1.64981
7300 1.59235
7400 2.23496
7500 1.96556
7600 1.40207
7700 1.44165
7800 2.13226
7900 1.25185
8000 1.74584
8100 1.44978
8200 1.74451
8300 1.65235
8400 1.75176
8500 1.63674
8600 2.26381
8700 2.24189
8800 2.38273
8900 1.67995
9000 1.67515
9100 1.41979
9200 1.38212
9300 1.25578
9400 1.86406
9500 1.41528
9600 1.34672
9700 1.80966
9800 1.62374
9900 1.89869
10000 1.83014
10100 1.5853
10200 1.63852
10300 1.50302
10400 1.57816
10500 1.03713
10600 2.36421
10700 1.35047
10800 1.3709
10900 1.82527
11000 1.77966
11100 2.13956
11200 1.76545
11300 2.2153
11400 1.40383
11500 1.66618
11600 1.76833
11700 1.53124
11800 1.44781
11900 1.21479
12000 1.43881
12100 1.3775
12200 1.67115
12300 1.95311
12400 1.66788
12500 1.36674
12600 1.51758
12700 1.27664
12800 1.45355
12900 1.40069
13000 1.61369
13100 1.41708
13200 1.43106
13300 1.26977
13400 1.16353
13500 1.61637
13600 1.66914
13700 1.41381
13800 1.38758
13900 1.21667
14000 1.69042
14100 0.966778
14200 1.46469
14300 1.64702
14400 1.59755
14500 1.02672
14600 1.61199
14700 1.3141
14800 1.06311
14900 1.64178
15000 1.13597
15100 1.502
15200 1.05075
15300 1.54033
15400 1.43898
15500 1.3636
15600 1.52054
15700 0.991652
15800 1.55311
15900 1.28015
16000 1.60584
16100 1.22571
16200 1.30245
16300 1.42355
16400 1.47693
16500 1.2215
16600 1.44368
16700 1.5086
16800 1.40875
16900 0.819637
17000 0.995131
17100 1.19991
17200 1.32702
17300 0.992785
17400 1.90377
17500 1.21873
17600 1.15291
17700 1.65246
17800 1.27361
17900 1.10905
18000 1.67457
18100 1.52047
18200 1.74612
18300 1.97302
18400 1.47421
18500 1.5592
18600 1.27979
18700 1.05566
18800 1.20769
18900 1.14175
19000 1.27194
19100 1.34365
19200 1.2201
19300 1.35049
19400 1.38699
19500 1.07592
19600 1.42945
19700 1.22045
19800 1.22013
19900 1.36591
20000 1.39324
20100 1.38271
20200 1.12846
20300 0.95775
20400 1.47177
20500 1.37895
20600 1.15831
20700 0.941621
20800 1.14061
20900 1.74752
21000 1.17517
21100 1.04775
21200 1.1378
21300 1.16453
21400 1.42684
21500 1.19357
21600 1.34263
21700 0.98674
21800 1.12345
21900 1.31639
22000 1.27396
22100 1.11407
22200 1.07429
22300 1.36277
22400 1.55292
22500 0.982302
22600 1.03154
22700 1.21026
22800 0.832926
22900 1.5225
23000 1.36937
23100 0.97042
23200 1.23339
23300 0.982758
23400 1.19821
23500 1.12056
23600 1.36283
23700 1.2779
23800 1.31744
23900 0.987179
24000 0.930834
24100 1.32291
24200 0.87586
24300 1.44339
24400 1.25342
24500 1.18122
24600 1.35415
24700 1.36335
24800 1.3028
24900 0.951245
25000 1.50821
25100 1.18799
25200 0.972577
25300 1.15581
25400 1.2936
25500 1.11954
25600 1.29675
25700 1.01512
25800 1.22437
25900 0.705685
26000 1.31827
26100 1.27613
26200 1.12151
