0 2.30259
100 2.2125
200 1.9381
300 1.51204
400 1.68325
500 1.65089
600 1.47203
700 1.50848
800 1.35068
900 1.52381
1000 1.59117
1100 1.68002
1200 1.97634
1300 1.66499
1400 1.72215
1500 1.49789
1600 1.51449
1700 1.66477
1800 1.5758
1900 1.27628
2000 1.40689
2100 0.964386
2200 1.55189
2300 1.51906
2400 1.3042
2500 1.38794
2600 1.18996
2700 1.82122
2800 1.33081
2900 1.62212
3000 1.13111
3100 1.61926
3200 1.15725
3300 1.35198
3400 1.14852
3500 1.4452
3600 1.33234
3700 1.36544
3800 1.28354
3900 1.33085
4000 1.5797
4100 1.30787
4200 0.993862
4300 1.35614
4400 1.53144
4500 1.40983
4600 1.49829
4700 1.36728
4800 1.27978
4900 1.35451
5000 1.19305
5100 1.25119
5200 1.23857
5300 1.63034
5400 1.25857
5500 1.49693
5600 1.45221
5700 1.20195
5800 1.53796
5900 1.35423
6000 1.35687
6100 1.31356
6200 1.48722
6300 1.20195
6400 1.60357
6500 1.43872
6600 1.3249
6700 1.13289
6800 1.20493
6900 1.35134
7000 1.43579
7100 1.19407
7200 1.14356
7300 1.10373
7400 1.54915
7500 1.36242
7600 0.971841
7700 0.999276
7800 1.47797
7900 0.867714
8000 1.21012
8100 1.00491
8200 1.2092
8300 1.14532
8400 1.21423
8500 1.1345
8600 1.56915
8700 1.55396
8800 1.65158
8900 1.16445
9000 1.16112
9100 0.984121
9200 0.95801
9300 0.870441
9400 1.29207
9500 0.980998
9600 0.933476
9700 1.25436
9800 1.12549
9900 1.31607
10000 1.26856
10100 1.09885
10200 1.13574
10300 1.04182
10400 1.0939
10500 0.718881
10600 1.63874
10700 0.936074
10800 0.950237
10900 1.26518
11000 1.23357
11100 1.48303
11200 1.22371
11300 1.53553
11400 0.973058
11500 1.15491
11600 1.22571
11700 1.06138
11800 1.00354
11900 0.842031
12000 0.997308
12100 0.954812
12200 1.15835
12300 1.35379
12400 1.15609
12500 0.947349
12600 1.0519
12700 0.884899
12800 1.00752
12900 0.970884
13000 1.11853
13100 0.982245
13200 0.991937
13300 0.880141
13400 0.8065
13500 1.12038
13600 1.15696
13700 0.979977
13800 0.961796
13900 0.843332
14000 1.17171
14100 0.670119
14200 1.01525
14300 1.14163
14400 1.10733
14500 0.711671
14600 1.11735
14700 0.910867
14800 0.736889
14900 1.13799
15000 0.787392
15100 1.04111
15200 0.728323
15300 1.06768
15400 0.997426
15500 0.945173
15600 1.05396
15700 0.687361
15800 1.07653
15900 0.887331
16000 1.11308
16100 0.849596
16200 0.902789
16300 0.98673
16400 1.02373
16500 0.846679
16600 1.00068
16700 1.04568
16800 0.97647
16900 0.568129
17000 0.689772
17100 0.831715
17200 0.91982
17300 0.688146
17400 1.31959
17500 0.844763
17600 0.79914
17700 1.1454
17800 0.882803
17900 0.768731
18000 1.16072
18100 1.05391
18200 1.21031
18300 1.36759
18400 1.02184
18500 1.08076
18600 0.887084
18700 0.731726
18800 0.837107
18900 0.791401
19000 0.881644
19100 0.93135
19200 0.845711
19300 0.936087
19400 0.961386
19500 0.745772
19600 0.990816
19700 0.84595
19800 0.845731
19900 0.946774
20000 0.965724
20100 0.958422
20200 0.782188
20300 0.663861
20400 1.02015
20500 0.955814
20600 0.80288
20700 0.652682
20800 0.790608
20900 1.21129
21000 0.814564
21100 0.726242
21200 0.788665
21300 0.80719
21400 0.989008
21500 0.827318
21600 0.930643
21700 0.683956
21800 0.778713
21900 0.912455
22000 0.883039
22100 0.772213
22200 0.744642
22300 0.944603
22400 1.0764
22500 0.68088
22600 0.715011
22700 0.838888
22800 0.57734
22900 1.05532
23000 0.949172
23100 0.672644
23200 0.854922
23300 0.681196
23400 0.830533
23500 0.77671
23600 0.94464
23700 0.88577
23800 0.913181
23900 0.68426
24000 0.645205
24100 0.916972
24200 0.6071
24300 1.00048
24400 0.868807
24500 0.818763
24600 0.938628
24700 0.945
24800 0.903035
24900 0.659353
25000 1.04541
25100 0.82345
25200 0.674139
25300 0.801145
25400 0.896656
25500 0.776009
25600 0.898837
25700 0.703627
25800 0.848671
25900 0.489144
26000 0.913756
26100 0.884545
26200 0.777371
