0 10.0
100 6.90527
200 6.21895
300 4.94571
400 5.90201
500 5.36426
600 5.68248
700 4.78257
800 5.44095
900 5.63814
1000 5.03004
1100 5.27459
1200 5.59701
1300 5.04781
1400 5.47366
1500 4.82977
1600 5.05518
1700 6.03042
1800 5.40554
1900 4.46036
2000 5.47616
2100 4.2725
2200 4.48808
2300 4.40741
2400 4.68741
2500 4.18481
2600 4.84254
2700 4.87521
2800 4.74601
2900 4.31503
3000 4.69773
3100 5.16917
3200 4.23027
3300 4.70162
3400 4.28656
3500 4.82666
3600 4.74579
3700 4.65423
3800 4.4364
3900 4.91827
4000 4.06559
4100 4.73706
4200 3.74828
4300 4.88461
4400 4.73084
4500 3.43673
4600 4.21304
4700 4.83005
4800 4.17032
4900 4.21082
5000 3.99181
5100 4.3749
5200 4.15977
5300 4.63234
5400 4.50744
5500 4.10126
5600 4.90483
5700 4.10033
5800 4.08632
5900 4.27278
6000 5.03087
6100 4.92271
6200 4.64678
6300 4.3182
6400 4.29215
6500 4.24617
6600 3.9163
6700 4.53726
6800 3.52355
6900 4.30415
7000 4.17702
7100 4.04256
7200 3.914
7300 4.13986
7400 4.23555
7500 4.42774
7600 3.67483
7700 3.87538
7800 3.98167
7900 3.58199
8000 3.9151
8100 3.37491
8200 4.3544
8300 4.23589
8400 4.04859
8500 3.08598
8600 3.82157
8700 4.22773
8800 4.06551
8900 3.5354
9000 4.033
9100 3.51451
9200 4.02979
9300 3.66157
9400 3.76546
9500 3.49212
9600 3.74359
9700 4.01362
9800 4.05331
9900 4.19286
10000 3.78657
10100 3.33961
10200 4.1954
10300 4.00667
10400 3.50912
10500 3.5548
10600 3.96532
10700 3.85511
10800 3.80086
10900 4.21502
11000 3.75983
11100 3.60447
11200 3.81623
11300 3.97726
11400 3.55683
11500 3.88755
11600 3.99489
11700 3.95901
11800 3.74516
11900 3.54744
12000 3.58246
12100 3.61111
12200 3.66504
12300 4.00394
12400 4.08873
12500 3.74438
12600 4.21813
12700 3.55606
12800 3.7927
12900 3.812
13000 3.46591
13100 3.58697
13200 3.92433
13300 3.31106
13400 3.34194
13500 3.76899
13600 3.82441
13700 3.60847
13800 3.4663
13900 3.85235
14000 3.5574
14100 3.25595
14200 3.65558
14300 3.85212
14400 3.79187
14500 3.24594
14600 3.50992
14700 3.34729
14800 3.71052
14900 3.75138
15000 3.63392
15100 4.21202
15200 3.32458
15300 3.58437
15400 3.34485
15500 3.70415
15600 3.93402
15700 3.16158
15800 3.46411
15900 3.04865
16000 4.1141
16100 3.75303
16200 3.33439
16300 3.33344
16400 3.39685
16500 3.81429
16600 3.51928
16700 3.28408
16800 4.14328
16900 2.92629
17000 3.07728
17100 3.85749
17200 3.3654
17300 3.01134
17400 3.74179
17500 3.72568
17600 3.45162
17700 3.0394
17800 3.53991
17900 3.503
18000 3.48944
18100 3.68289
18200 3.96786
18300 3.77257
18400 3.37587
18500 3.41116
18600 3.53821
18700 3.38515
18800 3.86243
18900 3.51611
19000 3.32491
19100 3.68348
19200 3.41883
19300 3.27367
19400 3.74589
19500 3.20457
19600 3.84177
19700 3.18908
19800 3.56224
19900 3.53963
20000 3.50908
20100 3.49199
20200 3.04672
20300 3.7484
20400 3.52661
20500 3.6914
20600 3.26967
20700 3.27166
20800 3.27834
20900 3.96815
21000 3.18771
21100 2.9812
21200 3.54105
21300 3.40399
21400 3.47696
21500 3.41421
21600 3.44151
21700 2.98433
21800 3.62085
21900 3.7378
22000 3.34982
22100 3.26522
22200 3.01408
22300 2.97378
22400 3.29743
22500 2.69923
22600 2.67511
22700 3.56824
22800 3.20886
22900 3.48044
23000 3.38398
23100 3.39074
23200 2.67509
23300 3.19559
23400 3.10864
23500 2.84953
23600 3.55977
23700 3.63731
23800 3.58507
23900 3.08174
24000 3.3826
24100 3.21277
24200 2.85181
24300 3.18536
24400 3.17111
24500 3.12149
24600 3.31763
24700 2.88268
24800 3.43858
24900 3.18284
25000 3.51059
25100 3.52401
25200 3.20626
25300 3.34956
25400 3.60385
25500 3.32457
25600 3.51163
25700 2.973
25800 3.29859
25900 2.66848
26000 3.41025
26100 3.16416
26200 2.95135
