0 0.1875
100 0.21875
200 0.34375
300 0.34375
400 0.21875
500 0.375
600 0.3125
700 0.3125
800 0.5
900 0.625
1000 0.5
1100 0.4375
1200 0.53125
1300 0.5625
1400 0.46875
1500 0.46875
1600 0.5625
1700 0.78125
1800 0.5
1900 0.46875
2000 0.59375
2100 0.5
2200 0.5
2300 0.5
2400 0.5625
2500 0.5625
2600 0.4375
2700 0.4375
2800 0.5625
2900 0.5625
3000 0.53125
3100 0.59375
3200 0.625
3300 0.53125
3400 0.53125
3500 0.5
3600 0.5
3700 0.5625
3800 0.59375
3900 0.34375
4000 0.53125
4100 0.625
4200 0.53125
4300 0.40625
4400 0.53125
4500 0.46875
4600 0.5625
4700 0.71875
4800 0.5625
4900 0.625
5000 0.65625
5100 0.6875
5200 0.53125
5300 0.59375
5400 0.46875
5500 0.40625
5600 0.59375
5700 0.65625
5800 0.5625
5900 0.65625
6000 0.59375
6100 0.46875
6200 0.5625
6300 0.75
6400 0.6875
6500 0.53125
6600 0.65625
6700 0.40625
6800 0.6875
6900 0.65625
7000 0.65625
7100 0.59375
7200 0.59375
7300 0.65625
7400 0.625
7500 0.46875
7600 0.625
7700 0.53125
7800 0.75
7900 0.5625
8000 0.59375
8100 0.625
8200 0.53125
8300 0.71875
8400 0.5
8500 0.59375
8600 0.6875
8700 0.59375
8800 0.4375
8900 0.6875
9000 0.75
9100 0.75
9200 0.6875
9300 0.5
9400 0.625
9500 0.53125
9600 0.65625
9700 0.71875
9800 0.75
9900 0.84375
10000 0.65625
10100 0.59375
10200 0.75
10300 0.75
10400 0.5
10500 0.5
10600 0.75
10700 0.59375
10800 0.75
10900 0.65625
11000 0.59375
11100 0.78125
11200 0.71875
11300 0.75
11400 0.71875
11500 0.65625
11600 0.78125
11700 0.5625
11800 0.5625
11900 0.6875
12000 0.75
12100 0.6875
12200 0.71875
12300 0.8125
12400 0.6875
12500 0.65625
12600 0.78125
12700 0.5625
12800 0.75
12900 0.6875
13000 0.625
13100 0.65625
13200 0.78125
13300 0.6875
13400 0.6875
13500 0.65625
13600 0.78125
13700 0.65625
13800 0.65625
13900 0.75
14000 0.75
14100 0.625
14200 0.71875
14300 0.65625
14400 0.78125
14500 0.8125
14600 0.71875
14700 0.78125
14800 0.6875
14900 0.625
15000 0.71875
15100 0.6875
15200 0.75
15300 0.75
15400 0.71875
