0 2.315127
100 1.8319206
200 2.004146
300 1.6734837
400 1.9638723
500 2.0089583
600 1.7929296
700 1.8980128
800 1.5200684
900 1.2349229
1000 1.3398318
1100 1.3691036
1200 1.5676978
1300 1.4702466
1400 1.3717294
1500 1.4059495
1600 1.2043434
1700 1.0021225
1800 1.5876318
1900 1.4185593
2000 1.2479076
2100 1.3442711
2200 1.3018507
2300 1.4447412
2400 1.2519631
2500 1.3439369
2600 1.5569956
2700 1.5129821
2800 1.2594533
2900 1.3608518
3000 1.3327737
3100 1.4521058
3200 1.2928976
3300 1.3778174
3400 1.3042033
3500 1.0708954
3600 1.2278767
3700 1.1896021
3800 1.1123072
3900 1.6897942
4000 1.1502321
4100 0.97090816
4200 1.3886843
4300 1.6191177
4400 1.2565744
4500 1.4344821
4600 1.1223338
4700 0.9559337
4800 1.2839211
4900 1.0982618
5000 1.1787622
5100 1.048074
5200 1.3596549
5300 1.3573177
5400 1.6392225
5500 1.3932219
5600 1.1607896
5700 1.097528
5800 1.2441617
5900 1.0498142
6000 1.1423535
6100 1.3837934
6200 1.0748291
6300 1.0157939
6400 0.905373
6500 1.1087943
6600 1.1017947
6700 1.4132092
6800 0.8912352
6900 1.0982119
7000 0.99955845
7100 1.1465244
7200 1.1629643
7300 1.2035067
7400 1.2894685
7500 1.5583355
7600 0.9283546
7700 1.2512575
7800 0.7356192
7900 1.3970565
8000 1.1225227
8100 1.0691254
8200 1.4532785
8300 1.0925725
8400 1.6479702
8500 1.4876688
8600 1.124897
8700 1.0501903
8800 1.5700308
8900 0.92847013
9000 1.045109
9100 0.9563404
9200 0.99871814
9300 1.1645229
9400 1.1197199
9500 1.0971935
9600 1.0151603
9700 0.8406372
9800 1.009638
9900 0.6619407
10000 1.0749972
10100 1.2048702
10200 0.83633846
10300 0.8006546
10400 1.4541935
10500 1.2745053
10600 0.84922075
10700 1.1723228
10800 0.75268066
10900 0.8784164
11000 1.0060347
11100 0.8812791
11200 0.931106
11300 0.74619484
11400 0.91935116
11500 1.1395984
11600 0.9078448
11700 1.2443974
11800 1.313742
11900 0.9046384
12000 0.9461776
12100 1.074555
12200 0.9237629
12300 0.60572106
12400 1.0301579
12500 1.1720412
12600 0.77792233
12700 1.0330746
12800 0.8988781
12900 0.92732
13000 0.8963758
13100 1.0419464
13200 0.9752181
13300 0.82427764
13400 0.9585506
13500 0.9674612
13600 0.75373685
13700 1.0607152
13800 1.1495183
13900 0.8899971
14000 0.9100759
14100 0.9707526
14200 0.9722619
14300 0.9465341
14400 0.81357807
14500 0.7251158
14600 0.9809293
14700 0.80607426
14800 1.005277
14900 1.0652434
15000 1.0199163
15100 1.125824
15200 1.0643249
15300 0.9318889
15400 1.1667225
