0 9.65407
100 4.8050594
200 5.164832
300 4.8560333
400 5.6730266
500 4.51869
600 5.198307
700 4.82955
800 4.9093676
900 4.735183
1000 4.714236
1100 4.7181554
1200 4.802805
1300 5.2181606
1400 4.4355693
1500 4.4707317
1600 4.1534963
1700 4.793811
1800 4.4993343
1900 5.2323036
2000 4.2109413
2100 4.3566275
2200 4.525012
2300 4.898688
2400 4.8690567
2500 4.8871593
2600 4.1782293
2700 4.8242683
2800 4.167359
2900 4.4910026
3000 4.8565826
3100 3.9633799
3200 3.4751506
3300 4.4435196
3400 3.6641564
3500 4.410907
3600 4.219655
3700 4.2536573
3800 4.366491
3900 4.166196
4000 4.2796197
4100 4.050826
4200 4.3275366
4300 4.3566284
4400 4.2614217
4500 4.3656187
4600 4.0030794
4700 4.2914295
4800 4.5487313
4900 4.2903066
5000 4.0002465
5100 4.1663995
5200 3.9575338
5300 4.8136964
5400 4.813781
5500 4.498377
5600 4.1387105
5700 4.122129
5800 4.458088
5900 3.7023015
6000 4.2551203
6100 3.8405545
6200 4.505994
6300 4.080814
6400 3.7120042
6500 3.9597154
6600 3.6819324
6700 4.7512784
6800 3.6667085
6900 4.531166
7000 3.985984
7100 3.9772034
7200 4.4588737
7300 3.9194083
7400 3.7949796
7500 4.342146
7600 3.6730433
7700 4.1023626
7800 3.405575
7900 3.937245
8000 3.5248182
8100 3.7065783
8200 3.8647418
8300 3.7899697
8400 4.360024
8500 3.7168088
8600 3.8784409
8700 3.4127908
8800 3.5443435
8900 3.3600407
9000 3.2337718
9100 3.2584167
9200 3.748984
9300 4.174462
9400 4.045751
9500 3.9805841
9600 3.2793179
9700 3.8087754
9800 3.4696803
9900 3.2743444
10000 2.8670018
10100 3.9079084
10200 3.892509
10300 3.2422907
10400 3.9989257
10500 3.9189208
10600 3.20948
10700 3.3088245
10800 3.570211
10900 3.2874532
11000 4.0095863
11100 3.5656464
11200 3.471763
11300 3.2098413
11400 3.880404
11500 3.486858
11600 3.6281912
11700 4.3566446
11800 3.3288531
11900 3.4596057
12000 3.4402695
12100 3.17064
12200 3.658898
12300 2.8679564
12400 3.3295305
12500 3.2867835
12600 3.5335906
12700 3.6966228
12800 3.7530284
12900 3.567284
13000 3.7119374
13100 4.246189
13200 3.2405856
13300 3.7144606
13400 3.2635043
13500 2.8274732
13600 2.8477874
13700 3.8329039
13800 3.5140333
13900 3.463207
14000 3.7108479
14100 3.108077
14200 3.81181
14300 3.6997128
14400 3.2108786
14500 2.4995534
14600 3.9213793
14700 3.4740343
14800 3.4121552
14900 3.8868332
15000 3.4682305
15100 3.15367
15200 3.0282454
15300 3.1119168
15400 3.1336393
