0 0.05000001
100 0.35625
200 0.425
300 0.475
400 0.46562502
500 0.50625
600 0.5125
700 0.44062498
800 0.4375
900 0.48749998
1000 0.4875
1100 0.4375
1200 0.49374998
1300 0.46249998
1400 0.50937504
1500 0.540625
1600 0.4375
1700 0.44375
1800 0.50625
1900 0.49374998
2000 0.509375
2100 0.5
2200 0.48125005
2300 0.534375
2400 0.540625
2500 0.45625
2600 0.50624996
2700 0.5
2800 0.52500004
2900 0.55625004
3000 0.4875
3100 0.45625
3200 0.49687502
3300 0.58124995
3400 0.4875
3500 0.49687502
3600 0.52812505
3700 0.52812505
3800 0.50625
3900 0.47187498
4000 0.56874996
4100 0.525
4200 0.52500004
4300 0.584375
4400 0.49687502
4500 0.515625
4600 0.565625
4700 0.559375
4800 0.58750004
4900 0.525
5000 0.59999996
5100 0.51250005
5200 0.4625
5300 0.46875003
5400 0.52812505
5500 0.578125
5600 0.521875
5700 0.54375005
5800 0.49687496
5900 0.509375
6000 0.503125
6100 0.49687502
6200 0.5
6300 0.540625
6400 0.47500002
6500 0.540625
6600 0.578125
6700 0.515625
6800 0.46875003
6900 0.584375
7000 0.47812498
7100 0.53125
7200 0.5375
7300 0.56250006
7400 0.534375
7500 0.49374998
7600 0.49374998
7700 0.54375005
7800 0.584375
7900 0.50625
8000 0.56875
8100 0.5375
8200 0.54999995
8300 0.584375
8400 0.53125
8500 0.51875
8600 0.553125
8700 0.53125
8800 0.48437503
8900 0.51250005
9000 0.57500005
9100 0.50624996
9200 0.53437495
9300 0.534375
9400 0.47500005
9500 0.521875
9600 0.63125
9700 0.55625004
9800 0.528125
9900 0.50000006
10000 0.49687502
10100 0.484375
10200 0.596875
10300 0.59375
10400 0.490625
10500 0.509375
10600 0.52812505
10700 0.4875
10800 0.60937506
10900 0.56562495
11000 0.55625004
11100 0.546875
11200 0.52812505
11300 0.4875
11400 0.53749996
11500 0.47187504
11600 0.56562495
11700 0.484375
11800 0.49375
11900 0.55625004
12000 0.53749996
12100 0.5
12200 0.53125
12300 0.5375
12400 0.51875
12500 0.47187498
12600 0.56562495
12700 0.5375
12800 0.53749996
12900 0.52500004
13000 0.503125
13100 0.528125
13200 0.584375
13300 0.49374998
13400 0.53437495
13500 0.55625004
13600 0.546875
13700 0.525
13800 0.50937504
13900 0.53125
14000 0.57187504
14100 0.51875
14200 0.50625
14300 0.578125
14400 0.53749996
14500 0.51875
14600 0.55
14700 0.56875
14800 0.55937505
14900 0.571875
15000 0.52812505
15100 0.5625
15200 0.615625
15300 0.58750004
15400 0.50625
15500 0.51874995
15600 0.58125
15700 0.5625
15800 0.49374998
15900 0.515625
16000 0.59375
16100 0.56250006
16200 0.5625
16300 0.45312503
16400 0.578125
16500 0.575
16600 0.571875
16700 0.5375
16800 0.525
16900 0.48437497
17000 0.54999995
17100 0.5874999
17200 0.52812505
17300 0.553125
17400 0.540625
17500 0.5625
17600 0.6187499
17700 0.55
17800 0.53437495
17900 0.51875
18000 0.575
18100 0.503125
18200 0.575
18300 0.503125
18400 0.546875
18500 0.6437501
18600 0.51875
18700 0.553125
18800 0.578125
18900 0.6
19000 0.565625
19100 0.55625004
19200 0.571875
19300 0.55937505
19400 0.50937504
19500 0.565625
19600 0.56249994
19700 0.56250006
19800 0.646875
19900 0.625
20000 0.521875
20100 0.590625
20200 0.509375
20300 0.58125
20400 0.56875
20500 0.55937505
20600 0.55625
20700 0.5625
20800 0.55
20900 0.521875
21000 0.596875
21100 0.578125
21200 0.54375
21300 0.534375
21400 0.54062504
21500 0.584375
21600 0.5375
21700 0.615625
21800 0.5375
21900 0.5968751
22000 0.5875
22100 0.5375
22200 0.565625
22300 0.55625004
22400 0.528125
22500 0.5968751
22600 0.584375
22700 0.53125
22800 0.6
22900 0.5375
23000 0.471875
23100 0.596875
23200 0.54375005
23300 0.540625
23400 0.625
23500 0.6
23600 0.51875
23700 0.53749996
23800 0.55625004
23900 0.578125
24000 0.553125
24100 0.578125
24200 0.5875
24300 0.575
24400 0.521875
24500 0.6
24600 0.584375
24700 0.546875
24800 0.534375
24900 0.5
25000 0.575
25100 0.53125
25200 0.571875
25300 0.59375
25400 0.59375
25500 0.559375
25600 0.59999996
25700 0.51875
25800 0.55625
25900 0.528125
26000 0.534375
26100 0.56875
26200 0.5625
26300 0.56874996
26400 0.546875
26500 0.57187504
26600 0.590625
26700 0.553125
26800 0.57187504
26900 0.55
27000 0.55312496
27100 0.615625
27200 0.584375
27300 0.60625005
27400 0.55312496
27500 0.565625
27600 0.54687506
27700 0.584375
27800 0.6
27900 0.578125
28000 0.596875
28100 0.5375
28200 0.49999997
28300 0.575
28400 0.490625
28500 0.53125
28600 0.528125
28700 0.584375
28800 0.559375
28900 0.47500005
29000 0.54687494
29100 0.55
29200 0.584375
29300 0.5437499
29400 0.56250006
29500 0.55625004
29600 0.51562506
29700 0.63124996
29800 0.584375
29900 0.60312504
30000 0.54062504
30100 0.57500005
30200 0.546875
30300 0.59374994
30400 0.51250005
30500 0.528125
30600 0.590625
30700 0.5375
30800 0.525
30900 0.55
31000 0.525
31100 0.55625
31200 0.553125
31300 0.546875
31400 0.546875
31500 0.58125
31600 0.53125
31700 0.6
31800 0.54375
31900 0.540625
32000 0.546875
32100 0.528125
32200 0.553125
32300 0.61875004
32400 0.5749999
32500 0.59375
32600 0.5625
32700 0.52812505
32800 0.540625
32900 0.55937505
33000 0.571875
33100 0.50625
33200 0.596875
33300 0.534375
33400 0.57500005
33500 0.534375
33600 0.55
33700 0.553125
33800 0.559375
33900 0.565625
34000 0.58750004
34100 0.59687495
34200 0.565625
34300 0.590625
34400 0.5875
34500 0.59375006
34600 0.546875
34700 0.55625004
34800 0.565625
34900 0.565625
35000 0.59687495
35100 0.57187504
35200 0.603125
35300 0.5625
35400 0.5625
35500 0.63124996
35600 0.596875
35700 0.57187504
35800 0.56875
35900 0.546875
36000 0.55937505
36100 0.6125
36200 0.5625
36300 0.603125
36400 0.528125
36500 0.609375
36600 0.52812505
36700 0.59062505
36800 0.60312504
36900 0.6
37000 0.615625
37100 0.5875
37200 0.659375
37300 0.55
37400 0.59375
37500 0.578125
37600 0.596875
37700 0.5375
37800 0.59375
37900 0.58125
38000 0.56875
38100 0.5
38200 0.57187504
38300 0.56875
38400 0.59375
38500 0.53125
38600 0.5375
38700 0.540625
38800 0.5
38900 0.534375
39000 0.546875
39100 0.609375
39200 0.546875
39300 0.47500002
39400 0.54375
39500 0.56249994
39600 0.5375
39700 0.6125
39800 0.55312496
39900 0.54062504
40000 0.553125
40100 0.521875
40200 0.58125
40300 0.575
40400 0.55625004
40500 0.578125
40600 0.55625
40700 0.60625005
40800 0.5125
40900 0.5625
41000 0.54375
41100 0.56875
41200 0.58437496
41300 0.503125
41400 0.621875
41500 0.51874995
41600 0.52812505
41700 0.50625
41800 0.553125
41900 0.55625004
42000 0.51875
42100 0.5749999
42200 0.58437496
42300 0.56875
42400 0.5906249
42500 0.540625
