0 4.748305
100 3.1140232
200 2.8375301
300 2.5097058
400 2.5531945
500 2.3782427
600 2.277102
700 2.5214298
800 2.5420737
900 2.5969217
1000 2.4311583
1100 2.6806104
1200 2.4409454
1300 2.6339157
1400 2.3533607
1500 2.2823377
1600 2.4512575
1700 2.6409178
1800 2.2923558
1900 2.3039968
2000 2.2595756
2100 2.3814726
2200 2.3997045
2300 2.083661
2400 2.170507
2500 2.642055
2600 2.3242803
2700 2.2425694
2800 2.3125784
2900 2.1173246
3000 2.3864436
3100 2.4204853
3200 2.3152647
3300 1.9127179
3400 2.34911
3500 2.3497353
3600 2.324707
3700 2.2460341
3800 2.3838172
3900 2.4982767
4000 2.229729
4100 2.2927651
4200 2.1623635
4300 1.9560361
4400 2.2320073
4500 2.278328
4600 1.9330722
4700 2.026161
4800 1.8865643
4900 2.0635917
5000 1.9193717
5100 2.2149487
5200 2.5956721
5300 2.4490016
5400 2.221636
5500 1.9634621
5600 2.2822833
5700 2.094681
5800 2.319732
5900 2.288099
6000 2.367396
6100 2.344268
6200 2.3321958
6300 2.240318
6400 2.4666984
6500 2.2726228
6600 1.9675901
6700 2.1609943
6800 2.354135
6900 2.0661895
7000 2.3609471
7100 2.1475067
7200 2.1260653
7300 2.2420218
7400 2.3291073
7500 2.2252007
7600 2.50635
7700 2.0154967
7800 1.9602247
7900 2.2548947
8000 1.9761002
8100 2.087677
8200 2.2023888
8300 2.1259964
8400 2.0732589
8500 2.3918388
8600 2.0971608
8700 2.2266228
8800 2.43963
8900 2.313486
9000 2.2058196
9100 2.2222955
9200 2.2314053
9300 2.30942
9400 2.5275908
9500 2.3100617
9600 1.9584253
9700 1.9967
9800 2.1519082
9900 2.2895465
10000 2.300594
10100 2.232873
10200 1.9188662
10300 1.9215996
10400 2.2245917
10500 2.450332
10600 2.2422962
10700 2.3029037
10800 1.9095172
10900 2.1504395
11000 2.0937655
11100 2.2395587
11200 2.227055
11300 2.5226736
11400 2.3149052
11500 2.3724732
11600 2.1771955
11700 2.325801
11800 2.3693852
11900 2.2366407
12000 2.174102
12100 2.220771
12200 2.1823025
12300 2.1478834
12400 2.301504
12500 2.4281175
12600 2.1805587
12700 1.9424032
12800 2.1902285
12900 2.301701
13000 2.391507
13100 2.27613
13200 1.893981
13300 2.3657544
13400 2.1950595
13500 2.1471195
13600 2.1318762
13700 2.2918606
13800 2.1934907
13900 2.1925611
14000 2.01024
14100 2.1866417
14200 2.3523917
14300 2.0667474
14400 2.2511947
14500 2.436535
14600 2.1122432
14700 2.0472472
14800 2.0195882
14900 2.0645099
15000 2.161665
15100 2.098219
15200 1.7968262
15300 2.0945175
15400 2.2441552
15500 2.3957312
15600 2.138113
15700 2.0995698
15800 2.4753952
15900 2.1856105
16000 1.9501334
16100 2.0860798
16200 2.1532824
16300 2.6823578
16400 2.1623957
16500 2.1478848
16600 2.006887
16700 2.1676524
16800 2.0918233
16900 2.2571967
17000 2.0765662
17100 2.0140312
17200 2.1583364
17300 2.1351814
17400 2.15518
17500 1.9014806
17600 1.7948186
17700 1.972943
17800 2.1967278
17900 2.2148986
18000 2.1433666
18100 2.3629541
18200 2.1129806
18300 2.2904084
18400 2.156983
18500 1.7863187
18600 2.1834044
18700 2.1740532
18800 1.9418583
18900 1.8443239
19000 1.9532329
19100 2.0460424
19200 1.9699397
19300 2.1746569
19400 2.1389124
19500 2.215878
19600 2.0512817
19700 2.032682
19800 1.7994732
19900 1.8659197
20000 2.2446663
20100 1.9869937
20200 2.1171398
20300 1.9339155
20400 1.9764692
20500 2.062817
20600 2.135612
20700 1.9278982
20800 2.0374186
20900 2.2011976
21000 1.9790347
21100 2.094144
21200 2.1273246
21300 2.148277
21400 2.0578592
21500 1.8408698
21600 2.188421
21700 1.78348
21800 1.99746
21900 1.9422967
22000 2.1542222
22100 2.0795455
22200 2.017929
22300 2.0754251
22400 2.2191393
22500 1.8891666
22600 1.9562763
22700 2.1963773
22800 1.8134972
22900 2.237349
23000 2.4016569
23100 1.8928676
23200 2.1711583
23300 2.091443
23400 1.8025044
23500 1.8172926
23600 2.2808821
23700 2.0648649
23800 2.1059644
23900 1.9499902
24000 2.0732775
24100 2.1120288
24200 1.9045873
24300 2.0558853
24400 2.3750117
24500 1.8396121
24600 2.0614758
24700 1.9604843
24800 2.0096958
24900 2.1861904
25000 2.0037088
25100 2.1515732
25200 2.0261745
25300 1.9262606
25400 1.9702339
25500 2.2055595
25600 2.012522
25700 2.2435198
25800 2.0546331
25900 2.091728
26000 2.1754606
26100 2.0701253
26200 1.9615759
26300 1.9851935
26400 2.1351967
26500 2.084051
26600 2.1249096
26700 2.1068838
26800 1.9549938
26900 2.190409
27000 2.148111
27100 1.9051998
27200 2.1131647
27300 1.9372948
27400 2.1169064
27500 2.0025375
27600 2.2315745
27700 1.9290936
27800 2.056069
27900 2.0216515
28000 1.9085406
28100 2.0997024
28200 2.2576036
28300 1.9043261
28400 2.4577901
28500 2.0236304
28600 2.1192818
28700 1.9092752
28800 2.2571206
28900 2.522629
29000 1.9936489
29100 2.1458368
29200 1.935176
29300 2.0424106
29400 1.8490537
29500 2.1084743
29600 2.252753
29700 1.8042433
29800 2.0354762
29900 1.9455582
30000 2.1864495
30100 1.849751
30200 2.0791202
30300 1.9066987
30400 2.1862218
30500 2.0703857
30600 2.0207229
30700 2.1762578
30800 2.329652
30900 1.91401
31000 2.3191655
31100 1.9668397
31200 2.1228375
31300 2.1760893
31400 2.1179256
31500 2.0359643
31600 2.1259038
31700 1.9076877
31800 2.0995934
31900 2.035005
32000 2.1406043
32100 2.296472
32200 2.1519344
32300 1.8346913
32400 1.9870431
32500 1.9276853
32600 1.9172859
32700 2.2951548
32800 2.1428251
32900 2.1170888
33000 1.8948071
33100 2.1615083
33200 1.7951612
33300 2.096704
33400 1.9996818
33500 2.216179
33600 2.0639925
33700 2.2556236
33800 1.9675348
33900 2.0396526
34000 1.9944791
34100 1.9056683
34200 1.9520915
34300 1.9577384
34400 1.896784
34500 1.8888876
34600 2.0866961
34700 2.0939484
34800 2.0507913
34900 2.0000405
35000 1.988256
35100 1.8900484
35200 1.8961644
35300 1.8442123
35400 2.0705175
35500 1.81196
35600 1.8834047
35700 1.954845
35800 2.0121105
35900 2.2879593
36000 2.0978918
36100 1.8722796
36200 2.036732
36300 2.0138755
36400 2.1692479
36500 1.8800893
36600 2.308455
36700 1.8998806
36800 1.8235329
36900 1.9184291
37000 1.8340507
37100 1.9505657
37200 1.7131556
37300 1.9583324
37400 1.9907295
37500 1.9902579
37600 1.9138049
37700 2.1649582
37800 1.8149295
37900 1.91743
38000 2.0645938
38100 2.3753376
38200 2.1633406
38300 2.0112972
38400 1.9950254
38500 2.1938326
38600 2.292676
38700 2.1907182
38800 2.322976
38900 2.1758227
39000 2.0806441
39100 1.8184149
39200 2.165272
39300 2.2785196
39400 2.1385298
39500 2.1342294
39600 2.1058524
39700 1.8826064
39800 2.042543
39900 2.1627634
40000 2.0675905
40100 2.2842553
40200 2.0990882
40300 2.0866961
40400 2.0747697
40500 1.9048475
40600 2.0504348
40700 1.835965
40800 2.255952
40900 2.0785446
41000 2.1301682
41100 2.002494
41200 1.920133
41300 2.2617028
41400 1.8869338
41500 2.1772048
41600 2.1979516
41700 2.3116941
41800 2.1341164
41900 2.1267874
42000 2.119927
42100 2.01652
42200 1.9548037
42300 2.0875885
42400 1.9278594
42500 2.2553082
