0 3.291274
100 2.1584764
200 1.9668261
300 1.7395954
400 1.7697395
500 1.6484722
600 1.5783669
700 1.7477219
800 1.7620313
900 1.800049
1000 1.6851505
1100 1.8580576
1200 1.6919343
1300 1.8256912
1400 1.6312253
1500 1.5819958
1600 1.6990821
1700 1.8305447
1800 1.58894
1900 1.5970088
2000 1.5662185
2100 1.6507109
2200 1.6633484
2300 1.4442837
2400 1.5044808
2500 1.831333
2600 1.6110684
2700 1.5544307
2800 1.6029572
2900 1.4676175
3000 1.6541567
3100 1.6777525
3200 1.6048192
3300 1.325795
3400 1.628279
3500 1.6287123
3600 1.6113641
3700 1.5568322
3800 1.6523361
3900 1.7316735
4000 1.5455303
4100 1.5892236
4200 1.4988362
4300 1.3558209
4400 1.5471096
4500 1.5792166
4600 1.3399036
4700 1.4044278
4800 1.3076667
4900 1.4303727
5000 1.3304071
5100 1.5352854
5200 1.7991829
5300 1.6975185
5400 1.5399208
5500 1.3609682
5600 1.5819582
5700 1.4519222
5800 1.6079156
5900 1.5859894
6000 1.6409539
6100 1.6249228
6200 1.616555
6300 1.5528702
6400 1.709785
6500 1.5752621
6600 1.3638295
6700 1.4978871
6800 1.631762
6900 1.4321735
7000 1.6364839
7100 1.4885381
7200 1.4736762
7300 1.554051
7400 1.6144142
7500 1.5423915
7600 1.7372694
7700 1.397036
7800 1.3587242
7900 1.5629739
8000 1.3697283
8100 1.4470675
8200 1.5265796
8300 1.4736284
8400 1.4370736
8500 1.6578963
8600 1.4536412
8700 1.5433774
8800 1.6910226
8900 1.6035863
9000 1.5289577
9100 1.5403779
9200 1.5466923
9300 1.6007681
9400 1.7519923
9500 1.6012127
9600 1.357477
9700 1.384007
9800 1.4915891
9900 1.5869926
10000 1.5946503
10100 1.5477096
10200 1.3300567
10300 1.3319514
10400 1.5419694
10500 1.6984407
10600 1.5542413
10700 1.5962512
10800 1.3235765
10900 1.490571
11000 1.4512876
11100 1.5523438
11200 1.543677
11300 1.748584
11400 1.6045699
11500 1.6444731
11600 1.5091169
11700 1.6121223
11800 1.6423327
11900 1.5503212
12000 1.5069728
12100 1.5393212
12200 1.5126568
12300 1.4887993
12400 1.5952809
12500 1.6830429
12600 1.511448
12700 1.3463713
12800 1.5181507
12900 1.5954176
13000 1.6576662
13100 1.5776931
13200 1.3128076
13300 1.639816
13400 1.5214994
13500 1.4882698
13600 1.477704
13700 1.5885967
13800 1.520412
13900 1.5197676
14000 1.3933923
14100 1.5156646
14200 1.6305537
14300 1.4325601
14400 1.5604093
14500 1.6888773
14600 1.4640954
14700 1.4190435
14800 1.399872
14900 1.4310092
15000 1.498352
15100 1.4543746
15200 1.245465
15300 1.4518089
15400 1.5555298
15500 1.6605943
15600 1.482027
15700 1.455311
15800 1.7158132
15900 1.5149498
16000 1.3517295
16100 1.4459604
16200 1.4925416
16300 1.8592687
16400 1.4988586
16500 1.4888003
16600 1.3910681
16700 1.5025021
16800 1.4499414
16900 1.5645695
17000 1.439366
17100 1.39602
17200 1.4960449
17300 1.479995
17400 1.4938569
17500 1.3180059
17600 1.2440735
17700 1.3675399
17800 1.5226557
17900 1.5352507
18000 1.4856684
18100 1.6378751
18200 1.4646065
18300 1.5875901
18400 1.4951067
18500 1.2381817
18600 1.5134207
18700 1.5069388
18800 1.3459936
18900 1.2783879
19000 1.3538779
19100 1.4182086
19200 1.3654581
19300 1.5073574
19400 1.4825811
19500 1.5359297
19600 1.4218402
19700 1.4089477
19800 1.2472998
19900 1.293357
20000 1.5558841
20100 1.377279
20200 1.4674895
20300 1.3404881
20400 1.369984
20500 1.4298358
20600 1.4802935
20700 1.3363172
20800 1.412231
20900 1.5257539
21000 1.3717623
21100 1.4515501
21200 1.474549
21300 1.4890722
21400 1.4263992
21500 1.2759937
21600 1.5168978
21700 1.2362142
21800 1.3845338
21900 1.3462975
22000 1.493193
22100 1.441431
22200 1.3987219
22300 1.4385751
22400 1.5381901
22500 1.3094705
22600 1.3559874
22700 1.5224127
22800 1.2570205
22900 1.5508122
23000 1.6647017
23100 1.3120358
23200 1.5049323
23300 1.449678
23400 1.2494009
23500 1.2596512
23600 1.580987
23700 1.4312552
23800 1.4597434
23900 1.3516302
24000 1.4370865
24100 1.4639468
24200 1.3201593
24300 1.4250312
24400 1.6462326
24500 1.2751219
24600 1.4289061
24700 1.3589041
24800 1.3930149
24900 1.5153518
25000 1.3888651
25100 1.4913568
25200 1.4044372
25300 1.3351821
25400 1.3656621
25500 1.5287774
25600 1.394974
25700 1.5550895
25800 1.4241631
25900 1.4498754
26000 1.5079144
26100 1.4349015
26200 1.3596607
26300 1.3760313
26400 1.4800055
26500 1.444554
26600 1.4728751
26700 1.4603806
26800 1.3550985
26900 1.5182757
27000 1.4889572
27100 1.3205838
27200 1.4647342
27300 1.3428304
27400 1.4673277
27500 1.3880532
27600 1.5468097
27700 1.3371458
27800 1.4251584
27900 1.401302
28000 1.3228996
28100 1.4554029
28200 1.5648516
28300 1.3199782
28400 1.7036103
28500 1.4026737
28600 1.4689741
28700 1.3234087
28800 1.5645168
28900 1.7485532
29000 1.3818921
29100 1.4873807
29200 1.3413618
29300 1.4156911
29400 1.2816664
29500 1.461483
29600 1.5614893
29700 1.2506062
29800 1.4108846
29900 1.3485582
30000 1.5155313
30100 1.2821497
30200 1.4411362
30300 1.3216228
30400 1.5153736
30500 1.435082
30600 1.4006584
30700 1.5084671
30800 1.6147918
30900 1.3266907
31000 1.607523
31100 1.3633094
31200 1.4714389
31300 1.5083501
31400 1.4680343
31500 1.4112228
31600 1.4735643
31700 1.3223083
31800 1.4553273
31900 1.410558
32000 1.4837538
32100 1.5917932
32200 1.4916072
32300 1.2717111
32400 1.3773134
32500 1.3361696
32600 1.3289614
32700 1.59088
32800 1.4852931
32900 1.4674542
33000 1.3133802
33100 1.4982433
33200 1.244311
33300 1.4533244
33400 1.3860738
33500 1.5361382
33600 1.4306506
33700 1.5634792
33800 1.3637912
33900 1.4137794
34000 1.3824675
34100 1.3209085
34200 1.3530867
34300 1.3570008
34400 1.3147504
34500 1.3092772
34600 1.4463875
34700 1.4514143
34800 1.4215002
34900 1.3863225
35000 1.378154
35100 1.3100817
35200 1.314321
35300 1.2783105
35400 1.4351734
35500 1.255955
35600 1.3054767
35700 1.3549953
35800 1.3946887
35900 1.5858926
36000 1.4541478
36100 1.2977654
36200 1.4117551
36300 1.395912
36400 1.503608
36500 1.3031785
36600 1.6000991
36700 1.3168969
36800 1.2639767
36900 1.3297538
37000 1.271267
37100 1.3520291
37200 1.187469
37300 1.3574126
37400 1.3798685
37500 1.3795416
37600 1.3265485
37700 1.5006347
37800 1.2580132
37900 1.3290613
38000 1.4310673
38100 1.6464586
38200 1.4995134
38300 1.394125
38400 1.3828462
38500 1.5206488
38600 1.5891619
38700 1.5184901
38800 1.6101644
38900 1.5081655
39000 1.4421926
39100 1.2604291
39200 1.5008521
39300 1.5793495
39400 1.4823159
39500 1.4793351
39600 1.4596657
39700 1.3049233
39800 1.4157828
39900 1.4991133
40000 1.4331446
40100 1.583325
40200 1.454977
40300 1.4463875
40400 1.4381207
40500 1.3203397
40600 1.4212532
40700 1.272594
40800 1.5637068
40900 1.4407374
41000 1.4765201
41100 1.3880231
41200 1.3309348
41300 1.5676929
41400 1.3079228
41500 1.5091234
41600 1.5235039
41700 1.6023443
41800 1.4792567
41900 1.4741766
42000 1.4694214
42100 1.3977453
42200 1.3549666
42300 1.4470061
42400 1.3362904
42500 1.5632604
