0 26.28789
100 10.668026
200 8.272029
300 8.128982
400 7.5906696
500 7.179417
600 7.031391
700 7.3190126
800 7.3752694
900 7.4413843
1000 6.3605423
1100 7.2143083
1200 7.4686165
1300 6.9289794
1400 7.1845913
1500 6.471285
1600 6.78545
1700 7.057954
1800 6.511978
1900 6.4876537
2000 6.7329826
2100 6.9090247
2200 6.446863
2300 6.304633
2400 6.6429725
2500 7.1842604
2600 6.376335
2700 6.5411263
2800 6.6418853
2900 6.295759
3000 6.4697766
3100 6.60147
3200 6.2198386
3300 6.1539555
3400 6.6925883
3500 6.4248743
3600 6.1646147
3700 6.026203
3800 6.58847
3900 6.5200686
4000 6.534374
4100 6.591837
4200 6.214603
4300 6.2932396
4400 6.485175
4500 6.364345
4600 5.6430693
4700 6.040938
4800 6.051243
4900 6.1066847
5000 6.16045
5100 6.445516
5200 6.484824
5300 6.545412
5400 6.1176043
5500 6.183223
5600 6.17702
5700 6.734141
5800 6.1567707
5900 5.890701
6000 6.711865
6100 6.4958086
6200 6.4871454
6300 6.00883
6400 6.5694776
6500 6.2823143
6600 6.0959444
6700 6.485467
6800 6.5177245
6900 6.644073
7000 6.497466
7100 6.0844784
7200 6.329731
7300 6.145937
7400 6.14037
7500 6.1751013
7600 6.969892
7700 6.265287
7800 5.9988365
7900 6.250811
8000 5.804736
8100 6.0921926
8200 6.2022243
8300 6.2292504
8400 5.636947
8500 6.652105
8600 6.2217126
8700 6.386389
8800 6.3158174
8900 6.121211
9000 6.6987
9100 5.8396063
9200 6.253022
9300 6.563094
9400 6.6732936
9500 6.1689596
9600 5.969385
9700 6.1609845
9800 5.9671884
9900 6.715328
10000 6.379911
10100 6.10833
10200 6.059497
10300 5.5079565
10400 6.396221
10500 6.878996
10600 6.6633005
10700 6.639269
10800 5.8199434
10900 6.599222
11000 5.9117966
11100 6.355236
11200 6.453909
11300 6.543122
11400 6.318132
11500 6.339687
11600 6.1061335
11700 6.6974263
11800 6.381215
11900 5.9485855
12000 6.317624
12100 6.2819843
12200 5.7847195
12300 6.1079817
12400 6.131158
12500 6.693781
12600 5.9461603
12700 5.55536
12800 6.3643365
12900 6.3413672
13000 6.8095484
13100 6.0888333
13200 6.04064
13300 6.5934105
13400 6.4234524
13500 6.3944187
13600 6.1520877
13700 6.2115836
13800 6.342551
13900 6.0269685
14000 5.881112
14100 6.085272
14200 6.6504354
14300 6.287139
14400 5.672076
14500 6.53706
14600 6.2022576
14700 5.980358
14800 6.259041
14900 6.3552876
15000 6.2233224
15100 5.5120645
15200 5.9565105
15300 5.9324064
15400 6.784847
15500 6.5008097
15600 6.1231623
15700 6.2408915
15800 6.7607102
15900 6.624239
16000 5.8705883
16100 6.0050135
16200 6.2976966
16300 7.339952
16400 6.179036
16500 6.4441004
16600 5.9808664
16700 6.1777616
16800 6.591708
16900 6.999179
17000 6.1481395
17100 6.2644153
17200 5.966104
17300 6.568197
17400 6.6120806
17500 5.966576
17600 5.6953406
17700 6.1871724
17800 6.2994323
17900 6.113734
18000 5.958552
18100 6.4730525
18200 6.027007
18300 6.4498897
18400 6.195654
18500 5.903226
18600 6.2864
18700 6.189219
18800 5.9848194
18900 5.6933546
19000 6.1313734
19100 6.038277
19200 6.299548
19300 6.2227864
19400 6.671826
19500 6.613442
19600 5.7063575
19700 6.303336
19800 5.6005125
19900 6.3141727
20000 6.689
20100 6.3684654
20200 6.2534747
20300 5.954661
20400 6.0012116
20500 6.155237
20600 6.3015122
20700 6.1014233
20800 5.9879394
20900 6.429082
21000 6.1318154
21100 5.968156
21200 6.239549
21300 6.3695855
21400 6.1509075
21500 5.866229
21600 6.537143
21700 5.6479897
21800 6.209524
21900 5.904822
22000 6.2526903
22100 6.248187
22200 6.253886
22300 6.2630863
22400 6.2011666
22500 5.93003
22600 6.03816
22700 6.317981
22800 5.965665
22900 6.2203875
23000 6.319498
23100 6.0919676
23200 6.560159
23300 5.8828135
23400 5.6254535
23500 5.9075375
23600 6.508173
23700 6.1096387
23800 5.850603
23900 6.107794
24000 6.1545753
24100 6.0875278
24200 6.278841
24300 6.5023136
24400 6.116291
24500 6.0923185
24600 6.066706
24700 6.043188
24800 6.188264
24900 6.2909303
25000 5.677302
25100 6.4466767
25200 5.6877446
25300 5.7609677
25400 5.7901826
25500 6.1961284
25600 6.0266147
25700 6.0837264
25800 6.290561
25900 6.368742
26000 6.318096
26100 6.1614633
26200 5.673223
26300 6.0249634
26400 6.2585554
26500 6.0240035
26600 6.1111116
26700 6.2629223
26800 6.3483944
26900 6.0127153
27000 6.2411046
27100 5.8179817
27200 6.0510063
27300 6.270244
27400 6.4567585
27500 6.2161536
27600 6.738107
27700 6.0141554
27800 5.82692
27900 6.0221395
28000 6.2434034
28100 6.456374
28200 6.646605
28300 6.0080013
28400 7.029334
28500 6.3154054
28600 6.2719083
28700 5.9890003
28800 6.6427555
28900 6.8013735
29000 5.9810863
29100 6.226223
29200 6.340088
29300 6.2514663
29400 6.0823865
29500 6.1334457
29600 5.9424953
29700 6.083337
29800 6.247902
29900 6.1752095
30000 6.3597603
30100 5.8953753
30200 6.0504136
30300 5.922683
30400 6.3698106
30500 6.180459
30600 6.476618
30700 6.4871097
30800 6.4364862
30900 5.870157
31000 6.2122107
31100 5.9269753
31200 6.3955994
31300 6.6972113
31400 6.2077904
31500 6.2029557
31600 5.946474
31700 5.791497
31800 5.8700495
31900 6.475694
32000 6.2618155
32100 6.085539
32200 6.259946
32300 5.716802
32400 6.1728644
32500 5.6723127
32600 5.9176016
32700 6.4734583
32800 6.091091
32900 6.151796
33000 5.994771
33100 6.4554467
33200 5.785405
33300 5.784461
33400 6.1368365
33500 6.105719
33600 6.2904506
33700 6.445736
33800 5.9275117
33900 5.8022223
34000 6.0777287
34100 6.039859
34200 6.0234814
34300 5.961937
34400 5.669705
34500 5.9942565
34600 6.275865
34700 6.0985885
34800 6.0109177
34900 6.2118073
35000 5.9019723
35100 5.798166
35200 5.996398
35300 5.855371
35400 6.2478857
35500 5.541577
35600 5.9625034
35700 5.6127286
35800 6.298384
35900 5.7390223
36000 5.837574
36100 6.1080055
36200 5.959083
36300 6.026748
36400 6.5985475
36500 5.9527383
36600 6.534347
36700 5.692469
36800 5.664882
36900 5.8837104
37000 6.077133
37100 5.9626203
37200 5.638423
37300 6.259859
37400 5.853789
37500 6.264781
37600 6.090379
37700 5.9320664
37800 5.7016892
37900 5.8838897
38000 6.0540757
38100 6.1488905
38200 6.0779448
38300 6.0412045
38400 5.93616
38500 6.4678965
38600 6.2861576
38700 6.252308
38800 6.152269
38900 6.357171
39000 5.901907
39100 5.5637646
39200 6.323336
39300 6.1787586
39400 6.0065045
39500 5.863311
39600 6.2635074
39700 5.8032765
39800 5.9317713
39900 6.404832
40000 5.8656173
40100 6.0185266
40200 5.7973547
40300 6.399193
40400 6.3459697
40500 6.111087
40600 6.440313
40700 5.998009
40800 6.2283616
40900 5.960128
41000 6.2160487
41100 5.8000693
41200 6.0333276
41300 6.1166286
41400 6.003247
41500 6.616155
41600 6.4110737
41700 6.5112658
41800 6.2999325
41900 6.2164903
42000 6.326
42100 5.6784325
42200 5.8606625
42300 6.0433927
42400 6.028418
42500 6.489476
