0 0.0625
100 0.3125
200 0.3125
300 0.4375
400 0.25
500 0.5
600 0.375
700 0.59375
800 0.375
900 0.53125
1000 0.53125
1100 0.3125
1200 0.59375
1300 0.53125
1400 0.625
1500 0.5
1600 0.34375
1700 0.40625
1800 0.40625
1900 0.5
2000 0.4375
2100 0.59375
2200 0.5625
2300 0.59375
2400 0.65625
2500 0.4375
2600 0.40625
2700 0.53125
2800 0.4375
2900 0.5
3000 0.46875
3100 0.625
3200 0.4375
3300 0.46875
3400 0.59375
3500 0.4375
3600 0.5625
3700 0.59375
3800 0.5
3900 0.46875
4000 0.53125
4100 0.6875
4200 0.59375
4300 0.4375
4400 0.40625
4500 0.625
4600 0.75
4700 0.65625
4800 0.53125
4900 0.46875
5000 0.53125
5100 0.5
5200 0.625
5300 0.5625
5400 0.625
5500 0.375
5600 0.53125
5700 0.4375
5800 0.625
5900 0.46875
6000 0.65625
6100 0.59375
6200 0.59375
6300 0.5625
6400 0.625
6500 0.6875
6600 0.59375
6700 0.5625
6800 0.5
6900 0.71875
7000 0.6875
7100 0.65625
7200 0.625
7300 0.6875
7400 0.5
7500 0.5625
7600 0.40625
7700 0.625
7800 0.59375
7900 0.59375
8000 0.75
8100 0.65625
8200 0.6875
8300 0.53125
8400 0.5625
8500 0.4375
8600 0.75
8700 0.53125
8800 0.59375
8900 0.5
9000 0.59375
9100 0.59375
9200 0.53125
9300 0.59375
9400 0.65625
9500 0.625
9600 0.71875
9700 0.5
9800 0.625
9900 0.59375
10000 0.75
10100 0.78125
10200 0.625
10300 0.5625
10400 0.5625
10500 0.65625
10600 0.5625
10700 0.59375
10800 0.53125
10900 0.5625
11000 0.6875
11100 0.75
11200 0.65625
11300 0.65625
11400 0.46875
11500 0.53125
11600 0.53125
11700 0.71875
11800 0.6875
11900 0.625
12000 0.46875
12100 0.65625
12200 0.75
12300 0.6875
12400 0.59375
12500 0.65625
12600 0.625
12700 0.625
12800 0.625
12900 0.53125
13000 0.625
13100 0.5
13200 0.6875
13300 0.8125
13400 0.6875
13500 0.71875
13600 0.75
13700 0.65625
13800 0.65625
13900 0.5
14000 0.75
14100 0.71875
14200 0.65625
14300 0.625
14400 0.5625
14500 0.75
14600 0.59375
14700 0.6875
14800 0.65625
14900 0.53125
15000 0.78125
15100 0.71875
15200 0.8125
15300 0.625
15400 0.84375
15500 0.75
15600 0.65625
15700 0.78125
15800 0.84375
15900 0.71875
16000 0.65625
16100 0.6875
16200 0.65625
16300 0.75
16400 0.75
16500 0.78125
16600 0.6875
16700 0.6875
16800 0.78125
16900 0.75
17000 0.8125
17100 0.78125
17200 0.6875
17300 0.8125
17400 0.5625
17500 0.59375
17600 0.78125
17700 0.53125
17800 0.59375
17900 0.65625
18000 0.75
18100 0.75
18200 0.625
18300 0.6875
18400 0.78125
18500 0.65625
18600 0.75
18700 0.78125
18800 0.75
18900 0.65625
19000 0.75
19100 0.65625
19200 0.8125
19300 0.6875
19400 0.6875
19500 0.75
19600 0.625
19700 0.78125
19800 0.71875
19900 0.53125
20000 0.8125
20100 0.65625
20200 0.65625
20300 0.59375
20400 0.71875
20500 0.625
20600 0.6875
20700 0.875
20800 0.71875
20900 0.78125
21000 0.71875
21100 0.78125
21200 0.625
21300 0.65625
21400 0.8125
21500 0.875
21600 0.8125
21700 0.78125
21800 0.75
21900 0.6875
22000 0.78125
22100 0.65625
22200 0.84375
22300 0.84375
22400 0.71875
22500 0.84375
22600 0.78125
22700 0.84375
22800 0.78125
22900 0.75
23000 0.75
23100 0.8125
23200 0.78125
23300 0.71875
23400 0.8125
23500 0.78125
23600 0.78125
23700 0.78125
23800 0.71875
23900 0.90625
24000 0.65625
24100 0.75
24200 0.84375
24300 0.75
24400 0.75
24500 0.875
24600 0.75
24700 0.75
24800 0.8125
24900 0.875
25000 0.65625
25100 0.78125
