0 3.32193
100 2.53122
200 2.41885
300 2.08478
400 2.84869
500 2.13044
600 2.57459
700 1.87216
800 2.44864
900 1.93317
1000 2.02331
1100 2.70208
1200 1.73361
1300 1.8504
1400 1.83252
1500 2.10011
1600 2.33372
1700 2.15903
1800 2.02553
1900 2.02247
2000 2.21795
2100 1.87502
2200 1.87499
2300 1.99552
2400 1.3403
2500 1.84808
2600 2.41213
2700 1.91138
2800 2.14313
2900 2.23512
3000 2.02994
3100 1.47616
3200 2.26582
3300 1.98016
3400 1.70549
3500 1.81254
3600 1.85463
3700 1.62775
3800 1.97681
3900 1.80958
4000 2.14057
4100 2.02102
4200 1.74721
4300 2.0115
4400 2.267
4500 1.59263
4600 1.4014
4700 1.72665
4800 1.53387
4900 2.33597
5000 2.22978
5100 1.82567
5200 1.87199
5300 2.12055
5400 1.55137
5500 2.24324
5600 1.96126
5700 2.05083
5800 1.59942
5900 2.05383
6000 1.80424
6100 1.59352
6200 1.91676
6300 1.76009
6400 1.74012
6500 1.30544
6600 1.82501
6700 1.96514
6800 1.74642
6900 1.36039
7000 1.63812
7100 1.5494
7200 1.93547
7300 1.39094
7400 2.16653
7500 1.60622
7600 2.29004
7700 1.80584
7800 1.67499
7900 1.64615
8000 1.46603
8100 1.63797
8200 1.38042
8300 2.05155
8400 1.60858
8500 2.11417
8600 1.58755
8700 1.73098
8800 1.5173
8900 1.9749
9000 2.02074
9100 1.89748
9200 1.96529
9300 1.45585
9400 1.41678
9500 1.5707
9600 1.48791
9700 1.56599
9800 1.47342
9900 1.66893
10000 1.31235
10100 1.12171
10200 1.55306
10300 2.09794
10400 1.98752
10500 1.2696
10600 1.57392
10700 1.66801
10800 1.68127
10900 2.31992
11000 1.42122
11100 1.19121
11200 1.57304
11300 1.56978
11400 2.15628
11500 1.6834
11600 1.30297
11700 1.29153
11800 1.25531
11900 1.54653
12000 1.74441
12100 1.73417
12200 1.38243
12300 1.33393
12400 1.36948
12500 1.34406
12600 1.53152
12700 1.2295
12800 1.68385
12900 1.83509
13000 1.58223
13100 1.7803
13200 1.70622
13300 1.10957
13400 1.32257
13500 1.42579
13600 1.35927
13700 1.44345
13800 1.15956
13900 1.73709
14000 1.37637
14100 1.17485
14200 1.45318
14300 1.28962
14400 1.49918
14500 1.46346
14600 1.8403
14700 1.26233
14800 1.81398
14900 1.61832
15000 0.991336
15100 1.57201
15200 0.966169
15300 1.30286
15400 0.998058
15500 1.12053
15600 1.29446
15700 1.19023
15800 1.13432
15900 1.25432
16000 1.36735
16100 1.67705
16200 1.427
16300 1.01695
16400 1.15145
16500 1.13413
16600 1.18656
16700 1.33302
16800 0.967512
16900 0.980258
17000 0.872754
17100 0.981951
17200 1.26839
17300 0.863267
17400 1.88842
17500 1.25838
17600 1.0898
17700 1.67126
17800 1.68543
17900 1.35152
18000 0.951188
18100 1.32942
18200 1.57484
18300 1.3865
18400 1.11361
18500 1.57989
18600 1.11657
18700 1.07447
18800 1.26294
18900 1.61536
19000 1.18585
19100 1.0099
19200 0.876152
19300 1.54019
19400 1.14134
19500 1.1472
19600 1.38702
19700 0.916569
19800 1.06552
19900 1.40398
20000 1.16451
20100 1.35111
20200 1.37549
20300 1.37987
20400 1.19008
20500 1.73281
20600 1.3224
20700 0.829598
20800 1.06646
20900 0.800524
21000 1.34425
21100 1.11825
21200 1.39684
21300 1.6043
21400 1.18388
21500 0.92569
21600 0.864312
21700 0.952913
21800 1.65752
21900 1.33175
22000 0.814885
22100 1.57852
22200 0.921137
22300 0.768179
22400 1.05976
22500 0.940176
22600 0.896514
22700 0.77295
22800 0.953103
22900 1.46932
23000 1.15182
23100 0.96683
23200 0.886871
23300 1.10657
23400 0.966316
23500 0.998449
23600 1.03496
23700 1.21215
23800 1.25618
23900 0.645935
24000 1.27855
24100 1.1443
24200 1.07846
24300 0.907879
24400 1.30168
24500 0.920382
24600 0.88643
24700 1.06466
24800 0.902513
24900 0.747949
25000 1.3505
25100 0.931008
