0 2.30259
100 1.75451
200 1.67662
300 1.44506
400 1.97456
500 1.47671
600 1.78457
700 1.29768
800 1.69727
900 1.33997
1000 1.40245
1100 1.87294
1200 1.20165
1300 1.2826
1400 1.27021
1500 1.45569
1600 1.61761
1700 1.49653
1800 1.40399
1900 1.40187
2000 1.53736
2100 1.29966
2200 1.29965
2300 1.38319
2400 0.929027
2500 1.28099
2600 1.67196
2700 1.32487
2800 1.4855
2900 1.54927
3000 1.40705
3100 1.0232
3200 1.57055
3300 1.37254
3400 1.18215
3500 1.25635
3600 1.28553
3700 1.12827
3800 1.37022
3900 1.2543
4000 1.48373
4100 1.40087
4200 1.21107
4300 1.39427
4400 1.57136
4500 1.10393
4600 0.971376
4700 1.19682
4800 1.0632
4900 1.61917
5000 1.54557
5100 1.26546
5200 1.29756
5300 1.46985
5400 1.07533
5500 1.55489
5600 1.35944
5700 1.42153
5800 1.10864
5900 1.42361
6000 1.25061
6100 1.10454
6200 1.3286
6300 1.22
6400 1.20616
6500 0.904864
6600 1.265
6700 1.36213
6800 1.21053
6900 0.942948
7000 1.13546
7100 1.07396
7200 1.34157
7300 0.964123
7400 1.50172
7500 1.11335
7600 1.58734
7700 1.25171
7800 1.16101
7900 1.14102
8000 1.01618
8100 1.13536
8200 0.956832
8300 1.42203
8400 1.11498
8500 1.46543
8600 1.1004
8700 1.19982
8800 1.05171
8900 1.36889
9000 1.40067
9100 1.31524
9200 1.36224
9300 1.00912
9400 0.982037
9500 1.08873
9600 1.03134
9700 1.08546
9800 1.0213
9900 1.15681
10000 0.909654
10100 0.777511
10200 1.0765
10300 1.45418
10400 1.37764
10500 0.880022
10600 1.09096
10700 1.15618
10800 1.16537
10900 1.60804
11000 0.985114
11100 0.825687
11200 1.09034
11300 1.08809
11400 1.49462
11500 1.16685
11600 0.903149
11700 0.895222
11800 0.870117
11900 1.07198
12000 1.20913
12100 1.20203
12200 0.958227
12300 0.924608
12400 0.949249
12500 0.93163
12600 1.06157
12700 0.852225
12800 1.16715
12900 1.27199
13000 1.09672
13100 1.23401
13200 1.18266
13300 0.769096
13400 0.916737
13500 0.988284
13600 0.942172
13700 1.00052
13800 0.803748
13900 1.20406
14000 0.954028
14100 0.814342
14200 1.00727
14300 0.893898
14400 1.03915
14500 1.01439
14600 1.2756
14700 0.87498
14800 1.25736
14900 1.12173
15000 0.687141
15100 1.08964
15200 0.669698
15300 0.903073
15400 0.691801
15500 0.776689
15600 0.897248
15700 0.825005
15800 0.786252
15900 0.869426
16000 0.947775
16100 1.16244
16200 0.989124
16300 0.704894
16400 0.798122
16500 0.786117
16600 0.822463
16700 0.923977
16800 0.670628
16900 0.679463
17000 0.604947
17100 0.680636
17200 0.87918
17300 0.598371
17400 1.30896
17500 0.872241
17600 0.75539
17700 1.15843
17800 1.16825
17900 0.936806
18000 0.659313
18100 0.921484
18200 1.09159
18300 0.96105
18400 0.771894
18500 1.0951
18600 0.773945
18700 0.744769
18800 0.875403
18900 1.11968
19000 0.821965
19100 0.700006
19200 0.607302
19300 1.06758
19400 0.791118
19500 0.79518
19600 0.96141
19700 0.635317
19800 0.738564
19900 0.973167
20000 0.80718
20100 0.936521
20200 0.953414
20300 0.956455
20400 0.824901
20500 1.20109
20600 0.916615
20700 0.575033
20800 0.739217
20900 0.554881
21000 0.93176
21100 0.77511
21200 0.968215
21300 1.11202
21400 0.820601
21500 0.641639
21600 0.599096
21700 0.660509
21800 1.14891
21900 0.923102
22000 0.564835
22100 1.09415
22200 0.638483
22300 0.532461
22400 0.734571
22500 0.65168
22600 0.621416
22700 0.535768
22800 0.660641
22900 1.01846
23000 0.798383
23100 0.670155
23200 0.614732
23300 0.767013
23400 0.669799
23500 0.692072
23600 0.717378
23700 0.840201
23800 0.870716
23900 0.447728
24000 0.88622
24100 0.793168
24200 0.747533
24300 0.629294
24400 0.902253
24500 0.63796
24600 0.614426
24700 0.737968
24800 0.625574
24900 0.518439
25000 0.936095
25100 0.645326
