0 10.0
100 6.91819
200 6.32956
300 5.67165
400 6.41091
500 5.66009
600 5.91177
700 4.77391
800 4.72796
900 5.27919
1000 5.41222
1100 5.34196
1200 4.67038
1300 4.51953
1400 4.89051
1500 5.19738
1600 5.24568
1700 5.37356
1800 5.3584
1900 4.38226
2000 4.42099
2100 4.85896
2200 4.61775
2300 4.53743
2400 3.98651
2500 4.99815
2600 4.72669
2700 4.89177
2800 4.76098
2900 4.86207
3000 4.79562
3100 4.32986
3200 4.62654
3300 5.10642
3400 4.25931
3500 4.77897
3600 4.60167
3700 4.34292
3800 5.00735
3900 3.89677
4000 4.45096
4100 4.39265
4200 4.62447
4300 4.32103
4400 4.96465
4500 4.55087
4600 4.19258
4700 4.17978
4800 4.04531
4900 4.4428
5000 4.75597
5100 4.49787
5200 4.73883
5300 4.41292
5400 4.2078
5500 4.96698
5600 4.58453
5700 4.55633
5800 3.88473
5900 4.18126
6000 4.28809
6100 3.63094
6200 4.29297
6300 4.66443
6400 3.52475
6500 3.32438
6600 3.70725
6700 4.52477
6800 3.60968
6900 3.57066
7000 4.12537
7100 4.57662
7200 3.83022
7300 3.71049
7400 4.30455
7500 4.22736
7600 3.89134
7700 3.56301
7800 3.79516
7900 4.09495
8000 3.44483
8100 3.90431
8200 3.72486
8300 4.00189
8400 3.85973
8500 4.03851
8600 4.04284
8700 3.68343
8800 3.63138
8900 3.87099
9000 4.29754
9100 3.84791
9200 3.81967
9300 3.85495
9400 3.70121
9500 3.83388
9600 3.84579
9700 3.96166
9800 3.35241
9900 3.58456
10000 4.09309
10100 3.71858
10200 3.90181
10300 3.58626
10400 3.995
10500 3.62372
10600 3.97441
10700 3.99442
10800 3.60871
10900 3.90877
11000 3.55902
11100 3.18994
11200 3.89001
11300 3.31796
11400 4.15986
11500 3.61667
11600 3.50292
11700 3.17079
11800 3.4113
11900 3.88227
12000 3.81348
12100 4.07981
12200 3.64481
12300 3.28505
12400 3.261
12500 3.56164
12600 3.83964
12700 3.31757
12800 3.7121
12900 3.79392
13000 3.4301
13100 3.74818
13200 3.30477
13300 3.3921
13400 3.6071
13500 3.6806
13600 3.51667
13700 2.94281
13800 3.50812
13900 3.6584
14000 2.91413
14100 3.07275
14200 3.32523
14300 3.29731
14400 3.32061
14500 3.73094
14600 3.09829
14700 3.53202
14800 4.14229
14900 3.27895
15000 3.25047
15100 3.44022
15200 3.33272
15300 3.33462
15400 3.36345
15500 3.29818
15600 3.40816
15700 3.06599
15800 3.1618
15900 3.20183
16000 3.51151
16100 3.47482
16200 3.34374
16300 2.75799
16400 3.41
16500 3.18047
16600 3.05292
16700 3.492
16800 2.87168
16900 3.1201
17000 2.85509
17100 3.24352
17200 3.37674
17300 2.84236
17400 3.93582
17500 3.37704
17600 3.32776
17700 3.81423
17800 3.56116
17900 3.39606
18000 2.58936
18100 3.04752
18200 3.59044
18300 3.16529
18400 2.99551
18500 2.90558
18600 2.61704
18700 3.18767
18800 3.82699
18900 3.63648
19000 3.48305
19100 3.01333
19200 3.20039
19300 3.80641
19400 3.25929
19500 2.95105
19600 3.55593
19700 2.74297
19800 2.99264
19900 3.05869
20000 3.54692
20100 3.47803
20200 3.23685
20300 3.23564
20400 3.21643
20500 3.49321
20600 3.17059
20700 2.72513
20800 3.18293
20900 2.4671
21000 3.30846
21100 3.27693
21200 3.61487
21300 3.16491
21400 2.89699
21500 3.09379
21600 2.99082
21700 2.79636
21800 3.49312
21900 2.92208
22000 2.69464
22100 3.20211
22200 3.2683
22300 2.74085
22400 3.03847
22500 2.97508
22600 3.35427
22700 2.9035
22800 2.8536
22900 2.87783
23000 2.99198
23100 3.45776
23200 2.88848
23300 3.04432
23400 3.08203
23500 2.8766
23600 2.97866
23700 3.11206
23800 3.17599
23900 2.52405
24000 3.2325
24100 3.36078
24200 2.86485
24300 2.52275
24400 2.90213
24500 3.3106
24600 3.18021
24700 3.02231
24800 2.97306
24900 2.76862
25000 2.81684
25100 2.60772
