0 3.4340622
100 2.2050793
200 2.3614392
300 1.9639659
400 2.420363
500 2.479468
600 1.8615048
700 2.2268252
800 2.7455032
900 2.173702
1000 2.4575188
1100 2.2878618
1200 2.4893022
1300 1.9890397
1400 1.9453518
1500 2.0018704
1600 2.082052
1700 1.8009431
1800 2.418127
1900 2.5988102
2000 1.7034775
2100 2.2944722
2200 2.0057898
2300 2.2137966
2400 2.1338806
2500 1.9822216
2600 2.0105896
2700 2.144644
2800 1.9094329
2900 1.7427807
3000 1.9386649
3100 2.106744
3200 1.6252877
3300 1.8560674
3400 2.3746092
3500 1.8101957
3600 1.5259625
3700 1.6005808
3800 1.2120199
3900 2.3903828
4000 1.4193048
4100 1.3687474
4200 1.7251862
4300 1.8028005
4400 1.4706873
4500 2.1325088
4600 1.2886746
4700 1.6239606
4800 1.938417
4900 2.2039025
5000 1.57246
5100 1.7906703
5200 1.9941609
5300 1.8332636
5400 1.7087997
5500 1.6631298
5600 1.9508724
5700 1.967783
5800 2.1240044
5900 1.9724958
6000 2.2986882
6100 2.2409542
6200 1.8161606
6300 1.827576
6400 1.5689651
6500 1.7735153
6600 1.8412832
6700 1.5509746
6800 1.7958701
6900 2.2469735
7000 1.6720064
7100 2.1807551
7200 1.7784836
7300 2.0186298
7400 1.5506933
7500 2.2878904
7600 1.555438
7700 1.4819487
7800 1.9665684
7900 1.142722
8000 2.2352617
8100 1.8632433
8200 1.372528
8300 1.4155676
8400 1.5275656
8500 1.7694291
8600 1.8111954
8700 1.3698136
8800 1.6409855
8900 1.8767056
9000 1.0436673
9100 1.2546167
9200 1.5383929
9300 1.4184026
9400 1.1365756
9500 1.0068042
9600 1.927678
9700 0.92348665
9800 1.6484002
9900 1.4631909
10000 1.223762
10100 1.2401102
10200 1.7645125
10300 1.7186705
10400 1.5556496
10500 1.2355676
10600 1.0374982
10700 1.2756504
10800 1.4316797
10900 0.9925532
11000 1.1167482
11100 1.6698934
11200 1.395338
11300 0.9541001
11400 1.1049494
11500 1.4189291
11600 0.88211966
11700 1.2767828
11800 1.4399346
11900 1.5386683
12000 1.3038079
12100 1.7493434
12200 1.4875216
12300 0.8537859
12400 0.8364319
12500 1.0643915
12600 1.2793607
12700 1.0206532
12800 0.77540064
12900 1.1970407
13000 0.92913705
13100 1.3179693
13200 0.85742396
13300 0.86999995
13400 1.4035169
13500 1.4761091
13600 1.1563876
13700 1.0034618
13800 1.1263441
13900 1.3318689
14000 1.3429743
14100 0.8495774
14200 1.263999
14300 1.1562265
14400 0.93563366
14500 1.0607287
14600 0.90375584
14700 1.5275406
14800 1.1493341
14900 0.98473454
15000 1.3158622
15100 1.3720496
15200 1.0078152
15300 1.211071
15400 1.227742
15500 0.62501925
15600 0.7777254
15700 1.082938
15800 1.0872191
15900 1.0212324
16000 0.84584516
16100 0.9749727
16200 0.8569391
16300 1.0445803
16400 0.7438255
16500 1.1951729
16600 0.6728288
16700 1.1825411
16800 1.2252644
16900 1.3870977
17000 0.801805
17100 0.9673013
17200 0.6460416
17300 0.7497361
17400 1.166229
17500 0.9176982
17600 1.1454129
17700 0.7969609
17800 1.0493853
17900 1.1669242
18000 1.1036412
18100 0.74932736
18200 1.0351192
18300 0.92393327
18400 1.4070991
18500 0.8066098
18600 1.3406469
18700 0.8373639
18800 1.2123958
18900 0.99653137
19000 0.9530993
19100 0.79647666
19200 0.7343382
19300 0.72189355
19400 0.8974863
19500 0.93565553
19600 1.1524656
19700 0.8083289
19800 0.95347166
19900 1.019016
20000 1.178946
20100 1.2623646
20200 0.9617512
20300 0.864814
20400 1.0325195
20500 0.67312306
20600 1.2009674
20700 1.0736722
20800 1.0032835
20900 0.87245286
21000 0.99099016
21100 0.96490127
21200 0.86949134
21300 1.2132444
21400 0.67120737
21500 0.62863576
21600 1.1502243
