0 2.3803105
100 1.5284445
200 1.636825
300 1.3613174
400 1.6776677
500 1.7186363
600 1.2902968
700 1.5435176
800 1.9030378
900 1.5066954
1000 1.7034223
1100 1.585825
1200 1.7254528
1300 1.3786973
1400 1.3484151
1500 1.3875909
1600 1.4431684
1700 1.2483187
1800 1.6761179
1900 1.801358
2000 1.1807606
2100 1.5904069
2200 1.3903075
2300 1.5344869
2400 1.4790933
2500 1.3739713
2600 1.3936346
2700 1.486554
2800 1.323518
2900 1.2080035
3000 1.3437802
3100 1.4602838
3200 1.1265635
3300 1.2865279
3400 1.6459537
3500 1.254732
3600 1.0577166
3700 1.1094381
3800 0.84010816
3900 1.656887
4000 0.9837872
4100 0.94874334
4200 1.1958079
4300 1.2496061
4400 1.0194027
4500 1.4781424
4600 0.89324117
4700 1.1256437
4800 1.3436083
4900 1.5276288
5000 1.0899463
5100 1.2411981
5200 1.382247
5300 1.2707216
5400 1.1844497
5500 1.1527938
5600 1.3522418
5700 1.3639632
5800 1.4722476
5900 1.3672299
6000 1.5933292
6100 1.5533111
6200 1.2588665
6300 1.2667792
6400 1.0875237
6500 1.2293072
6600 1.2762803
6700 1.0750537
6800 1.2448022
6900 1.5574834
7000 1.1589465
7100 1.5115843
7200 1.2327509
7300 1.3992075
7400 1.0748587
7500 1.5858448
7600 1.0781475
7700 1.0272086
7800 1.3631213
7900 0.79207456
8000 1.5493653
8100 1.2915019
8200 0.95136386
8300 0.9811967
8400 1.0588278
8500 1.2264748
8600 1.255425
8700 0.9494824
8800 1.1374445
8900 1.3008332
9000 0.7234151
9100 0.86963403
9200 1.0663327
9300 0.98316175
9400 0.7878142
9500 0.6978635
9600 1.3361646
9700 0.64011216
9800 1.142584
9900 1.0142066
10000 0.8482472
10100 0.85957885
10200 1.2230669
10300 1.1912916
10400 1.0782942
10500 0.8564302
10600 0.719139
10700 0.88421345
10800 0.99236476
10900 0.6879854
11000 0.77407086
11100 1.1574819
11200 0.96717465
11300 0.6613318
11400 0.76589257
11500 0.9835267
11600 0.61143875
11700 0.8849984
11800 0.99808663
11900 1.0665236
12000 0.90373075
12100 1.2125524
12200 1.0310714
12300 0.59179926
12400 0.57977045
12500 0.73778
12600 0.88678527
12700 0.7074629
12800 0.53746676
12900 0.8297254
13000 0.6440287
13100 0.9135467
13200 0.594321
13300 0.603038
13400 0.97284377
13500 1.0231609
13600 0.8015468
13700 0.69554675
13800 0.7807222
13900 0.9231812
14000 0.9308788
14100 0.5888822
14200 0.8761374
14300 0.8014351
14400 0.64853185
14500 0.73524106
14600 0.6264358
14700 1.0588105
14800 0.7966577
14900 0.682566
15000 0.9120861
15100 0.9510323
15200 0.6985643
15300 0.8394505
15400 0.85100585
15500 0.43323034
15600 0.5390782
15700 0.7506354
15800 0.75360286
15900 0.70786434
16000 0.5862952
16100 0.6757996
16200 0.5939849
16300 0.7240479
16400 0.51558053
16500 0.8284308
16600 0.4663694
16700 0.819675
16800 0.8492886
16900 0.96146286
17000 0.5557689
17100 0.67048216
17200 0.4478019
17300 0.51967746
17400 0.8083683
17500 0.63609993
17600 0.7939397
17700 0.5524112
17800 0.7273785
17900 0.8088503
18000 0.76498574
18100 0.51939416
18200 0.71748996
18300 0.64042175
18400 0.97532684
18500 0.5590993
18600 0.9292656
18700 0.58041644
18800 0.84036875
18900 0.6907429
19000 0.6606381
19100 0.55207556
19200 0.5090045
19300 0.5003785
19400 0.6220901
19500 0.648547
19600 0.79882824
19700 0.56029093
19800 0.6608962
19900 0.7063281
20000 0.81718314
20100 0.8750045
20200 0.66663516
20300 0.5994434
20400 0.715688
20500 0.46657336
20600 0.8324472
20700 0.7442128
20800 0.6954231
20900 0.60473824
21000 0.68690205
21100 0.6688186
21200 0.60268545
21300 0.8409569
21400 0.4652455
21500 0.4357371
21600 0.79727477
