0 9.603575
100 7.179529
200 6.0583463
300 5.629468
400 5.472369
500 5.8149815
600 4.733465
700 4.9750123
800 5.50931
900 4.716855
1000 5.0373354
1100 4.9231505
1200 4.9883633
1300 5.155839
1400 4.988027
1500 4.3967247
1600 4.6087103
1700 4.890069
1800 4.3678675
1900 4.7254066
2000 4.446846
2100 4.7162495
2200 4.4619465
2300 4.375119
2400 4.156998
2500 4.914179
2600 4.438073
2700 4.602972
2800 4.2139034
2900 4.3016634
3000 4.206994
3100 4.646614
3200 3.957707
3300 3.9143915
3400 3.7357926
3500 3.8170178
3600 4.5858383
3700 3.5917017
3800 3.2280967
3900 4.098914
4000 3.0191135
4100 3.8564973
4200 4.342258
4300 3.7710292
4400 3.6035802
4500 3.9985719
4600 3.6444921
4700 3.7057874
4800 3.6223223
4900 3.4631357
5000 4.145867
5100 3.4311347
5200 4.1541233
5300 3.5940926
5400 4.2877684
5500 4.268196
5600 3.7743702
5700 3.731133
5800 3.4052498
5900 4.3362675
6000 3.871932
6100 3.7534993
6200 3.8959355
6300 3.7324324
6400 3.6701186
6500 3.8777094
6600 3.4713056
6700 3.652516
6800 3.5226722
6900 3.779508
7000 3.5622504
7100 3.4604201
7200 3.992435
7300 3.0757215
7400 3.2065868
7500 3.7140818
7600 3.5159051
7700 3.4550185
7800 3.2799363
7900 3.4042714
8000 3.2942357
8100 4.127509
8200 3.3061311
8300 3.5656376
8400 3.8262582
8500 3.5450566
8600 3.2849493
8700 2.8706841
8800 3.777676
8900 3.5806022
9000 3.1098177
9100 3.2845817
9200 3.1826537
9300 3.664629
9400 3.4318545
9500 3.3481293
9600 3.1259215
9700 3.2387834
9800 3.5922031
9900 2.8484225
10000 3.2454834
10100 3.515851
10200 3.2940855
10300 3.3688035
10400 3.3134313
10500 3.2494745
10600 2.8153787
10700 3.0150135
10800 3.4880276
10900 3.0152268
11000 3.146237
11100 3.3405213
11200 3.2016358
11300 3.2029085
11400 3.188806
11500 3.3776684
11600 2.803012
11700 3.0573516
11800 3.291685
11900 3.484293
12000 3.0120497
12100 3.0911844
12200 3.3207798
12300 3.0477386
12400 3.22243
12500 3.194664
12600 3.0638695
12700 3.16965
12800 2.6509795
12900 3.275998
13000 3.114602
13100 3.300961
13200 2.9043155
13300 2.753245
13400 3.09762
13500 3.1684437
13600 3.0986605
13700 3.00706
13800 2.4931047
13900 2.7129264
14000 2.929475
14100 2.9942274
14200 3.0648081
14300 3.2053173
14400 2.8140483
14500 2.439126
14600 2.470668
14700 3.3036814
14800 2.7684617
14900 2.7321525
15000 3.4273264
15100 3.7660615
15200 2.7004204
15300 3.1248608
15400 3.3441663
15500 2.4006805
15600 2.777257
15700 2.6753778
15800 2.8487997
15900 2.8857594
16000 2.8824759
16100 3.0731235
16200 3.0709417
16300 2.872979
16400 2.6396055
16500 3.3646717
16600 2.3254986
16700 2.8956068
16800 3.6794453
16900 3.0818214
17000 3.1120362
17100 2.8233557
17200 2.152206
17300 2.9316487
17400 2.8306828
17500 3.2051914
17600 3.151148
17700 3.0334764
17800 2.809321
17900 3.2700799
18000 3.057801
18100 2.7780702
18200 3.1195884
18300 2.7642913
18400 3.282644
18500 2.709734
18600 3.5713658
18700 2.743252
18800 3.2205658
18900 3.2342758
19000 2.7738976
19100 3.1795683
19200 2.8696964
19300 2.7295108
19400 2.823543
19500 3.0306187
19600 3.1802227
19700 2.7055535
19800 3.0693686
19900 2.94116
20000 2.8498535
20100 3.3753018
20200 2.8271463
20300 3.0066886
20400 2.6633337
20500 2.7103102
20600 2.655179
20700 3.1152568
20800 2.7121096
20900 2.919926
21000 3.059863
21100 3.0352454
21200 2.6560702
21300 3.2161112
21400 2.4812603
21500 2.7168348
21600 3.0843086
