0 0.125
100 0.5
200 0.40625
300 0.3125
400 0.53125
500 0.5
600 0.34375
700 0.4375
800 0.5
900 0.34375
1000 0.53125
1100 0.5625
1200 0.59375
1300 0.46875
1400 0.4375
1500 0.4375
1600 0.5
1700 0.53125
1800 0.40625
1900 0.53125
2000 0.65625
2100 0.375
2200 0.5
2300 0.5
2400 0.65625
2500 0.4375
2600 0.53125
2700 0.46875
2800 0.53125
2900 0.5
3000 0.40625
3100 0.5625
3200 0.6875
3300 0.53125
3400 0.625
3500 0.625
3600 0.5625
3700 0.59375
3800 0.5
3900 0.5
4000 0.40625
4100 0.46875
4200 0.4375
4300 0.65625
4400 0.5
4500 0.5625
4600 0.5625
4700 0.5625
4800 0.625
4900 0.65625
5000 0.5
5100 0.65625
5200 0.5625
5300 0.625
5400 0.5625
5500 0.6875
5600 0.53125
5700 0.53125
5800 0.40625
5900 0.65625
6000 0.59375
6100 0.53125
6200 0.59375
6300 0.4375
6400 0.75
6500 0.59375
6600 0.53125
6700 0.5625
6800 0.6875
6900 0.59375
7000 0.53125
7100 0.59375
7200 0.625
7300 0.8125
7400 0.5
7500 0.5
7600 0.59375
7700 0.78125
7800 0.84375
7900 0.6875
8000 0.625
8100 0.6875
8200 0.8125
8300 0.59375
8400 0.59375
8500 0.53125
8600 0.6875
8700 0.6875
8800 0.6875
8900 0.65625
9000 0.75
9100 0.65625
9200 0.65625
9300 0.84375
9400 0.75
9500 0.71875
9600 0.6875
9700 0.6875
9800 0.75
9900 0.5625
10000 0.75
10100 0.6875
10200 0.71875
10300 0.65625
10400 0.5
10500 0.6875
10600 0.6875
10700 0.75
10800 0.625
10900 0.65625
11000 0.6875
11100 0.78125
11200 0.75
11300 0.75
11400 0.78125
11500 0.875
11600 0.71875
11700 0.625
11800 0.75
11900 0.59375
12000 0.8125
12100 0.84375
12200 0.6875
12300 0.8125
12400 0.75
12500 0.6875
12600 0.75
12700 0.78125
12800 0.71875
12900 0.625
13000 0.6875
13100 0.875
13200 0.71875
13300 0.71875
13400 0.6875
13500 0.65625
13600 0.84375
13700 0.78125
13800 0.6875
13900 0.875
14000 0.8125
14100 0.6875
14200 0.84375
14300 0.59375
14400 0.71875
14500 0.75
14600 0.75
14700 0.71875
14800 0.84375
14900 0.78125
15000 0.75
15100 0.875
15200 0.65625
15300 0.65625
15400 0.8125
15500 0.78125
15600 0.84375
15700 0.71875
15800 0.65625
15900 0.90625
16000 0.84375
16100 0.84375
16200 0.625
16300 0.6875
16400 0.78125
16500 0.84375
16600 0.6875
16700 0.65625
16800 0.78125
16900 0.71875
17000 0.8125
17100 0.8125
17200 0.78125
17300 0.75
17400 0.71875
17500 0.75
17600 0.71875
17700 0.90625
17800 0.71875
17900 0.59375
18000 0.90625
18100 0.625
18200 0.75
18300 0.8125
18400 0.78125
18500 0.8125
18600 0.78125
18700 0.8125
18800 0.71875
18900 0.78125
19000 0.84375
19100 0.8125
19200 0.875
19300 0.84375
19400 0.8125
19500 0.78125
19600 0.84375
19700 0.75
19800 0.75
19900 0.78125
20000 0.84375
20100 0.65625
20200 0.8125
20300 0.78125
20400 0.75
20500 0.71875
20600 0.78125
20700 0.65625
20800 0.8125
20900 0.875
21000 0.8125
21100 0.6875
21200 0.78125
21300 0.78125
21400 0.78125
21500 0.71875
21600 0.8125
21700 0.75
21800 0.75
21900 0.8125
22000 0.71875
22100 0.71875
22200 0.84375
22300 0.75
22400 0.84375
22500 0.6875
22600 0.71875
22700 0.84375
22800 0.78125
22900 0.84375
23000 0.75
23100 0.78125
23200 0.875
23300 0.78125
23400 0.84375
23500 0.90625
23600 0.78125
23700 0.65625
23800 0.8125
23900 0.9375
24000 0.71875
24100 0.84375
24200 0.84375
24300 0.84375
24400 0.75
24500 0.8125
24600 0.84375
24700 0.78125
24800 0.84375
24900 0.8125
25000 0.84375
