0 3.3911262
100 2.3347347
200 2.4969416
300 2.821783
400 1.9718951
500 2.285812
600 2.4836242
700 2.352749
800 2.0570076
900 2.3379605
1000 1.7953438
1100 2.1924984
1200 2.0137804
1300 2.4582884
1400 2.8226533
1500 1.9199575
1600 1.71032
1700 2.1199293
1800 2.326649
1900 1.828445
2000 1.6478449
2100 2.1789799
2200 1.9033076
2300 1.9047356
2400 1.5501521
2500 2.1430094
2600 1.9559666
2700 1.7667943
2800 2.3571339
2900 1.625085
3000 2.6348805
3100 1.9805044
3200 1.3673768
3300 1.7304457
3400 1.6291302
3500 1.8763074
3600 1.7814653
3700 1.6973095
3800 1.9488863
3900 1.9952422
4000 2.2858994
4100 2.0949864
4200 2.1589735
4300 1.6110584
4400 2.1395056
4500 1.7462991
4600 1.8956842
4700 1.8521773
4800 1.9778957
4900 1.5917397
5000 2.1417677
5100 1.6395591
5200 1.9776846
5300 1.5919075
5400 1.830616
5500 1.3035356
5600 1.7616975
5700 2.1806915
5800 2.258976
5900 1.4886546
6000 1.6357125
6100 1.9388463
6200 1.655064
6300 2.365404
6400 1.3521312
6500 1.5752314
6600 1.6078053
6700 1.6548976
6800 1.513459
6900 1.5854232
7000 1.5401851
7100 1.6653708
7200 1.6299111
7300 1.0440764
7400 1.7909541
7500 1.9301615
7600 1.3276113
7700 0.99858165
7800 0.94863087
7900 1.2915823
8000 1.3259556
8100 1.4335561
8200 1.1654328
8300 1.3390532
8400 1.4680805
8500 2.5111878
8600 1.2165478
8700 1.3796257
8800 1.386523
8900 1.5564854
9000 1.3482347
9100 1.6092062
9200 1.1414269
9300 1.031792
9400 1.1792728
9500 1.1223425
9600 1.3418573
9700 1.3112142
9800 1.3191537
9900 1.7514615
10000 1.2297543
10100 1.31834
10200 1.3782548
10300 1.6683513
10400 1.9708792
10500 1.179214
10600 1.4853557
10700 1.2709423
10800 1.3330841
10900 1.5544376
11000 1.1828068
11100 1.142863
11200 1.3095819
11300 1.2045157
11400 0.98147774
11500 0.79395616
11600 1.5765694
11700 1.3959866
11800 1.2752542
11900 1.4655157
12000 0.942107
12100 0.9551406
12200 1.2015115
12300 0.9591353
12400 1.0141901
12500 0.9495795
12600 1.1374594
12700 1.2777603
12800 1.337664
12900 1.3260963
13000 1.4701061
13100 0.93105227
13200 1.4660882
13300 1.3043245
13400 1.1798501
13500 1.4089104
13600 0.73143655
13700 1.2255865
13800 1.3701882
13900 0.96450675
14000 0.8746804
14100 1.2887386
14200 0.90834737
14300 1.5180857
14400 1.1731465
14500 1.0602847
14600 1.0618961
14700 1.1652232
14800 0.82318306
14900 1.2033539
15000 1.0061965
15100 0.66084754
15200 1.4926739
15300 1.3326129
15400 1.1151326
15500 1.0030552
15600 0.84838045
15700 1.5999285
15800 1.634881
15900 0.7773369
16000 0.7948477
16100 0.77970964
16200 1.7356331
16300 1.0742369
16400 1.2387587
16500 0.8322796
16600 1.3184587
16700 1.3716991
16800 1.0442725
16900 1.1852089
17000 0.9792826
17100 1.0553994
17200 1.0530684
17300 0.90392345
17400 1.1423242
17500 1.0767452
17600 1.0769858
17700 0.7044002
17800 1.2429191
17900 1.5580803
18000 0.64132404
18100 1.3164741
18200 1.1671288
18300 0.8369422
18400 1.0013441
18500 0.850407
18600 1.2797832
18700 0.8429196
18800 1.0901387
18900 1.0471803
19000 0.9628413
19100 1.0008571
19200 0.84801877
19300 0.8446795
19400 0.97267556
19500 0.94256675
19600 0.8216533
19700 0.9665424
19800 1.1331142
19900 0.9776562
20000 0.8672143
20100 1.3591394
20200 0.8404218
20300 0.92244476
20400 1.226642
20500 1.4386144
20600 1.0400242
20700 1.4681551
20800 0.8923772
20900 0.95834845
21000 1.0029583
21100 1.1830451
21200 0.9986648
21300 0.9048102
21400 1.1181134
21500 1.2125441
21600 0.9328208
21700 1.0174215
21800 1.184211
21900 1.0234317
22000 1.1040001
22100 1.0525609
22200 0.93782824
22300 0.90683913
22400 0.87062484
22500 1.3909158
22600 1.0975393
22700 0.85111547
22800 1.1553309
22900 0.9393198
23000 1.1728516
23100 1.0701333
23200 0.68904877
23300 1.0580302
23400 0.80440724
23500 0.6774694
23600 0.887948
23700 1.4113413
23800 0.7433528
23900 0.63082093
24000 1.2589477
24100 0.8844325
24200 1.1057296
24300 0.8466666
24400 1.1532204
24500 0.8212699
24600 0.7083415
24700 0.84279305
24800 0.89009017
24900 0.88173616
25000 0.9202614
