0 2.3505495
100 1.6183147
200 1.7307479
300 1.9559109
400 1.3668135
500 1.5844041
600 1.7215171
700 1.6308014
800 1.4258089
900 1.6205508
1000 1.2444375
1100 1.5197241
1200 1.3958462
1300 1.7039557
1400 1.9565141
1500 1.3308132
1600 1.1855035
1700 1.469423
1800 1.6127101
1900 1.2673814
2000 1.142199
2100 1.5103538
2200 1.3192723
2300 1.3202621
2400 1.0744835
2500 1.485421
2600 1.3557727
2700 1.2246485
2800 1.6338407
2900 1.1264231
3000 1.82636
3100 1.372781
3200 0.94779336
3300 1.1994536
3400 1.129227
3500 1.3005571
3600 1.2348176
3700 1.1764853
3800 1.350865
3900 1.3829966
4000 1.5844648
4100 1.4521339
4200 1.4964864
4300 1.1167005
4400 1.4829923
4500 1.2104423
4600 1.3139882
4700 1.2838315
4800 1.3709729
4900 1.1033099
5000 1.4845603
5100 1.1364558
5200 1.3708265
5300 1.1034262
5400 1.2688863
5500 0.90354204
5600 1.2211157
5700 1.5115402
5800 1.5658028
5900 1.0318568
6000 1.1337895
6100 1.3439059
6200 1.147203
6300 1.6395731
6400 0.937226
6500 1.0918672
6600 1.1144457
6700 1.1470876
6800 1.0490499
6900 1.0989317
7000 1.067575
7100 1.1543471
7200 1.1297683
7300 0.7236986
7400 1.2413948
7500 1.337886
7600 0.92023003
7700 0.69216406
7800 0.6575408
7900 0.89525664
8000 0.9190824
8100 0.99366534
8200 0.8078165
8300 0.9281609
8400 1.0175959
8500 1.7406228
8600 0.8432467
8700 0.9562836
8800 0.9610645
8900 1.0788735
9000 0.934525
9100 1.1154168
9200 0.79117686
9300 0.71518373
9400 0.81740963
9500 0.7779485
9600 0.9301046
9700 0.90886444
9800 0.9143677
9900 1.2140206
10000 0.8524007
10100 0.91380364
10200 0.9553334
10300 1.156413
10400 1.3661094
10500 0.81736887
10600 1.0295701
10700 0.8809501
10800 0.9240235
10900 1.0774541
11000 0.8198592
11100 0.7921723
11200 0.907733
11300 0.8349067
11400 0.6803085
11500 0.5503285
11600 1.0927947
11700 0.9676242
11800 0.8839389
11900 1.0158181
12000 0.65301883
12100 0.662053
12200 0.83282435
12300 0.6648219
12400 0.702983
12500 0.65819836
12600 0.78842676
12700 0.8856759
12800 0.92719805
12900 0.9191799
13000 1.0189999
13100 0.64535624
13200 1.0162148
13300 0.90408885
13400 0.81780976
13500 0.9765823
13600 0.5069932
13700 0.84951186
13800 0.9497421
13900 0.6685451
14000 0.60628223
14100 0.8932855
14200 0.6296184
14300 1.0522568
14400 0.8131632
14500 0.7349334
14600 0.73605025
14700 0.8076712
14800 0.57058704
14900 0.8341013
15000 0.6974423
15100 0.45806462
15200 1.0346427
15300 0.9236969
15400 0.772951
15500 0.6952649
15600 0.5880525
15700 1.1089859
15800 1.1332132
15900 0.5388089
16000 0.5509465
16100 0.54045355
16200 1.2030492
16300 0.74460423
16400 0.8586421
16500 0.57689226
16600 0.91388595
16700 0.9507894
16800 0.7238346
16900 0.8215242
17000 0.678787
17100 0.7315471
17200 0.7299314
17300 0.626552
17400 0.79179883
17500 0.7463429
17600 0.7465097
17700 0.488253
17800 0.8615259
17900 1.079979
18000 0.44453195
18100 0.9125103
18200 0.808992
18300 0.58012414
18400 0.6940788
18500 0.5894572
18600 0.88707817
18700 0.5842673
18800 0.75562656
18900 0.7258501
19000 0.6673907
19100 0.6937413
19200 0.5878018
19300 0.5854872
19400 0.6742073
19500 0.6533375
19600 0.5695267
19700 0.66995615
19800 0.78541493
19900 0.67765963
20000 0.6011072
20100 0.9420837
20200 0.582536
20300 0.63939
20400 0.85024345
20500 0.9971715
20600 0.7208898
20700 1.0176476
20800 0.61854875
20900 0.66427654
21000 0.6951977
21100 0.8200244
21200 0.6922217
21300 0.6271666
21400 0.77501714
21500 0.8404715
21600 0.6465821
21700 0.70522285
21800 0.8208325
21900 0.7093888
22000 0.7652346
22100 0.7295796
22200 0.650053
22300 0.628573
22400 0.60347116
22500 0.96410936
22600 0.7607563
22700 0.5899483
22800 0.80081433
22900 0.65108687
23000 0.8129587
23100 0.7417599
23200 0.47761223
23300 0.73337066
23400 0.5575726
23500 0.46958598
23600 0.61547863
23700 0.97826725
23800 0.5152529
23900 0.43725175
24000 0.8726361
24100 0.6130419
24200 0.76643336
24300 0.58686453
24400 0.79935145
24500 0.56926095
24600 0.49098492
24700 0.58417964
24800 0.6169635
24900 0.6111729
25000 0.6378766
