0 9.546209
100 6.3927913
200 5.713465
300 6.059499
400 5.529957
500 4.833112
600 5.07671
700 5.6134505
800 4.683073
900 5.5387764
1000 4.8570533
1100 4.8163147
1200 4.793052
1300 4.9684944
1400 5.065341
1500 4.8931932
1600 4.2554493
1700 4.458626
1800 4.5603466
1900 4.104006
2000 3.899219
2100 4.7497473
2200 4.375818
2300 4.4502954
2400 4.327445
2500 4.2749805
2600 4.5341206
2700 4.575233
2800 4.5952706
2900 4.275978
3000 4.2934656
3100 3.7643876
3200 4.16111
3300 4.0859375
3400 4.026762
3500 4.6253104
3600 4.186551
3700 4.1292243
3800 4.024866
3900 3.4834826
4000 3.8816876
4100 3.9910564
4200 4.608072
4300 3.832449
4400 4.0906405
4500 3.572372
4600 3.769457
4700 4.278591
4800 3.5087657
4900 3.5534978
5000 3.8468988
5100 4.14382
5200 3.4703445
5300 3.9080303
5400 4.072749
5500 3.7513964
5600 3.9612894
5700 3.8080099
5800 3.9756227
5900 3.7604637
6000 3.5739274
6100 3.4431825
6200 3.715902
6300 3.7971687
6400 4.0430803
6500 2.9130201
6600 4.013471
6700 3.773612
6800 3.1012678
6900 3.963693
7000 3.14003
7100 3.778699
7200 3.3545418
7300 3.3885505
7400 3.7623882
7500 4.1165886
7600 3.293594
7700 3.3039155
7800 3.2864218
7900 3.9437537
8000 3.749157
8100 4.009156
8200 3.7426977
8300 3.5389967
8400 3.730935
8500 3.425572
8600 3.6534033
8700 3.5540857
8800 3.2573824
8900 3.3642642
9000 3.446607
9100 3.6947596
9200 2.9346585
9300 3.236567
9400 3.1346922
9500 3.2793574
9600 3.336259
9700 3.1411355
9800 2.9972277
9900 3.3149285
10000 2.8129125
10100 2.5568569
10200 3.1695771
10300 3.333167
10400 3.9860387
10500 3.217278
10600 3.3264823
10700 3.1411545
10800 3.4177039
10900 3.6546707
11000 3.2397068
11100 3.0342155
11200 3.0982172
11300 2.974745
11400 2.8785462
11500 2.9164178
11600 3.4343433
11700 3.8282976
11800 3.4906301
11900 3.4466295
12000 2.7101846
12100 3.2738364
12200 3.2367096
12300 3.132062
12400 2.7869768
12500 2.843193
12600 2.7909355
12700 3.685161
12800 3.0771825
12900 3.2798262
13000 3.289838
13100 3.164194
13200 3.245265
13300 3.571124
13400 3.089645
13500 3.579165
13600 2.6126544
13700 3.0852594
13800 3.4144607
13900 3.1324174
14000 2.9568639
14100 3.332458
14200 2.9510853
14300 3.1711907
14400 3.3938913
14500 3.1966474
14600 2.7845984
14700 3.4220881
14800 2.7186136
14900 3.0830266
15000 2.4692233
15100 2.6634998
15200 2.8261342
15300 3.169135
15400 3.007052
15500 2.8620143
15600 2.6472263
15700 2.9224806
15800 3.7689795
15900 3.0183167
16000 3.2889225
16100 2.8173392
16200 3.833496
16300 3.2657418
16400 2.8406134
16500 2.8501718
16600 3.1593015
16700 3.0416574
16800 2.6731267
16900 3.4816992
17000 2.5746245
17100 3.3808463
17200 3.0489326
17300 2.970675
17400 3.2496915
17500 2.9284208
17600 3.3556607
17700 3.2281048
17800 3.4152222
17900 3.2070208
18000 2.5662913
18100 2.9031377
18200 3.0666723
18300 2.8519835
18400 2.6214375
18500 2.7323422
18600 3.3772922
18700 3.1075163
18800 2.7830124
18900 3.538172
19000 3.2544732
19100 3.0093303
19200 2.8411427
19300 2.9979625
19400 3.0807977
19500 2.9962173
19600 2.7758164
19700 2.7067494
19800 2.9857092
19900 2.8823595
20000 2.7751002
20100 3.5138416
20200 2.7166286
20300 2.8550506
20400 2.9963744
20500 2.9482682
20600 3.0495582
20700 3.2106113
20800 3.0484095
20900 2.8878303
21000 3.3844278
21100 3.7974353
21200 2.9781098
21300 2.7845678
21400 3.1527483
21500 3.130515
21600 3.1127183
21700 3.1245832
21800 2.967785
21900 3.2995968
22000 3.0129972
22100 2.9767227
22200 3.4132288
22300 3.3182828
22400 2.9007995
22500 3.425421
22600 3.039277
22700 3.0062585
22800 3.317953
22900 3.2114077
23000 3.0091138
23100 2.8516033
23200 2.347143
23300 2.746331
23400 3.0810409
23500 2.574225
23600 2.9860897
23700 3.4394364
23800 2.6027207
23900 2.7846446
24000 3.5231001
24100 2.7669713
24200 2.8879893
24300 2.9649568
24400 3.397005
24500 2.430407
24600 2.4799442
24700 2.7784872
24800 3.0547442
24900 2.8900115
25000 2.545094
