0 0.15625
100 0.3125
200 0.375
300 0.28125
400 0.5625
500 0.53125
600 0.40625
700 0.46875
800 0.4375
900 0.4375
1000 0.375
1100 0.625
1200 0.5
1300 0.65625
1400 0.5
1500 0.3125
1600 0.53125
1700 0.4375
1800 0.46875
1900 0.34375
2000 0.46875
2100 0.5
2200 0.34375
2300 0.46875
2400 0.5
2500 0.46875
2600 0.375
2700 0.5625
2800 0.5625
2900 0.59375
3000 0.625
3100 0.4375
3200 0.6875
3300 0.5625
3400 0.5
3500 0.59375
3600 0.34375
3700 0.65625
3800 0.46875
3900 0.5625
4000 0.53125
4100 0.5
4200 0.6875
4300 0.53125
4400 0.46875
4500 0.65625
4600 0.71875
4700 0.53125
4800 0.75
4900 0.5625
5000 0.625
5100 0.65625
5200 0.59375
5300 0.5
5400 0.6875
5500 0.625
5600 0.5625
5700 0.625
5800 0.5
5900 0.40625
6000 0.46875
6100 0.5625
6200 0.71875
6300 0.59375
6400 0.6875
6500 0.65625
6600 0.59375
6700 0.5625
6800 0.625
6900 0.5
7000 0.5625
7100 0.59375
7200 0.5625
7300 0.71875
7400 0.6875
7500 0.6875
7600 0.6875
7700 0.59375
7800 0.5
7900 0.65625
8000 0.59375
8100 0.5
8200 0.71875
8300 0.5625
8400 0.625
8500 0.75
8600 0.8125
8700 0.71875
8800 0.5625
8900 0.71875
9000 0.5625
9100 0.5
9200 0.625
9300 0.71875
9400 0.6875
9500 0.59375
9600 0.5625
9700 0.65625
9800 0.625
9900 0.75
10000 0.59375
10100 0.59375
10200 0.6875
10300 0.53125
10400 0.625
10500 0.625
10600 0.5
10700 0.40625
10800 0.625
10900 0.59375
11000 0.65625
11100 0.6875
11200 0.625
11300 0.65625
11400 0.625
11500 0.71875
11600 0.78125
11700 0.53125
11800 0.71875
11900 0.46875
12000 0.78125
12100 0.53125
12200 0.78125
12300 0.5
12400 0.65625
12500 0.4375
12600 0.625
12700 0.71875
12800 0.65625
12900 0.625
13000 0.84375
13100 0.53125
13200 0.84375
13300 0.71875
13400 0.75
13500 0.65625
13600 0.8125
13700 0.78125
13800 0.65625
13900 0.8125
14000 0.84375
14100 0.71875
14200 0.65625
14300 0.6875
14400 0.75
14500 0.65625
14600 0.5
14700 0.6875
14800 0.59375
14900 0.625
15000 0.65625
15100 0.75
15200 0.65625
15300 0.65625
15400 0.71875
15500 0.75
15600 0.78125
15700 0.65625
15800 0.65625
15900 0.71875
16000 0.875
16100 0.75
16200 0.625
16300 0.75
16400 0.75
16500 0.65625
16600 0.78125
16700 0.65625
16800 0.6875
16900 0.8125
17000 0.75
17100 0.5625
17200 0.78125
17300 0.5
17400 0.71875
17500 0.65625
17600 0.5
17700 0.71875
17800 0.75
17900 0.71875
18000 0.84375
18100 0.6875
18200 0.71875
18300 0.59375
18400 0.78125
18500 0.6875
18600 0.875
18700 0.75
18800 0.78125
18900 0.75
19000 0.75
19100 0.75
19200 0.84375
19300 0.8125
19400 0.59375
19500 0.875
19600 0.84375
19700 0.6875
19800 0.625
19900 0.6875
20000 0.9375
20100 0.75
20200 0.875
20300 0.6875
20400 0.75
