0 9.625062
100 4.87914
200 5.2806606
300 4.970736
400 5.567258
500 4.6745315
600 4.8651834
700 4.9189296
800 5.419544
900 5.1260557
1000 4.713767
1100 4.3051844
1200 4.9968853
1300 4.705789
1400 5.1245294
1500 5.7705507
1600 4.6376743
1700 4.320315
1800 4.8346634
1900 4.5314198
2000 4.7301884
2100 4.2938194
2200 4.952898
2300 4.1575003
2400 4.708811
2500 5.0999684
2600 4.489534
2700 4.540682
2800 4.5674067
2900 4.4704757
3000 4.378045
3100 4.192037
3200 3.9408722
3300 4.077811
3400 4.5006394
3500 4.3360577
3600 4.828603
3700 3.8780408
3800 4.424129
3900 4.3397865
4000 4.353882
4100 4.2154408
4200 4.2350597
4300 4.521325
4400 4.032942
4500 3.8246458
4600 3.5240035
4700 4.3902493
4800 3.7178226
4900 4.249953
5000 3.952592
5100 3.7638042
5200 4.36183
5300 4.288461
5400 4.202528
5500 3.9534092
5600 4.157404
5700 3.8999627
5800 4.15287
5900 4.807624
6000 3.6887577
6100 3.877462
6200 4.0116596
6300 3.704815
6400 4.307382
6500 3.4008822
6600 4.0209637
6700 3.923158
6800 4.166351
6900 3.8119965
7000 3.9864807
7100 3.9854
7200 4.044631
7300 3.6985745
7400 4.1042566
7500 3.9566317
7600 3.7477312
7700 4.1102457
7800 3.9564323
7900 3.5835304
8000 3.505701
8100 3.4501488
8200 3.4912271
8300 3.7656536
8400 3.3173375
8500 3.405467
8600 3.9230673
8700 3.551605
8800 3.582027
8900 3.6304624
9000 3.763166
9100 4.16799
9200 3.7953913
9300 3.1073928
9400 3.841697
9500 3.2234306
9600 3.2924256
9700 3.2811103
9800 3.4771276
9900 3.4199815
10000 3.5347161
10100 3.7248335
10200 3.5816975
10300 3.7138247
10400 4.18686
10500 3.6172316
10600 3.798459
10700 4.467025
10800 3.4641593
10900 3.853598
11000 3.595292
11100 3.388148
11200 3.5961263
11300 3.3041553
11400 3.6209106
11500 3.1920207
11600 3.3703208
11700 3.6219654
11800 3.2462907
11900 3.7297993
12000 3.6036696
12100 4.171238
12200 3.2987452
12300 3.618261
12400 3.91031
12500 3.689106
12600 3.5623746
12700 3.4920495
12800 3.2906418
12900 3.4730558
13000 3.4462714
13100 3.9922001
13200 3.4936657
13300 3.6045878
13400 3.7880387
13500 3.5726454
13600 2.7342594
13700 3.3147235
13800 3.4687414
13900 3.44991
14000 3.7798688
14100 3.2375002
14200 3.3209128
14300 3.4165258
14400 3.3449554
14500 3.450248
14600 3.430873
14700 3.2492466
14800 3.831805
14900 3.6425095
15000 3.095959
15100 3.3283086
15200 3.5415945
15300 3.5550413
15400 3.179557
15500 3.377442
15600 3.1492257
15700 3.359258
15800 3.3352609
15900 3.8182604
16000 3.7343779
16100 3.1963859
16200 3.39062
16300 2.99305
16400 3.0124974
16500 3.8036141
16600 2.6481059
16700 3.7484088
16800 3.0045648
16900 3.0627456
17000 2.8856792
17100 4.1165895
17200 2.9000077
17300 3.6028793
17400 3.1554255
17500 3.3437593
17600 3.7474551
17700 3.014185
17800 3.053756
17900 3.4335303
18000 3.0259938
18100 3.1940932
18200 3.1793299
18300 3.420774
18400 2.943852
18500 2.9424288
18600 2.8193548
18700 3.6258729
18800 3.3101535
18900 2.7687426
19000 3.1691885
19100 2.6521916
19200 3.2622178
19300 3.2529793
19400 3.76407
19500 2.618092
19600 3.1179297
19700 2.905792
19800 3.909822
19900 3.0098379
20000 2.8792913
20100 3.2863
20200 2.9468884
20300 2.9992583
20400 2.9221206
