0 0.040625002
100 0.396875
200 0.45937502
300 0.46562502
400 0.471875
500 0.5375
600 0.546875
700 0.46875003
800 0.46562502
900 0.534375
1000 0.48750004
1100 0.46249998
1200 0.496875
1300 0.5
1400 0.503125
1500 0.54375005
1600 0.49375
1700 0.45312503
1800 0.53125
1900 0.515625
2000 0.540625
2100 0.52187496
2200 0.4875
2300 0.55625
2400 0.540625
2500 0.47812498
2600 0.52812505
2700 0.53749996
2800 0.528125
2900 0.575
3000 0.528125
3100 0.50624996
3200 0.51562506
3300 0.56874996
3400 0.50937504
3500 0.5
3600 0.5125
3700 0.521875
3800 0.503125
3900 0.46875
4000 0.55
4100 0.559375
4200 0.56874996
4300 0.603125
4400 0.56875
4500 0.528125
4600 0.55625
4700 0.57500005
4800 0.59374994
4900 0.55
5000 0.6593751
5100 0.50937504
5200 0.509375
5300 0.540625
5400 0.57187504
5500 0.62812495
5600 0.55625
5700 0.55625004
5800 0.50937504
5900 0.540625
6000 0.503125
6100 0.521875
6200 0.546875
6300 0.54375
6400 0.525
6500 0.54375
6600 0.603125
6700 0.53125
6800 0.478125
6900 0.57187504
7000 0.490625
7100 0.553125
7200 0.57187504
7300 0.553125
7400 0.54062504
7500 0.546875
7600 0.515625
7700 0.56875
7800 0.584375
7900 0.5375
8000 0.553125
8100 0.575
8200 0.565625
8300 0.584375
8400 0.57500005
8500 0.52187496
8600 0.575
8700 0.54375005
8800 0.5125
8900 0.534375
9000 0.58124995
9100 0.55625004
9200 0.534375
9300 0.55937505
9400 0.50625
9500 0.55625004
9600 0.60937494
9700 0.621875
9800 0.54687506
9900 0.5375
10000 0.509375
10100 0.553125
10200 0.60937506
10300 0.58125
10400 0.521875
10500 0.5625
10600 0.54062504
10700 0.52500004
10800 0.625
10900 0.59687495
11000 0.56875
11100 0.575
11200 0.521875
11300 0.5375
11400 0.546875
11500 0.540625
11600 0.55
11700 0.54375
11800 0.5375
11900 0.55312496
12000 0.5375
12100 0.525
12200 0.53125
12300 0.590625
12400 0.52500004
12500 0.5
12600 0.553125
12700 0.578125
12800 0.534375
12900 0.55312496
13000 0.47187498
13100 0.525
13200 0.58750004
13300 0.51250005
13400 0.5375
13500 0.54062504
13600 0.540625
13700 0.53125
13800 0.49375
13900 0.53125
14000 0.5625
14100 0.50625
14200 0.521875
14300 0.58750004
14400 0.571875
14500 0.49375004
14600 0.553125
14700 0.55937505
14800 0.57500005
14900 0.56874996
15000 0.553125
15100 0.5625
15200 0.60625005
15300 0.578125
15400 0.55
15500 0.521875
15600 0.578125
15700 0.56875
15800 0.5
15900 0.49687505
16000 0.58437496
16100 0.56250006
16200 0.55
16300 0.47500002
16400 0.553125
16500 0.57187504
16600 0.571875
16700 0.528125
16800 0.546875
16900 0.49375004
17000 0.55
17100 0.609375
17200 0.52500004
17300 0.546875
17400 0.5375
17500 0.534375
17600 0.61875004
17700 0.56875
17800 0.525
17900 0.525
18000 0.58750004
18100 0.515625
18200 0.565625
18300 0.521875
18400 0.5375
18500 0.6125
18600 0.51875
18700 0.53125
18800 0.59375
18900 0.6
19000 0.571875
19100 0.58124995
19200 0.6
19300 0.56875
19400 0.521875
19500 0.509375
19600 0.578125
19700 0.57187504
19800 0.6500001
19900 0.60312504
