0 4.7504373
100 2.9786398
200 2.6901233
300 2.3942747
400 2.3822067
500 2.2824154
600 2.2089233
700 2.4726813
800 2.415291
900 2.4435914
1000 2.297283
1100 2.5296597
1200 2.4194052
1300 2.5047214
1400 2.3049016
1500 2.2244473
1600 2.2999058
1700 2.515633
1800 2.2595315
1900 2.2487812
2000 2.1978142
2100 2.3470626
2200 2.3756394
2300 2.0755734
2400 2.1029336
2500 2.4747725
2600 2.2793684
2700 2.1737554
2800 2.3526397
2900 2.0483935
3000 2.2957854
3100 2.4472668
3200 2.2941673
3300 1.888842
3400 2.1918638
3500 2.29736
3600 2.2933412
3700 2.2684796
3800 2.4028697
3900 2.4922798
4000 2.2110088
4100 2.2526515
4200 2.0409937
4300 1.9928949
4400 2.124205
4500 2.2419167
4600 1.968882
4700 2.022581
4800 1.8309916
4900 2.0409653
5000 1.8042682
5100 2.1558824
5200 2.3508353
5300 2.256153
5400 2.0741255
5500 1.860147
5600 2.109948
5700 2.0252686
5800 2.2167401
5900 2.2311566
6000 2.2580736
6100 2.1946857
6200 2.1293163
6300 2.2001812
6400 2.2221477
6500 2.1332371
6600 1.8120928
6700 2.1995428
6800 2.2545638
6900 2.0027912
7000 2.275702
7100 2.0147023
7200 2.0164642
7300 2.1665149
7400 2.3255906
7500 2.151034
7600 2.494907
7700 1.9404426
7800 1.9618628
7900 2.1328115
8000 2.0220268
8100 1.9917816
8200 2.0660543
8300 2.0731447
8400 2.003194
8500 2.320927
8600 1.9579362
8700 2.156866
8800 2.3106217
8900 2.1516848
9000 2.0787191
9100 2.134023
9200 2.2194283
9300 2.2106256
9400 2.4264605
9500 2.0574074
9600 1.9819438
9700 1.7973752
9800 1.9785503
9900 2.2781987
10000 2.2720723
10100 2.1360579
10200 1.8359013
10300 1.8391279
10400 2.1570363
10500 2.4315326
10600 2.209887
10700 2.265574
10800 1.847633
10900 1.9958696
11000 2.0310175
11100 2.1472037
11200 2.1940646
11300 2.3491483
11400 2.1978657
11500 2.2640142
11600 2.0696797
11700 2.2646105
11800 2.2276127
11900 2.1305268
12000 2.086965
12100 2.1579473
12200 2.0703518
12300 2.0345037
12400 2.2788138
12500 2.3994713
12600 2.120787
12700 1.9512429
12800 2.170902
12900 2.2880342
13000 2.5616252
13100 2.3244715
13200 2.0093439
13300 2.3566403
13400 2.185789
13500 2.1271808
13600 2.1401236
13700 2.194284
13800 2.234934
13900 2.2020051
14000 1.9747667
14100 2.1198611
14200 2.4067013
14300 1.9852715
14400 2.1510582
14500 2.4015703
14600 2.141513
14700 2.0415387
14800 2.0456614
14900 2.1932147
15000 2.1009917
15100 2.1030982
15200 1.8038716
15300 2.0617366
15400 2.1246696
15500 2.359494
15600 2.1605651
15700 2.0822601
15800 2.5069752
15900 2.311664
16000 1.9578499
16100 2.0735629
16200 2.2459881
16300 2.625848
16400 2.1546092
16500 2.1072023
16600 1.9989934
16700 2.3720355
16800 2.075877
16900 2.3325863
17000 2.0981996
17100 2.0130417
17200 2.1027522
17300 2.1965616
17400 2.0765376
17500 1.9502783
17600 1.8632407
17700 2.0057921
17800 2.1792002
17900 2.2163537
18000 2.15165
18100 2.308424
18200 2.0468218
18300 2.381525
18400 2.178647
18500 1.8824503
18600 2.2647758
18700 2.241143
18800 2.0048416
18900 1.837663
19000 1.99509
19100 2.1036446
19200 2.019538
19300 2.1986406
19400 2.2147167
19500 2.2475302
19600 2.038365
19700 2.078864
19800 1.7492645
19900 1.9483163
