0 3.2927523
100 2.0646358
200 1.8646514
300 1.6595848
400 1.6512198
500 1.5820498
600 1.531109
700 1.713932
800 1.6741523
900 1.6937685
1000 1.5923553
1100 1.7534266
1200 1.6770039
1300 1.7361406
1400 1.597636
1500 1.5418694
1600 1.5941732
1700 1.7437041
1800 1.5661879
1900 1.5587363
2000 1.5234088
2100 1.6268598
2200 1.6466677
2300 1.4386779
2400 1.4576426
2500 1.7153816
2600 1.5799378
2700 1.5067325
2800 1.6307256
2900 1.4198382
3000 1.5913172
3100 1.6963161
3200 1.5901957
3300 1.3092455
3400 1.5192841
3500 1.5924085
3600 1.589623
3700 1.5723902
3800 1.6655424
3900 1.7275167
4000 1.5325545
4100 1.561419
4200 1.4147091
4300 1.3813695
4400 1.4723868
4500 1.5539782
4600 1.364725
4700 1.4019464
4800 1.2691467
4900 1.4146894
5000 1.2506235
5100 1.4943438
5200 1.6294749
5300 1.5638461
5400 1.4376743
5500 1.2893556
5600 1.4625045
5700 1.4038092
5800 1.5365272
5900 1.5465199
6000 1.5651773
6100 1.5212402
6200 1.4759296
6300 1.5250494
6400 1.5402755
6500 1.4786472
6600 1.256047
6700 1.524607
6800 1.5627446
6900 1.388229
7000 1.5773964
7100 1.3964852
7200 1.3977065
7300 1.5017138
7400 1.6119766
7500 1.4909832
7600 1.7293377
7700 1.3450123
7800 1.3598597
7900 1.4783523
8000 1.4015621
8100 1.3805978
8200 1.4320798
8300 1.4369943
8400 1.3885083
8500 1.608744
8600 1.3571379
8700 1.4950256
8800 1.6016009
8900 1.4914342
9000 1.4408584
9100 1.479192
9200 1.5383904
9300 1.5322889
9400 1.6818943
9500 1.4260862
9600 1.3737788
9700 1.2458456
9800 1.3714266
9900 1.579127
10000 1.5748805
10100 1.4806025
10200 1.2725497
10300 1.2747864
10400 1.4951437
10500 1.6854099
10600 1.531777
10700 1.5703763
10800 1.2806816
10900 1.3834314
11000 1.4077941
11100 1.4883282
11200 1.5208098
11300 1.6283054
11400 1.5234444
11500 1.569295
11600 1.4345927
11700 1.5697083
11800 1.5440636
11900 1.4767686
12000 1.446574
12100 1.4957751
12200 1.4350586
12300 1.4102105
12400 1.5795534
12500 1.6631868
12600 1.4700174
12700 1.3524985
12800 1.5047545
12900 1.5859444
13000 1.7755833
13100 1.6112008
13200 1.392771
13300 1.6334985
13400 1.5150735
13500 1.4744494
13600 1.4834206
13700 1.5209618
13800 1.5491382
13900 1.5263137
14000 1.368804
14100 1.4693758
14200 1.6681982
14300 1.3760853
14400 1.4909999
14500 1.6646417
14600 1.4843838
14700 1.4150867
14800 1.4179444
14900 1.5202205
15000 1.4562966
15100 1.4577566
15200 1.2503486
15300 1.4290869
15400 1.4727087
15500 1.6354766
15600 1.4975897
15700 1.4433128
15800 1.7377028
15900 1.6023235
16000 1.3570781
16100 1.4372842
16200 1.5568004
16300 1.8200992
16400 1.4934614
16500 1.4606013
16600 1.3855966
16700 1.6441698
16800 1.4388882
16900 1.6168256
17000 1.4543612
17100 1.3953341
17200 1.4575168
17300 1.5225405
17400 1.4393462
17500 1.3518299
17600 1.2915001
17700 1.3903091
17800 1.5105064
17900 1.5362593
18000 1.4914101
18100 1.6000776
18200 1.4187489
18300 1.6507473
18400 1.510123
18500 1.3048152
18600 1.5698229
18700 1.5534419
18800 1.3896502
18900 1.2737709
19000 1.382891
19100 1.4581354
19200 1.399837
19300 1.5239816
19400 1.5351245
19500 1.5578693
19600 1.4128869
19700 1.4409589
19800 1.2124977
19900 1.35047
