0 26.87672
100 10.058401
200 8.874833
300 8.2910795
400 7.948141
500 7.5030584
600 7.128167
700 7.551293
800 7.4426565
900 7.214371
1000 6.899664
1100 7.4552383
1200 7.3774023
1300 7.0660706
1400 7.069595
1500 6.846697
1600 6.9482093
1700 7.1486397
1800 6.715186
1900 6.5490727
2000 6.7546124
2100 6.7940407
2200 6.9878626
2300 6.122166
2400 6.2466354
2500 7.4382353
2600 6.3684835
2700 6.601016
2800 6.561345
2900 6.3329225
3000 6.7591076
3100 6.7731905
3200 6.4065695
3300 5.97041
3400 6.624196
3500 6.7354865
3600 6.1302824
3700 6.440447
3800 7.0452228
3900 6.3392787
4000 6.7378454
4100 6.558995
4200 6.476306
4300 6.2575407
4400 6.6033854
4500 6.4185505
4600 5.81062
4700 6.4677267
4800 5.9602637
4900 6.162682
5000 6.0502577
5100 6.754627
5200 6.4473534
5300 6.443895
5400 6.3041353
5500 5.9616065
5600 6.272342
5700 6.489829
5800 6.1950235
5900 6.0146995
6000 7.1028066
6100 6.479471
6200 6.513509
6300 6.085522
6400 6.4983044
6500 6.17506
6600 5.976157
6700 6.6785855
6800 6.389537
6900 6.5381937
7000 6.5335445
7100 6.317464
7200 6.4670396
7300 6.333164
7400 6.527868
7500 6.204354
7600 6.6993675
7700 6.2261195
7800 6.057744
7900 6.0649066
8000 5.9351997
8100 5.975857
8200 6.192772
8300 6.238859
8400 6.0586514
8500 6.574394
8600 6.300195
8700 6.41284
8800 6.3962417
8900 6.2618403
9000 6.424103
9100 5.958273
9200 6.222595
9300 6.759384
9400 6.3848667
9500 6.2385015
9600 6.133362
9700 5.922715
9800 5.875328
9900 6.536369
10000 6.614336
10100 6.055607
10200 6.282948
10300 5.9338713
10400 6.300337
10500 6.539147
10600 6.6396027
10700 6.7304463
10800 5.9318233
10900 6.485429
11000 6.207717
11100 6.633656
11200 6.411227
11300 6.5764437
11400 6.361989
11500 6.7936325
11600 6.150299
11700 6.434977
11800 6.5058074
11900 6.1061845
12000 6.1733713
12100 6.323559
12200 5.7384796
12300 6.167124
12400 6.337117
12500 6.7560267
12600 6.0266604
12700 5.843835
12800 6.3328214
12900 6.3519974
13000 6.9458323
13100 6.2108665
13200 5.9931602
13300 6.6803846
13400 6.3027163
13500 6.4739227
13600 6.1292453
13700 6.257454
13800 6.330465
13900 6.3186274
14000 6.0514393
14100 6.231692
14200 6.784756
14300 6.3762617
14400 5.5681458
14500 6.6644783
14600 6.270694
14700 5.9078317
14800 6.222083
14900 6.5624924
15000 6.4321313
15100 5.665257
15200 5.9453917
15300 5.837146
15400 6.827208
15500 6.609429
15600 6.2162066
15700 6.304112
15800 6.7608504
15900 6.85748
16000 6.0895348
16100 6.0175834
16200 6.311926
16300 7.405642
16400 6.1650553
16500 6.680605
16600 6.0345654
16700 6.3700657
16800 6.730543
16900 7.001594
17000 6.201181
17100 6.4050407
17200 6.1644645
17300 6.6555476
17400 6.5811834
17500 6.006637
17600 5.8570476
17700 6.267298
17800 6.6301107
17900 6.2181034
18000 6.076829
18100 6.700037
18200 6.024664
18300 6.556712
18400 6.3091865
18500 6.0897684
18600 6.525053
18700 6.2670083
18800 6.1074033
18900 5.819035
19000 6.218899
19100 6.412284
19200 6.4493403
19300 6.3279424
19400 6.653475
19500 6.7313657
19600 5.8653135
19700 6.364233
19800 5.7886868
19900 6.6686606
