0 0.1875
100 0.75
200 0.84375
300 0.96875
400 0.9375
500 0.96875
600 0.96875
700 1.0
800 0.9375
900 0.9375
1000 0.96875
1100 0.9375
1200 0.96875
1300 1.0
1400 1.0
1500 0.96875
1600 1.0
1700 0.96875
1800 0.9375
1900 0.96875
2000 0.9375
2100 1.0
2200 0.9375
2300 1.0
2400 1.0
2500 1.0
2600 0.875
2700 0.96875
2800 0.96875
2900 1.0
3000 1.0
3100 0.9375
3200 0.9375
3300 0.96875
3400 0.96875
3500 0.96875
3600 0.9375
3700 1.0
3800 0.96875
3900 0.96875
4000 1.0
4100 1.0
4200 0.96875
4300 1.0
4400 0.96875
4500 0.9375
4600 0.9375
4700 0.90625
4800 1.0
4900 1.0
5000 0.96875
5100 0.96875
5200 0.96875
5300 1.0
5400 0.96875
5500 1.0
5600 0.96875
5700 1.0
5800 1.0
5900 1.0
6000 1.0
6100 1.0
6200 1.0
6300 1.0
6400 1.0
6500 1.0
6600 0.96875
6700 1.0
6800 0.96875
6900 1.0
7000 0.96875
7100 1.0
7200 0.9375
7300 1.0
7400 0.96875
7500 0.96875
7600 1.0
7700 1.0
7800 1.0
7900 1.0
8000 1.0
8100 0.96875
8200 1.0
8300 1.0
8400 1.0
8500 1.0
8600 0.96875
8700 1.0
8800 0.96875
8900 1.0
9000 1.0
9100 1.0
9200 1.0
9300 1.0
9400 0.96875
9500 0.96875
9600 1.0
9700 1.0
9800 1.0
9900 1.0
10000 0.90625
10100 1.0
10200 1.0
10300 1.0
10400 1.0
10500 1.0
10600 1.0
10700 1.0
10800 1.0
10900 0.96875
11000 1.0
11100 1.0
11200 1.0
11300 1.0
11400 0.96875
11500 1.0
11600 1.0
11700 1.0
11800 0.96875
11900 1.0
12000 1.0
12100 1.0
12200 0.96875
12300 1.0
12400 1.0
12500 0.96875
12600 1.0
12700 1.0
12800 1.0
12900 1.0
13000 1.0
13100 1.0
13200 1.0
13300 1.0
13400 1.0
13500 1.0
13600 1.0
13700 1.0
13800 1.0
13900 1.0
14000 1.0
14100 0.96875
14200 1.0
14300 1.0
14400 1.0
14500 1.0
14600 1.0
14700 1.0
14800 1.0
14900 1.0
15000 1.0
15100 1.0
15200 1.0
15300 1.0
15400 1.0
15500 1.0
15600 1.0
15700 1.0
15800 1.0
15900 1.0
16000 1.0
16100 1.0
16200 1.0
16300 1.0
16400 1.0
16500 0.96875
16600 1.0
16700 1.0
16800 1.0
16900 1.0
17000 1.0
17100 1.0
17200 1.0
17300 1.0
17400 1.0
17500 1.0
17600 1.0
17700 1.0
17800 1.0
17900 1.0
18000 1.0
18100 1.0
18200 1.0
18300 1.0
18400 1.0
18500 1.0
18600 1.0
18700 1.0
18800 1.0
18900 1.0
19000 1.0
19100 1.0
19200 1.0
19300 1.0
19400 1.0
19500 1.0
19600 1.0
19700 1.0
19800 1.0
19900 1.0
20000 1.0
20100 1.0
20200 1.0
20300 1.0
20400 1.0
20500 0.96875
20600 1.0
20700 1.0
20800 1.0
20900 1.0
21000 1.0
21100 1.0
21200 1.0
