0 3.27483
100 1.25458
200 0.49507
300 0.191753
400 0.184588
500 0.195101
600 0.189812
700 0.0733402
800 0.105326
900 0.284018
1000 0.121531
1100 0.302796
1200 0.138741
1300 0.0505876
1400 0.0222163
1500 0.0820998
1600 0.0923039
1700 0.251864
1800 0.401119
1900 0.406116
2000 0.110233
2100 0.00303092
2200 0.274917
2300 0.0109666
2400 0.0134099
2500 0.0221809
2600 0.997186
2700 0.270512
2800 0.138282
2900 0.0104283
3000 0.00297237
3100 0.228851
3200 0.375663
3300 0.326118
3400 0.108578
3500 0.183552
3600 0.342206
3700 0.00164083
3800 0.0637115
3900 0.0925664
4000 0.0286794
4100 0.0288628
4200 0.0394286
4300 0.00827984
4400 0.083233
4500 0.563679
4600 0.147996
4700 0.534443
4800 7.42368e-05
4900 0.00434157
5000 0.126946
5100 0.310025
5200 0.162178
5300 0.0300395
5400 0.0660054
5500 0.0104953
5600 0.21917
5700 0.000746228
5800 0.0237776
5900 0.0379849
6000 0.0132646
6100 0.00149931
6200 0.00772319
6300 0.011294
6400 0.0265166
6500 0.00288904
6600 0.138941
6700 0.00137339
6800 0.17362
6900 0.000207213
7000 0.304019
7100 0.000134021
7200 0.387285
7300 0.0433912
7400 0.289855
7500 0.079764
7600 0.00689006
7700 0.0122348
7800 0.0201907
7900 0.0021995
8000 0.00749561
8100 0.0324835
8200 0.00988348
8300 0.00103459
8400 0.00122159
8500 0.0334287
8600 0.0548738
8700 0.00858659
8800 0.148703
8900 0.000147023
9000 0.00528655
9100 0.0140836
9200 0.00337046
9300 0.0149821
9400 0.0383706
9500 0.0664846
9600 0.0106259
9700 0.0107526
9800 0.00763755
9900 0.00139606
10000 0.301742
10100 0.02239
10200 0.00076496
10300 0.000197801
10400 0.00270161
10500 0.00209381
10600 0.00205059
10700 0.00197299
10800 0.00110144
10900 0.12397
11000 0.000580146
11100 0.0103826
11200 0.000880808
11300 0.00125034
11400 0.130815
11500 0.0230795
11600 0.00122861
11700 0.000452291
11800 0.0419993
11900 0.000609427
12000 0.00825609
12100 0.00342762
12200 0.0414002
12300 0.000365439
12400 0.00300872
12500 0.10081
12600 0.00144464
12700 0.00879101
12800 0.000299772
12900 0.0160099
13000 0.00041732
13100 0.00647285
13200 0.0169758
13300 0.000125476
13400 0.00012247
13500 0.000352436
13600 0.000109338
13700 0.00162237
13800 0.00877769
13900 0.00411389
14000 0.0141077
14100 0.0797192
14200 0.000167114
14300 0.00784663
14400 0.00238625
14500 0.00141877
14600 0.000530965
14700 0.000917394
14800 0.000398402
14900 0.000190429
15000 0.000145487
15100 0.000198886
15200 0.000373505
15300 0.000170876
15400 0.00280682
15500 0.00339389
15600 0.000844176
15700 0.000365478
15800 0.00701413
15900 0.00124112
16000 0.000215205
16100 0.00212445
16200 0.0182074
16300 0.0245929
16400 0.00121181
16500 0.513419
16600 0.00672131
16700 0.000661057
16800 0.000219083
16900 0.00372204
17000 0.00573058
17100 0.0276781
17200 8.15758e-05
17300 0.00112363
17400 0.000196656
17500 0.000482857
17600 0.000243786
17700 0.000706596
17800 0.00135669
17900 0.000377435
18000 0.00985834
18100 0.000357333
18200 0.00113473
18300 0.0014484
18400 0.00338897
18500 0.00133884
18600 0.000263748
18700 0.000686562
18800 0.00155503
18900 0.00142043
19000 0.00177979
19100 0.00112449
19200 0.00231773
19300 0.00385765
19400 0.00180576
19500 0.00170591
19600 0.00120215
19700 0.000553663
19800 0.000366528
19900 7.44576e-05
20000 0.00257203
20100 0.000118335
20200 0.000899437
20300 0.000491105
20400 0.000790574
20500 0.0386409
20600 0.000667073
20700 0.00325763
20800 0.000571716
20900 0.00420659
21000 0.00103221
21100 0.000570599
21200 0.00329945
