0 2.26994
100 0.869606
200 0.343156
300 0.132913
400 0.127947
500 0.135234
600 0.131568
700 0.0508356
800 0.0730061
900 0.196867
1000 0.0842387
1100 0.209882
1200 0.0961681
1300 0.0350646
1400 0.0153991
1500 0.0569073
1600 0.0639802
1700 0.174579
1800 0.278035
1900 0.281498
2000 0.0764075
2100 0.00210087
2200 0.190558
2300 0.00760144
2400 0.00929502
2500 0.0153746
2600 0.691196
2700 0.187505
2800 0.09585
2900 0.00722833
3000 0.00206029
3100 0.158627
3200 0.26039
3300 0.226048
3400 0.0752607
3500 0.127229
3600 0.237199
3700 0.00113734
3800 0.0441614
3900 0.0641621
4000 0.0198791
4100 0.0200062
4200 0.0273298
4300 0.00573915
4400 0.0576927
4500 0.390713
4600 0.102583
4700 0.370448
4800 5.14571e-05
4900 0.00300935
5000 0.0879921
5100 0.214893
5200 0.112413
5300 0.0208218
5400 0.0457515
5500 0.00727482
5600 0.151917
5700 0.000517246
5800 0.0164814
5900 0.0263291
6000 0.00919434
6100 0.00103924
6200 0.00535331
6300 0.00782841
6400 0.0183799
6500 0.00200253
6600 0.0963065
6700 0.000951962
6800 0.120344
6900 0.000143629
7000 0.21073
7100 9.2896e-05
7200 0.268445
7300 0.0300765
7400 0.200912
7500 0.0552882
7600 0.00477583
7700 0.00848049
7800 0.0139952
7900 0.00152458
8000 0.00519556
8100 0.0225158
8200 0.00685071
8300 0.000717126
8400 0.000846743
8500 0.023171
8600 0.0380356
8700 0.00595177
8800 0.103073
8900 0.000101909
9000 0.00366436
9100 0.00976202
9200 0.00233623
9300 0.0103848
9400 0.0265965
9500 0.0460836
9600 0.00736532
9700 0.00745315
9800 0.00529395
9900 0.000967677
10000 0.209152
10100 0.0155196
10200 0.00053023
10300 0.000137105
10400 0.00187261
10500 0.00145132
10600 0.00142136
10700 0.00136757
10800 0.000763461
10900 0.0859296
11000 0.000402126
11100 0.00719665
11200 0.00061053
11300 0.000866667
11400 0.0906744
11500 0.0159975
11600 0.000851609
11700 0.000313504
11800 0.0291117
11900 0.000422422
12000 0.00572268
12100 0.00237585
12200 0.0286964
12300 0.000253303
12400 0.00208549
12500 0.069876
12600 0.00100135
12700 0.00609347
12800 0.000207786
12900 0.0110972
13000 0.000289264
13100 0.00448664
13200 0.0117667
13300 8.69735e-05
13400 8.48898e-05
13500 0.00024429
13600 7.57875e-05
13700 0.00112454
13800 0.00608423
13900 0.00285153
14000 0.00977873
14100 0.0552572
14200 0.000115835
14300 0.00543887
14400 0.00165402
14500 0.000983413
14600 0.000368037
14700 0.000635889
14800 0.000276151
14900 0.000131996
15000 0.000100844
15100 0.000137857
15200 0.000258894
15300 0.000118442
15400 0.00194554
15500 0.00235246
15600 0.000585139
15700 0.00025333
15800 0.00486183
15900 0.000860282
16000 0.000149169
16100 0.00147256
16200 0.0126204
16300 0.0170465
16400 0.000839961
16500 0.355875
16600 0.00465886
16700 0.00045821
16800 0.000151856
16900 0.00257992
17000 0.00397214
17100 0.019185
17200 5.6544e-05
17300 0.000778844
17400 0.000136312
17500 0.000334691
17600 0.00016898
17700 0.000489775
17800 0.000940389
17900 0.000261618
18000 0.00683328
18100 0.000247685
18200 0.000786536
18300 0.00100395
18400 0.00234905
18500 0.000928014
18600 0.000182816
18700 0.000475888
18800 0.00107787
18900 0.000984568
19000 0.00123366
19100 0.00077944
19200 0.00160653
19300 0.00267392
19400 0.00125165
19500 0.00118245
19600 0.000833266
19700 0.00038377
19800 0.000254058
19900 5.16101e-05
20000 0.00178279
20100 8.20237e-05
20200 0.000623442
20300 0.000340408
20400 0.000547984
20500 0.0267838
20600 0.00046238
20700 0.00225802
20800 0.000396283
20900 0.00291579
21000 0.000715472
21100 0.000395509
21200 0.002287
