0 9.74122
100 2.96968
200 1.64807
300 1.35728
400 1.25047
500 1.09017
600 1.17574
700 1.17187
800 1.09456
900 1.18181
1000 1.16637
1100 1.24858
1200 1.31395
1300 1.1178
1400 1.05478
1500 1.09197
1600 1.21518
1700 1.04895
1800 1.17291
1900 1.12403
2000 1.08671
2100 1.01192
2200 1.08465
2300 1.02518
2400 1.0443
2500 1.05897
2600 1.1718
2700 1.00711
2800 1.04295
2900 1.03552
3000 1.0112
3100 1.03564
3200 1.03266
3300 1.05482
3400 1.02078
3500 1.05489
3600 1.03637
3700 1.00828
3800 1.07813
3900 1.01776
4000 1.06683
4100 1.05567
4200 1.03702
4300 1.01914
4400 1.13679
4500 1.08846
4600 1.18108
4700 1.10311
4800 1.00047
4900 1.01502
5000 1.07277
5100 1.06454
5200 1.02812
5300 1.06572
5400 1.06203
5500 1.02591
5600 1.04082
5700 1.00355
5800 1.04312
5900 1.05531
6000 1.02694
6100 1.00629
6200 1.01954
6300 1.02944
6400 1.03239
6500 1.01178
6600 1.01862
6700 1.00531
6800 1.0435
6900 1.00129
7000 1.03903
7100 1.0008
7200 1.11767
7300 1.06469
7400 1.06479
7500 1.05387
7600 1.01818
7700 1.03779
7800 1.06645
7900 1.00838
8000 1.01929
8100 1.03791
8200 1.03082
8300 1.00485
8400 1.00582
8500 1.08742
8600 1.04661
8700 1.01976
8800 1.00872
8900 1.00086
9000 1.01555
9100 1.02848
9200 1.01168
9300 1.04341
9400 1.03949
9500 1.04659
9600 1.02888
9700 1.0284
9800 1.02121
9900 1.0063
10000 1.05696
10100 1.04758
10200 1.00366
10300 1.00114
10400 1.01069
10500 1.00842
10600 1.00758
10700 1.00781
10800 1.0048
10900 1.01047
11000 1.00263
11100 1.03545
11200 1.00411
11300 1.0059
11400 1.01579
11500 1.04493
11600 1.0048
11700 1.00206
11800 1.05458
11900 1.00326
12000 1.02878
12100 1.01328
12200 1.03229
12300 1.00167
12400 1.01057
12500 1.01823
12600 1.00524
12700 1.02332
12800 1.00161
12900 1.0362
13000 1.00218
13100 1.02423
13200 1.03453
13300 1.0008
13400 1.00068
13500 1.00158
13600 1.0007
13700 1.00572
13800 1.02195
13900 1.01422
14000 1.03263
14100 1.02466
14200 1.00098
14300 1.03
14400 1.00831
14500 1.00636
14600 1.00251
14700 1.00388
14800 1.00216
14900 1.00112
15000 1.00087
15100 1.00118
15200 1.00198
15300 1.00103
15400 1.01084
15500 1.01256
15600 1.00366
15700 1.0019
15800 1.02128
15900 1.00483
16000 1.00134
16100 1.00824
16200 1.02912
16300 1.04985
16400 1.00611
16500 1.00071
16600 1.02146
16700 1.00325
16800 1.00119
16900 1.01109
17000 1.0157
17100 1.03609
17200 1.00053
17300 1.0049
17400 1.00103
17500 1.00248
17600 1.00141
17700 1.00294
17800 1.0054
17900 1.00199
18000 1.02356
18100 1.0018
18200 1.00451
18300 1.0053
18400 1.01276
18500 1.00598
18600 1.00153
18700 1.00349
18800 1.00611
18900 1.00614
19000 1.00783
19100 1.00484
19200 1.00926
19300 1.01423
19400 1.00679
19500 1.0055
19600 1.00491
19700 1.0028
19800 1.00203
19900 1.00048
20000 1.00986
20100 1.00073
20200 1.00453
20300 1.00256
20400 1.0043
20500 1.03864
20600 1.00304
20700 1.01195
20800 1.00316
20900 1.01549
21000 1.00502
21100 1.00292
21200 1.01214
