0 3.347395
100 2.1469123
200 1.9945873
300 1.6989454
400 1.7504554
500 1.6217372
600 1.5721823
700 1.7433217
800 1.7504725
900 1.7911872
1000 1.6773444
1100 1.804555
1200 1.7365621
1300 1.784961
1400 1.6685898
1500 1.6139117
1600 1.651034
1700 1.7568301
1800 1.6115289
1900 1.5619538
2000 1.60986
2100 1.6843613
2200 1.7124679
2300 1.4971892
2400 1.5108016
2500 1.7088174
2600 1.6642045
2700 1.5795441
2800 1.6139363
2900 1.4940356
3000 1.6898999
3100 1.6272062
3200 1.6272603
3300 1.3145225
3400 1.600754
3500 1.5717719
3600 1.6908448
3700 1.5598843
3800 1.6588972
3900 1.778181
4000 1.5283563
4100 1.5696855
4200 1.4756463
4300 1.3792698
4400 1.5599028
4500 1.5466309
4600 1.3903731
4700 1.5052136
4800 1.3013188
4900 1.4606053
5000 1.2626115
5100 1.6275797
5200 1.7834338
5300 1.6959746
5400 1.5369695
5500 1.3583858
5600 1.4979388
5700 1.4392266
5800 1.6196837
5900 1.6005816
6000 1.6978215
6100 1.62232
6200 1.6321073
6300 1.5342776
6400 1.639642
6500 1.4907151
6600 1.3180957
6700 1.5107099
6800 1.6392332
6900 1.4133015
7000 1.6312426
7100 1.4689533
7200 1.507364
7300 1.5881622
7400 1.624979
7500 1.6184096
7600 1.7873912
7700 1.40798
7800 1.3776495
7900 1.5841467
8000 1.4391472
8100 1.5007181
8200 1.4764364
8300 1.4729754
8400 1.4339718
8500 1.618333
8600 1.4248326
8700 1.4812174
8800 1.7564315
8900 1.6056105
9000 1.5030899
9100 1.5312238
9200 1.6128553
9300 1.5405349
9400 1.804019
9500 1.4678795
9600 1.3904047
9700 1.3962796
9800 1.4468827
9900 1.6105539
10000 1.589846
10100 1.5251508
10200 1.3162934
10300 1.3332525
10400 1.5446169
10500 1.7044216
10600 1.5482396
10700 1.5930678
10800 1.3545955
10900 1.506841
11000 1.422236
11100 1.5384476
11200 1.5052565
11300 1.7282478
11400 1.5972327
11500 1.6371416
11600 1.5349629
11700 1.6419559
11800 1.6557777
11900 1.5181506
12000 1.4400423
12100 1.5453857
12200 1.4927355
12300 1.500931
12400 1.6080743
12500 1.7288061
12600 1.6277137
12700 1.4535747
12800 1.5306246
12900 1.7162544
13000 1.7261125
13100 1.6011806
13200 1.3533094
13300 1.6457307
13400 1.5290103
13500 1.5329337
13600 1.5270905
13700 1.61077
13800 1.5716401
13900 1.6158947
14000 1.484067
14100 1.4903016
14200 1.701003
14300 1.4095439
14400 1.5982606
14500 1.6815848
14600 1.5752674
14700 1.4824529
14800 1.4374532
14900 1.5531182
15000 1.5382898
15100 1.501799
15200 1.2688487
15300 1.4494557
15400 1.5998906
15500 1.7142861
15600 1.5080284
15700 1.519722
15800 1.7715931
15900 1.6257979
16000 1.364485
16100 1.5180026
16200 1.6167064
16300 1.8414224
16400 1.5473827
16500 1.4585516
16600 1.3948948
16700 1.6185622
16800 1.4940652
16900 1.6664774
17000 1.4737766
17100 1.4617599
17200 1.6158214
17300 1.562081
17400 1.5127776
