0 0.1875
100 0.25
200 0.4375
300 0.34375
400 0.4375
500 0.46875
600 0.46875
700 0.53125
800 0.53125
900 0.3125
1000 0.5625
1100 0.59375
1200 0.46875
1300 0.5
1400 0.3125
1500 0.5
1600 0.59375
1700 0.4375
1800 0.53125
1900 0.59375
2000 0.625
2100 0.46875
2200 0.4375
2300 0.375
2400 0.53125
2500 0.5
2600 0.5
2700 0.59375
2800 0.625
2900 0.65625
3000 0.5625
3100 0.5625
3200 0.5625
3300 0.625
3400 0.53125
3500 0.53125
3600 0.65625
3700 0.625
3800 0.5
3900 0.53125
4000 0.6875
4100 0.6875
4200 0.53125
4300 0.65625
4400 0.65625
4500 0.5625
4600 0.5
4700 0.6875
4800 0.625
4900 0.6875
5000 0.53125
5100 0.5625
5200 0.53125
5300 0.59375
5400 0.46875
5500 0.65625
5600 0.59375
5700 0.53125
5800 0.53125
5900 0.59375
6000 0.5625
6100 0.5
6200 0.4375
6300 0.625
6400 0.53125
6500 0.5625
6600 0.46875
6700 0.65625
6800 0.53125
6900 0.625
7000 0.59375
7100 0.59375
7200 0.8125
7300 0.59375
7400 0.46875
7500 0.71875
7600 0.53125
7700 0.5
7800 0.5625
7900 0.78125
8000 0.625
8100 0.6875
8200 0.65625
8300 0.625
8400 0.75
8500 0.625
8600 0.625
8700 0.65625
8800 0.65625
8900 0.625
9000 0.53125
9100 0.65625
9200 0.78125
9300 0.625
9400 0.6875
9500 0.6875
9600 0.8125
9700 0.5625
9800 0.6875
9900 0.5625
10000 0.59375
10100 0.71875
10200 0.59375
10300 0.6875
10400 0.5625
10500 0.625
10600 0.65625
10700 0.71875
10800 0.625
10900 0.75
11000 0.625
11100 0.6875
11200 0.5625
11300 0.53125
11400 0.5
11500 0.625
11600 0.71875
11700 0.4375
11800 0.65625
11900 0.78125
12000 0.71875
12100 0.59375
12200 0.6875
12300 0.78125
12400 0.6875
12500 0.75
12600 0.75
12700 0.65625
12800 0.78125
12900 0.8125
13000 0.71875
13100 0.875
13200 0.53125
13300 0.59375
13400 0.53125
13500 0.625
13600 0.8125
13700 0.71875
13800 0.8125
13900 0.5
14000 0.875
14100 0.78125
14200 0.65625
14300 0.625
14400 0.6875
14500 0.71875
14600 0.6875
14700 0.78125
14800 0.625
14900 0.71875
15000 0.71875
15100 0.78125
15200 0.625
15300 0.8125
15400 0.71875
15500 0.6875
15600 0.78125
15700 0.6875
15800 0.78125
15900 0.84375
16000 0.71875
16100 0.65625
16200 0.65625
16300 0.6875
16400 0.84375
16500 0.6875
16600 0.71875
16700 0.65625
16800 0.6875
16900 0.65625
17000 0.75
17100 0.78125
17200 0.71875
17300 0.8125
17400 0.84375
17500 0.75
17600 0.625
17700 0.75
17800 0.65625
17900 0.84375
18000 0.875
18100 0.625
18200 0.8125
18300 0.71875
18400 0.8125
18500 0.8125
18600 0.71875
18700 0.84375
18800 0.8125
18900 0.8125
19000 0.75
19100 0.71875
19200 0.625
19300 0.65625
19400 0.84375
19500 0.71875
19600 0.78125
19700 0.75
19800 0.78125
19900 0.65625
20000 0.8125
20100 0.875
20200 0.78125
