0 3.2899456
100 3.2883885
200 2.830427
300 2.5311122
400 2.1428633
500 2.2272184
600 1.9186883
700 2.3532076
800 2.124832
900 2.2482738
1000 2.101683
1100 2.00511
1200 1.9649293
1300 2.1231368
1400 2.8605626
1500 2.0645483
1600 1.6847298
1700 2.087108
1800 1.9030668
1900 1.897928
2000 1.6298388
2100 2.4949439
2200 2.325436
2300 2.0028172
2400 1.8184264
2500 2.1723855
2600 1.9077069
2700 1.7109252
2800 1.7310402
2900 1.5747124
3000 2.084728
3100 1.6004881
3200 1.9377347
3300 1.6584294
3400 1.6155121
3500 1.7251266
3600 1.9380102
3700 1.406127
3800 1.7311016
3900 1.7947156
4000 1.3714556
4100 1.6303636
4200 2.0915782
4300 1.8339835
4400 1.6846423
4500 1.7994386
4600 2.0834525
4700 1.4964534
4800 1.6686673
4900 1.6730307
5000 1.5871725
5100 1.8817121
5200 2.0235105
5300 1.5983899
5400 1.9675462
5500 1.5524578
5600 1.5377469
5700 1.7960458
5800 1.6405518
5900 1.6734531
6000 2.0395904
6100 2.174551
6200 1.751827
6300 1.7281969
6400 1.7453773
6500 1.4520584
6600 2.0284371
6700 1.5346297
6800 1.4536493
6900 1.6914028
7000 1.5326347
7100 1.629819
7200 1.1405628
7300 1.9072254
7400 1.9665291
7500 1.2834188
7600 2.1853707
7700 2.2494552
7800 1.7000774
7900 1.1505946
8000 1.454439
8100 1.409232
8200 1.5627238
8300 1.2242742
8400 1.1247236
8500 1.5745583
8600 1.6220162
8700 1.6433094
8800 1.3681799
8900 1.6918283
9000 1.5736457
9100 1.6039872
9200 1.0130186
9300 2.1828861
9400 1.3950909
9500 1.4215844
9600 1.1475269
9700 1.5460804
9800 1.4889144
9900 1.4748104
10000 1.3277749
10100 1.4195515
10200 1.5801067
10300 1.3159587
10400 1.8250661
10500 1.6656393
10600 1.6145991
10700 1.3990713
10800 1.531533
10900 1.193334
11000 1.4879708
11100 1.497304
11200 1.4748477
11300 1.874807
11400 1.7398243
11500 1.564068
11600 1.0298249
11700 1.8909703
11800 1.4649493
11900 0.9279318
12000 1.2649337
12100 1.5761381
12200 1.2811847
12300 1.1206732
12400 1.6217836
12500 1.3052878
12600 1.2606554
12700 1.2910444
12800 1.189365
12900 1.0246333
13000 1.2968426
13100 0.86166626
13200 1.7956383
13300 1.1509436
13400 1.4652361
13500 1.6350502
13600 1.4169921
13700 1.2772207
13800 0.9960963
13900 1.629645
14000 1.1450596
14100 1.2158127
14200 1.7565347
14300 1.3265501
14400 1.231306
14500 1.3315321
14600 1.4957533
14700 0.9153307
14800 1.298161
14900 1.2419487
15000 1.1936021
15100 0.9171754
15200 1.4053687
15300 1.1007756
15400 1.1770054
15500 1.3131782
15600 1.2955997
15700 1.2512071
15800 1.056981
15900 1.0514209
16000 1.5283338
16100 1.2864349
16200 1.4374049
16300 1.1097594
16400 1.048394
16500 1.2476305
16600 1.114494
16700 1.2572267
16800 1.3769667
16900 1.4491677
17000 0.98624086
17100 1.0240325
17200 1.3559097
17300 1.0739496
17400 0.8783993
17500 1.2767041
17600 1.4815581
17700 0.8488731
17800 1.686882
17900 1.0223663
18000 0.976119
18100 1.4020811
18200 1.1086437
18300 1.1878488
18400 0.8648258
18500 0.91405165
18600 1.1156945
18700 1.1330049
18800 1.220692
18900 0.9858615
19000 1.0349548
19100 1.3439401
19200 1.5970759
19300 1.1290956
19400 0.8273189
19500 1.1705827
19600 0.9004174
19700 1.0069461
19800 0.9494734
19900 1.2271163
20000 0.8237494
20100 0.843449
20200 1.0110518
