0 2.2804165
100 2.2793372
200 1.9619024
300 1.7544333
400 1.4853196
500 1.5437901
600 1.3299334
700 1.6311193
800 1.4728212
900 1.5583847
1000 1.4567755
1100 1.3898364
1200 1.3619852
1300 1.4716463
1400 1.982791
1500 1.4310358
1600 1.1677657
1700 1.446673
1800 1.3191054
1900 1.3155434
2000 1.1297182
2100 1.7293633
2200 1.6118696
2300 1.388247
2400 1.2604371
2500 1.5057828
2600 1.3223217
2700 1.185923
2800 1.1998657
2900 1.0915074
3000 1.4450233
3100 1.1093738
3200 1.3431354
3300 1.1495357
3400 1.1197877
3500 1.1957667
3600 1.3433263
3700 0.97465295
3800 1.1999083
3900 1.2440021
4000 0.95062053
4100 1.1300819
4200 1.4497715
4300 1.2712206
4400 1.167705
4500 1.2472758
4600 1.4441392
4700 1.0372624
4800 1.1566321
4900 1.1596565
5000 1.1001441
5100 1.3043034
5200 1.4025905
5300 1.1079195
5400 1.3637991
5500 1.0760818
5600 1.065885
5700 1.2449241
5800 1.1371439
5900 1.1599493
6000 1.4137363
6100 1.5072839
6200 1.2142739
6300 1.1978948
6400 1.2098033
6500 1.0064902
6600 1.4060055
6700 1.0637243
6800 1.0075929
6900 1.172391
7000 1.0623415
7100 1.1297045
7200 0.7905779
7300 1.3219879
7400 1.3630941
7500 0.88959813
7600 1.5147835
7700 1.5592036
7800 1.1784039
7900 0.79753137
8000 1.0081403
8100 0.9768052
8200 1.0831976
8300 0.8486022
8400 0.77959895
8500 1.0914006
8600 1.124296
8700 1.1390553
8800 0.9483501
8900 1.172686
9000 1.0907681
9100 1.1117992
9200 0.702171
9300 1.5130614
9400 0.96700335
9500 0.9853672
9600 0.795405
9700 1.0716612
9800 1.0320368
9900 1.0222607
10000 0.9203434
10100 0.9839581
10200 1.0952466
10300 0.9121531
10400 1.2650394
10500 1.1545331
10600 1.1191548
10700 0.9697623
10800 1.0615778
10900 0.82715607
11000 1.0313828
11100 1.037852
11200 1.0222865
11300 1.2995172
11400 1.2059543
11500 1.0841293
11600 0.71382016
11700 1.3107208
11800 1.0154254
11900 0.6431933
12000 0.8767852
12100 1.0924957
12200 0.88804954
12300 0.77679145
12400 1.1241348
12500 0.90475655
12600 0.8738197
12700 0.89488375
12800 0.824405
12900 0.71022165
13000 0.8989028
13100 0.59726155
13200 1.2446417
13300 0.79777336
13400 1.0156243
13500 1.1333305
13600 0.98218405
13700 0.88530195
13800 0.69044137
13900 1.1295838
14000 0.79369485
14100 0.84273714
14200 1.217537
14300 0.91949445
14400 0.8534763
14500 0.9229477
14600 1.0367771
14700 0.6344589
14800 0.89981663
14900 0.86085325
15000 0.8273419
15100 0.63573754
15200 0.97412735
15300 0.7629995
15400 0.815838
15500 0.91022575
15600 0.89804125
15700 0.8672707
15800 0.73264337
15900 0.72878945
16000 1.0593603
16100 0.8916887
16200 0.9963331
16300 0.7692266
16400 0.7266913
16500 0.8647915
16600 0.7725083
16700 0.87144315
16800 0.9544406
16900 1.0044866
17000 0.6836101
17100 0.7098052
17200 0.93984497
17300 0.7444051
17400 0.60886
17500 0.88494384
17600 1.0269378
17700 0.588394
17800 1.1692575
17900 0.7086503
18000 0.67659414
18100 0.97184855
18200 0.76845324
18300 0.82335407
18400 0.59945154
18500 0.63357234
18600 0.7733405
18700 0.7853392
18800 0.8461193
18900 0.6833471
19000 0.717376
19100 0.93154836
19200 1.1070087
19300 0.7826294
19400 0.5734538
19500 0.8113861
19600 0.6241218
19700 0.6979618
19800 0.6581248
19900 0.8505722
20000 0.5709796
20100 0.5846343
20200 0.7008077
