0 9.651026
100 5.5975575
200 5.380924
300 5.0758133
400 5.0565557
500 4.973651
600 4.731867
700 5.347249
800 4.5822635
900 4.9514637
1000 4.839935
1100 4.500945
1200 4.403411
1300 4.651349
1400 4.760744
1500 5.0048347
1600 4.633312
1700 4.8564963
1800 4.8147936
1900 4.0046515
2000 4.4319167
2100 4.380826
2200 4.6545563
2300 4.5340962
2400 4.233384
2500 4.887502
2600 4.2660418
2700 3.844582
2800 4.5668783
2900 4.0790005
3000 4.9473147
3100 3.7949543
3200 4.4339533
3300 3.9599197
3400 4.4326468
3500 4.329276
3600 4.5134053
3700 3.4285693
3800 3.8759205
3900 4.2338543
4000 3.8173637
4100 4.535301
4200 4.6797237
4300 4.147395
4400 4.2165594
4500 4.2613945
4600 4.665328
4700 4.215828
4800 3.2109199
4900 4.1295605
5000 4.0459614
5100 4.2274494
5200 4.336005
5300 4.0500026
5400 4.334797
5500 3.872039
5600 3.917644
5700 4.052296
5800 3.8194108
5900 3.953144
6000 4.2508154
6100 3.9416513
6200 4.3819065
6300 4.4577317
6400 4.128517
6500 3.1694994
6600 4.4725676
6700 3.440349
6800 3.8112044
6900 4.5014277
7000 4.295615
7100 4.292296
7200 3.6283379
7300 3.8322766
7400 4.5029216
7500 3.49511
7600 4.801101
7700 3.9714918
7800 4.156081
7900 3.6963415
8000 3.7451322
8100 3.406748
8200 3.5514677
8300 3.228423
8400 3.4886742
8500 3.5356412
8600 3.698363
8700 3.9277248
8800 3.7293465
8900 3.5339155
9000 3.8219435
9100 3.2385097
9200 3.281386
9300 3.799973
9400 3.4734206
9500 4.5489707
9600 3.388342
9700 3.8651783
9800 3.2571976
9900 3.679956
10000 3.4326353
10100 3.8649957
10200 2.982957
10300 3.9441028
10400 3.8516152
10500 4.21418
10600 3.9938369
10700 3.9467402
10800 4.2536435
10900 3.6486309
11000 3.3984203
11100 3.4050412
11200 3.5720232
11300 3.9480445
11400 3.7624705
11500 3.724495
11600 3.4479194
11700 4.153323
11800 3.3466058
11900 2.547909
12000 3.2985163
12100 4.011158
12200 3.3966403
12300 3.5748386
12400 3.4086845
12500 3.3511467
12600 3.5342379
12700 3.4290626
12800 3.273252
12900 2.711565
13000 3.4787412
13100 3.0358925
13200 4.2135754
13300 3.3682024
13400 3.7077007
13500 4.0925684
13600 2.8810751
13700 3.2617087
13800 2.981809
13900 3.6582503
14000 3.4062157
14100 3.6065211
14200 3.6624486
14300 3.395456
14400 3.0563095
14500 3.3507833
14600 3.7866588
14700 3.017164
14800 3.3375735
14900 3.7440257
15000 3.0695546
15100 3.113885
15200 3.2976646
15300 3.555091
15400 2.9085279
15500 3.3732426
15600 3.5005822
15700 3.2089434
15800 3.4562051
15900 3.238385
16000 3.6628633
16100 3.2378218
16200 3.4640715
16300 3.3506525
16400 3.3691425
16500 3.4831657
16600 3.36949
16700 3.7313347
16800 3.325062
16900 3.1639016
17000 2.9913526
17100 2.8354406
17200 3.2206059
17300 3.1943338
17400 3.2522707
17500 3.3436847
17600 3.1907117
17700 2.879506
17800 3.0667768
17900 3.4950774
18000 3.012597
18100 3.5997958
18200 3.0305486
18300 3.066273
18400 2.7491825
18500 3.3340633
18600 3.3175511
18700 3.259325
18800 2.9316287
18900 3.0678403
19000 2.785011
19100 2.9776545
19200 3.544859
19300 3.1540427
19400 3.03828
19500 3.0150402
19600 2.9603534
19700 2.77692
19800 3.1530082
19900 3.57417
20000 2.8082592
20100 3.2655141
20200 3.20767
