0 0.0625
100 0.5
200 0.34375
300 0.5
400 0.40625
500 0.46875
600 0.40625
700 0.46875
800 0.5625
900 0.375
1000 0.375
1100 0.53125
1200 0.5625
1300 0.46875
1400 0.59375
1500 0.40625
1600 0.40625
1700 0.5625
1800 0.46875
1900 0.625
2000 0.625
2100 0.4375
2200 0.59375
2300 0.46875
2400 0.46875
2500 0.40625
2600 0.625
2700 0.5625
2800 0.625
2900 0.53125
3000 0.71875
3100 0.5625
3200 0.46875
3300 0.65625
3400 0.59375
3500 0.65625
3600 0.53125
3700 0.65625
3800 0.65625
3900 0.34375
4000 0.59375
4100 0.59375
4200 0.625
4300 0.59375
4400 0.65625
4500 0.53125
4600 0.59375
4700 0.59375
4800 0.53125
4900 0.65625
5000 0.65625
5100 0.65625
5200 0.625
5300 0.4375
5400 0.59375
5500 0.5625
5600 0.625
5700 0.75
5800 0.59375
5900 0.5
6000 0.65625
6100 0.625
6200 0.5625
6300 0.78125
6400 0.53125
6500 0.78125
6600 0.78125
6700 0.6875
6800 0.6875
6900 0.65625
7000 0.625
7100 0.75
7200 0.59375
7300 0.625
7400 0.625
7500 0.59375
7600 0.65625
7700 0.71875
7800 0.5625
7900 0.5625
8000 0.5625
8100 0.59375
8200 0.5
8300 0.6875
8400 0.59375
8500 0.59375
8600 0.6875
8700 0.625
8800 0.625
8900 0.625
9000 0.65625
9100 0.625
9200 0.78125
9300 0.59375
9400 0.78125
9500 0.6875
9600 0.65625
9700 0.71875
9800 0.6875
9900 0.59375
10000 0.6875
10100 0.5
10200 0.875
10300 0.53125
10400 0.625
10500 0.625
10600 0.71875
10700 0.84375
10800 0.59375
10900 0.625
11000 0.6875
11100 0.59375
11200 0.78125
11300 0.75
11400 0.65625
11500 0.78125
11600 0.75
11700 0.6875
11800 0.71875
11900 0.75
12000 0.5
12100 0.625
12200 0.625
12300 0.65625
12400 0.6875
12500 0.78125
12600 0.65625
12700 0.71875
12800 0.6875
12900 0.78125
13000 0.84375
13100 0.84375
13200 0.53125
13300 0.625
13400 0.75
13500 0.71875
13600 0.75
13700 0.65625
13800 0.6875
13900 0.78125
14000 0.71875
14100 0.6875
14200 0.78125
14300 0.6875
14400 0.71875
14500 0.65625
14600 0.6875
14700 0.71875
14800 0.71875
14900 0.625
15000 0.625
15100 0.65625
15200 0.71875
15300 0.75
15400 0.78125
15500 0.75
15600 0.75
15700 0.75
15800 0.71875
15900 0.6875
16000 0.78125
16100 0.78125
16200 0.71875
16300 0.8125
16400 0.6875
16500 0.8125
16600 0.65625
16700 0.6875
16800 0.65625
16900 0.65625
17000 0.78125
17100 0.78125
17200 0.8125
17300 0.65625
17400 0.78125
17500 0.75
17600 0.625
17700 0.6875
17800 0.84375
17900 0.59375
18000 0.8125
18100 0.65625
18200 0.53125
18300 0.75
18400 0.78125
18500 0.8125
18600 0.6875
18700 0.71875
18800 0.71875
18900 0.875
19000 0.6875
19100 0.75
19200 0.8125
19300 0.875
19400 0.6875
19500 0.75
19600 0.75
19700 0.5625
19800 0.75
19900 0.90625
20000 0.875
20100 0.8125
20200 0.71875
20300 0.875
20400 0.71875
20500 0.71875
20600 0.6875
20700 0.90625
20800 0.8125
20900 0.65625
21000 0.75
21100 0.84375
21200 0.71875
21300 0.75
21400 0.84375
21500 0.8125
21600 0.8125
21700 0.8125
21800 0.78125
21900 0.625
22000 0.59375
22100 0.78125
22200 0.71875
22300 0.75
22400 0.65625
22500 0.6875
22600 0.84375
22700 0.75
22800 0.75
22900 0.78125
23000 0.78125
23100 0.78125
23200 0.875
23300 0.78125
23400 0.78125
23500 0.84375
23600 0.75
23700 0.84375
23800 0.75
23900 0.84375
24000 0.8125
24100 0.8125
24200 0.75
24300 0.65625
24400 0.78125
24500 0.78125
24600 0.84375
24700 0.78125
24800 0.625
24900 0.75
25000 0.875
25100 0.84375
25200 0.75
