0 0.025
100 0.38750002
200 0.40312502
300 0.465625
400 0.446875
500 0.5
600 0.503125
700 0.453125
800 0.40625003
900 0.49687502
1000 0.50625
1100 0.434375
1200 0.46875
1300 0.49062502
1400 0.4875
1500 0.51562506
1600 0.46875
1700 0.446875
1800 0.50625
1900 0.49375
2000 0.546875
2100 0.515625
2200 0.509375
2300 0.5500001
2400 0.5375
2500 0.45000002
2600 0.52187496
2700 0.5375
2800 0.525
2900 0.54375
3000 0.509375
3100 0.49374998
3200 0.47500002
3300 0.54999995
3400 0.490625
3500 0.503125
3600 0.5375
3700 0.515625
3800 0.471875
3900 0.43437502
4000 0.528125
4100 0.53125006
4200 0.51875
4300 0.565625
4400 0.55312496
4500 0.49374998
4600 0.578125
4700 0.53125
4800 0.61875
4900 0.54062504
5000 0.61875
5100 0.50625
5200 0.44375
5300 0.52187496
5400 0.55
5500 0.621875
5600 0.55
5700 0.5375
5800 0.50937504
5900 0.49062502
6000 0.49062502
6100 0.484375
6200 0.521875
6300 0.54375
6400 0.49375004
6500 0.54375
6600 0.56562495
6700 0.51250005
6800 0.46562502
6900 0.59687495
7000 0.484375
7100 0.528125
7200 0.54999995
7300 0.540625
7400 0.515625
7500 0.534375
7600 0.484375
7700 0.571875
7800 0.571875
7900 0.55625
8000 0.55625004
8100 0.55937505
8200 0.540625
8300 0.55
8400 0.55937505
8500 0.51875
8600 0.58437496
8700 0.571875
8800 0.5125
8900 0.53125
9000 0.559375
9100 0.52500004
9200 0.52500004
9300 0.52812505
9400 0.48750004
9500 0.53125
9600 0.628125
9700 0.596875
9800 0.55312496
9900 0.53125
10000 0.515625
10100 0.5625
10200 0.584375
10300 0.60625
10400 0.50625
10500 0.51875
10600 0.540625
10700 0.5031251
10800 0.615625
10900 0.57812506
11000 0.596875
11100 0.53749996
11200 0.525
11300 0.51250005
11400 0.50937504
11500 0.49687502
11600 0.56875
11700 0.525
11800 0.49687505
11900 0.55625
12000 0.584375
12100 0.55
12200 0.559375
12300 0.56875
12400 0.52812505
12500 0.48437497
12600 0.5625
12700 0.5843749
12800 0.534375
12900 0.53125
13000 0.5375
13100 0.53125
13200 0.590625
13300 0.5
13400 0.51875
13500 0.553125
13600 0.565625
13700 0.53437495
13800 0.53125
13900 0.521875
14000 0.559375
14100 0.54687506
14200 0.49999997
14300 0.596875
14400 0.53749996
14500 0.5
14600 0.52500004
14700 0.565625
14800 0.571875
14900 0.55625
15000 0.52187496
15100 0.53125
15200 0.615625
15300 0.578125
15400 0.515625
15500 0.540625
15600 0.58125
15700 0.584375
15800 0.5
15900 0.51875
16000 0.60312504
16100 0.571875
16200 0.54999995
16300 0.471875
16400 0.559375
16500 0.559375
16600 0.596875
16700 0.5125
16800 0.55625004
16900 0.51250005
17000 0.575
17100 0.59375
17200 0.55
17300 0.546875
17400 0.534375
17500 0.58125
17600 0.60625005
17700 0.58750004
17800 0.55
17900 0.53125
18000 0.584375
18100 0.50937504
18200 0.565625
18300 0.503125
18400 0.534375
18500 0.6125
18600 0.53749996
18700 0.546875
18800 0.59062505
18900 0.61249995
19000 0.603125
19100 0.578125
19200 0.584375
19300 0.553125
19400 0.53125006
19500 0.54375005
19600 0.54999995
19700 0.5625
19800 0.64374995
