0 4.8200607
100 3.0948203
200 2.886996
300 2.4577475
400 2.5631435
500 2.3719652
600 2.3120944
700 2.451104
800 2.5731416
900 2.6198514
1000 2.345539
1100 2.6792705
1200 2.5054932
1300 2.5164032
1400 2.4066024
1500 2.298096
1600 2.395837
1700 2.577787
1800 2.331166
1900 2.2658784
2000 2.1814072
2100 2.3581228
2200 2.4085896
2300 2.095616
2400 2.142098
2500 2.588517
2600 2.3033357
2700 2.2361298
2800 2.3327012
2900 2.192872
3000 2.3413482
3100 2.3954902
3200 2.3439915
3300 1.9493911
3400 2.285607
3500 2.3430977
3600 2.4116924
3700 2.2687109
3800 2.4282095
3900 2.5677083
4000 2.194962
4100 2.2331448
4200 2.1939406
4300 1.9526925
4400 2.1670887
4500 2.2622879
4600 1.9377607
4700 2.1762042
4800 1.9359812
4900 2.0496242
5000 1.8617077
5100 2.265847
5200 2.6468778
5300 2.424023
5400 2.1525378
5500 1.9283406
5600 2.227153
5700 2.1464016
5800 2.25206
5900 2.2208219
6000 2.3835926
6100 2.35909
6200 2.2715402
6300 2.2919152
6400 2.3602848
6500 2.1836927
6600 1.8602268
6700 2.1712582
6800 2.3961334
6900 2.0164294
7000 2.322483
7100 2.1699464
7200 2.0939906
7300 2.277407
7400 2.3416636
7500 2.2361515
7600 2.5313628
7700 2.0540364
7800 1.981934
7900 2.1595314
8000 2.0704129
8100 2.0805871
8200 2.1633656
8300 2.165363
8400 2.0178885
8500 2.40227
8600 2.0245054
8700 2.1273267
8800 2.3996692
8900 2.24565
9000 2.0930111
9100 2.1827886
9200 2.2274723
9300 2.1707017
9400 2.4830658
9500 2.1255019
9600 1.9899192
9700 1.8891373
9800 2.0999315
9900 2.243645
10000 2.2228963
10100 2.0871136
10200 1.9174229
10300 1.8017006
10400 2.186433
10500 2.4207897
10600 2.1617453
10700 2.2835522
10800 1.8864645
10900 2.098659
11000 1.9420651
11100 2.1404803
11200 2.1479113
11300 2.4231732
11400 2.2700255
11500 2.3053854
11600 2.1388104
11700 2.2262242
11800 2.3055687
11900 2.2341177
12000 2.0381546
12100 2.0660615
12200 2.028278
12300 2.007069
12400 2.2735772
12500 2.3657978
12600 2.1786158
12700 1.8327168
12800 2.2204843
12900 2.3611796
13000 2.383105
13100 2.2871604
13200 1.9004973
13300 2.3286073
13400 2.2817743
13500 2.1352746
13600 2.0823975
13700 2.259771
13800 2.1648219
13900 2.2472703
14000 1.9982895
14100 2.129094
14200 2.330129
14300 1.9772973
14400 2.1734018
14500 2.4960353
14600 2.1926284
14700 2.0068967
14800 2.0352118
14900 2.12038
15000 2.1128786
15100 2.1404636
15200 1.7866961
15300 1.9927713
15400 2.2263057
15500 2.3431518
15600 2.111084
15700 2.0531518
15800 2.4338803
15900 2.2100842
16000 1.9197499
16100 2.1115212
16200 2.1699708
16300 2.6368527
16400 2.1295872
16500 2.0850382
16600 2.0330603
16700 2.3307576
16800 2.0117297
16900 2.2569993
17000 2.0537302
17100 1.9860008
17200 2.1091745
17300 2.1493988
17400 2.1228487
17500 1.8762686
17600 1.8539358
17700 1.9834558
17800 2.160332
17900 2.2183232
18000 2.0712605
18100 2.2640626
18200 2.0671787
18300 2.3324697
18400 2.1596818
18500 1.907891
18600 2.247628
18700 2.180386
18800 1.9305598
18900 1.9203638
19000 1.9272703
19100 2.0424786
19200 2.0555234
19300 2.171622
19400 2.1722975
19500 2.1705403
19600 2.0994933
19700 2.0820525
19800 1.7838382
