0 3.3410115
100 2.145166
200 2.0011132
300 1.7035807
400 1.7766356
500 1.6441209
600 1.6026218
700 1.6989758
800 1.7835659
900 1.8159426
1000 1.6258038
1100 1.8571287
1200 1.7366755
1300 1.7442378
1400 1.6681297
1500 1.5929188
1600 1.6606677
1700 1.7867857
1800 1.6158412
1900 1.5705873
2000 1.5120362
2100 1.6345261
2200 1.669507
2300 1.4525703
2400 1.4847891
2500 1.7942233
2600 1.5965506
2700 1.549967
2800 1.6169052
2900 1.519983
3000 1.6228989
3100 1.6604272
3200 1.6247311
3300 1.351215
3400 1.5842621
3500 1.6241115
3600 1.6716578
3700 1.5725505
3800 1.6831067
3900 1.7797998
4000 1.5214318
4100 1.5478979
4200 1.5207238
4300 1.3535033
4400 1.5021114
4500 1.5680984
4600 1.3431534
4700 1.5084299
4800 1.3419199
4900 1.4206913
5000 1.2904375
5100 1.5705655
5200 1.8346758
5300 1.6802046
5400 1.4920255
5500 1.3366238
5600 1.5437449
5700 1.4877722
5800 1.561009
5900 1.5393565
6000 1.6521806
6100 1.6351967
6200 1.5745116
6300 1.5886345
6400 1.6360248
6500 1.5136204
6600 1.289411
6700 1.5050015
6800 1.6608732
6900 1.3976823
7000 1.6098225
7100 1.5040923
7200 1.4514437
7300 1.5785782
7400 1.6231174
7500 1.5499821
7600 1.754607
7700 1.4237496
7800 1.3737719
7900 1.4968731
8000 1.4351009
8100 1.4421531
8200 1.4995308
8300 1.5009153
8400 1.3986938
8500 1.6651268
8600 1.4032801
8700 1.4745505
8800 1.663324
8900 1.556566
9000 1.4507648
9100 1.5129937
9200 1.5439662
9300 1.5046158
9400 1.7211301
9500 1.4732857
9600 1.3793069
9700 1.3094501
9800 1.4555615
9900 1.5551763
10000 1.5407943
10100 1.446677
10200 1.3290563
10300 1.2488437
10400 1.51552
10500 1.6779636
10600 1.4984076
10700 1.5828377
10800 1.3075975
10900 1.4546796
11000 1.3461369
11100 1.4836679
11200 1.4888186
11300 1.6796157
11400 1.5734618
11500 1.5979714
11600 1.4825104
11700 1.5431011
11800 1.5980985
11900 1.5485724
12000 1.4127412
12100 1.4320847
12200 1.4058952
12300 1.3911943
12400 1.5759236
12500 1.6398461
12600 1.5101014
12700 1.2703425
12800 1.5391225
12900 1.636645
13000 1.6518426
13100 1.5853388
13200 1.3173244
13300 1.6140676
13400 1.5816054
13500 1.4800596
13600 1.443408
13700 1.566354
13800 1.5005401
13900 1.5576892
14000 1.3851087
14100 1.4757755
14200 1.6151223
14300 1.370558
14400 1.5064874
14500 1.73012
14600 1.5198143
14700 1.3910748
14800 1.4107014
14900 1.4697354
15000 1.4645358
15100 1.4836563
15200 1.2384434
15300 1.3812838
15400 1.5431576
15500 1.6241491
15600 1.4632919
15700 1.4231365
15800 1.6870372
15900 1.5319136
16000 1.3306692
16100 1.463595
16200 1.5041091
16300 1.8277271
16400 1.4761174
16500 1.4452384
16600 1.4092101
16700 1.6155581
16800 1.3944248
16900 1.5644327
17000 1.4235373
17100 1.3765908
17200 1.4619684
17300 1.4898498
17400 1.4714466
17500 1.3005303
17600 1.2850504
17700 1.3748268
17800 1.4974279
17900 1.5376245
18000 1.4356884
18100 1.5693287
18200 1.4328591
18300 1.6167448
18400 1.4969773
18500 1.3224493
18600 1.557937
18700 1.5113285
18800 1.3381621
18900 1.3310947
19000 1.335882
19100 1.4157382
19200 1.4247802
19300 1.5052537
19400 1.5057219
19500 1.504504
19600 1.4552579
19700 1.4431689
19800 1.2364624
