0 26.240107
100 10.335236
200 8.50736
300 7.9587255
400 7.4811745
500 7.1134586
600 7.0604744
700 7.331344
800 7.388727
900 7.5499067
1000 6.437837
1100 7.191775
1200 7.529412
1300 6.970035
1400 7.155648
1500 6.7065682
1600 6.78717
1700 6.914416
1800 6.5430694
1900 6.281013
2000 6.6743064
2100 7.0577073
2200 6.7743587
2300 6.256822
2400 6.618988
2500 7.0250983
2600 6.506932
2700 6.5552526
2800 6.481155
2900 6.4158254
3000 6.6818156
3100 6.32306
3200 6.301058
3300 6.0821724
3400 6.7494893
3500 6.5578914
3600 6.0759315
3700 6.2270985
3800 6.831586
3900 6.6453156
4000 6.5998516
4100 6.517472
4200 6.2275214
4300 6.253093
4400 6.396254
4500 6.4616547
4600 5.591559
4700 5.9700556
4800 5.9763556
4900 6.057189
5000 6.0962286
5100 6.6167407
5200 6.4892263
5300 6.4435735
5400 6.0989966
5500 5.866825
5600 6.4143476
5700 6.7219386
5800 6.2320867
5900 5.8978157
6000 6.9867296
6100 6.6006885
6200 6.2532644
6300 6.1041985
6400 6.3552704
6500 6.0952635
6600 6.11733
6700 6.72818
6800 6.5187736
6900 6.479088
7000 6.593842
7100 6.227816
7200 6.3484077
7300 6.3650656
7400 6.1425653
7500 6.114981
7600 6.954903
7700 6.3425283
7800 6.1371408
7900 6.3437033
8000 5.863217
8100 6.177397
8200 6.1482077
8300 6.282483
8400 5.835376
8500 6.5917807
8600 6.3026724
8700 6.41386
8800 6.450525
8900 6.2366886
9000 6.438924
9100 5.902008
9200 6.2557125
9300 6.511643
9400 6.456475
9500 6.131665
9600 5.926455
9700 6.063074
9800 6.011344
9900 6.554008
10000 6.4696836
10100 5.9955416
10200 6.2258196
10300 5.626266
10400 6.411099
10500 6.742
10600 6.646289
10700 6.606782
10800 5.763961
10900 6.4443502
11000 6.095543
11100 6.401515
11200 6.3200364
11300 6.475679
11400 6.3641033
11500 6.5125456
11600 6.001362
11700 6.4991674
11800 6.4067225
11900 6.0909724
12000 6.138054
12100 6.3184104
12200 5.9214067
12300 6.1842327
12400 6.074726
12500 6.6480136
12600 5.93496
12700 5.750063
12800 6.2829347
12900 6.4067936
13000 6.8012915
13100 6.2175856
13200 5.9140186
13300 6.757388
13400 6.377468
13500 6.4372864
13600 5.9694257
13700 6.266918
13800 6.3602667
13900 5.979499
14000 5.935507
14100 6.1410184
14200 6.708543
14300 6.305972
14400 5.6942115
14500 6.6021757
14600 6.350958
14700 6.0379415
14800 6.2163815
14900 6.4177313
15000 6.387937
15100 5.6648803
15200 5.799468
15300 5.9308376
15400 6.677438
15500 6.6980925
15600 6.198405
15700 6.3033333
15800 6.6960583
15900 6.8234878
16000 5.9576225
16100 6.010419
16200 6.159959
16300 7.4150763
16400 6.03961
16500 6.5673356
16600 5.951916
16700 6.3247366
16800 6.427644
16900 7.0476584
17000 6.181077
17100 6.294669
17200 6.125678
17300 6.6618156
17400 6.6165686
17500 5.851267
17600 5.740085
17700 6.1693635
17800 6.453726
17900 6.1194777
18000 6.0698347
18100 6.693692
18200 6.0236473
18300 6.520735
18400 6.263195
18500 6.0723424
18600 6.344244
18700 6.1478662
18800 6.0344143
18900 5.8093114
19000 6.201534
19100 6.293453
19200 6.487758
19300 6.313212
19400 6.654795
19500 6.753153
19600 5.849448
19700 6.3271747
19800 5.791608
