0 4.493244
100 0.149518
200 0.06828505
300 0.24091798
400 0.18451153
500 0.34180954
600 0.3058226
700 0.57981193
800 0.0987937
900 0.10178096
1000 0.19347851
1100 0.06535501
1200 0.2236897
1300 0.2688113
1400 0.15008694
1500 0.13000755
1600 0.082230546
1700 0.029678259
1800 0.7661425
1900 0.0121169835
2000 0.2352689
2100 0.0677373
2200 0.030557184
2300 0.17578113
2400 0.17953056
2500 0.09041146
2600 0.009829486
2700 0.098846726
2800 0.0862878
2900 0.15338519
3000 0.19661702
3100 0.1897411
3200 0.010979587
3300 0.10286993
3400 0.024311189
3500 0.08518913
3600 0.062912405
3700 0.033779778
3800 0.03976548
3900 0.014295982
4000 0.006662175
4100 0.054479916
4200 0.20605461
4300 0.08299496
4400 0.03752704
4500 0.08802069
4600 0.0043089963
4700 0.017319769
4800 0.012788819
4900 0.052545913
5000 0.006917722
5100 0.019627279
5200 0.059710212
5300 0.05786346
5400 0.00085359986
5500 0.006503545
5600 0.040447988
5700 0.0143430615
5800 0.0135900425
5900 0.0037741142
6000 0.0029365474
6100 0.12714733
6200 0.0031284958
6300 0.062006995
6400 0.016471798
6500 0.030907508
6600 0.025760712
6700 0.005548036
6800 0.0024329382
6900 0.0032947804
7000 0.0032907086
7100 0.013576076
7200 0.007639399
7300 0.0016011836
7400 0.0072655967
7500 0.0932681
7600 0.001081319
7700 0.0013399848
7800 0.010545934
7900 0.0050109667
8000 0.013327664
8100 0.051635154
8200 0.04786798
8300 0.005584325
8400 0.022587785
8500 0.042449575
8600 0.0048294
8700 0.006304915
8800 0.0025344866
8900 0.0046577305
9000 0.01377789
9100 0.0018733492
9200 0.00568663
9300 0.013883166
9400 0.009217408
9500 0.003586802
9600 0.011462461
9700 0.0031427494
9800 0.004007785
9900 0.0015193948
10000 0.116661936
10100 0.0046451776
10200 0.0016537558
10300 0.005501613
10400 0.009356541
10500 0.006767596
10600 0.0067512463
10700 0.006595219
10800 0.0041479147
10900 0.0016989816
11000 0.0006852262
11100 0.005029013
11200 0.0047039753
11300 0.0086948695
11400 0.009397103
11500 0.0031707927
11600 0.010205655
11700 0.00235642
11800 0.011447504
11900 0.0011537148
12000 0.006949709
12100 0.025431773
12200 0.010359042
12300 0.0032164387
12400 0.0017270237
12500 0.0048903134
12600 0.00053211016
12700 0.0011057839
12800 0.003211245
12900 0.009288682
13000 0.0026787487
13100 0.010045221
13200 0.014515806
13300 0.0055923276
13400 0.005000339
13500 0.0093242265
13600 0.0005695543
13700 0.0037773792
13800 0.0041870484
13900 0.0028515747
14000 0.0080719935
14100 0.0012913708
14200 0.0050915685
14300 0.015420414
14400 0.0012477017
14500 0.0019191791
14600 0.0027337747
14700 0.008912627
14800 0.0029533932
14900 0.0042564883
15000 0.0024539176
