0 3.1144795
100 0.10363798
200 0.047331586
300 0.16699162
400 0.12789364
500 0.23692432
600 0.21198009
700 0.401895
800 0.06847858
900 0.07054918
1000 0.13410908
1100 0.04530064
1200 0.15504989
1300 0.18632579
1400 0.10403234
1500 0.09011437
1600 0.056997873
1700 0.020571401
1800 0.5310495
1900 0.008398853
2000 0.16307598
2100 0.046951924
2200 0.021180626
2300 0.12184219
2400 0.1244411
2500 0.06266845
2600 0.0068132803
2700 0.06851533
2800 0.059810143
2900 0.10631852
3000 0.13628453
3100 0.13151851
3200 0.00761047
3300 0.071304
3400 0.016851231
3500 0.059048604
3600 0.043607555
3700 0.023414358
3800 0.02756333
3900 0.00990922
4000 0.004617868
4100 0.0377626
4200 0.14282617
4300 0.057527725
4400 0.026011761
4500 0.061011292
4600 0.0029867687
4700 0.012005149
4800 0.008864534
4900 0.03642205
5000 0.0047949995
5100 0.0136045925
5200 0.041387964
5300 0.040107895
5400 0.00059167034
5500 0.004507914
5600 0.028036408
5700 0.009941853
5800 0.009419899
5900 0.0026160167
6000 0.0020354595
6100 0.088131815
6200 0.002168508
6300 0.042979974
6400 0.0114173805
6500 0.021423452
6600 0.017855965
6700 0.0038456055
6800 0.0016863843
6900 0.0022837678
7000 0.0022809454
7100 0.009410219
7200 0.0052952277
7300 0.0011098558
7400 0.0050361278
7500 0.06464852
7600 0.00074951316
7700 0.0009288067
7800 0.0073098843
7900 0.0034733373
8000 0.009238033
8100 0.03579076
8200 0.033179555
8300 0.0038707592
8400 0.01565666
8500 0.029423803
8600 0.003347485
8700 0.004370234
8800 0.0017567722
8900 0.0032284928
9000 0.009550106
9100 0.0012985067
9200 0.0039416715
9300 0.009623078
9400 0.00638902
9500 0.0024861817
9600 0.0079451725
9700 0.002178388
9800 0.0027779848
9900 0.0010531642
10000 0.08086389
10100 0.0032197917
10200 0.0011462962
10300 0.0038134274
10400 0.00648546
10500 0.00469094
10600 0.004679607
10700 0.0045714574
10800 0.0028751155
10900 0.0011776444
11000 0.00047496258
11100 0.003485846
11200 0.003260547
11300 0.006026824
11400 0.006513576
11500 0.002197826
11600 0.0070740213
11700 0.001633346
11800 0.007934805
11900 0.0007996942
12000 0.004817171
12100 0.017627962
12200 0.007180341
12300 0.0022294654
12400 0.0011970816
12500 0.003389707
12600 0.00036883066
12700 0.00076647097
12800 0.0022258654
12900 0.0064384234
13000 0.0018567671
13100 0.0069628167
13200 0.01006159
13300 0.0038763061
13400 0.0034659707
13500 0.0064630616
13600 0.00039478496
13700 0.0026182798
13800 0.002902241
13900 0.001976561
14000 0.0055950796
14100 0.00089511
14200 0.0035292064
14300 0.010688616
14400 0.0008648409
14500 0.0013302736
14600 0.0018949083
14700 0.006177762
14800 0.0020471362
14900 0.0029503729
15000 0.0017009261
