0 4.496112
100 1.2944715
200 1.173938
300 1.2827408
400 1.2466362
500 1.2146906
600 1.4425178
700 1.2042909
800 1.2279465
900 1.2276309
1000 1.1885594
1100 1.1117147
1200 1.1810035
1300 1.263324
1400 1.351283
1500 1.1317211
1600 1.1129985
1700 1.1084926
1800 1.393495
1900 1.0447369
2000 1.0925734
2100 1.0931867
2200 1.065711
2300 1.1691422
2400 1.2074828
2500 1.1621959
2600 1.0410058
2700 1.0944365
2800 1.1808786
2900 1.1745182
3000 1.311478
3100 1.194489
3200 1.0376703
3300 1.1338179
3400 1.0701432
3500 1.144465
3600 1.1157334
3700 1.0763358
3800 1.0753477
3900 1.0521214
4000 1.0248898
4100 1.1520069
4200 1.1348231
4300 1.0917685
4400 1.0883431
4500 1.0824487
4600 1.0197229
4700 1.0564241
4800 1.0437126
4900 1.1147072
5000 1.0265114
5100 1.0602033
5200 1.1555495
5300 1.0835927
5400 1.004388
5500 1.0212053
5600 1.0822241
5700 1.0485396
5800 1.0372869
5900 1.0166862
6000 1.013473
6100 1.0876306
6200 1.0135303
6300 1.1024202
6400 1.0560989
6500 1.0732113
6600 1.0641345
6700 1.0218921
6800 1.0109931
6900 1.0140758
7000 1.0120039
7100 1.0413795
7200 1.02679
7300 1.0073178
7400 1.0289226
7500 1.1148288
7600 1.0052533
7700 1.0055864
7800 1.0375926
7900 1.018151
8000 1.048435
8100 1.0878997
8200 1.0827532
8300 1.0201081
8400 1.0585396
8500 1.0467043
8600 1.0170882
8700 1.0177684
8800 1.0118845
8900 1.0188754
9000 1.0458529
9100 1.0082018
9200 1.02245
9300 1.0401322
9400 1.0294743
9500 1.0136988
9600 1.0302633
9700 1.0116129
9800 1.0154124
9900 1.006878
10000 1.0537689
10100 1.019342
10200 1.0070376
10300 1.0189725
10400 1.0340936
10500 1.0274096
10600 1.0241771
10700 1.0250177
10800 1.0169775
10900 1.007636
11000 1.0032778
11100 1.0147445
11200 1.0188644
11300 1.027978
11400 1.0225824
11500 1.0133631
11600 1.0344487
11700 1.0104525
11800 1.0395532
11900 1.0052066
12000 1.0266228
12100 1.0683577
12200 1.0349839
12300 1.0127808
12400 1.0078127
12500 1.0199015
12600 1.0024196
12700 1.0044069
12800 1.0107843
12900 1.0323038
13000 1.0127381
13100 1.0327166
13200 1.049592
13300 1.0210283
13400 1.0182183
13500 1.0288949
13600 1.0028443
13700 1.0138464
13800 1.0171645
13900 1.0112561
14000 1.0271595
14100 1.0061921
14200 1.0170542
14300 1.0456235
14400 1.0056415
14500 1.0089171
14600 1.0117395
14700 1.0296001
14800 1.0111928
14900 1.0147986
15000 1.0081284
