0 5.8391786
100 0.51873904
200 0.58853936
300 0.6825863
400 0.22575219
500 0.3358225
600 0.24844027
700 0.18609749
800 0.11975434
900 0.26236653
1000 0.051635277
1100 0.63216615
1200 0.19512878
1300 0.05817757
1400 0.09721128
1500 0.055986125
1600 0.12207966
1700 0.16472633
1800 0.060298525
1900 0.42908844
2000 0.16742195
2100 0.056790058
2200 0.05352441
2300 0.21401519
2400 0.2514522
2500 0.025041709
2600 0.10516717
2700 0.21141721
2800 0.018490061
2900 0.08535182
3000 0.15428837
3100 0.023151333
3200 0.09281427
3300 0.14771995
3400 0.5332239
3500 0.021181036
3600 0.030401563
3700 0.01760412
3800 0.19086319
3900 0.03536441
4000 0.20257671
4100 0.013896252
4200 0.021612864
4300 0.16594025
4400 0.020182868
4500 0.014666142
4600 0.052734636
4700 0.22720805
4800 0.09903512
4900 0.008253546
5000 0.01697737
5100 0.16751257
5200 0.021057574
5300 0.0063234796
5400 0.05383129
5500 0.015486986
5600 0.0083987275
5700 0.0022074901
5800 0.04711168
5900 0.006603642
6000 0.020600244
6100 0.016998531
6200 0.029263651
6300 0.12099001
6400 0.18028185
6500 0.0087583335
6600 0.00893785
6700 0.019567883
6800 0.19769812
6900 0.030273654
7000 0.0057950644
7100 0.020015446
7200 0.009704018
7300 0.0076231654
7400 0.033856113
7500 0.17798905
7600 0.012325647
7700 0.0047031264
7800 0.023006404
7900 0.1356134
8000 0.01634033
8100 0.010731363
8200 0.0011844761
8300 0.0036102955
8400 0.021394616
8500 0.013114729
8600 0.006261493
8700 0.0017626787
8800 0.019110018
8900 0.012798838
9000 0.012044753
9100 0.004531135
9200 0.05058975
9300 0.0053003132
9400 0.04917781
9500 0.20273167
9600 0.006461638
9700 0.011038334
9800 0.006481106
9900 0.0007299862
10000 0.00730413
10100 0.026973275
10200 0.007858183
10300 0.0099291485
10400 0.0018825923
10500 0.030982003
10600 0.0062353574
10700 0.0027943347
10800 0.0026122332
10900 0.0008481091
11000 0.0019028065
11100 0.004262181
11200 0.008290358
11300 0.00013751471
11400 0.0030569318
11500 0.002247738
11600 0.001116678
11700 0.00570756
11800 0.011367883
11900 0.0016360137
12000 0.0017772558
12100 0.001890613
12200 0.008881415
12300 0.0012715994
12400 0.0010431729
12500 0.003174395
12600 0.0016223565
12700 0.00057962904
12800 0.0019450727
12900 0.0064764344
13000 0.0025291843
13100 0.026782954
13200 0.0008882868
13300 0.0047396505
13400 0.0006091862
13500 0.002860536
13600 0.0010755793
13700 0.0023313926
13800 0.0032162429
13900 0.0052390094
14000 0.00042656218
14100 0.01642466
14200 0.0006374583
14300 0.00738076
14400 0.002886909
14500 0.00044617348
14600 0.0011570685
14700 0.008178876
14800 0.00096399133
14900 0.0014507594
15000 0.0014689051
15100 0.0059919744
15200 0.0010644215
15300 0.0052126823
15400 0.0010281114
15500 0.005507442
15600 0.00084496866
15700 0.001083204
15800 0.0021646915
15900 0.0038392076
16000 0.0009794483
16100 0.0009317657
16200 0.0015644265
16300 0.0010136836
16400 0.0010305176
16500 0.0012516128
16600 0.006059972
16700 0.0015232327
16800 0.003217854
16900 0.0038044981
17000 0.0005879856
17100 0.0014448869
17200 0.001870009
17300 0.0014007629
17400 0.001239515
17500 0.002182304
17600 0.0020019014
17700 0.0013368963
17800 0.0018479403
17900 0.0027386541
18000 0.0009071294
18100 0.004702355
18200 0.0020743478
18300 0.0010458742
18400 0.0023202798
18500 0.001596977
18600 0.0019806367
18700 0.0010829752
18800 0.0061832983
18900 0.00086638686
19000 0.0019409221
19100 0.0025130277
19200 0.00061498286
19300 0.000120784665
19400 0.0031501753
19500 0.0041013914
19600 0.0010702686
19700 0.0027671095
19800 0.0030738704
19900 0.0011199161
20000 0.0026450572
20100 0.0029202227
20200 0.0011651983
20300 0.0021403593
20400 0.0007507345
20500 0.00041622246
