0 4.04741
100 0.35956252
200 0.40794438
300 0.47313276
400 0.1564795
500 0.2327744
600 0.17220567
700 0.12899294
800 0.08300738
900 0.18185863
1000 0.035790846
1100 0.43818417
1200 0.13525297
1300 0.04032562
1400 0.067381725
1500 0.038806625
1600 0.08461917
1700 0.1141796
1800 0.041795753
1900 0.29742146
2000 0.11604805
2100 0.03936387
2200 0.037100293
2300 0.14834403
2400 0.1742934
2500 0.01735759
2600 0.07289633
2700 0.14654325
2800 0.012816334
2900 0.059161372
3000 0.106944546
3100 0.01604728
3200 0.064333946
3300 0.10239167
3400 0.36960268
3500 0.014681576
3600 0.021072758
3700 0.012202246
3800 0.13229628
3900 0.024512742
4000 0.14041547
4100 0.009632148
4200 0.014980896
4300 0.11502102
4400 0.013989698
4500 0.010165795
4600 0.036552865
4700 0.15748861
4800 0.06864592
4900 0.0057209227
5000 0.011767816
5100 0.11611086
5200 0.014595998
5300 0.004383102
5400 0.037313007
5500 0.010734761
5600 0.005821554
5700 0.0015301156
5800 0.03265533
5900 0.004577296
6000 0.014279001
6100 0.011782484
6200 0.020284018
6300 0.083863884
6400 0.12496185
6500 0.006070814
6600 0.0061952453
6700 0.0135634225
6800 0.1370339
6900 0.020984098
7000 0.0040168324
7100 0.013873651
7200 0.006726313
7300 0.0052839755
7400 0.023467269
7500 0.12337261
7600 0.008543488
7700 0.003259959
7800 0.015946824
7900 0.09400004
8000 0.011326254
8100 0.007438414
8200 0.00082101626
8300 0.002502466
8400 0.014829618
8500 0.009090438
8600 0.0043401364
8700 0.0012217958
8800 0.013246055
8900 0.008871479
9000 0.008348786
9100 0.0031407434
9200 0.035066143
9300 0.0036738971
9400 0.03408746
9500 0.14052288
9600 0.0044788662
9700 0.0076511903
9800 0.00449236
9900 0.00050598785
10000 0.005062837
10100 0.01869645
10200 0.0054468773
10300 0.006882361
10400 0.0013049135
10500 0.021475088
10600 0.0043220203
10700 0.0019368852
10800 0.0018106621
10900 0.00058786443
11000 0.001318925
11100 0.0029543187
11200 0.005746438
11300 9.531793e-05
11400 0.0021189037
11500 0.0015580133
11600 0.00077402225
11700 0.003956179
11800 0.007879616
11900 0.0011339983
12000 0.0012318998
12100 0.0013104731
12200 0.006156128
12300 0.00088140555
12400 0.0007230724
12500 0.002200323
12600 0.0011245318
12700 0.00040176825
12800 0.0013482217
12900 0.0044891224
13000 0.001753097
13100 0.01856453
13200 0.0006157135
13300 0.0032852753
13400 0.0004222557
13500 0.0019827725
13600 0.0007455348
13700 0.0016159982
13800 0.0022293297
13900 0.0036314046
14000 0.00029567038
14100 0.011384707
14200 0.00044185243
14300 0.005115953
14400 0.002001053
14500 0.00030926388
14600 0.0008020188
14700 0.0056691645
14800 0.00066818786
14900 0.0010055897
15000 0.0010181675
15100 0.00415332
15200 0.0007378007
15300 0.003613156
15400 0.00071263255
15500 0.0038174682
15600 0.00058568764
15700 0.00075081986
15800 0.0015004497
15900 0.002661136
16000 0.00067890185
16100 0.0006458508
16200 0.0010843778
16300 0.00070263195
16400 0.0007143004
16500 0.0008675519
16600 0.0042004525
16700 0.0010558245
16800 0.0022304466
16900 0.0026370771
17000 0.00040756058
17100 0.0010015193
17200 0.0012961915
17300 0.00097093487
17400 0.0008591664
17500 0.0015126579
17600 0.0013876123
17700 0.0009266659
17800 0.0012808946
17900 0.0018982904
18000 0.00062877417
18100 0.0032594241
18200 0.0014378283
18300 0.00072494475
18400 0.0016082955
18500 0.0011069401
18600 0.0013728729
18700 0.0007506612
18800 0.004285936
18900 0.0006005336
19000 0.0013453447
19100 0.0017418981
19200 0.00042627362
19300 8.372155e-05
19400 0.0021835351
19500 0.002842868
19600 0.00074185367
19700 0.0019180143
19800 0.0021306446
19900 0.0007762667
20000 0.001833414
20100 0.0020241442
20200 0.0008076539
20300 0.0014835839
20400 0.0005203695
20500 0.00028850342
