0 2.79543
100 1.5149317
200 1.5959997
300 1.2982879
400 1.2817925
500 1.2942398
600 1.2786193
700 1.3788369
800 1.2562089
900 1.1593642
1000 1.1530428
1100 1.3896161
1200 1.1824954
1300 1.1725707
1400 1.2665198
1500 1.163878
1600 1.2985773
1700 1.3161108
1800 1.1353976
1900 1.1987755
2000 1.1882644
2100 1.125777
2200 1.1171145
2300 1.132048
2400 1.1673169
2500 1.0857613
2600 1.1893703
2700 1.2106135
2800 1.06208
2900 1.089635
3000 1.3108768
3100 1.079231
3200 1.1441877
3300 1.1610246
3400 1.1028451
3500 1.0742824
3600 1.0941725
3700 1.0399679
3800 1.0881579
3900 1.0866257
4000 1.1127739
4100 1.0448432
4200 1.0661085
4300 1.0663148
4400 1.0631328
4500 1.0540113
4600 1.0943537
4700 1.0497594
4800 1.0629041
4900 1.0353293
5000 1.0540962
5100 1.0515826
5200 1.0515345
5300 1.0241148
5400 1.062823
5500 1.0634587
5600 1.0318978
5700 1.0101688
5800 1.0736387
5900 1.0255058
6000 1.0627838
6100 1.0553153
6200 1.0731168
6300 1.1422424
6400 1.0848262
6500 1.0327361
6600 1.0288266
6700 1.0483354
6800 1.0774899
6900 1.0808421
7000 1.0217446
7100 1.0487093
7200 1.0331492
7300 1.0280974
7400 1.0854108
7500 1.16606
7600 1.0360311
7700 1.018765
7800 1.0479671
7900 1.0437351
8000 1.0522802
8100 1.038873
8200 1.0062963
8300 1.0133297
8400 1.0569501
8500 1.0388086
8600 1.0245053
8700 1.0068951
8800 1.046293
8900 1.0337791
9000 1.041288
9100 1.0144777
9200 1.0867608
9300 1.021926
9400 1.0640072
9500 1.0301013
9600 1.0245893
9700 1.0348086
9800 1.0218236
9900 1.0038171
10000 1.0263298
10100 1.0739353
10200 1.0274609
10300 1.0270361
10400 1.0086884
10500 1.0436577
10600 1.024146
10700 1.0108556
10800 1.0108013
10900 1.0045214
11000 1.0087163
11100 1.0164511
11200 1.0308383
11300 1.0008808
11400 1.011313
11500 1.0104254
11600 1.0054121
11700 1.0198219
11800 1.0312287
11900 1.0073868
12000 1.0086303
12100 1.0089982
12200 1.029428
12300 1.0058354
12400 1.0048547
12500 1.012417
12600 1.007494
12700 1.0032413
12800 1.0088409
12900 1.0235333
13000 1.0104308
13100 1.067857
13200 1.0038066
13300 1.0147858
13400 1.00342
13500 1.0129291
13600 1.0051128
13700 1.0097082
13800 1.01416
13900 1.0195503
14000 1.0024022
14100 1.0616881
14200 1.00348
14300 1.0238717
14400 1.0105107
14500 1.0023954
14600 1.0058163
14700 1.0279999
14800 1.0049975
14900 1.0061086
15000 1.0061424
15100 1.019494
15200 1.0040224
15300 1.0151165
15400 1.0047743
15500 1.0219932
15600 1.0036771
15700 1.0055481
15800 1.0083276
15900 1.0168785
16000 1.0047971
16100 1.0050044
16200 1.006686
16300 1.0047383
16400 1.0041237
16500 1.0052894
16600 1.0210688
16700 1.0073445
16800 1.0126816
16900 1.0153626
17000 1.0025156
17100 1.0065452
17200 1.0083015
17300 1.0061364
17400 1.0049477
17500 1.0085416
17600 1.0078042
17700 1.0056888
17800 1.0079691
17900 1.0102215
18000 1.0046917
18100 1.018012
18200 1.0098612
18300 1.0051565
18400 1.0097284
18500 1.0070858
18600 1.0089666
18700 1.0046438
18800 1.0250206
18900 1.0042138
19000 1.0077987
19100 1.0097613
19200 1.003153
19300 1.0007629
19400 1.0110939
19500 1.0163105
19600 1.0047188
19700 1.0121536
19800 1.01232
19900 1.0051496
20000 1.0109706
20100 1.0090859
20200 1.0053654
20300 1.0087614
20400 1.003505
20500 1.0021496
