0 4.6270027
100 0.32681206
200 0.22522695
300 0.6101655
400 0.21697581
500 0.05392689
600 0.028096547
700 0.23646334
800 0.27502123
900 0.17133033
1000 0.3260047
1100 0.09811986
1200 0.40554085
1300 0.090772495
1400 0.25397864
1500 0.031108467
1600 0.0890418
1700 0.13278137
1800 0.10680728
1900 0.085800044
2000 0.116420045
2100 0.26727808
2200 0.085704304
2300 0.10847591
2400 0.15877025
2500 0.0136538185
2600 0.03505238
2700 0.17131826
2800 0.2640086
2900 0.011202514
3000 0.025144681
3100 0.08682829
3200 0.029388724
3300 0.2472896
3400 0.06101335
3500 0.026784766
3600 0.019365316
3700 0.15541689
3800 0.4014243
3900 0.03338952
4000 0.7186939
4100 0.013013779
4200 0.14418188
4300 0.008819635
4400 0.018086173
4500 0.015953979
4600 0.22964667
4700 0.13236777
4800 0.004166479
4900 0.16924752
5000 0.023550203
5100 0.04506005
5200 0.050566528
5300 0.096817665
5400 0.013130759
5500 0.03328896
5600 0.0021028256
5700 0.0146392435
5800 0.04003035
5900 0.021387609
6000 0.006935625
6100 0.0048958436
6200 0.015887761
6300 0.0074986075
6400 0.010509653
6500 0.026624516
6600 0.020128846
6700 0.13603
6800 0.013261993
6900 0.044490315
7000 0.01957587
7100 0.004918097
7200 0.0025901138
7300 0.018059589
7400 0.0034769545
7500 0.0056221853
7600 0.0069563887
7700 0.009814823
7800 0.028628917
7900 0.012064968
8000 0.01446285
8100 0.014309099
8200 0.0032114307
8300 0.03346348
8400 0.0060996762
8500 0.0108540235
8600 0.0063785394
8700 0.0038015153
8800 0.012121793
8900 0.0023399405
9000 0.013554806
9100 0.002665226
9200 0.0007330336
9300 0.0072535146
9400 0.003918084
9500 0.10553524
9600 0.0022488094
9700 0.02348917
9800 0.011270046
9900 0.036976464
10000 0.0034255541
10100 0.0063141244
10200 0.04593254
10300 0.06950819
10400 0.010236425
10500 0.011697714
10600 0.0038511392
10700 0.0045990283
10800 0.010346168
10900 0.0030370536
11000 0.0014328595
11100 0.0043504154
11200 0.0031205586
11300 0.0030445477
11400 0.008574345
11500 0.0008662082
11600 0.00055457023
11700 0.0035596662
11800 0.0068732495
11900 0.0027599407
12000 0.0021018614
12100 0.0015680693
12200 0.013441747
12300 0.0020180203
12400 0.0003934078
12500 0.0032981983
12600 0.011340512
12700 0.0028151625
12800 0.0061864182
12900 0.003041127
13000 0.00012045195
13100 0.00482046
13200 0.009348545
13300 0.001252963
13400 0.00039677098
13500 0.0011893213
13600 0.0019074332
13700 0.0105820745
13800 0.005984706
13900 0.0022512788
14000 0.0069121253
14100 0.0015206455
14200 0.0019661442
14300 0.00083412626
14400 0.0005537328
14500 0.0034350913
14600 0.00021631995
14700 0.0012789452
14800 0.0037136462
14900 0.0034969507
15000 0.0022071556
15100 0.0019232488
15200 0.0063333227
15300 0.0034971791
15400 0.003900381
15500 0.002107827
15600 0.0005547831
15700 0.005735092
15800 0.0025918663
15900 0.0018037455
16000 0.0018284151
16100 0.0050100307
16200 0.0050658174
16300 0.0008805737
16400 0.0029555291
16500 0.0033424622
16600 0.001246237
16700 0.0008471096
16800 0.0014792723
16900 0.005904259
17000 0.0024720053
17100 0.001865827
17200 0.0011835134
17300 0.0037808628
17400 0.0025917292
17500 0.0012600464
17600 0.0019795385
17700 0.0076586157
17800 0.004532798
17900 7.5144846e-05
18000 0.0025682237
18100 0.008189013
18200 0.00081734586
18300 0.0003586526
18400 0.0010053009
18500 0.005321052
18600 0.005588647
18700 0.0036867303
18800 0.007852784
18900 0.0035533826
19000 0.00063167716
19100 0.00091577333
19200 0.0011269718
19300 0.0034393184
19400 0.001326382
19500 0.0007419103
19600 0.00070167676
19700 0.00011824364
19800 0.004870884
19900 0.0030815976
20000 0.0025080922
