0 3.2071939
100 0.22652885
200 0.15611543
300 0.42293447
400 0.15039617
500 0.037379272
600 0.019475043
700 0.16390389
800 0.1906302
900 0.118757136
1000 0.22596925
1100 0.06801151
1200 0.2810995
1300 0.0629187
1400 0.17604458
1500 0.021562746
1600 0.061719075
1700 0.09203704
1800 0.07403316
1900 0.059472058
2000 0.080696225
2100 0.18526305
2200 0.0594057
2300 0.07518977
2400 0.11005115
2500 0.009464106
2600 0.02429646
2700 0.11874877
2800 0.18299682
2900 0.007764991
3000 0.017428964
3100 0.060184788
3200 0.02037071
3300 0.17140809
3400 0.04229123
3500 0.018565785
3600 0.013423014
3700 0.107726775
3800 0.2782461
3900 0.023143852
4000 0.49816066
4100 0.0090204645
4200 0.09993926
4300 0.006113305
4400 0.0125363795
4500 0.011058455
4600 0.15917894
4700 0.091750346
4800 0.0028879833
4900 0.117313445
5000 0.016323756
5100 0.031233246
5200 0.035050046
5300 0.06710889
5400 0.009101548
5500 0.023074148
5600 0.0014575677
5700 0.010147151
5800 0.027746923
5900 0.014824761
6000 0.004807409
6100 0.0033935402
6200 0.011012557
6300 0.0051976386
6400 0.0072847363
6500 0.018454708
6600 0.013952253
6700 0.09428881
6800 0.009192513
6900 0.030838337
7000 0.013568958
7100 0.0034089652
7200 0.0017953301
7300 0.012517953
7400 0.0024100412
7500 0.003897002
7600 0.004821801
7700 0.0068031168
7800 0.019844053
7900 0.008362799
8000 0.010024884
8100 0.009918312
8200 0.0022259941
8300 0.023195118
8400 0.0042279735
8500 0.0075234356
8600 0.0044212667
8700 0.0026350096
8800 0.008402186
8900 0.0016219232
9000 0.0093954755
9100 0.0018473939
9200 0.00050810014
9300 0.0050277533
9400 0.0027158088
9500 0.073151454
9600 0.0015587559
9700 0.016281452
9800 0.0078118006
9900 0.025630131
10000 0.0023744132
10100 0.0043766177
10200 0.03183801
10300 0.048179403
10400 0.0070953495
10500 0.008108238
10600 0.0026694064
10700 0.0031878036
10800 0.007171417
10900 0.0021051252
11000 0.0009931825
11100 0.0030154781
11200 0.0021630065
11300 0.0021103197
11400 0.005943283
11500 0.0006004098
11600 0.0003843988
11700 0.0024673727
11800 0.0047641736
11900 0.0019130451
12000 0.0014568993
12100 0.0010869028
12200 0.009317109
12300 0.001398785
12400 0.0002726895
12500 0.0022861368
12600 0.007860644
12700 0.001951322
12800 0.0042880983
12900 0.0021079485
13000 8.349093e-05
13100 0.0033412883
13200 0.0064799176
13300 0.00086848775
13400 0.0002750207
13500 0.0008243747
13600 0.001322132
13700 0.007334935
13800 0.004148282
13900 0.0015604676
14000 0.00479112
14100 0.0010540311
14200 0.0013628273
14300 0.0005781723
14400 0.00038381835
14500 0.002381024
14600 0.00014994157
14700 0.0008864973
14800 0.0025741034
14900 0.0024239016
15000 0.0015298837
15100 0.0013330944
15200 0.004389925
15300 0.00242406
15400 0.0027035382
15500 0.0014610343
15600 0.00038454632
15700 0.003975263
15800 0.0017965449
15900 0.0012502611
16000 0.0012673608
16100 0.0034726886
16200 0.0035113571
16300 0.00061036716
16400 0.0020486168
16500 0.0023168183
16600 0.00086382567
16700 0.00058717164
16800 0.0010253534
16900 0.0040925206
17000 0.0017134635
17100 0.0012932927
17200 0.00082034897
17300 0.0026206945
17400 0.0017964498
17500 0.0008733976
17600 0.0013721115
17700 0.005308548
17800 0.0031418963
17900 5.2086438e-05
18000 0.0017801571
18100 0.0056761913
18200 0.000566541
18300 0.00024859904
18400 0.0006968215
18500 0.003688272
18600 0.0038737548
18700 0.0025554467
18800 0.0054431353
18900 0.0024630171
19000 0.00043784524
19100 0.0006347657
19200 0.00078115735
19300 0.002383954
19400 0.000919378
19500 0.00051425304
19600 0.0004863653
19700 8.196024e-05
19800 0.0033762397
19900 0.0021360007
20000 0.001738477
