0 3.5031424
100 1.3641826
200 1.4497082
300 1.3260678
400 1.347998
500 1.1488138
600 1.1033821
700 1.4608293
800 1.3413635
900 1.1749992
1000 1.2737134
1100 1.1635617
1200 1.2554514
1300 1.1098461
1400 1.2452154
1500 1.0964018
1600 1.1975877
1700 1.1138616
1800 1.0954084
1900 1.1012115
2000 1.273906
2100 1.022574
2200 1.1110544
2300 1.0971218
2400 1.1004368
2500 1.0468476
2600 1.1238658
2700 1.0791105
2800 1.0780699
2900 1.0455343
3000 1.0651448
3100 1.1813115
3200 1.0742357
3300 1.0660715
3400 1.1480578
3500 1.0607021
3600 1.0572234
3700 1.1710391
3800 1.1531799
3900 1.0501381
4000 1.0629988
4100 1.0520872
4200 1.0910959
4300 1.0324552
4400 1.0450485
4500 1.0515876
4600 1.169282
4700 1.0335228
4800 1.0193336
4900 1.0906016
5000 1.0667754
5100 1.1229907
5200 1.1133966
5300 1.053395
5400 1.0440538
5500 1.0876467
5600 1.01067
5700 1.0414898
5800 1.1087613
5900 1.0677102
6000 1.0224583
6100 1.0192521
6200 1.0449034
6300 1.0248579
6400 1.0323238
6500 1.0773928
6600 1.0623022
6700 1.0185087
6800 1.0441573
6900 1.0725638
7000 1.0332687
7100 1.0205519
7200 1.0113792
7300 1.0498211
7400 1.0155234
7500 1.0201292
7600 1.0229933
7700 1.0326363
7800 1.067091
7900 1.0421042
8000 1.0446446
8100 1.0452232
8200 1.0132712
8300 1.080019
8400 1.0223333
8500 1.0286961
8600 1.0254889
8700 1.015927
8800 1.0352037
8900 1.0094475
9000 1.036277
9100 1.0121319
9200 1.0039698
9300 1.0237272
9400 1.0165446
9500 1.0417504
9600 1.0107306
9700 1.0541296
9800 1.0318093
9900 1.0700883
10000 1.0136454
10100 1.0218753
10200 1.0433123
10300 1.0284461
10400 1.0363493
10500 1.0370966
10600 1.0153362
10700 1.0168803
10800 1.0342772
10900 1.0105469
11000 1.0057343
11100 1.0183672
11200 1.0128653
11300 1.0109304
11400 1.0311754
11500 1.0043997
11600 1.0031961
11700 1.0119733
11800 1.0261652
11900 1.0120143
12000 1.0092278
12100 1.0071499
12200 1.0463355
12300 1.0092932
12400 1.0023916
12500 1.0137243
12600 1.0338664
12700 1.0112151
12800 1.0226004
12900 1.0117673
13000 1.0007925
13100 1.0190037
13200 1.0320276
13300 1.0063452
13400 1.0023345
13500 1.0055696
13600 1.0079815
13700 1.0301751
13800 1.0244911
13900 1.0081209
14000 1.0252826
14100 1.0066593
14200 1.0083499
14300 1.0041025
14400 1.0028774
14500 1.0129391
14600 1.0011775
14700 1.005992
14800 1.0158043
14900 1.0135378
15000 1.0095205
15100 1.0077312
15200 1.0234302
15300 1.0142465
15400 1.015138
15500 1.0089347
15600 1.0032014
15700 1.0220767
15800 1.0090215
15900 1.008285
16000 1.0083873
16100 1.0196409
16200 1.0176058
16300 1.004058
16400 1.0092483
16500 1.0135022
16600 1.0056783
16700 1.0044556
16800 1.0072532
16900 1.0232275
17000 1.0104686
17100 1.0079887
17200 1.0053498
17300 1.0148976
17400 1.01165
17500 1.0055214
17600 1.0087354
17700 1.026951
17800 1.0159796
17900 1.0004964
18000 1.0109844
18100 1.0207574
18200 1.0035291
18300 1.0020671
18400 1.0048467
18500 1.0174595
18600 1.0207227
18700 1.0148294
18800 1.0233204
18900 1.0160834
19000 1.0035336
19100 1.0045912
19200 1.0047693
19300 1.010251
19400 1.0062169
19500 1.003889
19600 1.0032997
19700 1.0007684
19800 1.0189371
19900 1.0135663
20000 1.0115371
