0 0.15625
100 0.46875
200 0.5
300 0.4375
400 0.5
500 0.3125
600 0.375
700 0.34375
800 0.4375
900 0.375
1000 0.4375
1100 0.34375
1200 0.53125
1300 0.46875
1400 0.5
1500 0.40625
1600 0.53125
1700 0.5
1800 0.5625
1900 0.4375
2000 0.40625
2100 0.5625
2200 0.59375
2300 0.375
2400 0.3125
2500 0.84375
2600 0.46875
2700 0.65625
2800 0.53125
2900 0.5625
3000 0.28125
3100 0.5625
3200 0.6875
3300 0.625
3400 0.5625
3500 0.53125
3600 0.4375
3700 0.5
3800 0.53125
3900 0.65625
4000 0.53125
4100 0.53125
4200 0.3125
4300 0.5
4400 0.5
4500 0.5625
4600 0.59375
4700 0.5625
4800 0.65625
4900 0.625
5000 0.5625
5100 0.59375
5200 0.59375
5300 0.5
5400 0.59375
5500 0.5625
5600 0.53125
5700 0.53125
5800 0.59375
5900 0.53125
6000 0.59375
6100 0.625
6200 0.78125
6300 0.46875
6400 0.6875
6500 0.46875
6600 0.59375
6700 0.6875
6800 0.5
6900 0.59375
7000 0.59375
7100 0.53125
7200 0.53125
7300 0.625
7400 0.6875
7500 0.59375
7600 0.5625
7700 0.40625
7800 0.71875
7900 0.6875
8000 0.53125
8100 0.53125
8200 0.625
8300 0.625
8400 0.65625
8500 0.84375
8600 0.625
8700 0.5
8800 0.59375
8900 0.625
9000 0.65625
9100 0.53125
9200 0.65625
9300 0.6875
9400 0.65625
9500 0.6875
9600 0.71875
9700 0.6875
9800 0.65625
9900 0.59375
10000 0.53125
10100 0.59375
10200 0.6875
10300 0.6875
10400 0.6875
10500 0.65625
10600 0.59375
10700 0.84375
10800 0.8125
10900 0.5625
11000 0.71875
11100 0.6875
11200 0.78125
11300 0.71875
11400 0.71875
11500 0.78125
11600 0.78125
11700 0.6875
11800 0.5625
11900 0.53125
12000 0.8125
12100 0.6875
12200 0.53125
12300 0.625
12400 0.75
12500 0.59375
12600 0.6875
12700 0.75
12800 0.6875
12900 0.75
13000 0.8125
13100 0.8125
13200 0.71875
13300 0.625
13400 0.75
13500 0.8125
13600 0.65625
13700 0.75
13800 0.6875
13900 0.75
14000 0.6875
14100 0.71875
14200 0.875
14300 0.65625
14400 0.625
14500 0.8125
14600 0.84375
14700 0.78125
14800 0.8125
14900 0.65625
15000 0.6875
15100 0.59375
15200 0.71875
15300 0.8125
15400 0.75
15500 0.75
15600 0.65625
15700 0.78125
15800 0.6875
15900 0.625
16000 0.90625
16100 0.8125
16200 0.8125
16300 0.8125
16400 0.78125
16500 0.75
16600 0.875
16700 0.75
16800 0.78125
16900 0.75
17000 0.8125
17100 0.6875
17200 0.6875
17300 0.6875
17400 0.8125
17500 0.78125
17600 0.78125
17700 0.90625
17800 0.6875
17900 0.84375
18000 0.75
18100 0.6875
18200 0.8125
18300 0.84375
18400 0.75
18500 0.84375
18600 0.8125
18700 0.84375
18800 0.8125
18900 0.6875
19000 0.8125
19100 0.875
19200 0.6875
19300 0.8125
19400 0.8125
19500 0.84375
19600 0.78125
19700 0.8125
19800 0.96875
19900 0.84375
20000 0.875
20100 0.84375
20200 0.875
20300 0.8125
20400 0.8125
20500 0.8125
20600 0.90625
20700 0.75
20800 0.75
20900 0.71875
21000 0.8125
21100 0.75
21200 0.9375
21300 0.8125
21400 0.75
21500 0.8125
21600 0.9375
