0 3.4442565
100 2.410707
200 2.1727247
300 2.180666
400 2.7677853
500 2.4090722
600 2.3963408
700 2.41078
800 2.2083304
900 2.806898
1000 2.140942
1100 2.5310724
1200 2.2588234
1300 1.9970137
1400 1.9207222
1500 1.9999281
1600 2.1719635
1700 2.0853453
1800 1.9580803
1900 1.8812413
2000 2.1760738
2100 1.9653816
2200 1.9756541
2300 2.6581933
2400 2.3364503
2500 1.3422127
2600 2.047232
2700 1.8751334
2800 1.7382164
2900 1.7691642
3000 2.3588302
3100 1.7752638
3200 1.433607
3300 1.8726805
3400 2.2994916
3500 1.6366626
3600 2.377013
3700 2.278672
3800 2.3962634
3900 1.7131656
4000 1.8777708
4100 1.8288624
4200 2.5344698
4300 2.0143538
4400 2.0729187
4500 1.8317965
4600 1.6336794
4700 1.7055454
4800 1.5405594
4900 1.7325444
5000 1.8218653
5100 1.3853627
5200 1.5802306
5300 1.8959945
5400 1.797205
5500 1.8663828
5600 1.9799045
5700 1.831717
5800 1.4186164
5900 1.8535801
6000 1.9290034
6100 1.6011798
6200 1.466094
6300 1.8639938
6400 1.3609136
6500 2.351782
6600 2.2153747
6700 1.506017
6800 2.0722716
6900 1.9500251
7000 1.5737147
7100 1.6906862
7200 1.742209
7300 1.7565477
7400 1.3833412
7500 1.6550217
7600 1.9783156
7700 2.3911421
7800 1.188428
7900 1.42342
8000 1.9625231
8100 1.8466183
8200 1.6384
8300 1.6273571
8400 1.5426574
8500 1.2810861
8600 1.5023276
8700 1.7359059
8800 1.7932136
8900 1.6667647
9000 1.9580497
9100 1.4815
9200 1.2871147
9300 1.4346004
9400 1.6058942
9500 1.3629688
9600 1.5108747
9700 1.4529415
9800 1.4230555
9900 1.6205251
10000 1.3801842
10100 1.6885428
10200 1.2276934
10300 1.3630705
10400 1.5213063
10500 1.516362
10600 1.3936619
10700 0.7543355
10800 1.3792887
10900 1.5081162
11000 1.1744082
11100 1.3533015
11200 1.1635133
11300 1.3421153
11400 1.3044088
11500 0.797809
11600 0.9995606
11700 1.4432
11800 1.4051454
11900 1.7162856
12000 1.2283354
12100 1.6079088
12200 1.7529472
12300 1.4634272
12400 1.388296
12500 1.4831085
12600 1.0684061
12700 1.401629
12800 1.2360451
12900 1.1847671
13000 0.9592386
13100 0.9619266
13200 1.1401634
13300 1.3106481
13400 1.0688808
13500 1.2578374
13600 1.5333934
13700 1.1493542
13800 1.4601324
13900 1.1025895
14000 1.1356068
14100 0.9980873
14200 0.64152277
14300 1.2286083
14400 1.2392863
14500 1.1445291
14600 0.7738805
14700 0.89117867
14800 0.9183165
14900 1.0608388
15000 1.0382476
15100 1.6404455
15200 0.8855837
15300 0.7899034
15400 1.3537934
15500 0.96997476
15600 1.512075
15700 1.022948
15800 1.0980161
15900 1.5382462
16000 0.81053394
16100 0.7527987
16200 0.99941474
16300 0.87720144
16400 1.1216776
16500 0.71658087
16600 0.7237136
16700 1.2609539
16800 0.9908077
16900 0.97343737
17000 0.87483394
17100 1.1656076
17200 1.0981216
17300 1.2643527
17400 1.0014328
17500 1.069363
17600 1.0481668
17700 0.56102246
17800 1.2246156
17900 0.7609986
18000 1.0779334
18100 1.016691
18200 0.9259749
18300 0.7739389
18400 0.95095104
18500 0.8342591
18600 0.90688807
18700 0.83387816
18800 0.83400375
18900 1.0044591
19000 0.803166
19100 0.6357297
19200 1.159945
19300 0.88017994
19400 0.72343266
19500 0.64518183
19600 0.88113075
19700 0.94387156
19800 0.6187069
19900 0.6930615
20000 0.7173518
20100 0.8430479
20200 0.67287475
20300 0.9009847
20400 1.1480532
20500 0.9221308
20600 0.7557984
20700 0.9474454
20800 0.92095727
20900 1.1049503
21000 0.9821764
21100 0.9097672
21200 0.5887507
21300 1.078351
21400 1.0751239
21500 0.9333477
21600 0.7074481
