0 2.3873768
100 1.6709747
200 1.506018
300 1.5115225
400 1.9184825
500 1.6698416
600 1.661017
700 1.6710253
800 1.5306981
900 1.9455935
1000 1.4839879
1100 1.7544057
1200 1.5656971
1300 1.3842244
1400 1.3313432
1500 1.3862445
1600 1.5054903
1700 1.4454513
1800 1.3572378
1900 1.3039771
2000 1.5083394
2100 1.3622987
2200 1.3694191
2300 1.8425192
2400 1.619504
2500 0.9303509
2600 1.419033
2700 1.2997434
2800 1.2048398
2900 1.2262912
3000 1.6350166
3100 1.230519
3200 0.9937006
3300 1.2980433
3400 1.5938861
3500 1.134448
3600 1.6476198
3700 1.5794551
3800 1.6609632
3900 1.1874759
4000 1.3015715
4100 1.2676709
4200 1.7567606
4300 1.3962436
4400 1.4368377
4500 1.2697046
4600 1.1323802
4700 1.182194
4800 1.0678344
4900 1.2009083
5000 1.2628208
5100 0.9602603
5200 1.0953324
5300 1.3142033
5400 1.2457275
5500 1.293678
5600 1.3723652
5700 1.2696495
5800 0.98331
5900 1.2848039
6000 1.3370832
6100 1.1098533
6200 1.0162189
6300 1.292022
6400 0.9433135
6500 1.6301311
6600 1.5355808
6700 1.0438914
6800 1.4363892
6900 1.3516544
7000 1.0908159
7100 1.1718944
7200 1.2076073
7300 1.2175461
7400 0.958859
7500 1.1471736
7600 1.3712639
7700 1.6574134
7800 0.82375556
7900 0.98663956
8000 1.3603173
8100 1.2799783
8200 1.1356523
8300 1.127998
8400 1.0692886
8500 0.8879812
8600 1.0413342
8700 1.2032382
8800 1.2429609
8900 1.1553133
9000 1.3572166
9100 1.0268975
9200 0.89215994
9300 0.9943892
9400 1.113121
9500 0.944738
9600 1.0472586
9700 1.0071024
9800 0.9863869
9900 1.1232624
10000 0.95667076
10100 1.1704087
10200 0.85097224
10300 0.9448085
10400 1.0544891
10500 1.051062
10600 0.9660128
10700 0.52286553
10800 0.95605004
10900 1.0453465
11000 0.81403774
11100 0.93803716
11200 0.80648595
11300 0.9302834
11400 0.90414727
11500 0.5529991
11600 0.6928426
11700 1.00035
11800 0.97397256
11900 1.1896385
12000 0.8514172
12100 1.1145175
12200 1.2150505
12300 1.0143704
12400 0.96229345
12500 1.0280125
12600 0.7405627
12700 0.9715352
12800 0.8567612
12900 0.821218
13000 0.6648935
13100 0.6667567
13200 0.7903011
13300 0.90847206
13400 0.7408917
13500 0.87186646
13600 1.0628673
13700 0.7966716
13800 1.0120866
13900 0.76425683
14000 0.78714263
14100 0.6918214
14200 0.4446697
14300 0.85160637
14400 0.8590078
14500 0.7933271
14600 0.5364131
14700 0.617718
14800 0.6365285
14900 0.73531747
15000 0.7196584
15100 1.1370702
15200 0.61383986
15300 0.5475193
15400 0.93837804
15500 0.67233527
15600 1.0480905
15700 0.7090536
15800 0.7610868
15900 1.066231
16000 0.5618193
16100 0.5218003
16200 0.6927415
16300 0.6080297
16400 0.7774877
16500 0.49669603
16600 0.50164
16700 0.87402666
16800 0.68677557
16900 0.67473537
17000 0.6063887
17100 0.8079376
17200 0.7611599
17300 0.87638247
17400 0.6941403
17500 0.74122596
17600 0.72653383
17700 0.38887113
17800 0.84883887
17900 0.52748406
18000 0.7471665
18100 0.70471644
18200 0.6418369
18300 0.53645355
18400 0.65914905
18500 0.57826436
18600 0.6286069
18700 0.5780003
18800 0.57808733
18900 0.69623804
19000 0.5567122
19100 0.44065422
19200 0.80401266
19300 0.61009425
19400 0.5014453
19500 0.44720596
19600 0.6107533
19700 0.6542419
19800 0.4288549
19900 0.48039362
20000 0.49723038
20100 0.5843563
20200 0.46640122
20300 0.624515
20400 0.7957698
20500 0.6391724
20600 0.5238795
20700 0.6567191
20800 0.63835895
20900 0.76589316
21000 0.6807928
21100 0.6306026
21200 0.4080909
21300 0.74745595
21400 0.7452191
21500 0.6469473
21600 0.49036568
