0 9.587243
100 6.6014805
200 5.4537883
300 5.9601574
400 5.685685
500 5.349681
600 4.723319
700 5.030726
800 4.886284
900 4.929077
1000 4.1844754
1100 4.926144
1200 5.0409718
1300 4.8114095
1400 4.539585
1500 4.7920313
1600 4.9921837
1700 4.3162003
1800 4.6682167
1900 4.899567
2000 4.176655
2100 4.7707834
2200 4.0438166
2300 4.2688847
2400 4.6012573
2500 4.253537
2600 4.121516
2700 4.262498
2800 4.1944532
2900 4.05685
3000 4.5862017
3100 4.1444035
3200 3.9996219
3300 4.3726892
3400 4.4560347
3500 4.2362213
3600 4.52385
3700 4.6240454
3800 4.3210726
3900 3.8411183
4000 4.076195
4100 3.9418602
4200 4.434226
4300 3.5582926
4400 4.391679
4500 3.6690612
4600 3.6591709
4700 4.0935097
4800 4.1427584
4900 3.5445704
5000 4.034091
5100 3.4297407
5200 3.457754
5300 3.3687818
5400 4.0181847
5500 3.9782665
5600 3.550043
5700 4.153655
5800 3.4563544
5900 4.0742836
6000 3.7903855
6100 3.8485594
6200 3.436354
6300 3.7080553
6400 3.645321
6500 3.6115751
6600 3.9885077
6700 3.2232018
6800 3.0257297
6900 3.531238
7000 3.04535
7100 3.9617798
7200 3.6385765
7300 3.6802871
7400 2.8805666
7500 4.016901
7600 3.3495595
7700 3.476746
7800 3.133968
7900 3.7182899
8000 3.5294847
8100 3.366577
8200 3.4742832
8300 3.1446269
8400 3.1049118
8500 3.62612
8600 3.7357483
8700 3.4613492
8800 3.5637488
8900 3.6931052
9000 3.5247984
9100 3.1927834
9200 3.2054956
9300 3.6134663
9400 3.8824115
9500 3.5483453
9600 3.3901017
9700 3.361771
9800 3.8424654
9900 3.535419
10000 3.6028314
10100 3.6662376
10200 3.5218973
10300 3.191987
10400 3.551909
10500 3.1380572
10600 3.3002534
10700 2.8208492
10800 2.8889267
10900 3.231746
11000 3.1723723
11100 3.7138739
11200 2.787604
11300 3.3123188
11400 3.4753983
11500 2.64426
11600 3.0342042
11700 3.1373339
11800 3.0160866
11900 3.33611
12000 3.2664795
12100 2.9178145
12200 3.6016529
12300 3.1923156
12400 3.2061024
12500 2.865894
12600 3.0362487
12700 3.100962
12800 3.2414982
12900 2.778664
13000 2.6600766
13100 2.8123975
13200 2.6524782
13300 2.731181
13400 2.7452295
13500 2.6970572
13600 3.31041
13700 3.0365324
13800 3.6845694
13900 3.0935562
14000 3.0323062
14100 2.9254985
14200 2.454561
14300 2.9423711
14400 3.4404278
14500 3.1134262
14600 2.7662826
14700 3.080068
14800 2.9540184
14900 2.7010522
15000 2.7129965
15100 2.7465937
15200 3.2818565
15300 2.8346505
15400 3.4086199
15500 2.8127375
15600 3.2616858
15700 2.6282334
15800 3.1823196
15900 3.2325132
16000 2.7876387
16100 2.428684
16200 3.1278598
16300 2.8938746
16400 3.1246934
16500 2.4130783
16600 2.7031343
16700 3.0094368
16800 2.8934147
16900 2.7063873
17000 2.616588
17100 2.7173886
17200 3.025146
17300 3.0716605
17400 2.7376537
17500 2.8155613
17600 3.2200963
17700 2.1985526
17800 3.4761424
17900 2.5049195
18000 3.253233
18100 3.0027485
18200 3.1250358
18300 2.8252628
18400 2.9754822
18500 2.5525405
18600 2.7893395
18700 2.7816072
18800 2.694562
18900 2.8756845
19000 2.4326239
19100 2.5808516
19200 2.9908943
19300 2.3737233
19400 2.4512205
19500 2.580388
19600 2.9901214
19700 2.8443239
19800 2.6387935
19900 2.4740562
20000 2.3351145
20100 2.7586567
20200 2.3698611
20300 2.7182107
20400 3.0539966
20500 2.926855
20600 2.9033532
20700 3.066708
20800 2.8553698
20900 2.9704013
21000 2.9964662
21100 2.5125885
21200 2.1803942
21300 2.4343457
21400 2.8450403
21500 3.04741
21600 2.3177795
