0 0.125
100 0.15625
200 0.3125
300 0.40625
400 0.25
500 0.40625
600 0.46875
700 0.5
800 0.53125
900 0.5
1000 0.53125
1100 0.59375
1200 0.34375
1300 0.46875
1400 0.40625
1500 0.34375
1600 0.375
1700 0.625
1800 0.5
1900 0.4375
2000 0.375
2100 0.59375
2200 0.4375
2300 0.53125
2400 0.46875
2500 0.53125
2600 0.5
2700 0.53125
2800 0.65625
2900 0.5625
3000 0.25
3100 0.4375
3200 0.625
3300 0.65625
3400 0.625
3500 0.53125
3600 0.4375
3700 0.53125
3800 0.53125
3900 0.65625
4000 0.625
4100 0.53125
4200 0.5
4300 0.5625
4400 0.53125
4500 0.5625
4600 0.5625
4700 0.5625
4800 0.71875
4900 0.53125
5000 0.46875
5100 0.40625
5200 0.5625
5300 0.5
5400 0.5625
5500 0.59375
5600 0.53125
5700 0.75
5800 0.625
5900 0.4375
6000 0.5
6100 0.5
6200 0.53125
6300 0.59375
6400 0.625
6500 0.46875
6600 0.5
6700 0.625
6800 0.59375
6900 0.6875
7000 0.53125
7100 0.34375
7200 0.6875
7300 0.625
7400 0.625
7500 0.59375
7600 0.59375
7700 0.46875
7800 0.6875
7900 0.5
8000 0.625
8100 0.71875
8200 0.71875
8300 0.78125
8400 0.5625
8500 0.5625
8600 0.46875
8700 0.59375
8800 0.4375
8900 0.625
9000 0.65625
9100 0.53125
9200 0.6875
9300 0.625
9400 0.65625
9500 0.59375
9600 0.625
9700 0.65625
9800 0.71875
9900 0.5625
10000 0.65625
10100 0.59375
10200 0.75
10300 0.625
10400 0.53125
10500 0.625
10600 0.53125
10700 0.53125
10800 0.6875
10900 0.625
11000 0.53125
11100 0.75
11200 0.53125
11300 0.65625
11400 0.625
11500 0.75
11600 0.46875
11700 0.625
11800 0.625
11900 0.625
12000 0.59375
12100 0.71875
12200 0.65625
12300 0.59375
12400 0.71875
12500 0.625
12600 0.5625
12700 0.75
12800 0.71875
12900 0.71875
13000 0.65625
13100 0.59375
13200 0.78125
13300 0.6875
13400 0.71875
13500 0.65625
13600 0.53125
13700 0.71875
13800 0.75
13900 0.6875
14000 0.5625
14100 0.53125
14200 0.71875
14300 0.59375
14400 0.71875
14500 0.59375
14600 0.6875
14700 0.71875
14800 0.46875
14900 0.625
15000 0.71875
15100 0.875
15200 0.71875
15300 0.75
15400 0.65625
15500 0.84375
15600 0.65625
15700 0.71875
15800 0.78125
15900 0.75
16000 0.5625
16100 0.71875
16200 0.65625
16300 0.71875
16400 0.78125
16500 0.65625
16600 0.8125
16700 0.6875
16800 0.625
16900 0.78125
17000 0.8125
17100 0.65625
17200 0.75
17300 0.71875
17400 0.6875
17500 0.71875
17600 0.5
17700 0.6875
17800 0.5625
17900 0.71875
18000 0.65625
18100 0.8125
18200 0.65625
18300 0.78125
18400 0.6875
18500 0.84375
18600 0.71875
18700 0.71875
18800 0.71875
18900 0.59375
19000 0.78125
19100 0.75
19200 0.78125
19300 0.84375
19400 0.65625
19500 0.75
19600 0.6875
19700 0.75
19800 0.5625
19900 0.71875
20000 0.65625
20100 0.8125
20200 0.875
20300 0.71875
20400 0.875
20500 0.71875
20600 0.75
20700 0.8125
20800 0.71875
20900 0.84375
21000 0.8125
21100 0.71875
21200 0.84375
21300 0.625
21400 0.71875
21500 0.90625
21600 0.8125
21700 0.75
21800 0.625
21900 0.65625
22000 0.71875
22100 0.75
22200 0.8125
22300 0.8125
22400 0.78125
22500 0.75
22600 0.71875
22700 0.75
22800 0.8125
22900 0.78125
23000 0.71875
23100 0.8125
23200 0.8125
23300 0.8125
23400 0.75
23500 0.8125
23600 0.84375
23700 0.84375
23800 0.78125
23900 0.78125
24000 0.8125
24100 0.875
24200 0.84375
24300 0.59375
24400 0.71875
24500 0.75
24600 0.71875
24700 0.78125
24800 0.75
24900 0.71875
25000 0.78125
