0 3.3181639
100 3.2272432
200 2.7621
300 2.7947822
400 2.7019646
500 2.2861676
600 2.2868826
700 1.8689362
800 2.0696037
900 2.3022368
1000 1.9928118
1100 2.1807933
1200 2.5544646
1300 2.2478514
1400 2.5126784
1500 2.2553167
1600 2.6438134
1700 1.9678302
1800 2.1557062
1900 2.1992455
2000 2.2268424
2100 1.9164213
2200 2.3905318
2300 1.7857394
2400 2.4273155
2500 1.9179147
2600 2.010991
2700 1.9014907
2800 1.3099169
2900 2.1900184
3000 2.6274436
3100 2.1021693
3200 1.86522
3300 1.5426815
3400 1.9175407
3500 1.542843
3600 2.0762699
3700 1.967901
3800 1.8764447
3900 1.7725654
4000 1.8522968
4100 2.0584486
4200 1.7208384
4300 1.653904
4400 2.1953921
4500 1.8442694
4600 1.7808714
4700 2.0256767
4800 1.658915
4900 1.4307106
5000 1.9349248
5100 2.2628608
5200 1.6538215
5300 1.8237594
5400 1.7078819
5500 1.7153876
5600 1.8311956
5700 1.147467
5800 1.6801037
5900 2.2598305
6000 2.0049233
6100 1.6785333
6200 1.9588343
6300 1.6344798
6400 1.7459103
6500 2.1460855
6600 1.9182765
6700 1.6681956
6800 1.7784927
6900 1.4703859
7000 1.8655055
7100 2.6700606
7200 1.5972472
7300 1.7854955
7400 1.9594107
7500 2.7562006
7600 1.7126707
7700 2.2019718
7800 1.4725275
7900 1.8371589
8000 1.6824431
8100 1.2225789
8200 1.3879757
8300 1.4536248
8400 1.6661934
8500 1.6914021
8600 2.3851027
8700 1.8581965
8800 2.0656185
8900 1.458189
9000 1.7739372
9100 1.7651017
9200 1.2877431
9300 1.425163
9400 1.4329541
9500 1.4489194
9600 1.6906767
9700 1.5206348
9800 1.7270186
9900 1.9192111
10000 1.6030097
10100 1.9281267
10200 1.275773
10300 1.5216256
10400 1.8156246
10500 1.4600526
10600 1.8835808
10700 1.9882044
10800 1.3114774
10900 1.3567648
11000 1.6287051
11100 1.3358963
11200 1.5080937
11300 1.3012677
11400 1.3901392
11500 1.1839423
11600 2.131262
11700 1.5483127
11800 1.4074812
11900 1.7153338
12000 1.4945059
12100 1.2542725
12200 1.496862
12300 1.6583626
12400 1.3926026
12500 1.3723146
12600 1.6920993
12700 1.2065799
12800 1.0990802
12900 1.6364448
13000 1.3331017
13100 1.7065529
13200 1.1095192
13300 1.4862753
13400 1.04419
13500 1.8284495
13600 1.7692186
13700 1.1738206
13800 1.2735016
13900 1.3726417
14000 1.4988575
14100 1.8396317
14200 1.1891004
14300 1.3649114
14400 1.2147764
14500 1.6520472
14600 1.5391694
14700 1.3765393
14800 1.7690585
14900 1.9051522
15000 1.3179554
15100 1.0565658
15200 1.259481
15300 1.0075289
15400 1.3515811
15500 1.1854007
15600 1.3776784
15700 1.3260212
15800 1.1604983
15900 0.9676718
16000 1.6005999
16100 1.0611115
16200 1.3912753
16300 1.1000316
16400 0.9783225
16500 1.262981
16600 0.9510093
16700 1.425554
16800 1.4406462
16900 1.1027725
17000 1.1307777
17100 1.2211522
17200 1.1839757
17300 1.240724
17400 1.3510852
17500 0.9802247
17600 1.7517781
17700 1.0956247
17800 1.5299269
17900 1.0350074
18000 1.5366843
18100 1.1978457
18200 1.5558056
18300 1.2168874
18400 1.3703372
18500 1.1688339
18600 1.0869566
18700 1.178934
18800 1.4827104
18900 1.2005762
19000 1.3748996
19100 1.2509532
19200 1.2197083
19300 0.75875425
19400 1.308592
19500 1.0161043
19600 1.7043527
19700 1.1273315
19800 1.5280879
19900 1.4546806
20000 1.5025204
20100 0.9415572
20200 0.77492434
20300 1.3375813
20400 0.76470286
20500 1.039535
20600 0.9420085
20700 0.93197155
20800 0.9914984
20900 0.91779816
21000 0.9677838
21100 1.1802387
21200 0.77639484
21300 1.3853759
21400 1.049268
21500 0.7108586
21600 1.003271
21700 1.1586357
21800 1.3322146
21900 1.1555816
22000 1.1755095
22100 0.87708557
22200 0.9330934
22300 0.93874925
22400 0.86370176
22500 1.1853175
22600 1.1535326
22700 1.0838351
22800 0.96023846
22900 1.1175848
23000 1.5401789
23100 1.1043166
23200 1.0001907
23300 1.0114872
23400 0.9942241
23500 1.0846548
23600 0.95645434
23700 0.7268077
23800 1.0803612
23900 0.88727236
24000 0.65146935
24100 0.89171
24200 0.9915723
24300 1.2847298
24400 1.3505642
24500 0.8304686
24600 1.1127322
24700 1.1741488
24800 1.1204004
24900 1.0185559
25000 1.0834491
