0 2.2999759
100 2.2369545
200 1.9145418
300 1.9371953
400 1.8728591
500 1.5846506
600 1.5851462
700 1.2954478
800 1.43454
900 1.595789
1000 1.3813119
1100 1.5116107
1200 1.7706199
1300 1.5580919
1400 1.741656
1500 1.5632665
1600 1.8325518
1700 1.3639959
1800 1.4942217
1900 1.5244007
2000 1.5435295
2100 1.328362
2200 1.6569903
2300 1.2377802
2400 1.6824869
2500 1.3293972
2600 1.3939128
2700 1.318013
2800 0.9079652
2900 1.5180051
3000 1.8212051
3100 1.4571128
3200 1.292872
3300 1.0693053
3400 1.3291379
3500 1.0694172
3600 1.4391606
3700 1.364045
3800 1.3006524
3900 1.2286487
4000 1.2839143
4100 1.4268078
4200 1.1927943
4300 1.1463989
4400 1.52173
4500 1.2783501
4600 1.234406
4700 1.4040921
4800 1.1498723
4900 0.991693
5000 1.3411877
5100 1.5684955
5200 1.1463417
5300 1.2641337
5400 1.1838136
5500 1.1890161
5600 1.2692881
5700 0.79536355
5800 1.1645591
5900 1.5663952
6000 1.389707
6100 1.1634706
6200 1.3577604
6300 1.132935
6400 1.2101728
6500 1.4875531
6600 1.329648
6700 1.1563051
6800 1.2327572
6900 1.0191939
7000 1.2930698
7100 1.850745
7200 1.1071274
7300 1.2376112
7400 1.35816
7500 1.9104526
7600 1.1871328
7700 1.5262905
7800 1.0206783
7900 1.2734215
8000 1.1661807
8100 0.84742707
8200 0.9620715
8300 1.007576
8400 1.1549172
8500 1.1723906
8600 1.6532273
8700 1.2880037
8800 1.4317776
8900 1.0107396
9000 1.2295996
9100 1.2234752
9200 0.89259547
9300 0.98784775
9400 0.99324805
9500 1.0043144
9600 1.1718878
9700 1.0540237
9800 1.1970781
9900 1.3302958
10000 1.1111217
10100 1.3364756
10200 0.8842985
10300 1.0547105
10400 1.2584951
10500 1.0120313
10600 1.3055987
10700 1.3781183
10800 0.9090469
10900 0.9404377
11000 1.1289324
11100 0.92597276
11200 1.0453309
11300 0.90197
11400 0.9635711
11500 0.8206463
11600 1.4772784
11700 1.0732086
11800 0.97559166
11900 1.1889788
12000 1.0359125
12100 0.86939543
12200 1.0375457
12300 1.1494894
12400 0.9652785
12500 0.951216
12600 1.1728739
12700 0.83633745
12800 0.76182437
12900 1.1342971
13000 0.9240357
13100 1.1828923
13200 0.76906013
13300 1.0302075
13400 0.7237774
13500 1.2673846
13600 1.2263288
13700 0.81363046
13800 0.88272405
13900 0.9514427
14000 1.0389289
14100 1.2751355
14200 0.82422155
14300 0.9460845
14400 0.84201884
14500 1.1451118
14600 1.0668709
14700 0.95414436
14800 1.2262179
14900 1.3205509
15000 0.913537
15100 0.7323556
15200 0.8730057
15300 0.6983658
15400 0.93684465
15500 0.8216572
15600 0.9549339
15700 0.9191279
15800 0.8043961
15900 0.670739
16000 1.1094513
16100 0.7355064
16200 0.9643585
16300 0.76248384
16400 0.6781215
16500 0.8754318
16600 0.6591894
16700 0.98811877
16800 0.99857986
16900 0.7643836
17000 0.78379536
17100 0.84643817
17200 0.8206694
17300 0.8600043
17400 0.9365009
17500 0.67944
17600 1.2142401
17700 0.75942916
17800 1.0604645
17900 0.7174125
18000 1.0651484
18100 0.8302834
18200 1.0784023
18300 0.8434821
18400 0.9498454
18500 0.81017387
18600 0.75342095
18700 0.8171748
18800 1.0277365
18900 0.832176
19000 0.9530078
19100 0.8670947
19200 0.8454374
19300 0.5259284
19400 0.9070468
19500 0.7043099
19600 1.1813673
19700 0.78140664
19800 1.0591898
19900 1.0083077
20000 1.0414678
20100 0.6526377
20200 0.5371366
20300 0.9271407
20400 0.53005165
20500 0.7205508
20600 0.6529505
20700 0.6459935
20800 0.6872543
20900 0.6361692
21000 0.6708166
21100 0.8180791
21200 0.5381559
21300 0.9602694
21400 0.7272971
21500 0.49272963
21600 0.6954144
21700 0.80310506
21800 0.9234208
21900 0.80098814
22000 0.8148011
22100 0.6079494
22200 0.6467711
22300 0.6506914
22400 0.59867245
22500 0.8215995
22600 0.7995679
22700 0.7512573
22800 0.6655866
22900 0.7746508
23000 1.0675707
23100 0.76545393
23200 0.6932794
23300 0.7011095
23400 0.6891436
23500 0.75182545
23600 0.6629636
23700 0.5037847
23800 0.7488494
23900 0.6150103
24000 0.45156416
24100 0.6180863
24200 0.68730557
24300 0.89050686
24400 0.9361398
24500 0.575637
24600 0.7712872
24700 0.8138579
24800 0.7766024
24900 0.70600915
25000 0.7509897
