0 9.997335
100 8.490791
200 6.9521885
300 6.6270685
400 6.525275
500 6.4442253
600 5.361643
700 4.7736683
800 5.3458405
900 5.602557
1000 4.050558
1100 4.866605
1200 5.6511345
1300 4.9665723
1400 5.206089
1500 4.6331253
1600 5.4240937
1700 4.722055
1800 5.049653
1900 5.423561
2000 5.1944637
2100 4.9050403
2200 5.321461
2300 5.1615973
2400 4.775522
2500 4.407104
2600 4.4742804
2700 4.5801296
2800 3.9907022
2900 4.188467
3000 4.846206
3100 4.5404415
3200 3.9469702
3300 4.0861435
3400 4.4574566
3500 4.1289887
3600 4.6656857
3700 4.0835743
3800 4.4728856
3900 4.202701
4000 4.4791536
4100 4.54556
4200 4.4003234
4300 4.08803
4400 4.0647297
4500 4.6751294
4600 3.9139524
4700 3.6617646
4800 4.0554914
4900 4.1208057
5000 4.294595
5100 4.201608
5200 4.1744447
5300 4.44637
5400 4.2640476
5500 4.5366955
5600 3.6499598
5700 3.322563
5800 3.9190502
5900 4.42773
6000 3.9165306
6100 4.230936
6200 4.5728154
6300 3.9775186
6400 3.7425685
6500 4.115874
6600 4.795331
6700 3.5958037
6800 4.4920077
6900 4.115347
7000 4.3316526
7100 3.7132564
7200 4.1229453
7300 3.9286065
7400 4.171111
7500 3.3992283
7600 3.7527452
7700 4.4107122
7800 3.5251172
7900 3.8570356
8000 3.8966825
8100 2.8358746
8200 3.8527322
8300 3.6169903
8400 4.038624
8500 3.9882812
8600 3.6822424
8700 3.7446404
8800 3.668262
8900 3.9017315
9000 3.5933838
9100 3.1990929
9200 3.1378908
9300 3.4593487
9400 3.5048125
9500 3.2671802
9600 3.3094153
9700 3.8708925
9800 3.6122317
9900 3.1730752
10000 3.3812575
10100 3.950571
10200 3.070681
10300 3.6553476
10400 3.534236
10500 3.6135573
10600 3.6119127
10700 3.9553294
10800 3.5830708
10900 3.6366487
11000 3.7010474
11100 3.46423
11200 3.5663085
11300 3.6115394
11400 3.4679258
11500 3.2760067
11600 3.7705703
11700 3.401095
11800 3.3286247
11900 3.7129865
12000 3.378449
12100 3.0983257
12200 3.3355927
12300 3.5958188
12400 3.5158634
12500 3.103155
12600 3.6260388
12700 3.297157
12800 2.6378822
12900 3.4757762
13000 3.5961645
13100 3.7920265
13200 3.4051933
13300 3.3428502
13400 2.8448966
13500 3.8272398
13600 3.7353697
13700 3.0202878
13800 3.709209
13900 3.163638
14000 3.3715208
14100 3.3784971
14200 3.1413674
14300 3.3819602
14400 3.1352448
14500 2.988112
14600 2.8163316
14700 3.1018863
14800 3.786836
14900 3.326302
15000 3.079083
15100 3.135884
15200 3.1644597
15300 2.9341307
15400 3.1204689
15500 3.4869246
15600 3.7891788
15700 2.791727
15800 3.1379013
15900 2.919237
16000 3.7126274
16100 3.0816307
16200 3.3382921
16300 2.6247272
16400 3.0806146
16500 3.3264532
16600 2.8359957
16700 3.334375
16800 3.1575396
16900 3.277949
17000 3.3925753
17100 3.01788
17200 3.3031702
17300 3.1547937
17400 3.7817764
17500 2.927494
17600 3.4281256
17700 3.113357
17800 3.269044
17900 3.1895857
18000 3.1467943
18100 3.103496
18200 2.8888972
18300 3.3707073
18400 3.6003447
18500 3.1718364
18600 3.1915696
18700 3.6648517
18800 3.7819946
18900 3.304389
19000 3.546173
19100 3.39468
19200 3.030874
19300 2.8824687
19400 3.1924672
19500 2.9644842
19600 3.1491442
19700 2.6845307
19800 3.1066928
19900 3.4609842
20000 3.2666037
20100 2.7501497
20200 2.49828
20300 3.5385199
20400 2.7493382
20500 2.795645
20600 2.7002847
20700 2.8169584
20800 3.0355694
20900 2.9597476
21000 2.925801
21100 3.2493324
21200 2.912362
21300 3.4655805
21400 3.5998778
21500 2.554419
21600 3.130986
21700 3.0554879
21800 2.9270267
21900 3.223704
22000 3.2267807
22100 3.211708
22200 2.731409
22300 3.5244741
22400 2.8032408
22500 3.025498
22600 2.8883827
22700 3.1906455
22800 2.9904559
22900 2.9480824
23000 4.351944
23100 2.312398
23200 2.6010785
23300 3.108117
23400 2.8772185
23500 3.1416135
23600 3.0395238
23700 2.375501
23800 3.0535078
23900 2.9942966
24000 2.516459
24100 2.4006758
24200 3.249227
24300 2.9735022
24400 3.404888
24500 2.7589617
24600 3.3510785
24700 3.1432157
24800 3.165022
24900 2.9980314
25000 3.2096996
