0 8.065649
100 0.40720925
200 0.3677241
300 0.5023958
400 0.12261159
500 0.10242041
600 0.53466886
700 0.50534296
800 0.12249932
900 0.12514952
1000 0.18368095
1100 0.031387076
1200 0.38839623
1300 0.14240976
1400 0.29462567
1500 0.07445199
1600 0.08247499
1700 0.0834171
1800 0.18048997
1900 0.059136838
2000 0.14092742
2100 0.045358866
2200 0.051523026
2300 0.13101213
2400 0.20492719
2500 0.03626221
2600 0.019010385
2700 0.229237
2800 0.03560092
2900 0.086240135
3000 0.22442187
3100 0.19559483
3200 0.07611749
3300 0.011242911
3400 0.084896624
3500 0.012061302
3600 0.051191214
3700 0.025652071
3800 0.017318018
3900 0.025899654
4000 0.06816827
4100 0.11945263
4200 0.034146957
4300 0.17000616
4400 0.02532652
4500 0.0059610377
4600 0.008397939
4700 0.32331243
4800 0.0071556163
4900 0.22175497
5000 0.08837087
5100 0.029063085
5200 0.0034304184
5300 0.011473816
5400 0.055018917
5500 0.061914913
5600 0.019787073
5700 0.042293865
5800 0.018024083
5900 0.10857462
6000 0.119318426
6100 0.02665247
6200 0.07853757
6300 0.0077733733
6400 0.0018020865
6500 0.07901699
6600 0.054931723
6700 0.2698196
6800 0.018182216
6900 0.119033396
7000 0.016026044
7100 0.0123090455
7200 0.022932002
7300 0.0037300712
7400 0.0059684105
7500 0.0112323705
7600 0.07484032
7700 0.012388043
7800 0.018588256
7900 0.010406408
8000 0.0062476615
8100 0.0111227725
8200 0.01556798
8300 0.02649905
8400 0.0037910468
8500 0.030628772
8600 0.0015727883
8700 0.008689418
8800 0.0043326737
8900 0.00439388
9000 0.007670405
9100 0.008662833
9200 0.006448558
9300 0.0047722496
9400 0.0040870034
9500 0.004497274
9600 0.0033029886
9700 0.0025275606
9800 0.0043756957
9900 0.3302723
10000 0.007983116
10100 0.0027176181
10200 0.0043333294
10300 0.0032277203
10400 0.0044926004
10500 0.004309571
10600 0.006788718
10700 0.0018513056
10800 0.004774547
10900 0.01662058
11000 0.027142555
11100 0.009652287
11200 0.0013734703
11300 0.001909217
11400 0.04142576
11500 0.0033347823
11600 0.0022473405
11700 0.004973173
11800 0.0030737706
11900 0.0057090535
12000 0.00059586583
12100 0.0059028673
12200 0.010942898
12300 0.0050975783
12400 0.007969762
12500 0.0035722516
12600 0.0060257684
12700 0.0021084493
12800 0.0041378606
12900 0.0022906081
13000 0.004767727
13100 0.0032166191
13200 0.014190404
13300 0.0051005716
13400 0.0029908854
13500 0.015654502
13600 0.033868622
13700 0.0007222539
13800 0.009261633
13900 0.0036818052
14000 0.0026031204
14100 0.020253975
14200 0.0061364337
14300 0.00644613
14400 0.007132981
14500 0.0041761794
14600 0.0050009745
14700 0.0025932484
14800 0.00284141
14900 0.009960158
15000 0.004994971
15100 0.0022098396
15200 0.009524377
15300 0.0056825723
15400 0.011203727
15500 0.00249243
15600 0.0028375506
15700 0.009557125
15800 0.0021531142
15900 0.014583816
16000 0.003898695
16100 0.014078657
16200 0.00080475875
16300 0.0031875665
16400 0.005122133
16500 0.0032210262
16600 0.002426495
16700 0.007277614
