0 5.590682
100 0.28225595
200 0.25488693
300 0.34823424
400 0.08498788
500 0.07099242
600 0.37060422
700 0.35027707
800 0.08491006
900 0.086747035
1000 0.12731794
1100 0.021755863
1200 0.26921576
1300 0.09871092
1400 0.20421895
1500 0.05160619
1600 0.057167307
1700 0.057820328
1800 0.12510611
1900 0.04099053
2000 0.097683445
2100 0.03144037
2200 0.03571304
2300 0.09081069
2400 0.14204471
2500 0.02513505
2600 0.013176995
2700 0.15889499
2800 0.024676677
2900 0.059777107
3000 0.1555574
3100 0.13557601
3200 0.052760627
3300 0.007792992
3400 0.058845855
3500 0.008360257
3600 0.035483047
3700 0.017780662
3800 0.012003935
3900 0.017952273
4000 0.047250643
4100 0.08279826
4200 0.023668867
4300 0.11783929
4400 0.017555006
4500 0.0041318764
4600 0.005821008
4700 0.2241031
4800 0.0049598953
4900 0.15370883
5000 0.061254017
5100 0.020144995
5200 0.0023777848
5300 0.007953043
5400 0.038136207
5500 0.04291615
5600 0.013715354
5700 0.029315874
5800 0.012493343
5900 0.075258195
6000 0.08270523
6100 0.018474085
6200 0.05443809
6300 0.005388092
6400 0.0012491111
6500 0.054770406
6600 0.038075767
6700 0.18702468
6800 0.012602951
6900 0.08250766
7000 0.011108407
7100 0.00853198
7200 0.015895253
7300 0.0025854884
7400 0.004136987
7500 0.0077856863
7600 0.05187536
7700 0.008586737
7800 0.012884397
7900 0.0072131725
8000 0.004330549
8100 0.0077097183
8200 0.010790901
8300 0.018367741
8400 0.0026277534
8500 0.021230247
8600 0.0010901738
8700 0.0060230456
8800 0.0030031805
8900 0.0030456055
9000 0.0053167194
9100 0.0060046185
9200 0.0044698
9300 0.0033078715
9400 0.002832895
9500 0.0031172726
9600 0.0022894572
9700 0.0017519714
9800 0.0030330012
9900 0.2289273
10000 0.005533475
10100 0.0018837093
10200 0.003003635
10300 0.0022372853
10400 0.0031140335
10500 0.0029871669
10600 0.004705581
10700 0.0012832272
10800 0.003309464
10900 0.011520508
11000 0.018813785
11100 0.0066904556
11200 0.000952017
11300 0.0013233684
11400 0.02871415
11500 0.002311495
11600 0.0015577378
11700 0.003447141
11800 0.0021305755
11900 0.0039572143
12000 0.0004130227
12100 0.0040915557
12200 0.007585039
12300 0.003533372
12400 0.005524218
12500 0.0024760962
12600 0.0041767443
12700 0.0014614657
12800 0.0028681464
12900 0.0015877285
13000 0.0033047367
13100 0.0022295904
13200 0.009836039
13300 0.003535447
13400 0.0020731238
13500 0.010850875
13600 0.02347594
13700 0.00050062826
13800 0.006419675
13900 0.002552033
14000 0.0018043455
14100 0.014038986
14200 0.0042534517
14300 0.004468117
14400 0.0049442057
14500 0.002894707
14600 0.0034664115
14700 0.0017975027
14800 0.0019695153
14900 0.0069038556
15000 0.0034622503
15100 0.0015317441
15200 0.006601795
15300 0.003938859
15400 0.0077658314
15500 0.0017276208
15600 0.0019668401
15700 0.006624494
15800 0.001492425
15900 0.010108731
16000 0.0027023696
16100 0.009758581
16200 0.00055781624
16300 0.0022094527
16400 0.003550392
16500 0.0022326452
16600 0.0016819183
16700 0.0050444575
