0 2.975636
100 1.6538862
200 1.4020916
300 1.321604
400 1.2880967
500 1.2370385
600 1.5242207
700 1.2309868
800 1.197752
900 1.1704307
1000 1.2566426
1100 1.1144903
1200 1.2400516
1300 1.1938074
1400 1.1339173
1500 1.1868644
1600 1.2113361
1700 1.1869729
1800 1.041593
1900 1.1615446
2000 1.2042881
2100 1.1574817
2200 1.1430123
2300 1.1938396
2400 1.2111478
2500 1.1062765
2600 1.0726238
2700 1.2843871
2800 1.0907061
2900 1.1994941
3000 1.08579
3100 1.0723871
3200 1.1023206
3300 1.0415616
3400 1.1759887
3500 1.045501
3600 1.0839322
3700 1.0891827
3800 1.0648227
3900 1.0624251
4000 1.2064493
4100 1.1746595
4200 1.0954506
4300 1.1376747
4400 1.0709391
4500 1.0246055
4600 1.0328743
4700 1.0191752
4800 1.0282625
4900 1.1115276
5000 1.1019999
5100 1.0721041
5200 1.0162449
5300 1.0463436
5400 1.0776567
5500 1.0922889
5600 1.055721
5700 1.1188958
5800 1.0439248
5900 1.0826335
6000 1.0257661
6100 1.0669956
6200 1.0965075
6300 1.025392
6400 1.0081236
6500 1.0908308
6600 1.1444128
6700 1.1501911
6800 1.0565667
6900 1.147195
7000 1.0473181
7100 1.042022
7200 1.0390131
7300 1.0163469
7400 1.0182394
7500 1.0355089
7600 1.0426438
7700 1.045085
7800 1.0643406
7900 1.0383056
8000 1.021498
8100 1.0326614
8200 1.0521384
8300 1.0706275
8400 1.0142444
8500 1.0873854
8600 1.007813
8700 1.0349128
8800 1.0175836
8900 1.016467
9000 1.0216646
9100 1.0233045
9200 1.0247871
9300 1.0199764
9400 1.0147216
9500 1.0186548
9600 1.0132793
9700 1.0106212
9800 1.0191143
9900 1.0491912
10000 1.0297737
10100 1.0119796
10200 1.0168335
10300 1.0130081
10400 1.0186653
10500 1.0169077
10600 1.0260812
10700 1.008768
10800 1.0190945
10900 1.0548493
11000 1.0879211
11100 1.0328513
11200 1.0060018
11300 1.0082407
11400 1.0829513
11500 1.0151623
11600 1.009295
11700 1.017906
11800 1.0118725
11900 1.0222557
12000 1.0033433
12100 1.021519
12200 1.0344391
12300 1.0159539
12400 1.0315425
12500 1.0122888
12600 1.0226091
12700 1.0102725
12800 1.0163237
12900 1.0097837
13000 1.0205842
13100 1.0143412
13200 1.0508711
13300 1.020234
13400 1.013256
13500 1.0610493
13600 1.0456864
13700 1.0035994
13800 1.0347304
13900 1.0140861
14000 1.0107092
14100 1.0725473
14200 1.0188754
14300 1.0211087
14400 1.0285764
14500 1.0171633
14600 1.0191972
14700 1.0098103
14800 1.013056
14900 1.0326653
15000 1.0179806
15100 1.0088565
15200 1.0333946
15300 1.0221481
15400 1.038388
15500 1.0107216
15600 1.011866
15700 1.0357283
15800 1.0104413
15900 1.0468097
16000 1.0164485
16100 1.0404108
16200 1.0039978
16300 1.0143455
16400 1.022066
16500 1.0143262
16600 1.0114601
16700 1.0248688
