0 0.065625
100 0.35625
200 0.41250002
300 0.4375
400 0.44375
500 0.503125
600 0.50624996
700 0.44062504
800 0.44375002
900 0.475
1000 0.48125005
1100 0.45937502
1200 0.49687505
1300 0.47500002
1400 0.509375
1500 0.52812505
1600 0.465625
1700 0.45625
1800 0.515625
1900 0.503125
2000 0.51874995
2100 0.503125
2200 0.48125
2300 0.578125
2400 0.51875
2500 0.45937502
2600 0.5125
2700 0.50625
2800 0.503125
2900 0.51875
3000 0.471875
3100 0.46875003
3200 0.496875
3300 0.565625
3400 0.509375
3500 0.484375
3600 0.50937504
3700 0.509375
3800 0.51562506
3900 0.47187498
4000 0.54062504
4100 0.509375
4200 0.546875
4300 0.565625
4400 0.55625004
4500 0.51875
4600 0.559375
4700 0.55625004
4800 0.615625
4900 0.521875
5000 0.62812495
5100 0.5
5200 0.46562505
5300 0.48437497
5400 0.53437495
5500 0.6
5600 0.55625004
5700 0.51875
5800 0.51875
5900 0.50624996
6000 0.503125
6100 0.490625
6200 0.525
6300 0.540625
6400 0.48437503
6500 0.5375
6600 0.5968751
6700 0.5124999
6800 0.47187498
6900 0.584375
7000 0.48750004
7100 0.528125
7200 0.54375
7300 0.54375005
7400 0.546875
7500 0.534375
7600 0.475
7700 0.5687501
7800 0.565625
7900 0.52812505
8000 0.58750004
8100 0.553125
8200 0.565625
8300 0.571875
8400 0.52500004
8500 0.51875
8600 0.55625004
8700 0.553125
8800 0.49375004
8900 0.515625
9000 0.546875
9100 0.553125
9200 0.51250005
9300 0.534375
9400 0.45625
9500 0.5375
9600 0.575
9700 0.5875
9800 0.53125
9900 0.525
10000 0.53125
10100 0.521875
10200 0.58750004
10300 0.58125
10400 0.528125
10500 0.503125
10600 0.5625
10700 0.5
10800 0.61249995
10900 0.56250006
11000 0.565625
11100 0.53437495
11200 0.515625
11300 0.49687502
11400 0.521875
11500 0.496875
11600 0.565625
11700 0.496875
11800 0.49375
11900 0.52812505
12000 0.55
12100 0.53125
12200 0.5375
12300 0.55937505
12400 0.515625
12500 0.4875
12600 0.55625
12700 0.553125
12800 0.534375
12900 0.515625
13000 0.478125
13100 0.503125
13200 0.575
13300 0.47812498
13400 0.503125
13500 0.540625
13600 0.553125
13700 0.51250005
13800 0.51875
13900 0.50937504
14000 0.55625
14100 0.51250005
14200 0.50937504
14300 0.58750004
14400 0.5375
14500 0.49062502
14600 0.534375
14700 0.5437499
14800 0.58125
14900 0.54062504
15000 0.5125
15100 0.521875
15200 0.60312504
15300 0.58750004
15400 0.50624996
15500 0.53125006
15600 0.565625
15700 0.559375
15800 0.46875
15900 0.521875
16000 0.58125
16100 0.56250006
16200 0.55937505
16300 0.425
16400 0.5625
16500 0.571875
16600 0.609375
16700 0.51875
16800 0.54375
16900 0.471875
17000 0.559375
17100 0.6
17200 0.55937505
17300 0.5375
17400 0.52500004
17500 0.55625
17600 0.61249995
17700 0.56875
17800 0.52812505
17900 0.528125
18000 0.6
18100 0.47500002
18200 0.584375
18300 0.525
18400 0.54062504
18500 0.63437504
18600 0.528125
18700 0.55
18800 0.603125
18900 0.609375
19000 0.59687495
19100 0.54062504
19200 0.603125
19300 0.55
19400 0.51875
19500 0.55312496
19600 0.58125
19700 0.5625
19800 0.615625
19900 0.58125
20000 0.53125
20100 0.58124995
20200 0.503125
20300 0.5625
20400 0.56874996
20500 0.60312504
20600 0.534375
20700 0.58124995
20800 0.571875
20900 0.503125
21000 0.603125
21100 0.584375
21200 0.565625
21300 0.54375
21400 0.54375005
21500 0.59375
21600 0.49687505
21700 0.60937506
21800 0.575
21900 0.575
22000 0.56562495
22100 0.5625
22200 0.559375
22300 0.55625
22400 0.5375
22500 0.58750004
22600 0.603125
22700 0.53125
22800 0.58125
22900 0.51875
23000 0.5
23100 0.57500005
23200 0.546875
23300 0.55
23400 0.61875
23500 0.590625
23600 0.553125
23700 0.546875
23800 0.55312496
23900 0.575
24000 0.55625004
24100 0.6
24200 0.56875
24300 0.55312496
24400 0.52500004
24500 0.61875
24600 0.54375
24700 0.56875
24800 0.54062504
24900 0.509375
25000 0.59375006
25100 0.5375
25200 0.603125
25300 0.6
25400 0.6
25500 0.546875
25600 0.56875
25700 0.509375
25800 0.54375
25900 0.55625004
26000 0.534375
26100 0.5812501
26200 0.56562495
26300 0.5625
26400 0.56249994
26500 0.58125
26600 0.57187504
26700 0.546875
26800 0.6
26900 0.575
27000 0.5375
27100 0.615625
27200 0.55625
27300 0.603125
27400 0.55625
27500 0.584375
27600 0.55
27700 0.58437496
27800 0.57500005
27900 0.603125
28000 0.5843751
28100 0.55
28200 0.5
28300 0.57187504
28400 0.48125005
28500 0.55625
28600 0.53749996
28700 0.590625
28800 0.54375005
28900 0.4625
29000 0.55
29100 0.559375
29200 0.5625
29300 0.56562495
29400 0.59687495
29500 0.55312496
29600 0.528125
29700 0.61875004
29800 0.578125
29900 0.578125
30000 0.55625004
30100 0.59687495
30200 0.525
30300 0.5625
30400 0.496875
30500 0.51875
30600 0.5375
30700 0.559375
30800 0.52500004
30900 0.5562501
31000 0.5125
31100 0.578125
31200 0.55
31300 0.546875
31400 0.559375
31500 0.58125
31600 0.534375
31700 0.575
31800 0.53437495
31900 0.54375005
32000 0.55312496
32100 0.534375
32200 0.534375
32300 0.58750004
32400 0.56874996
32500 0.584375
32600 0.57187504
32700 0.4875
32800 0.53125
32900 0.56875
33000 0.5875
33100 0.54375
33200 0.584375
33300 0.540625
33400 0.565625
33500 0.509375
33600 0.55
33700 0.534375
33800 0.575
33900 0.58125
34000 0.553125
34100 0.59062505
34200 0.56562495
34300 0.58125
34400 0.55937505
34500 0.55625
34600 0.546875
34700 0.56875
34800 0.55
34900 0.55625
35000 0.5625
35100 0.60625
35200 0.590625
35300 0.58124995
35400 0.553125
35500 0.61875004
35600 0.56875
35700 0.546875
35800 0.56875
35900 0.534375
36000 0.55
36100 0.57812506
36200 0.5375
36300 0.565625
36400 0.55625004
36500 0.609375
36600 0.528125
36700 0.615625
36800 0.58125
36900 0.6
37000 0.62187505
37100 0.5875
37200 0.63437504
37300 0.565625
37400 0.58437496
37500 0.58125
37600 0.59999996
37700 0.53125
37800 0.603125
37900 0.578125
38000 0.571875
38100 0.51875
38200 0.54999995
38300 0.56562495
38400 0.571875
38500 0.51874995
38600 0.5
38700 0.51875
38800 0.50312495
38900 0.490625
39000 0.54062504
39100 0.60937506
39200 0.534375
39300 0.5
39400 0.55625
39500 0.55625004
39600 0.54062504
39700 0.6125
39800 0.553125
39900 0.53125
40000 0.57187504
40100 0.5031251
40200 0.584375
40300 0.5812501
40400 0.559375
40500 0.5875
40600 0.56875
40700 0.57187504
40800 0.496875
40900 0.546875
