0 4.7731905
100 3.1321661
200 2.8728366
300 2.5461462
400 2.5963767
500 2.3812602
600 2.3269684
700 2.5415144
800 2.559375
900 2.577882
1000 2.401767
1100 2.582399
1200 2.4838834
1300 2.588556
1400 2.3522651
1500 2.2918146
1600 2.433141
1700 2.5379949
1800 2.3280637
1900 2.2009153
2000 2.3049653
2100 2.3392239
2200 2.4248211
2300 2.0547216
2400 2.2155783
2500 2.5452702
2600 2.2797556
2700 2.261459
2800 2.2823656
2900 2.1404867
3000 2.3922315
3100 2.4492676
3200 2.3482296
3300 1.9587337
3400 2.2955382
3500 2.3761213
3600 2.4174514
3700 2.191499
3800 2.3513837
3900 2.4401948
4000 2.2879474
4100 2.2739098
4200 2.1560454
4300 1.9877325
4400 2.1543057
4500 2.207967
4600 1.9711146
4700 2.0849245
4800 1.8362503
4900 2.121078
5000 1.8573626
5100 2.2840183
5200 2.5104601
5300 2.4637618
5400 2.199833
5500 1.9216086
5600 2.273762
5700 2.0886238
5800 2.2705448
5900 2.3270159
6000 2.3862746
6100 2.3665895
6200 2.2564802
6300 2.210112
6400 2.4122586
6500 2.1418478
6600 1.837605
6700 2.1976745
6800 2.3861868
6900 2.1005602
7000 2.3377485
7100 2.1394074
7200 2.1618695
7300 2.3161874
7400 2.37507
7500 2.2568178
7600 2.587347
7700 2.0236452
7800 2.0040135
7900 2.237453
8000 2.0220468
8100 2.089373
8200 2.1752636
8300 2.11379
8400 2.0540535
8500 2.3802278
8600 2.110347
8700 2.136262
8800 2.4465337
8900 2.3274722
9000 2.1537206
9100 2.2000823
9200 2.284037
9300 2.298349
9400 2.517621
9500 2.1507638
9600 2.0492313
9700 2.0368645
9800 2.2830143
9900 2.316647
10000 2.2573383
10100 2.1997476
10200 1.9344428
10300 1.9119712
10400 2.1877928
10500 2.456074
10600 2.2090178
10700 2.3621662
10800 1.9464136
10900 2.0504107
11000 2.0442226
11100 2.22311
11200 2.1490505
11300 2.4364147
11400 2.3312826
11500 2.379721
11600 2.1702688
11700 2.3876936
11800 2.3059523
11900 2.2722433
12000 2.0933058
12100 2.1447504
12200 2.0393715
12300 2.1081944
12400 2.2017164
12500 2.359358
12600 2.1238372
12700 1.9308997
12800 2.2872047
12900 2.4086885
13000 2.4342606
13100 2.296929
13200 1.9517853
13300 2.40144
13400 2.3516738
13500 2.2165935
13600 2.1815615
13700 2.2942402
13800 2.2247903
13900 2.2316709
14000 2.0175743
14100 2.1791646
14200 2.395449
14300 2.01728
14400 2.2639425
14500 2.4796698
14600 2.2372859
14700 2.0520446
14800 1.9687982
14900 2.1789277
15000 2.2140152
15100 2.1387813
15200 1.7681708
15300 2.0020556
15400 2.2100644
15500 2.40787
15600 2.036774
15700 2.2135003
15800 2.4897795
15900 2.1958556
16000 1.8952734
16100 2.1133635
16200 2.2177227
16300 2.6907737
16400 2.1617799
16500 2.0788767
16600 1.9769839
16700 2.346208
16800 2.055391
16900 2.3100755
17000 2.021805
17100 2.04705
17200 2.0658984
17300 2.1856253
17400 2.124617
17500 1.9284036
17600 1.8488303
17700 2.0641108
17800 2.175326
17900 2.1472578
18000 2.1280105
18100 2.3647194
18200 2.1049156
18300 2.30299
18400 2.2107866
18500 1.8384058
18600 2.2153196
18700 2.183683
18800 1.9642578
18900 1.8834273
19000 1.906475
19100 2.090743
19200 2.0145316
19300 2.1908572
19400 2.1528015
19500 2.1976595
19600 2.0694032
19700 2.0022132
19800 1.7864599
19900 1.934498
20000 2.238941
20100 1.9846009
20200 2.139227
20300 1.903671
20400 1.9434803
20500 2.0406573
20600 2.235809
20700 1.9122006
20800 1.9787029
20900 2.201596
21000 1.9613553
21100 2.099291
21200 2.1263213
21300 2.1522262
21400 2.103208
21500 1.9065716
21600 2.278614
21700 1.8643528
21800 1.941525
21900 2.0287619
22000 2.204807
22100 2.0560322
22200 2.0310297
22300 2.071972
22400 2.103275
22500 1.9084687
22600 1.9233447
22700 2.191238
22800 1.9156607
22900 2.232559
23000 2.4407263
23100 1.9470862
23200 2.2017665
23300 2.1521251
23400 1.8342465
23500 1.8653754
23600 2.1903217
23700 1.9635096
23800 2.0788705
23900 1.9783847
24000 2.1972554
24100 2.1254969
24200 1.9021239
24300 2.0561342
24400 2.3107545
24500 1.7525085
24600 2.0989583
24700 1.9362304
24800 2.0653503
24900 2.2499905
25000 1.9816374
25100 2.1222756
25200 1.9282097
25300 1.8166608
25400 1.9814655
25500 2.2237864
25600 2.0462546
25700 2.2793498
25800 2.0568795
25900 2.14146
26000 2.1751473
26100 2.1292148
26200 1.9625953
26300 2.04542
26400 2.123486
26500 2.0056047
26600 2.2074769
26700 2.095569
26800 1.969653
26900 2.0809898
27000 2.1027837
27100 1.9808176
27200 2.1051345
27300 1.887801
27400 2.1982496
27500 1.9497312
27600 2.2083082
27700 1.9250731
27800 2.121808
27900 1.9485912
28000 1.9584273
28100 2.1235616
28200 2.2759156
28300 1.948179
28400 2.4562953
28500 2.0563269
28600 2.1314244
28700 1.9159051
28800 2.1976638
28900 2.467112
29000 1.996862
29100 2.1299899
29200 2.0240831
29300 2.0864537
29400 1.8444831
29500 2.1623518
29600 2.2153587
29700 1.8135532
29800 2.0729516
29900 2.067146
30000 2.1495867
30100 1.8534422
30200 2.0933118
30300 1.8758972
30400 2.303299
30500 2.0854294
30600 2.106962
30700 2.1662915
30800 2.3482249
30900 1.9817152
31000 2.303669
31100 1.9568546
31200 2.161617
31300 2.2122397
31400 2.1413732
31500 2.0226154
31600 2.135154
31700 1.9672261
31800 2.216486
31900 2.003772
32000 2.228534
32100 2.3167727
32200 2.153479
32300 1.8829224
32400 1.9795125
32500 1.8342961
32600 1.9200634
32700 2.3590012
32800 2.1522331
32900 2.1062555
33000 1.8713542
33100 2.1584723
33200 1.894093
33300 2.0720868
33400 2.0783398
33500 2.2738605
33600 2.0871363
33700 2.1804159
33800 2.036879
33900 1.9904529
34000 2.1382813
34100 1.9055034
34200 1.9501699
34300 1.9869173
34400 1.9757365
34500 1.9758537
34600 2.1466649
34700 2.0920863
34800 2.0589037
34900 2.0377078
35000 2.0093782
35100 1.8250407
35200 1.9251014
35300 1.8856219
35400 2.0684311
35500 1.8142667
35600 1.8539511
35700 1.9964706
35800 1.9866134
35900 2.2125227
36000 2.1098332
36100 1.8478596
36200 2.087113
36300 1.9759407
36400 2.1788816
36500 1.8771753
36600 2.2953577
36700 1.9343207
36800 1.8399441
36900 1.8409569
37000 1.880553
37100 2.0330424
37200 1.7354338
37300 2.0143533
37400 1.9602054
37500 1.9897758
37600 1.9215219
37700 2.2183137
37800 1.7906349
37900 1.9060227
38000 2.0928283
38100 2.3133552
38200 2.2113338
38300 2.0251985
38400 2.0190618
38500 2.2536006
38600 2.3805962
38700 2.2122033
38800 2.420615
38900 2.2936816
39000 2.1477058
39100 1.8217825
39200 2.2583904
39300 2.2210705
39400 2.1853826
39500 2.1725578
39600 2.1229944
39700 1.8224185
39800 2.1176846
39900 2.159525
40000 2.078907
40100 2.4363034
40200 2.1014063
40300 2.0810833
40400 2.1303577
40500 1.938492
40600 2.1218927
40700 1.9157144
40800 2.2687488
40900 2.1714613
