0 3.3085237
100 2.1710522
200 1.9912986
300 1.764854
400 1.7996712
500 1.6505638
600 1.6129316
700 1.7616435
800 1.7740235
900 1.7868516
1000 1.664778
1100 1.7899826
1200 1.7216967
1300 1.7942504
1400 1.630466
1500 1.5885649
1600 1.6865247
1700 1.7592039
1800 1.6136907
1900 1.5255582
2000 1.5976802
2100 1.6214265
2200 1.680758
2300 1.4242245
2400 1.5357219
2500 1.7642468
2600 1.5802062
2700 1.5675241
2800 1.5820153
2900 1.4836723
3000 1.6581686
3100 1.697703
3200 1.6276687
3300 1.3576907
3400 1.5911459
3500 1.6470017
3600 1.6756496
3700 1.5190313
3800 1.6298549
3900 1.6914141
4000 1.5858843
4100 1.5761541
4200 1.4944569
4300 1.3777912
4400 1.4932508
4500 1.530446
4600 1.3662726
4700 1.4451596
4800 1.2727917
4900 1.4702193
5000 1.2874256
5100 1.5831608
5200 1.7401184
5300 1.7077495
5400 1.5248079
5500 1.3319576
5600 1.5760517
5700 1.4477237
5800 1.5738218
5900 1.6129645
6000 1.6540395
6100 1.6403949
6200 1.5640728
6300 1.531933
6400 1.6720502
6500 1.4846158
6600 1.2737308
6700 1.523312
6800 1.6539787
6900 1.4559973
7000 1.6204038
7100 1.4829242
7200 1.4984938
7300 1.6054587
7400 1.6462731
7500 1.564307
7600 1.7934123
7700 1.402684
7800 1.3890764
7900 1.5508842
8000 1.401576
8100 1.4482431
8200 1.5077778
8300 1.4651676
8400 1.4237615
8500 1.6498482
8600 1.4627811
8700 1.480744
8800 1.6958079
8900 1.6132808
9000 1.4928454
9100 1.5249808
9200 1.5831739
9300 1.5930941
9400 1.7450819
9500 1.4907959
9600 1.4204189
9700 1.4118469
9800 1.5824649
9900 1.6057774
10000 1.5646677
10100 1.5247488
10200 1.3408536
10300 1.3252774
10400 1.5164623
10500 1.7024207
10600 1.5311744
10700 1.6373289
10800 1.3491511
10900 1.4212364
11000 1.4169471
11100 1.5409424
11200 1.4896083
11300 1.688794
11400 1.615922
11500 1.6494968
11600 1.5043156
11700 1.6550231
11800 1.5983644
11900 1.5749991
12000 1.450969
12100 1.4866277
12200 1.4135846
12300 1.461289
12400 1.5261135
12500 1.6353824
12600 1.4721318
12700 1.3383977
12800 1.5853696
12900 1.6695757
13000 1.6873008
13100 1.5921098
13200 1.3528745
13300 1.6645514
13400 1.630056
13500 1.5364255
13600 1.5121433
13700 1.5902461
13800 1.5421072
13900 1.5468764
14000 1.398476
14100 1.5104818
14200 1.6603987
14300 1.398272
14400 1.5692453
14500 1.7187761
14600 1.5507684
14700 1.422369
14800 1.3646669
14900 1.5103176
15000 1.5346384
15100 1.4824902
15200 1.2256026
15300 1.3877192
15400 1.5318999
15500 1.6690084
15600 1.411784
15700 1.5342815
15800 1.7257836
15900 1.5220511
16000 1.3137034
16100 1.4648719
16200 1.5372082
16300 1.8651022
16400 1.4984317
16500 1.4409676
16600 1.3703408
16700 1.6262676
16800 1.4246886
16900 1.6012223
17000 1.4014084
17100 1.4189069
17200 1.4319717
17300 1.51496
17400 1.4726723
17500 1.3366675
17600 1.2815115
17700 1.4307325
17800 1.5078212
17900 1.4883657
18000 1.4750245
18100 1.6390986
18200 1.4590163
18300 1.596311
18400 1.5324005
18500 1.2742858
18600 1.5355425
18700 1.5136136
18800 1.3615198
18900 1.3054923
19000 1.3214678
19100 1.4491926
19200 1.396367
19300 1.5185864
19400 1.4922082
19500 1.5233015
19600 1.434401
19700 1.3878285
19800 1.2382797
19900 1.3408918
20000 1.5519156
20100 1.3756205
20200 1.482799
20300 1.3195242
20400 1.3471179
20500 1.4144758
20600 1.5497448
20700 1.3254365
20800 1.3715323
20900 1.5260301
21000 1.3595079
21100 1.4551177
21200 1.4738537
21300 1.4918095
21400 1.4578328
21500 1.3215348
21600 1.5794148
21700 1.2922709
21800 1.3457626
21900 1.4062306
22000 1.5282558
22100 1.4251329
22200 1.4078025
22300 1.4361814
22400 1.4578792
22500 1.3228498
22600 1.333161
22700 1.5188503
22800 1.3278348
22900 1.547492
23000 1.6917825
23100 1.3496174
23200 1.5261482
23300 1.4917394
23400 1.2714028
23500 1.2929797
23600 1.5182153
23700 1.3610011
23800 1.4409633
23900 1.3713118
24000 1.5230213
24100 1.4732822
24200 1.3184519
24300 1.4252036
24400 1.601693
24500 1.2147464
24600 1.454887
24700 1.3420926
24800 1.4315917
24900 1.5595745
25000 1.3735664
25100 1.4710493
25200 1.3365331
25300 1.2592133
25400 1.3734472
25500 1.5414113
25600 1.4183557
25700 1.5799248
25800 1.4257202
25900 1.484347
26000 1.5076972
26100 1.4758593
26200 1.3603674
26300 1.4177771
26400 1.4718884
26500 1.3901793
26600 1.5301063
26700 1.4525377
26800 1.3652594
26900 1.4424322
27000 1.4575386
27100 1.3729981
27200 1.4591681
27300 1.308524
27400 1.5237105
27500 1.3514507
27600 1.5306826
27700 1.334359
27800 1.4707253
27900 1.3506606
28000 1.3574784
28100 1.4719408
28200 1.5775445
28300 1.3503748
28400 1.7025741
28500 1.4253372
28600 1.4773909
28700 1.3280042
28800 1.5233045
28900 1.7100718
29000 1.3841193
29100 1.4763964
29200 1.4029875
29300 1.4462196
29400 1.2784983
29500 1.498828
29600 1.5355697
29700 1.2570593
29800 1.4368606
29900 1.4328364
30000 1.48998
30100 1.2847083
30200 1.4509732
30300 1.3002728
30400 1.5965252
30500 1.4455096
30600 1.4604347
30700 1.5015589
30800 1.6276655
30900 1.3736203
31000 1.5967817
31100 1.3563882
31200 1.4983188
31300 1.5334077
31400 1.4842868
31500 1.4019701
31600 1.479976
31700 1.3635772
31800 1.536351
31900 1.388909
32000 1.544702
32100 1.6058644
32200 1.492678
32300 1.3051424
32400 1.3720934
32500 1.2714372
32600 1.3308865
32700 1.635135
32800 1.4918143
32900 1.4599451
33000 1.2971239
33100 1.496139
33200 1.3128853
33300 1.4362612
33400 1.4405954
33500 1.5761199
33600 1.4466926
33700 1.5113491
33800 1.411857
33900 1.3796768
34000 1.4821436
34100 1.3207943
34200 1.3517548
34300 1.3772261
34400 1.3694762
34500 1.3695574
34600 1.4879547
34700 1.4501237
34800 1.4271233
34900 1.4124315
35000 1.3927948
35100 1.2650218
35200 1.3343786
35300 1.3070135
35400 1.4337271
35500 1.2575538
35600 1.285061
35700 1.383848
35800 1.3770155
35900 1.5336039
36000 1.462425
36100 1.2808387
36200 1.4466765
36300 1.3696177
36400 1.5102857
36500 1.3011588
36600 1.5910207
36700 1.3407689
36800 1.2753521
36900 1.2760541
37000 1.3035
37100 1.4091976
37200 1.202911
37300 1.3962433
37400 1.3587109
37500 1.3792075
37600 1.3318975
37700 1.5376179
37800 1.2411735
37900 1.3211542
38000 1.450638
38100 1.6034957
38200 1.5327798
38300 1.4037606
38400 1.3995069
38500 1.5620769
38600 1.6501034
38700 1.5333825
38800 1.6778424
38900 1.589859
39000 1.4886762
39100 1.2627634
39200 1.565397
39300 1.5395287
39400 1.5147918
39500 1.5059023
39600 1.4715476
39700 1.2632042
39800 1.4678671
39900 1.4968686
40000 1.4409885
40100 1.6887169
40200 1.4565839
40300 1.442497
40400 1.4766514
40500 1.3436602
40600 1.470784
40700 1.327872
40800 1.5725768
40900 1.5051423
