0 26.417149
100 10.309458
200 8.522341
300 8.343084
400 7.546661
500 7.13211
600 7.0959697
700 7.3250747
800 7.3650327
900 7.6756687
1000 6.6731806
1100 7.2533193
1200 7.659686
1300 6.9798555
1400 7.1080284
1500 6.6694617
1600 6.8775473
1700 7.2474794
1800 6.5414205
1900 6.3868284
2000 6.505004
2100 6.868981
2200 6.6724524
2300 5.997767
2400 6.5215263
2500 6.7689767
2600 6.6031213
2700 6.5616903
2800 6.6211324
2900 6.2409463
3000 6.5352106
3100 6.412286
3200 6.3616095
3300 6.0384836
3400 6.841646
3500 6.558041
3600 6.1366816
3700 6.27626
3800 6.790117
3900 6.472522
4000 6.461785
4100 6.6566234
4200 6.209125
4300 6.3026237
4400 6.1752324
4500 6.420553
4600 5.4907703
4700 5.897049
4800 5.915641
4900 6.1294556
5000 6.0433335
5100 6.5032587
5200 6.535574
5300 6.3778152
5400 6.1173515
5500 6.0785394
5600 6.274621
5700 6.541204
5800 6.2110233
5900 6.0461345
6000 6.8848505
6100 6.508936
6200 6.3853445
6300 5.967519
6400 6.37967
6500 6.0783215
6600 5.8889575
6700 6.5893826
6800 6.493314
6900 6.613882
7000 6.311801
7100 6.149048
7200 6.3636923
7300 5.9944143
7400 6.0566587
7500 5.965595
7600 6.824205
7700 6.1260233
7800 6.2637415
7900 6.1914034
8000 5.747154
8100 5.987544
8200 6.162213
8300 6.1768155
8400 5.765847
8500 6.2983875
8600 6.2646675
8700 6.3081417
8800 6.3107433
8900 6.2477746
9000 6.403172
9100 5.9796176
9200 5.9960966
9300 6.4632535
9400 6.5049233
9500 6.01466
9600 5.8369436
9700 6.3310976
9800 5.8479786
9900 6.533519
10000 6.5299907
10100 5.9996467
10200 6.077782
10300 5.4303584
10400 6.2929606
10500 6.400245
10600 6.770712
10700 6.346895
10800 5.807088
10900 6.5602207
11000 6.188614
11100 6.4144955
11200 6.4807115
11300 6.2546096
11400 6.20905
11500 6.304021
11600 6.011676
11700 6.800229
11800 6.1139717
11900 6.0311728
12000 6.103113
12100 6.226313
12200 5.8357563
12300 6.2499633
12400 6.0152802
12500 6.6194096
12600 6.019329
12700 5.440901
12800 6.3382607
12900 6.228329
13000 6.831108
13100 6.2332373
13200 5.759036
13300 6.6298437
13400 6.391714
13500 6.3522263
13600 6.061378
13700 6.3143454
13800 6.3071795
13900 5.961289
14000 5.9359903
14100 6.120576
14200 6.7662945
14300 6.276978
14400 5.511694
14500 6.5297885
14600 6.3795414
14700 5.9898777
14800 6.1086826
14900 6.261536
15000 6.301832
15100 5.4164495
15200 5.872603
15300 5.8767166
15400 6.632056
15500 6.4204392
15600 5.9927087
15700 6.0759354
15800 6.839041
15900 6.8230953
16000 6.004803
16100 6.1109514
16200 6.2419176
16300 7.4259944
16400 6.103531
16500 6.562745
16600 5.953377
16700 6.2340627
16800 6.6323247
16900 7.046772
17000 6.0290794
17100 6.2985625
17200 6.028525
17300 6.6952295
17400 6.472551
17500 6.017784
17600 5.8498764
17700 6.2011337
17800 6.476091
17900 6.0352054
18000 5.910628
18100 6.4613924
18200 5.9681616
18300 6.393195
18400 6.1177278
18500 5.9268017
18600 6.155349
18700 5.9895406
18800 6.033134
18900 5.7936263
19000 6.0918593
19100 6.1736307
19200 6.293378
19300 6.197026
19400 6.526767
19500 6.572062
19600 5.5696616
19700 6.274142
19800 5.7818265
19900 6.4435873
20000 6.6212015
20100 6.2389174
20200 6.3099113
20300 6.000895
20400 6.0375185
20500 6.1408978
20600 6.374482
20700 6.1808624
20800 6.038909
20900 6.451668
21000 6.227913
21100 5.9647446
21200 6.358382
21300 6.20881
21400 6.182124
21500 6.1369867
21600 6.486344
21700 5.692411
21800 6.285957
21900 5.9189925
22000 6.4045744
22100 6.178732
22200 6.276409
22300 6.304421
22400 6.337284
22500 6.000699
22600 6.055891
22700 6.358508
22800 5.995042
22900 6.4085665
23000 6.237308
23100 6.1152406
23200 6.6416993
23300 6.0258946
23400 5.600388
23500 5.8789225
23600 6.3821383
23700 6.1498566
23800 5.8315268
23900 6.07827
24000 6.318355
24100 6.0629816
24200 6.2143307
24300 6.4937577
24400 6.071371
24500 5.97941
24600 5.996197
24700 6.015345
24800 6.199132
24900 6.364499
25000 5.9094353
25100 6.3823686
25200 5.6533422
25300 5.7403517
25400 5.8100348
25500 6.2772546
25600 5.9933076
25700 6.162938
25800 6.2337914
25900 6.457914
26000 6.283625
26100 6.217169
26200 5.926344
26300 6.052104
26400 6.263322
26500 6.0012007
26600 6.135083
26700 6.301016
26800 6.3330708
26900 6.070825
27000 6.312332
27100 6.00107
27200 6.059532
27300 6.3587484
27400 6.4578285
27500 6.031346
27600 6.4945865
27700 6.032707
27800 5.9721794
27900 6.0282955
28000 6.2999954
28100 6.690126
28200 6.5466633
28300 6.095751
28400 6.98443
28500 6.2026167
28600 6.3603287
28700 5.9968996
28800 6.794057
28900 6.7645254
29000 6.0457363
29100 6.1562634
29200 6.4808326
29300 6.267236
29400 6.0239663
29500 6.149218
29600 5.929433
29700 6.0788374
29800 6.2618413
29900 6.3129973
30000 6.5505767
30100 5.9554024
30200 5.9788904
30300 5.863668
30400 6.3983
30500 6.2323337
30600 6.3935275
30700 6.642951
30800 6.4432445
30900 6.0058994
31000 6.1910086
31100 6.0339212
31200 6.4657497
31300 6.721176
31400 6.2046633
31500 6.3526134
31600 6.1014385
31700 5.8192043
31800 6.024282
31900 6.618602
32000 6.369609
32100 6.138586
32200 6.21879
32300 5.8361154
32400 6.270607
32500 5.6958227
32600 6.0504365
32700 6.463474
32800 6.2847805
32900 6.142273
33000 5.9561105
33100 6.6058993
33200 5.7774167
33300 5.927923
33400 6.2103825
33500 6.3720245
33600 6.287885
33700 6.523
33800 5.85325
33900 5.7669735
34000 6.119887
34100 6.1099515
34200 5.945692
34300 6.0463295
34400 5.7698536
34500 5.948951
34600 6.2715397
34700 6.2611523
34800 6.302583
34900 6.311163
35000 6.0630608
35100 5.851988
35200 6.064577
35300 5.978353
35400 6.301196
35500 5.7302246
35600 5.9931903
35700 5.5608244
35800 6.3196507
35900 5.7352033
36000 5.838985
36100 6.0766044
36200 6.0848436
36300 6.1341715
36400 6.5741954
36500 6.045063
36600 6.7146873
36700 5.7194896
36800 5.648369
36900 6.0061665
37000 6.1747856
37100 6.0595717
37200 5.611782
37300 6.3430443
37400 5.7834673
37500 6.371076
37600 6.072492
37700 6.0923147
37800 5.6758947
37900 5.9075003
38000 6.0140905
38100 6.2179585
38200 6.1255217
38300 6.051442
38400 5.9978633
38500 6.4992657
38600 6.3696566
38700 6.2574844
38800 6.4488587
38900 6.4392166
39000 5.9943566
39100 5.6157665
39200 6.433828
39300 6.295423
39400 6.1672463
39500 6.0553484
39600 6.229861
39700 5.95139
39800 6.0600724
39900 6.2984886
40000 5.920512
40100 5.912116
40200 5.950736
40300 6.3415155
40400 6.4537315
40500 6.221278
40600 6.325427
40700 6.093949
40800 6.259474
40900 6.040787
