0 0.03125
100 0.34375
200 0.40625
300 0.28125
400 0.4375
500 0.40625
600 0.5
700 0.4375
800 0.46875
900 0.4375
1000 0.46875
1100 0.4375
1200 0.53125
1300 0.4375
1400 0.4375
1500 0.53125
1600 0.4375
1700 0.59375
1800 0.59375
1900 0.5625
2000 0.40625
2100 0.53125
2200 0.34375
2300 0.65625
2400 0.34375
2500 0.5625
2600 0.46875
2700 0.46875
2800 0.4375
2900 0.59375
3000 0.5
3100 0.5
3200 0.40625
3300 0.5
3400 0.5
3500 0.375
3600 0.46875
3700 0.5625
3800 0.625
3900 0.5
4000 0.46875
4100 0.625
4200 0.5
4300 0.5625
4400 0.53125
4500 0.3125
4600 0.5625
4700 0.375
4800 0.53125
4900 0.53125
5000 0.5625
5100 0.46875
5200 0.4375
5300 0.65625
5400 0.59375
5500 0.625
5600 0.53125
5700 0.5
5800 0.4375
5900 0.65625
6000 0.5625
6100 0.53125
6200 0.59375
6300 0.59375
6400 0.59375
6500 0.78125
6600 0.34375
6700 0.40625
6800 0.625
6900 0.65625
7000 0.4375
7100 0.6875
7200 0.5
7300 0.5
7400 0.5
7500 0.59375
7600 0.59375
7700 0.65625
7800 0.6875
7900 0.6875
8000 0.625
8100 0.625
8200 0.59375
8300 0.625
8400 0.625
8500 0.53125
8600 0.65625
8700 0.65625
8800 0.78125
8900 0.625
9000 0.65625
9100 0.5625
9200 0.5625
9300 0.71875
9400 0.53125
9500 0.6875
9600 0.625
9700 0.6875
9800 0.5625
9900 0.65625
10000 0.65625
10100 0.375
10200 0.6875
10300 0.75
10400 0.75
10500 0.71875
10600 0.6875
10700 0.5625
10800 0.6875
10900 0.6875
11000 0.65625
11100 0.65625
11200 0.53125
11300 0.78125
11400 0.71875
11500 0.78125
11600 0.75
11700 0.78125
11800 0.625
11900 0.78125
12000 0.625
12100 0.78125
12200 0.65625
12300 0.75
12400 0.78125
12500 0.84375
12600 0.75
12700 0.71875
12800 0.6875
12900 0.75
13000 0.8125
13100 0.875
13200 0.75
13300 0.78125
13400 0.6875
13500 0.84375
13600 0.875
13700 0.75
13800 0.71875
13900 0.875
14000 0.8125
14100 0.75
14200 0.78125
14300 0.75
14400 0.8125
14500 0.78125
14600 0.8125
14700 0.625
14800 0.78125
14900 0.78125
15000 0.71875
15100 0.78125
15200 0.75
15300 0.75
15400 0.875
15500 0.75
15600 0.75
15700 0.71875
15800 0.65625
15900 0.71875
16000 0.78125
16100 0.75
16200 0.78125
16300 0.8125
16400 0.78125
16500 0.8125
16600 0.8125
16700 0.71875
16800 0.75
16900 0.75
17000 0.75
17100 0.78125
17200 0.75
17300 0.6875
17400 0.75
17500 0.8125
17600 0.8125
17700 0.6875
17800 0.9375
17900 0.71875
18000 0.90625
18100 0.75
18200 0.84375
18300 0.875
18400 0.6875
18500 0.84375
18600 0.78125
18700 0.84375
18800 0.78125
18900 0.78125
19000 0.875
19100 0.8125
