0 3.32698
100 2.79995
200 2.26295
300 2.49606
400 2.31025
500 3.32695
600 2.44671
700 2.15826
800 2.55998
900 2.49851
1000 2.45477
1100 2.15596
1200 1.86988
1300 2.4212
1400 1.99769
1500 1.94583
1600 2.40546
1700 1.81807
1800 1.89914
1900 1.73548
2000 2.50245
2100 1.74605
2200 2.36935
2300 1.69911
2400 2.41006
2500 2.0142
2600 1.891
2700 1.92183
2800 2.34528
2900 1.82789
3000 2.00974
3100 1.84473
3200 1.92538
3300 2.65511
3400 2.19722
3500 2.25458
3600 2.14023
3700 1.96954
3800 1.71139
3900 2.1907
4000 1.98
4100 1.7416
4200 2.00703
4300 1.7958
4400 1.65135
4500 2.62095
4600 1.79544
4700 2.25026
4800 2.06074
4900 1.92653
5000 1.67162
5100 2.24141
5200 2.14547
5300 1.83722
5400 1.56375
5500 1.5997
5600 1.90316
5700 1.65474
5800 1.94619
5900 1.52668
6000 1.84883
6100 1.69238
6200 1.79429
6300 1.77948
6400 1.40428
6500 1.12248
6600 2.31947
6700 2.31289
6800 1.69301
6900 1.56645
7000 1.97928
7100 1.76611
7200 1.9223
7300 1.88876
7400 2.22178
7500 1.40365
7600 1.76069
7700 1.3295
7800 1.15223
7900 1.44946
8000 1.31418
8100 1.54902
8200 1.71677
8300 1.50417
8400 1.52436
8500 1.71403
8600 1.43709
8700 1.39194
8800 1.38013
8900 1.61327
9000 1.44198
9100 1.59124
9200 1.7311
9300 1.17759
9400 1.77704
9500 1.42952
9600 1.73637
9700 1.25167
9800 1.61808
9900 1.69024
10000 1.68289
10100 1.98418
10200 1.23846
10300 1.40761
10400 1.12591
10500 1.0623
10600 1.45252
10700 1.58888
10800 1.46923
10900 1.22402
11000 1.27109
11100 1.5943
11200 1.5253
11300 1.17753
11400 1.33803
11500 1.12919
11600 1.07471
11700 0.848945
11800 1.32943
11900 1.11671
12000 1.76196
12100 1.03501
12200 1.64941
12300 1.42883
12400 0.906639
12500 1.10054
12600 0.921845
12700 1.20111
12800 1.00182
12900 0.962241
13000 1.00902
13100 0.658735
13200 1.29557
13300 1.14562
13400 1.05013
13500 1.0806
13600 0.79816
13700 1.00553
13800 1.30214
13900 0.714361
14000 1.09126
14100 1.18785
14200 0.957979
14300 1.1271
14400 0.79811
14500 0.999402
14600 0.813215
14700 1.44529
14800 1.04824
14900 1.23008
15000 1.08029
15100 0.78197
15200 1.03538
15300 1.05929
15400 0.927406
15500 0.959343
15600 1.41586
15700 1.27826
15800 1.50037
15900 1.13411
16000 0.910549
16100 1.04572
16200 0.993415
16300 0.797297
16400 1.13045
16500 0.852935
16600 0.782399
16700 1.2369
16800 1.47947
16900 1.01576
17000 0.911756
17100 0.932221
17200 1.0151
17300 1.14331
17400 1.00323
17500 0.883997
17600 1.01209
17700 1.58066
17800 0.575206
17900 1.1861
18000 0.595505
18100 0.97912
18200 0.83671
18300 0.700363
18400 0.954135
18500 0.727322
18600 0.83348
18700 1.08506
18800 0.98431
18900 1.02626
19000 0.830637
19100 0.875948
