0 2.30609
100 1.94078
200 1.56856
300 1.73013
400 1.60134
500 2.30607
600 1.69593
700 1.49599
800 1.77444
900 1.73184
1000 1.70151
1100 1.4944
1200 1.2961
1300 1.67825
1400 1.38469
1500 1.34875
1600 1.66734
1700 1.26019
1800 1.31638
1900 1.20294
2000 1.73456
2100 1.21027
2200 1.64231
2300 1.17774
2400 1.67053
2500 1.39614
2600 1.31074
2700 1.33211
2800 1.62562
2900 1.267
3000 1.39304
3100 1.27867
3200 1.33457
3300 1.84038
3400 1.523
3500 1.56275
3600 1.48349
3700 1.36518
3800 1.18625
3900 1.51848
4000 1.37243
4100 1.20718
4200 1.39117
4300 1.24475
4400 1.14463
4500 1.81671
4600 1.2445
4700 1.55976
4800 1.42839
4900 1.33537
5000 1.15868
5100 1.55363
5200 1.48713
5300 1.27346
5400 1.08391
5500 1.10883
5600 1.31917
5700 1.14698
5800 1.349
5900 1.05821
6000 1.28151
6100 1.17307
6200 1.24371
6300 1.23344
6400 0.973376
6500 0.778042
6600 1.60773
6700 1.60318
6800 1.1735
6900 1.08578
7000 1.37193
7100 1.22418
7200 1.33243
7300 1.30919
7400 1.54002
7500 0.972939
7600 1.22041
7700 0.921542
7800 0.798666
7900 1.00469
8000 0.910921
8100 1.0737
8200 1.18997
8300 1.04261
8400 1.05661
8500 1.18808
8600 0.996112
8700 0.964823
8800 0.956632
8900 1.11824
9000 0.999504
9100 1.10296
9200 1.19991
9300 0.816245
9400 1.23175
9500 0.990871
9600 1.20356
9700 0.867593
9800 1.12157
9900 1.17159
10000 1.16649
10100 1.37533
10200 0.858436
10300 0.975683
10400 0.780423
10500 0.736331
10600 1.00681
10700 1.10133
10800 1.0184
10900 0.848427
11000 0.881053
11100 1.10508
11200 1.05725
11300 0.816199
11400 0.927453
11500 0.782693
11600 0.744934
11700 0.588444
11800 0.921488
11900 0.774047
12000 1.2213
12100 0.717417
12200 1.14329
12300 0.990388
12400 0.628434
12500 0.762837
12600 0.638974
12700 0.832545
12800 0.694406
12900 0.666975
13000 0.699399
13100 0.4566
13200 0.898023
13300 0.794084
13400 0.727895
13500 0.749014
13600 0.553242
13700 0.696981
13800 0.902578
13900 0.495157
14000 0.756404
14100 0.823354
14200 0.664021
14300 0.781246
14400 0.553208
14500 0.692733
14600 0.563678
14700 1.0018
14800 0.726587
14900 0.852628
15000 0.7488
15100 0.542021
15200 0.71767
15300 0.734241
15400 0.642829
15500 0.664966
15600 0.981402
15700 0.886025
15800 1.03998
15900 0.786102
16000 0.631145
16100 0.724837
16200 0.688583
16300 0.552644
16400 0.783572
16500 0.591209
16600 0.542318
16700 0.857354
16800 1.02549
16900 0.704071
17000 0.631981
17100 0.646167
17200 0.70361
17300 0.792482
17400 0.695389
17500 0.61274
17600 0.701527
17700 1.09563
17800 0.398702
17900 0.822144
18000 0.412772
18100 0.678674
18200 0.579963
18300 0.485454
18400 0.661356
18500 0.504141
18600 0.577724
18700 0.752105
18800 0.682272
18900 0.71135
19000 0.575753
19100 0.607161
