0 9.9964
100 6.56913
200 5.45028
300 5.03647
400 5.62712
500 5.24456
600 4.90483
700 4.78688
800 5.5083
900 4.24521
1000 4.49036
1100 4.5933
1200 4.44508
1300 4.7661
1400 4.25981
1500 4.35458
1600 4.62296
1700 4.3012
1800 4.15371
1900 3.67659
2000 4.12175
2100 3.67748
2200 4.62409
2300 4.1624
2400 3.76816
2500 3.66222
2600 4.11193
2700 3.70061
2800 4.33814
2900 3.70868
3000 4.02001
3100 3.53647
3200 4.25169
3300 3.92047
3400 3.72331
3500 4.52132
3600 4.40147
3700 4.46756
3800 4.0502
3900 3.30609
4000 3.99035
4100 3.5491
4200 4.20876
4300 3.87403
4400 3.78528
4500 3.7804
4600 3.62356
4700 3.57399
4800 4.39998
4900 3.93403
5000 3.58036
5100 4.11256
5200 3.74894
5300 3.75931
5400 3.68561
5500 3.48511
5600 4.04951
5700 3.47084
5800 3.67116
5900 3.10415
6000 3.54674
6100 4.063
6200 3.44879
6300 3.18983
6400 3.42937
6500 3.38187
6600 3.45663
6700 3.33121
6800 3.07759
6900 3.48774
7000 4.12713
7100 3.23925
7200 3.65328
7300 3.28885
7400 3.60149
7500 2.66898
7600 3.26309
7700 2.85597
7800 2.88339
7900 2.90832
8000 2.87561
8100 3.23876
8200 2.40297
8300 2.94942
8400 3.83379
8500 3.32534
8600 3.13164
8700 3.2943
8800 3.1007
8900 3.38294
9000 2.88648
9100 2.99417
9200 3.51187
9300 3.17666
9400 3.31018
9500 3.04211
9600 3.39507
9700 3.34165
9800 3.14693
9900 3.24185
10000 3.33821
10100 3.36522
10200 3.47272
10300 2.76965
10400 2.83927
10500 3.15332
10600 3.00018
10700 3.16895
10800 2.92626
10900 2.62349
11000 2.69294
11100 3.13461
11200 3.56795
11300 3.01866
11400 3.00047
11500 2.94653
11600 2.97967
11700 2.42534
11800 3.13466
11900 3.49903
12000 3.30154
12100 3.00952
12200 2.95122
12300 3.27171
12400 2.72299
12500 3.18055
12600 3.03029
12700 2.74874
12800 2.89999
12900 2.93262
13000 2.50169
13100 2.44055
13200 3.32748
13300 3.13371
13400 3.02309
13500 2.66561
13600 2.94627
13700 2.59564
13800 3.10746
13900 2.83421
14000 2.67542
14100 2.5778
14200 2.57846
14300 2.82961
14400 2.52028
14500 3.00858
14600 2.46992
14700 3.04378
14800 2.97425
14900 2.94788
15000 3.17856
15100 2.57586
15200 2.95592
15300 2.86066
15400 2.69537
15500 2.64868
15600 2.58725
15700 3.02648
15800 3.19313
15900 2.93939
16000 2.87642
16100 3.05467
16200 2.87357
16300 2.6466
16400 2.9117
16500 2.80492
16600 2.27896
16700 2.6692
16800 2.77356
16900 2.86649
17000 3.01807
17100 2.6713
17200 2.95024
17300 2.60128
17400 3.08015
17500 2.62762
17600 3.21648
17700 3.11559
17800 2.46088
17900 3.42554
18000 2.38071
18100 2.51171
18200 2.61691
18300 2.75893
18400 2.99427
18500 2.63934
18600 2.8252
18700 3.05055
18800 2.73773
18900 3.40052
19000 2.6289
19100 2.52744
