0 0.0625
1 0.125
2 0.21875
3 0.25
4 0.0625
5 0.15625
6 0.09375
7 0.09375
8 0.15625
9 0.3125
10 0.3125
11 0.1875
12 0.125
13 0.21875
14 0.1875
15 0.125
16 0.0625
17 0.3125
18 0.1875
19 0.25
20 0.125
21 0.125
22 0.21875
23 0.25
24 0.3125
25 0.21875
26 0.1875
27 0.1875
28 0.09375
29 0.3125
30 0.21875
31 0.25
32 0.21875
33 0.25
34 0.15625
35 0.125
36 0.15625
37 0.34375
38 0.25
39 0.1875
40 0.03125
41 0.25
42 0.15625
43 0.34375
44 0.1875
45 0.25
46 0.15625
47 0.21875
48 0.28125
49 0.28125
50 0.125
51 0.40625
52 0.3125
53 0.21875
54 0.28125
55 0.1875
56 0.3125
57 0.28125
58 0.28125
59 0.25
60 0.34375
61 0.375
62 0.1875
63 0.25
64 0.09375
65 0.125
66 0.15625
67 0.28125
68 0.3125
69 0.1875
70 0.3125
71 0.21875
72 0.21875
73 0.15625
74 0.21875
75 0.15625
76 0.28125
77 0.3125
78 0.15625
79 0.34375
80 0.3125
81 0.1875
82 0.25
83 0.3125
84 0.3125
85 0.1875
86 0.28125
87 0.28125
88 0.25
89 0.28125
90 0.34375
91 0.21875
92 0.25
93 0.25
94 0.28125
95 0.1875
96 0.15625
97 0.3125
98 0.28125
99 0.25
100 0.1875
101 0.21875
102 0.375
103 0.28125
104 0.1875
105 0.25
106 0.3125
107 0.25
108 0.09375
109 0.15625
110 0.21875
111 0.25
112 0.21875
113 0.28125
114 0.28125
115 0.34375
116 0.21875
117 0.21875
118 0.28125
119 0.21875
120 0.25
121 0.21875
122 0.25
123 0.375
124 0.25
125 0.25
126 0.25
127 0.34375
128 0.15625
129 0.21875
130 0.25
131 0.125
132 0.3125
133 0.125
134 0.3125
135 0.21875
136 0.3125
137 0.375
138 0.28125
139 0.28125
140 0.25
141 0.21875
142 0.40625
143 0.4375
144 0.3125
145 0.1875
146 0.21875
147 0.28125
148 0.3125
149 0.28125
150 0.1875
151 0.25
152 0.3125
153 0.3125
154 0.25
155 0.28125
156 0.40625
157 0.40625
158 0.34375
159 0.3125
160 0.3125
161 0.3125
162 0.25
163 0.34375
164 0.46875
165 0.28125
166 0.4375
167 0.28125
168 0.125
169 0.125
170 0.1875
171 0.28125
172 0.21875
173 0.34375
174 0.21875
175 0.375
176 0.34375
177 0.40625
178 0.28125
179 0.40625
180 0.3125
181 0.34375
182 0.34375
183 0.28125
184 0.25
185 0.1875
186 0.21875
187 0.3125
188 0.25
189 0.46875
190 0.3125
191 0.4375
192 0.3125
193 0.25
194 0.3125
195 0.15625
196 0.375
197 0.28125
198 0.3125
199 0.25
200 0.25
201 0.375
202 0.25
203 0.3125
204 0.40625
205 0.1875
206 0.28125
207 0.28125
208 0.34375
209 0.34375
210 0.375
211 0.21875
212 0.25
213 0.15625
214 0.25
215 0.25
216 0.25
217 0.5
218 0.21875
219 0.1875
220 0.3125
221 0.46875
222 0.25
223 0.34375
224 0.125
225 0.21875
226 0.28125
227 0.15625
228 0.21875
229 0.21875
230 0.21875
231 0.25
232 0.25
233 0.25
234 0.1875
235 0.25
236 0.125
237 0.21875
238 0.34375
239 0.28125
240 0.34375
241 0.28125
242 0.34375
243 0.34375
244 0.25
245 0.34375
246 0.25
247 0.28125
248 0.21875
249 0.3125
250 0.25
251 0.34375
252 0.34375
253 0.21875
254 0.3125
255 0.375
256 0.28125
257 0.375
258 0.40625
259 0.3125
260 0.375
261 0.3125
262 0.28125
263 0.28125
264 0.1875
265 0.3125
266 0.375
267 0.28125
268 0.28125
269 0.1875
270 0.25
271 0.28125
272 0.28125
273 0.28125
274 0.5
275 0.28125
276 0.25
277 0.375
278 0.34375
279 0.21875
280 0.3125
281 0.25
282 0.3125
283 0.1875
284 0.25
285 0.28125
286 0.125
287 0.3125
288 0.1875
289 0.21875
290 0.34375
291 0.46875
292 0.28125
293 0.34375
294 0.1875
295 0.28125
296 0.28125
297 0.4375
298 0.21875
299 0.25
300 0.25
301 0.25
302 0.1875
303 0.40625
304 0.3125
305 0.15625
306 0.25
307 0.21875
308 0.125
309 0.25
310 0.21875
311 0.21875
312 0.3125
313 0.28125
314 0.25
315 0.125
316 0.28125
317 0.3125
318 0.25
319 0.1875
320 0.25
321 0.34375
322 0.25
323 0.3125
324 0.3125
325 0.3125
326 0.25
327 0.34375
328 0.4375
329 0.28125
330 0.28125
331 0.1875
332 0.40625
333 0.3125
334 0.40625
335 0.3125
336 0.3125
337 0.375
338 0.21875
339 0.28125
340 0.25
341 0.4375
342 0.28125
343 0.25
344 0.3125
345 0.21875
346 0.28125
347 0.4375
348 0.375
349 0.375
350 0.4375
351 0.28125
352 0.34375
353 0.1875
354 0.21875
355 0.21875
356 0.3125
357 0.40625
358 0.375
359 0.34375
360 0.1875
361 0.28125
362 0.15625
363 0.3125
364 0.15625
365 0.3125
366 0.15625
367 0.28125
368 0.1875
369 0.375
370 0.3125
371 0.15625
372 0.4375
373 0.34375
374 0.59375
375 0.375
376 0.28125
377 0.40625
378 0.4375
379 0.21875
380 0.40625
381 0.40625
382 0.15625
383 0.125
384 0.125
385 0.3125
386 0.25
387 0.3125
388 0.3125
389 0.28125
390 0.15625
391 0.21875
392 0.25
393 0.21875
394 0.28125
395 0.25
396 0.4375
397 0.375
398 0.25
399 0.1875
400 0.34375
401 0.34375
402 0.40625
403 0.21875
404 0.21875
405 0.21875
406 0.34375
407 0.25
408 0.25
409 0.3125
410 0.21875
411 0.375
412 0.34375
413 0.1875
414 0.34375
415 0.375
416 0.28125
417 0.34375
418 0.3125
419 0.15625
420 0.3125
421 0.25
422 0.21875
423 0.28125
424 0.28125
425 0.375
426 0.4375
427 0.28125
428 0.1875
429 0.28125
430 0.375
431 0.375
432 0.25
433 0.28125
434 0.28125
435 0.21875
436 0.3125
437 0.28125
438 0.3125
439 0.1875
440 0.21875
441 0.375
442 0.34375
443 0.25
444 0.34375
445 0.4375
446 0.28125
447 0.125
448 0.28125
449 0.28125
450 0.3125
451 0.25
452 0.25
453 0.34375
454 0.21875
455 0.25
456 0.34375
457 0.1875
458 0.34375
459 0.375
460 0.1875
461 0.28125
462 0.375
463 0.21875
464 0.46875
465 0.28125
466 0.3125
467 0.375
468 0.40625
469 0.34375
470 0.25
471 0.1875
472 0.25
473 0.34375
474 0.375
475 0.375
476 0.21875
477 0.3125
478 0.25
479 0.40625
480 0.3125
481 0.25
482 0.40625
483 0.21875
484 0.21875
485 0.21875
486 0.375
487 0.3125
488 0.21875
489 0.34375
490 0.40625
491 0.4375
492 0.40625
493 0.5
494 0.375
495 0.21875
496 0.1875
497 0.375
498 0.34375
499 0.4375
500 0.34375
501 0.21875
502 0.40625
503 0.21875
504 0.375
505 0.40625
506 0.1875
507 0.34375
508 0.09375
509 0.34375
510 0.28125
511 0.3125
512 0.34375
513 0.3125
514 0.34375
515 0.3125
516 0.28125
517 0.375
518 0.25
519 0.34375
520 0.46875
521 0.3125
522 0.3125
523 0.3125
524 0.1875
525 0.28125
526 0.28125
527 0.3125
528 0.34375
529 0.46875
530 0.25
531 0.34375
532 0.3125
533 0.25
534 0.4375
535 0.21875
536 0.3125
537 0.34375
538 0.375
539 0.375
540 0.34375
541 0.40625
542 0.3125
543 0.40625
544 0.3125
545 0.3125
546 0.3125
547 0.28125
548 0.34375
549 0.34375
550 0.28125
551 0.34375
552 0.34375
553 0.15625
554 0.28125
555 0.34375
556 0.3125
557 0.375
558 0.46875
559 0.375
560 0.21875
561 0.3125
562 0.21875
563 0.28125
564 0.3125
565 0.34375
566 0.3125
567 0.25
568 0.3125
569 0.3125
570 0.40625
571 0.21875
572 0.25
573 0.3125
574 0.3125
575 0.40625
576 0.28125
577 0.375
578 0.28125
579 0.25
580 0.25
581 0.4375
582 0.21875
583 0.375
584 0.3125
585 0.28125
586 0.34375
587 0.40625
588 0.34375
589 0.34375
590 0.28125
591 0.375
592 0.0625
593 0.21875
594 0.28125
595 0.40625
596 0.3125
597 0.3125
598 0.25
599 0.375
600 0.34375
601 0.34375
602 0.3125
603 0.34375
604 0.25
605 0.1875
606 0.34375
607 0.25
608 0.3125
609 0.375
610 0.34375
611 0.34375
612 0.21875
613 0.25
614 0.1875
615 0.28125
616 0.25
617 0.375
618 0.40625
619 0.375
620 0.28125
621 0.28125
622 0.375
623 0.5
624 0.46875
625 0.3125
626 0.21875
627 0.34375
628 0.40625
629 0.25
630 0.40625
631 0.21875
632 0.15625
633 0.4375
634 0.3125
635 0.34375
636 0.21875
637 0.25
638 0.25
639 0.21875
640 0.4375
641 0.34375
642 0.28125
643 0.1875
644 0.4375
645 0.40625
646 0.1875
647 0.34375
648 0.4375
649 0.40625
650 0.3125
651 0.34375
652 0.34375
653 0.28125
654 0.1875
655 0.46875
656 0.25
657 0.25
658 0.40625
659 0.28125
660 0.25
661 0.25
662 0.3125
663 0.3125
664 0.28125
665 0.34375
666 0.40625
667 0.25
668 0.28125
669 0.375
670 0.28125
671 0.375
672 0.4375
673 0.25
674 0.25
675 0.25
676 0.3125
677 0.25
678 0.21875
679 0.28125
680 0.34375
681 0.4375
682 0.25
683 0.375
684 0.15625
685 0.28125
686 0.21875
687 0.3125
688 0.375
689 0.375
690 0.375
691 0.40625
692 0.4375
693 0.3125
694 0.3125
695 0.15625
696 0.3125
697 0.46875
698 0.3125
699 0.375
700 0.375
701 0.375
702 0.375
703 0.3125
704 0.28125
705 0.4375
706 0.46875
707 0.375
708 0.3125
709 0.375
710 0.21875
711 0.375
712 0.3125
713 0.25
714 0.25
715 0.4375
716 0.34375
717 0.125
718 0.28125
719 0.1875
720 0.25
721 0.1875
722 0.34375
723 0.40625
724 0.34375
725 0.46875
726 0.34375
727 0.15625
728 0.375
729 0.28125
730 0.1875
731 0.375
732 0.4375
733 0.375
734 0.28125
735 0.25
736 0.28125
737 0.3125
738 0.3125
739 0.375
740 0.4375
741 0.21875
742 0.1875
743 0.21875
744 0.375
745 0.34375
746 0.3125
747 0.28125
748 0.25
749 0.4375
750 0.375
751 0.28125
752 0.09375
753 0.28125
754 0.28125
755 0.28125
756 0.3125
757 0.40625
758 0.375
759 0.3125
760 0.46875
761 0.15625
762 0.21875
763 0.375
764 0.28125
765 0.28125
766 0.40625
767 0.21875
768 0.25
769 0.375
770 0.40625
771 0.1875
772 0.25
773 0.40625
774 0.375
775 0.3125
776 0.3125
777 0.34375
778 0.28125
779 0.21875
780 0.3125
781 0.15625
782 0.28125
783 0.28125
784 0.15625
785 0.40625
786 0.28125
787 0.375
788 0.3125
789 0.34375
790 0.34375
791 0.28125
792 0.3125
793 0.3125
794 0.375
795 0.21875
796 0.15625
797 0.25
798 0.25
799 0.21875
800 0.34375
801 0.46875
802 0.25
803 0.3125
804 0.28125
805 0.46875
806 0.34375
807 0.3125
808 0.375
809 0.21875
810 0.34375
811 0.4375
812 0.28125
813 0.28125
814 0.1875
815 0.25
816 0.4375
817 0.25
818 0.34375
819 0.34375
820 0.28125
821 0.28125
822 0.1875
823 0.25
824 0.46875
825 0.28125
826 0.21875
827 0.15625
828 0.1875
829 0.40625
830 0.3125
831 0.40625
832 0.40625
833 0.25
834 0.28125
835 0.28125
836 0.15625
837 0.25
838 0.34375
839 0.28125
840 0.28125
841 0.53125
842 0.28125
843 0.21875
844 0.5
845 0.28125
846 0.34375
847 0.15625
848 0.34375
849 0.46875
850 0.28125
851 0.21875
852 0.25
853 0.3125
854 0.3125
855 0.3125
856 0.34375
857 0.3125
858 0.34375
859 0.3125
860 0.25
861 0.375
862 0.34375
863 0.34375
864 0.25
865 0.5
866 0.375
867 0.34375
868 0.4375
869 0.25
870 0.25
871 0.1875
872 0.40625
873 0.21875
874 0.34375
875 0.40625
876 0.28125
877 0.25
878 0.21875
879 0.3125
880 0.3125
881 0.375
882 0.28125
883 0.40625
884 0.1875
885 0.3125
886 0.375
887 0.21875
888 0.21875
889 0.3125
890 0.375
891 0.5
892 0.4375
893 0.375
894 0.46875
895 0.34375
896 0.1875
897 0.40625
898 0.40625
899 0.25
900 0.28125
901 0.40625
902 0.40625
903 0.28125
904 0.34375
905 0.28125
906 0.375
907 0.40625
908 0.28125
909 0.25
910 0.34375
911 0.25
912 0.21875
913 0.28125
914 0.34375
915 0.3125
916 0.25
917 0.34375
918 0.4375
919 0.34375
920 0.34375
921 0.34375
922 0.125
923 0.34375
924 0.375
925 0.40625
926 0.375
927 0.34375
928 0.4375
929 0.28125
930 0.125
931 0.3125
932 0.25
933 0.1875
934 0.125
935 0.3125
936 0.21875
937 0.28125
938 0.28125
939 0.3125
940 0.3125
941 0.40625
942 0.21875
943 0.34375
944 0.375
945 0.3125
946 0.28125
947 0.34375
948 0.28125
949 0.375
950 0.3125
951 0.25
952 0.375
953 0.40625
954 0.1875
955 0.40625
956 0.40625
957 0.46875
958 0.4375
959 0.28125
960 0.375
961 0.3125
962 0.25
963 0.3125
964 0.25
965 0.40625
966 0.28125
967 0.25
968 0.4375
969 0.34375
970 0.25
971 0.53125
972 0.1875
973 0.4375
974 0.375
975 0.1875
976 0.28125
977 0.34375
978 0.375
979 0.4375
980 0.25
981 0.375
982 0.25
983 0.28125
984 0.25
985 0.3125
986 0.34375
987 0.3125
988 0.28125
989 0.34375
990 0.1875
991 0.28125
992 0.1875
993 0.53125
994 0.21875
995 0.28125
996 0.34375
997 0.21875
998 0.28125
999 0.34375
1000 0.28125
0 0.09375
1 0.1875
2 0.15625
3 0.15625
4 0.15625
5 0.21875
6 0.0625
7 0.15625
8 0.3125
9 0.25
10 0.25
11 0.15625
12 0.1875
13 0.1875
14 0.40625
15 0.28125
16 0.28125
17 0.03125
18 0.25
19 0.4375
20 0.21875
21 0.15625
22 0.21875
23 0.0625
24 0.25
25 0.21875
26 0.1875
27 0.15625
28 0.125
29 0.25
30 0.1875
31 0.15625
32 0.28125
33 0.1875
34 0.28125
35 0.25
36 0.3125
37 0.25
38 0.3125
39 0.3125
40 0.34375
41 0.09375
42 0.34375
43 0.3125
44 0.34375
45 0.3125
46 0.1875
47 0.1875
48 0.125
49 0.1875
50 0.3125
51 0.25
52 0.21875
53 0.4375
54 0.15625
55 0.3125
56 0.375
57 0.25
58 0.25
59 0.25
60 0.15625
61 0.34375
62 0.21875
63 0.15625
64 0.40625
65 0.25
66 0.15625
67 0.125
68 0.1875
69 0.25
70 0.1875
71 0.15625
72 0.28125
73 0.28125
74 0.1875
75 0.28125
76 0.15625
77 0.1875
78 0.3125
79 0.3125
80 0.15625
81 0.34375
82 0.1875
83 0.40625
84 0.21875
85 0.09375
86 0.125
87 0.40625
88 0.3125
89 0.28125
90 0.25
91 0.21875
92 0.28125
93 0.15625
94 0.1875
95 0.15625
96 0.21875
97 0.28125
98 0.25
99 0.21875
100 0.1875
101 0.1875
102 0.1875
103 0.34375
104 0.125
105 0.375
106 0.28125
107 0.21875
108 0.1875
109 0.3125
110 0.25
111 0.1875
112 0.3125
113 0.125
114 0.25
115 0.28125
116 0.21875
117 0.375
118 0.09375
119 0.21875
120 0.3125
121 0.21875
122 0.28125
123 0.3125
124 0.21875
125 0.21875
126 0.15625
127 0.15625
128 0.21875
129 0.25
130 0.40625
131 0.1875
132 0.21875
133 0.28125
134 0.28125
135 0.25
136 0.375
137 0.25
138 0.21875
139 0.375
140 0.21875
141 0.3125
142 0.3125
143 0.3125
144 0.21875
145 0.375
146 0.25
147 0.28125
148 0.375
149 0.1875
150 0.15625
151 0.15625
152 0.375
153 0.21875
154 0.21875
155 0.28125
156 0.125
157 0.3125
158 0.375
159 0.25
160 0.15625
161 0.25
162 0.28125
163 0.3125
164 0.09375
165 0.1875
166 0.15625
167 0.1875
168 0.28125
169 0.1875
170 0.21875
171 0.25
172 0.1875
173 0.4375
174 0.1875
175 0.09375
176 0.21875
177 0.21875
178 0.21875
179 0.28125
180 0.3125
181 0.375
182 0.3125
183 0.21875
184 0.4375
185 0.375
186 0.25
187 0.4375
188 0.21875
189 0.1875
190 0.34375
191 0.3125
192 0.15625
193 0.34375
194 0.375
195 0.375
196 0.375
197 0.34375
198 0.34375
199 0.21875
200 0.1875
201 0.34375
202 0.28125
203 0.34375
204 0.21875
205 0.1875
206 0.375
207 0.15625
208 0.21875
209 0.28125
210 0.28125
211 0.21875
212 0.15625
0 0.09375
1 0.21875
2 0.1875
3 0.15625
4 0.0625
5 0.21875
6 0.15625
7 0.15625
8 0.1875
9 0.125
10 0.1875
11 0.21875
12 0.15625
13 0.1875
14 0.15625
15 0.28125
16 0.15625
17 0.15625
18 0.34375
19 0.21875
20 0.125
21 0.21875
22 0.125
23 0.21875
24 0.0625
25 0.15625
26 0.15625
27 0.21875
28 0.15625
29 0.1875
30 0.09375
31 0.34375
32 0.09375
33 0.28125
34 0.21875
35 0.1875
36 0.34375
37 0.15625
38 0.3125
39 0.375
40 0.09375
41 0.1875
42 0.21875
43 0.28125
44 0.34375
45 0.15625
46 0.28125
47 0.15625
48 0.34375
49 0.15625
50 0.21875
51 0.25
52 0.25
53 0.28125
54 0.3125
55 0.21875
56 0.1875
57 0.09375
58 0.4375
59 0.1875
60 0.21875
61 0.28125
62 0.25
63 0.15625
64 0.1875
65 0.21875
66 0.375
67 0.0625
68 0.28125
69 0.15625
70 0.21875
71 0.21875
72 0.21875
73 0.375
74 0.3125
75 0.25
76 0.3125
77 0.375
78 0.25
79 0.125
80 0.1875
81 0.09375
82 0.28125
83 0.21875
84 0.125
85 0.25
86 0.0625
87 0.15625
88 0.09375
89 0.1875
90 0.375
91 0.375
92 0.25
93 0.15625
94 0.21875
95 0.25
96 0.15625
97 0.34375
98 0.15625
99 0.25
100 0.125
101 0.21875
102 0.1875
103 0.28125
104 0.21875
105 0.25
106 0.1875
107 0.15625
108 0.25
109 0.21875
110 0.1875
111 0.21875
112 0.3125
113 0.28125
114 0.1875
115 0.375
116 0.28125
117 0.1875
118 0.1875
119 0.28125
120 0.375
121 0.28125
122 0.125
123 0.1875
124 0.15625
125 0.28125
126 0.28125
127 0.1875
128 0.21875
129 0.375
130 0.09375
131 0.21875
132 0.1875
133 0.1875
134 0.28125
135 0.15625
136 0.1875
137 0.125
138 0.125
139 0.21875
140 0.21875
141 0.21875
142 0.15625
143 0.28125
144 0.4375
145 0.21875
146 0.28125
0 0.03125
200 0.1875
400 0.34375
600 0.28125
800 0.1875
1000 0.25
0 0.15625
200 0.15625
400 0.09375
600 0.1875
800 0.3125
1000 0.21875
0 0.09375
200 0.0
400 0.3125
600 0.25
800 0.15625
1000 0.21875
0 0.125
200 0.1875
400 0.21875
600 0.34375
800 0.375
1000 0.375
0 0.0625
200 0.375
400 0.1875
600 0.3125
800 0.375
1000 0.375
0 0.125
200 0.28125
400 0.1875
600 0.3125
800 0.4375
1000 0.34375
0 0.09375
1 0.21875
2 0.1875
3 0.34375
4 0.21875
5 0.3125
6 0.28125
7 0.15625
8 0.21875
9 0.3125
10 0.34375
11 0.28125
12 0.125
13 0.25
14 0.1875
15 0.25
