0 14.640144
1 235.8194
2 205.1491
3 164.49812
4 368.81293
5 364.259
6 247.41235
7 131.92537
8 151.14157
9 126.43383
10 140.61159
11 274.35242
12 183.96544
13 217.18037
14 214.10243
15 332.27087
16 442.9569
17 164.29277
18 291.2006
19 148.34874
20 180.72247
21 235.35962
22 202.23912
23 219.22394
24 166.23003
25 145.72371
26 212.69713
27 130.03249
28 332.1532
29 192.91747
30 246.2173
31 303.0368
32 148.50443
33 125.26589
34 145.6342
35 137.43335
36 111.97313
37 82.37788
38 77.2776
39 95.0682
40 124.14372
41 124.609856
42 92.00834
43 85.3831
44 96.16757
45 102.77738
46 133.17912
47 122.65127
48 82.7927
49 102.970276
50 133.14075
51 78.26893
52 90.123886
53 124.86585
54 82.007385
55 112.41266
56 98.732155
57 77.77909
58 70.883286
59 109.00158
60 72.54026
61 84.294174
62 85.71325
63 72.284424
64 80.90279
65 114.518936
66 137.57907
67 76.24734
68 58.69633
69 73.156975
70 107.810616
71 105.007904
72 108.86921
73 98.186516
74 142.19301
75 117.22272
76 67.6794
77 67.30022
78 106.8517
79 70.5571
80 74.35239
81 109.31702
82 118.7201
83 73.6753
84 62.738422
85 85.91159
86 104.363594
87 50.216667
88 86.41271
89 67.44476
90 49.681957
91 60.333805
92 52.4375
93 67.15238
94 62.243896
95 63.128113
96 64.6153
97 42.867546
98 69.31216
99 82.28106
100 65.86955
101 53.056004
102 42.07791
103 53.57653
104 62.49091
105 56.64796
106 35.31441
107 65.72917
108 63.930603
109 60.72957
110 50.33339
111 68.922874
112 63.104458
113 49.06347
114 66.2561
115 35.449165
116 48.204754
117 74.28033
118 57.148838
119 28.393744
120 53.48329
121 66.388374
122 43.709312
123 40.138702
124 48.55795
125 26.979527
126 40.713936
127 37.975647
128 82.284164
129 76.48698
130 63.81856
131 71.01704
132 62.006893
133 59.677574
134 55.305645
135 46.383156
136 47.23999
137 29.63741
138 52.278366
139 37.949295
140 45.797264
141 43.9191
142 27.290768
143 31.171022
144 37.76042
145 52.690502
146 51.230423
147 41.483337
148 40.616734
149 41.11673
150 37.988968
151 39.729874
152 34.137783
153 26.462786
154 32.918785
155 28.341131
156 33.84149
157 24.840107
158 29.941162
159 34.739586
160 32.63879
161 34.693974
162 37.0517
163 27.71685
164 27.344355
165 29.888908
166 23.456472
167 26.352453
168 58.73277
169 36.084633
170 42.99398
171 31.19205
172 31.822409
173 38.76057
174 32.752193
175 29.34778
176 29.927876
177 26.366333
178 33.684025
179 31.727964
180 39.130642
181 34.49647
182 30.37502
183 31.988195
184 39.431107
185 41.830677
186 40.128796
187 29.183659
188 35.46397
189 21.323391
190 27.16958
191 19.328564
192 26.825003
193 34.439995
194 26.315645
195 35.542442
196 34.434685
197 32.207375
198 29.841293
199 38.439037
200 33.641556
201 23.559351
202 29.310677
203 26.31252
204 38.038677
205 32.972298
206 33.247818
207 28.196539
208 22.993414
209 30.894798
210 20.098112
211 27.843428
212 36.908466
213 38.580647
214 25.9694
215 30.361624
216 34.701794
217 21.060684
218 31.031828
219 35.969265
220 29.693003
221 20.419996
222 36.102444
223 29.65659
224 37.757015
225 35.325577
226 36.136314
227 38.254875
228 27.734241
229 37.11694
230 43.282684
231 23.10441
232 28.025167
233 25.975103
234 35.31982
235 42.949295
236 32.720325
237 30.551086
238 24.872046
239 27.903093
240 29.220705
241 28.497782
242 24.742216
243 24.820658
244 31.642427
245 35.074905
246 26.568213
247 17.821915
248 38.539562
249 31.689344
250 26.947441
251 27.012098
252 26.496437
253 27.022018
254 27.994064
255 21.679434
256 29.439215
257 25.192572
258 25.363682
259 24.632673
260 24.686827
261 26.119116
262 20.947845
263 33.973812
264 30.78057
265 32.83501
266 22.885338
267 26.72043
268 28.309914
269 36.814774
270 36.40043
271 29.997355
272 20.51328
273 30.022602
274 19.278063
275 19.939636
276 33.656273
277 23.07068
278 28.221981
279 30.06235
280 22.031593
281 26.356598
282 28.964195
283 30.968098
284 24.530008
285 20.185722
286 28.668375
287 21.587248
288 40.210995
289 30.956486
290 21.333122
291 18.599987
292 26.515009
293 41.094162
294 32.583744
295 30.176285
296 22.388994
297 21.504745
298 28.335636
299 24.334412
300 26.858019
301 24.492002
302 32.631542
303 23.785019
304 38.74171
305 31.241373
306 30.596443
307 36.576393
308 24.34811
309 25.437725
310 27.438475
311 31.665098
312 20.623093
313 25.31631
314 31.562332
315 22.294416
316 27.379772
317 32.907166
318 27.142033
319 26.646114
320 36.998856
321 25.9057
322 32.513954
323 23.53659
324 16.730946
325 15.384675
326 27.82895
327 14.22549
328 12.710088
329 17.999338
330 29.94071
331 24.716257
332 25.997913
333 19.134975
334 15.608118
335 20.286806
336 16.649187
337 25.212309
338 21.33324
339 18.43244
340 18.718431
341 18.135939
342 29.843061
343 23.530115
344 24.49261
345 15.578957
346 17.156208
347 9.766219
348 17.071629
349 13.787754
350 12.182802
351 14.822731
352 20.33847
353 27.109104
354 26.121468
355 21.854256
356 20.145842
357 16.962376
358 17.734411
359 20.964117
360 33.03923
361 16.867302
362 20.94577
363 18.532185
364 32.644764
365 15.687674
366 25.466946
367 19.404257
368 30.835394
369 17.729258
370 17.162935
371 24.935167
372 14.223023
373 18.780664
374 13.535104
375 20.327873
376 19.139145
377 20.54335
378 17.191908
379 18.243784
380 18.632689
381 16.756327
382 32.326283
383 25.499655
384 33.741276
385 23.342382
386 17.118313
387 17.234962
388 20.157965
389 17.120497
390 18.891136
391 20.013636
392 25.690487
393 18.069967
394 19.065708
395 24.753878
396 15.128906
397 20.12366
398 23.622929
399 15.433825
400 18.068802
401 19.921774
402 9.135216
403 25.221853
404 12.650807
405 23.83942
406 11.316235
407 17.562853
408 21.829472
409 18.538668
410 19.578272
411 14.746974
412 15.350284
413 19.33916
414 14.817818
415 15.649171
416 27.267054
417 21.885754
418 18.11548
419 19.482788
420 18.689857
421 14.74257
422 21.890102
423 19.042294
424 16.005747
425 12.450716
426 14.966604
427 17.02828
428 22.661787
429 14.562247
430 17.247368
431 19.085691
432 14.604533
433 18.604242
434 16.99765
435 23.11027
436 13.722867
437 21.321613
438 17.422453
439 16.042381
440 28.603273
441 14.581396
442 17.259514
443 17.880198
444 22.101944
445 17.639568
446 14.947012
447 21.300913
448 16.530584
449 16.195616
450 17.161554
451 15.415562
452 19.32681
453 17.841171
454 23.680079
455 20.670994
456 21.529612
457 21.30884
458 17.201519
459 14.073977
460 18.867462
461 21.741693
462 15.090716
463 20.241577
464 12.549062
465 16.49404
466 13.902324
467 13.529389
468 13.103774
469 11.616477
470 14.325294
471 13.522657
472 16.001488
473 12.513103
474 12.430925
475 12.04252
476 17.33177
477 15.325408
478 18.51872
479 10.330528
480 15.105046
481 13.173761
482 14.147508
483 19.070478
484 19.46277
485 20.71088
486 11.147467
487 15.587833
488 19.543451
489 10.223408
490 16.411781
491 9.367911
492 12.961234
493 9.912256
494 11.983939
495 19.754374
496 15.152001
497 12.047442
498 15.169105
499 10.456487
500 11.502063
501 22.713171
502 10.008282
503 17.966263
504 14.545962
505 11.372648
506 19.399803
507 15.600409
508 16.776745
509 13.200764
510 18.088808
511 13.029406
512 17.031279
513 19.129963
514 11.590357
515 7.9979286
516 18.974295
517 14.794319
518 15.376272
519 12.587195
520 11.080341
521 16.68605
522 15.486341
523 12.655506
524 16.778172
525 13.529428
526 20.834795
527 13.804471
528 10.817695
529 7.4808235
530 12.545583
531 13.204848
532 14.625776
533 17.538609
534 14.991511
535 16.492556
536 14.850974
537 11.853274
538 12.067746
539 11.6126795
540 13.403376
541 9.7949295
542 18.189533
543 11.257831
544 15.913308
545 18.410736
546 15.3902855
547 11.584797
548 11.473589
549 7.968926
550 17.644297
551 16.83427
552 15.794573
553 14.062889
554 13.98131
555 14.712401
556 16.51451
557 6.760001
558 10.045354
559 13.612592
560 18.606562
561 15.692363
562 16.780344
563 11.292253
564 13.516304
565 14.046469
566 15.57418
567 16.798815
568 13.440244
569 16.198301
570 10.045883
571 15.805034
572 17.003382
573 17.466673
574 16.403366
575 10.716956
576 14.481787
577 9.776059
578 18.53503
579 18.831871
580 14.28415
581 8.962236
582 14.35283
583 10.481482
584 12.9803095
585 10.607607
586 13.779008
587 9.880956
588 13.887667
589 13.699772
590 13.794654
591 10.471386
592 20.05008
593 17.1161
594 15.564735
595 12.224696
596 18.11689
597 12.554444
598 13.584648
599 10.996259
600 9.921404
601 12.854617
602 11.933736
603 18.100508
604 15.312848
605 17.192837
606 14.709423
607 13.653871
608 17.40987
609 11.612566
610 12.19432
611 13.51345
612 20.784233
613 13.442654
614 18.109587
615 9.106744
616 15.10601
617 12.212091
618 13.349726
619 10.674395
620 14.366215
621 16.79901
622 12.188697
623 10.359276
624 9.670546
625 14.49724
626 13.071378
627 14.685852
628 10.125542
629 14.619161
630 10.537185
631 17.335749
632 16.754915
633 12.169388
634 11.607196
635 15.424854
636 13.537794
637 21.725458
638 12.556598
639 13.774106
640 13.259388
641 12.83278
642 16.578676
643 17.294165
644 10.033066
645 15.088225
646 11.953397
647 12.567608
648 10.247
649 10.842253
650 17.93802
651 14.448502
652 15.742606
653 13.783073
654 14.264802
655 8.687417
656 13.185167
657 9.713475
658 11.711028
659 12.630625
660 13.708644
661 15.53836
662 12.981668
663 9.952242
664 12.988661
665 10.805212
666 12.308025
667 15.56904
668 11.435614
669 12.383538
670 15.478086
671 9.808267
672 11.026217
673 15.398528
674 15.079926
675 13.558215
676 12.189968
677 11.837621
678 16.026136
679 15.792115
680 14.212112
681 7.818062
682 14.909595
683 8.79124
684 16.19859
685 11.744368
686 13.253863
687 9.760728
688 11.543583
689 11.623877
690 17.2422
691 11.695489
692 10.73879
693 11.566106
694 16.38128
695 17.323433
696 16.31789
697 6.0791526
698 14.353314
699 11.843323
700 8.344034
701 11.103017
702 14.186992
703 11.5914545
704 14.6060705
705 7.8623443
706 12.529556
707 10.580407
708 15.452867
709 8.437867
710 14.405422
711 13.381079
712 11.971805
713 15.264261
714 14.338885
715 9.049343
716 13.430175
717 18.08299
718 10.994101
719 14.086882
720 13.2609825
721 14.673502
722 11.109177
723 9.689289
724 13.123554
725 10.747583
726 15.009262
727 16.195147
728 11.513147
729 13.855624
730 14.57747
731 14.775794
732 8.0736475
733 10.770195
734 15.131009
735 11.143037
736 16.068121
737 12.7372055
738 14.320396
739 18.179502
740 10.636607
741 12.500706
742 11.410862
743 11.633725
744 9.953732
745 9.010793
746 7.2635098
747 13.392352
748 12.162821
749 10.381024
750 13.846447
751 14.331995
752 14.943754
753 12.812224
754 11.966465
755 13.421072
756 11.538465
757 11.945811
758 10.675364
759 14.560903
760 8.769804
761 15.108831
762 15.998033
763 10.704705
764 13.4726515
765 16.176575
766 8.321257
767 11.820731
768 10.751238
769 11.954162
770 10.375391
771 12.98448
772 17.770285
773 8.892899
774 10.988708
775 12.277572
776 12.32246
777 13.9641285
778 11.467605
779 13.8854885
780 13.794433
781 10.698781
782 14.090565
783 12.410416
784 16.951235
785 10.681318
786 16.626284
787 9.970884
788 16.61542
789 10.224199
790 11.273028
791 14.643269
792 13.999481
793 12.608133
794 13.076922
795 15.184549
796 15.4323225
797 15.243205
798 15.831218
799 18.835733
800 12.774342
801 9.24819
802 12.119931
803 10.725224
804 10.824437
805 11.383541
806 11.20514
807 10.667973
808 11.191418
809 12.103724
810 11.582514
811 9.564628
812 12.2976675
813 17.475595
814 19.644
815 16.243128
816 9.132128
817 12.21169
818 12.931177
819 13.179527
820 16.427904
821 14.039807
822 17.681076
823 13.123274
824 9.408994
825 16.04365
826 15.306912
827 13.560011
828 15.479124
829 12.993555
830 9.04281
831 9.892523
832 10.470066
833 11.10499
834 12.781291
835 15.0005665
836 13.999907
837 14.42691
838 10.06276
839 13.029296
840 9.772109
841 6.138459
842 12.769665
843 17.584488
844 10.100065
845 12.695391
846 12.673014
847 15.120448
848 11.17794
849 11.776152
850 14.059258
851 19.088625
852 14.025131
853 9.9356785
854 11.584953
855 16.696556
856 13.958065
857 12.073492
858 10.222931
859 13.001189
860 15.855056
861 13.150556
862 13.20919
863 11.008897
864 17.027319
865 7.6924934
866 11.733552
867 9.0611725
868 7.5815187
869 9.588608
870 14.298983
871 11.982421
872 12.130176
873 15.747239
874 11.247744
875 12.387927
876 9.409115
877 15.848584
878 14.489221
879 15.819993
880 14.584716
881 11.241009
882 10.299286
883 10.074957
884 13.7565155
885 12.056586
886 11.118584
887 20.521017
888 11.366049
889 11.0541935
890 9.181575
891 9.087907
892 9.389344
893 12.775701
894 10.409972
895 9.640172
896 10.990784
897 8.137759
898 11.215577
899 16.231728
900 12.14813
901 7.553483
902 8.118071
903 12.915883
904 13.856576
905 11.57531
906 16.42235
907 11.074188
908 14.616376
909 17.406115
910 13.927507
911 14.511442
912 10.989739
913 17.886911
914 9.155125
915 13.807548
916 11.2815
917 7.918099
918 10.555693
919 11.232098
920 14.929424
921 12.899063
922 17.669945
923 11.315531
924 9.519268
925 9.797156
926 14.81408
927 14.609472
928 9.081514
929 15.832186
930 14.055993
931 14.79225
932 11.754264
933 13.7702465
934 16.381151
935 14.281215
936 16.305231
937 15.724939
938 12.008488
939 12.445119
940 19.053696
941 11.526408
942 16.70912
943 11.210449
944 10.549648
945 11.133278
946 14.79064
947 12.035825
948 15.731524
949 13.825259
950 11.610929
951 13.348772
952 12.276214
953 12.215696
954 16.810581
955 11.432488
956 11.408193
957 11.672975
958 8.584098
959 12.629895
960 10.093797
961 17.276367
962 16.198616
963 11.92247
964 13.001863
965 12.54763
966 9.454175
967 12.843573
968 10.49717
969 9.853797
970 18.398207
971 8.865213
972 14.48345
973 11.223441
974 11.008102
975 17.873554
976 11.825723
977 13.43526
978 9.003334
979 13.348391
980 14.162484
981 11.03807
982 14.915355
983 10.040796
984 13.112875
985 11.830811
986 10.647359
987 14.647802
988 13.267997
989 10.569843
990 17.60418
991 9.747954
992 13.64799
993 6.8407254
994 13.523611
995 8.854014
996 11.577223
997 14.674572
998 17.172499
999 12.014399
1000 10.493046
0 13.577
1 168.81
2 225.974
3 241.288
4 227.244
5 237.107
6 228.615
7 195.925
8 125.427
9 184.851
10 166.315
11 163.907
12 231.978
13 232.203
14 124.195
15 179.8
16 177.012
17 236.866
18 199.937
19 127.925
20 146.062
21 337.39
22 196.812
23 178.586
24 178.561
25 267.557
26 255.574
27 252.447
28 208.535
29 162.472
30 151.568
31 257.592
32 166.147
33 251.41
34 232.624
35 199.135
36 172.738
37 156.896
38 170.787
39 167.823
40 182.866
41 258.11
42 265.124
43 124.923
44 143.362
45 127.972
46 180.294
47 208.412
48 205.161
49 259.723
50 167.725
51 262.736
52 240.655
53 102.86
54 165.856
55 140.58
56 172.104
57 175.772
58 128.051
59 176.366
60 344.079
61 155.961
62 137.012
63 204.712
64 120.905
65 193.107
66 249.141
67 206.353
68 180.096
69 152.769
70 268.428
71 148.711
72 238.103
73 423.122
74 185.861
75 138.212
76 153.116
77 200.576
78 120.556
79 118.998
80 192.867
81 115.808
82 137.619
83 107.917
84 174.461
85 207.594
86 252.447
87 114.427
88 187.587
89 146.912
90 179.676
91 145.107
92 127.765
93 198.668
94 401.403
95 196.774
96 227.488
97 130.979
98 139.084
99 137.717
100 145.929
101 141.03
102 135.772
103 116.721
104 184.765
105 134.791
106 112.105
107 139.434
108 215.186
109 233.098
110 159.112
111 200.674
112 165.421
113 185.966
114 238.601
115 230.187
116 239.474
117 183.385
118 218.691
119 162.893
120 208.085
121 152.709
122 211.63
123 171.248
124 166.936
125 201.066
126 216.096
127 152.334
128 202.032
129 193.465
130 195.288
131 130.65
132 170.392
133 240.826
134 152.846
135 210.807
136 98.4507
137 134.902
138 175.726
139 113.686
140 148.798
141 252.374
142 189.278
143 136.031
144 182.311
145 200.306
146 178.957
147 153.545
148 138.165
149 242.622
150 362.94
151 257.38
152 142.875
153 179.617
154 169.345
155 134.012
156 197.131
157 153.799
158 121.971
159 184.61
160 201.566
161 139.811
162 152.611
163 128.551
164 192.701
165 258.923
166 321.548
167 306.418
168 172.009
169 232.839
170 228.033
171 190.64
172 254.834
173 184.86
174 174.271
175 268.387
176 235.882
177 142.357
178 175.593
179 245.644
180 194.13
181 112.144
182 119.38
183 171.525
184 149.612
185 102.388
186 135.922
187 162.455
188 130.21
189 204.878
190 149.443
191 123.287
192 196.268
193 156.361
194 114.241
195 160.99
196 116.013
197 126.17
198 114.186
199 230.435
200 228.147
201 172.773
202 177.78
203 151.011
204 214.965
205 182.818
206 132.461
207 206.514
208 199.031
209 291.227
210 136.905
211 168.593
212 213.976
0 14.0252
1 307.419
2 150.112
3 226.865
4 373.016
5 189.195
6 230.501
7 175.627
8 192.547
9 204.695
10 230.049
11 240.731
12 188.41
13 140.992
14 143.425
15 190.79
16 277.269
17 301.181
18 250.604
19 211.289
20 158.183
21 186.641
22 184.495
23 164.666
24 203.931
25 197.606
26 214.685
27 189.426
28 228.251
29 201.394
30 245.415
31 165.951
32 152.811
33 160.466
34 256.356
35 323.947
36 224.644
37 178.351
38 147.734
39 111.93
40 204.61
41 204.448
42 168.624
43 151.765
44 170.119
45 130.246
46 110.159
47 149.148
48 195.165
49 229.622
50 163.87
51 181.301
52 101.974
53 192.892
54 149.489
55 235.49
56 171.255
57 208.579
58 85.0094
59 202.612
60 208.403
61 198.65
62 139.351
63 138.397
64 244.361
65 206.657
66 119.92
67 170.615
68 140.649
69 279.741
70 260.822
71 255.028
72 163.072
73 139.293
74 148.149
75 182.124
76 197.582
77 123.02
78 243.687
79 308.518
80 285.968
81 316.107
82 167.163
83 249.897
84 287.284
85 376.791
86 305.309
87 319.846
88 212.516
89 150.298
90 120.804
91 128.315
92 138.158
93 221.893
94 260.596
95 223.121
96 203.455
97 144.596
98 309.297
99 219.726
100 301.796
101 142.138
102 211.859
103 208.093
104 207.816
105 212.632
106 210.925
107 218.276
108 157.092
109 232.672
110 168.692
111 214.191
112 124.335
113 119.917
114 141.664
115 147.012
116 213.49
117 272.072
118 212.916
119 165.477
120 145.923
121 136.489
122 251.712
123 196.296
124 216.202
125 134.136
126 313.37
127 129.71
128 209.776
129 137.393
130 219.384
131 220.29
132 235.195
133 160.931
134 212.424
135 226.873
136 254.248
137 254.794
138 184.931
139 161.149
140 197.479
141 313.771
142 304.854
143 174.553
144 137.867
145 195.675
146 197.638
0 13.7254
200 216.277
400 125.068
600 170.713
800 212.723
1000 173.619
0 12.7097
200 137.939
400 251.097
600 165.604
800 159.551
1000 217.976
0 14.5126
200 2145.36
400 2194.72
600 1867.58
800 1771.99
1000 2467.75
0 11.4438
200 21.3195
400 23.4967
600 14.8912
800 19.154
1000 11.3017
0 3.6127
200 154.024
400 206.803
600 239.248
800 139.754
1000 192.262
0 10.8248
200 18.3695
400 25.288
600 18.9778
800 17.6585
1000 23.7834
0 3.30842
1 3.31557
2 3.19082
3 3.03978
4 3.15645
5 2.86651
6 3.05917
7 3.00022
8 3.07384
9 2.88774
10 2.82134
11 2.80476
12 3.17645
13 3.00911
14 3.07961
15 2.8306
