0 10.147775
1 163.45755
2 142.19852
3 114.02141
4 255.64163
5 252.48509
6 171.49318
7 91.443695
8 104.76335
9 87.63725
10 97.46453
11 190.16661
12 127.51512
13 150.53796
14 148.4045
15 230.31262
16 307.03433
17 113.87907
18 201.84488
19 102.827515
20 125.26727
21 163.13885
22 140.18147
23 151.95445
24 115.22188
25 101.00798
26 147.43042
27 90.13165
28 230.23105
29 133.7202
30 170.66483
31 210.0491
32 102.935425
33 86.8277
34 100.94594
35 95.261536
36 77.61386
37 57.09999
38 53.564754
39 65.896255
40 86.04987
41 86.37297
42 63.775322
43 59.183056
44 66.65828
45 71.23985
46 92.31274
47 85.01538
48 57.387527
49 71.37356
50 92.28613
51 54.25189
52 62.46912
53 86.550415
54 56.84319
55 77.91852
56 68.43591
57 53.912357
58 49.13255
59 75.55414
60 50.281075
61 58.42827
62 59.411896
63 50.103745
64 56.077538
65 79.37848
66 95.36255
67 52.850628
68 40.685196
69 50.70855
70 74.72862
71 72.785934
72 75.46239
73 68.05771
74 98.560684
75 81.252594
76 46.91178
77 46.648956
78 74.06396
79 48.906452
80 51.537148
81 75.77278
82 82.290504
83 51.067825
84 43.48696
85 59.549377
86 72.33933
87 34.80754
88 59.89673
89 46.749146
90 34.43691
91 41.820206
92 36.346905
93 46.546482
94 43.14418
95 43.757072
96 44.787914
97 29.71352
98 48.043526
99 57.032887
100 45.657295
101 36.77562
102 29.166185
103 37.13642
104 43.3154
105 39.265373
106 24.478085
107 45.55999
108 44.313316
109 42.09453
110 34.888447
111 47.773697
112 43.740677
113 34.008205
114 45.925232
115 24.57149
116 33.41299
117 51.487198
118 39.612556
119 19.681044
120 37.071793
121 46.016914
122 30.296988
123 27.82203
124 33.657806
125 18.700783
126 28.22075
127 26.322712
128 57.035038
129 53.01673
130 44.235657
131 49.225258
132 42.979904
133 41.36534
134 38.334953
135 32.150352
136 32.744267
137 20.543087
138 36.236603
139 26.304447
140 31.744246
141 30.442402
142 18.91652
143 21.606106
144 26.17353
145 36.522274
146 35.510223
147 28.754059
148 28.153374
149 28.499947
150 26.331945
151 27.53865
152 23.662508
153 18.342606
154 22.817564
155 19.644575
156 23.457134
157 17.21785
158 20.753632
159 24.079647
160 22.623486
161 24.04803
162 25.682281
163 19.211857
164 18.953663
165 20.717413
166 16.258787
167 18.266129
168 40.710453
169 25.011963
170 29.801157
171 21.620682
172 22.057613
173 26.86678
174 22.702091
175 20.34233
176 20.744423
177 18.27575
178 23.347988
179 21.99215
180 27.123295
181 23.911133
182 21.05436
183 22.172527
184 27.33156
185 28.994816
186 27.81516
187 20.22857
188 24.58175
189 14.780249
190 18.832518
191 13.397539
192 18.593676
193 23.871986
194 18.240616
195 24.636143
196 23.868305
197 22.324451
198 20.684408
199 26.643911
200 23.31855
201 16.330097
202 20.316612
203 18.23845
204 26.366402
205 22.854656
206 23.045631
207 19.544352
208 15.93782
209 21.414642
210 13.93095
211 19.299593
212 25.582998
213 26.742065
214 18.000616
215 21.045074
216 24.053452
217 14.598154
218 21.509624
219 24.931995
220 20.581621
221 14.154062
222 25.024307
223 20.556381
224 26.17117
225 24.485825
226 25.047785
227 26.516258
228 19.223911
229 25.727503
230 30.00127
231 16.014757
232 19.425566
233 18.00457
234 24.481834
235 29.770182
236 22.68
237 21.1764
238 17.239988
239 19.34095
240 20.25425
241 19.753157
242 17.149998
243 17.204369
244 21.93286
245 24.312073
246 18.415682
247 12.35321
248 26.713589
249 21.96538
250 18.678543
251 18.72336
252 18.36593
253 18.730236
254 19.404007
255 15.027039
256 20.405708
257 17.46216
258 17.580765
259 17.074068
260 17.111605
261 18.104391
262 14.51994
263 23.548851
264 21.335464
265 22.759495
266 15.862907
267 18.52119
268 19.622936
269 25.518057
270 25.230854
271 20.792582
272 14.218723
273 20.810081
274 13.362535
275 13.821103
276 23.32875
277 15.991377
278 19.561987
279 20.837633
280 15.271136
281 18.269001
282 20.07645
283 21.46545
284 17.002907
285 13.991676
286 19.871403
287 14.9631405
288 27.872139
289 21.457401
290 14.786994
291 12.892529
292 18.378803
293 28.484303
294 22.585331
295 20.916607
296 15.518868
297 14.905954
298 19.640766
299 16.867329
300 18.61656
301 16.976562
302 22.618462
303 16.486519
304 26.853706
305 21.65487
306 21.207838
307 25.352823
308 16.876823
309 17.632088
310 19.018902
311 21.948574
312 14.294839
313 17.54793
314 21.877342
315 15.453312
316 18.978212
317 22.80951
318 18.813423
319 18.469679
320 25.645653
321 17.956463
322 22.536957
323 16.314322
324 11.597008
325 10.663844
326 19.289558
327 9.860358
328 8.809961
329 12.476191
330 20.753319
331 17.132004
332 18.02038
333 13.263354
334 10.818723
335 14.061743
336 11.540338
337 17.475842
338 14.787075
339 12.776394
340 12.974628
341 12.570874
342 20.685635
343 16.309834
344 16.976984
345 10.79851
346 11.891777
347 6.7694273
348 11.833151
349 9.556943
350 8.444475
351 10.274334
352 14.097553
353 18.7906
354 18.106022
355 15.148216
356 13.964033
357 11.757423
358 12.292557
359 14.531219
360 22.90105
361 11.691523
362 14.518502
363 12.845531
364 22.627626
365 10.873867
366 17.652342
367 13.4500065
368 21.373466
369 12.288984
370 11.8964405
371 17.283741
372 9.858648
373 13.017765
374 9.381819
375 14.090208
376 13.266245
377 14.239566
378 11.916522
379 12.645628
380 12.915195
381 11.614601
382 22.406872
383 17.675014
384 23.38767
385 16.179707
386 11.86551
387 11.946365
388 13.972436
389 11.867024
390 13.094337
391 13.872395
392 17.80729
393 12.5251465
394 13.2153425
395 17.158081
396 10.486559
397 13.948658
398 16.374166
399 10.697912
400 12.52434
401 13.808722
402 6.3320494
403 17.482456
404 8.768871
405 16.524227
406 7.8438163
407 12.173642
408 15.131037
409 12.850025
410 13.570624
411 10.221824
412 10.640006
413 13.404884
414 10.270928
415 10.847178
416 18.900082
417 15.170049
418 12.556694
419 13.50444
420 12.954822
421 10.218771
422 15.173063
423 13.199112
424 11.094338
425 8.630178
426 10.37406
427 11.803104
428 15.707953
429 10.0937805
430 11.954965
431 13.229193
432 10.123091
433 12.895478
434 11.781874
435 16.018818
436 9.511967
437 14.7790165
438 12.076324
439 11.119732
440 19.826279
441 10.107054
442 11.963384
443 12.393608
444 15.3199005
445 12.226817
446 10.360479
447 14.7646675
448 11.458128
449 11.225945
450 11.895483
451 10.685253
452 13.396325
453 12.366558
454 16.41378
455 14.328041
456 14.923189
457 14.770163
458 11.923184
459 9.755338
460 13.077928
461 15.070194
462 10.460088
463 14.030393
464 8.698347
465 11.4327965
466 9.636356
467 9.377858
468 9.082844
469 8.0519285
470 9.929537
471 9.373192
472 11.091387
473 8.673422
474 8.616461
475 8.347239
476 12.013468
477 10.622764
478 12.836199
479 7.160577
480 10.47002
481 9.131355
482 9.806305
483 13.218649
484 13.490564
485 14.355688
486 7.7268353
487 10.804663
488 13.546488
489 7.0863266
490 11.37578
491 6.4933414
492 8.984043
493 6.870652
494 8.306634
495 13.692688
496 10.502567
497 8.350651
498 10.514422
499 7.2478843
500 7.9726224
501 15.74357
502 6.9372125
503 12.453264
504 10.082493
505 7.8829193
506 13.446919
507 10.813379
508 11.628754
509 9.150072
510 12.538206
511 9.031296
512 11.805183
513 13.25988
514 8.033823
515 5.5437417
516 13.151979
517 10.254641
518 10.65802
519 8.724779
520 7.6803074
521 11.565888
522 10.734314
523 8.772128
524 11.629742
525 9.377885
526 14.44158
527 9.56853
528 7.498255
529 5.185312
530 8.695935
531 9.152904
532 10.137815
533 12.156837
534 10.391324
535 11.431768
536 10.293911
537 8.2160635
538 8.364724
539 8.049296
540 9.290512
541 6.789328
542 12.608024
543 7.8033333
544 11.030265
545 12.76135
546 10.667733
547 8.029969
548 7.952886
549 5.5236387
550 12.230095
551 11.668627
552 10.947964
553 9.747652
554 9.691106
555 10.19786
556 11.446985
557 4.6856756
558 6.9629087
559 9.43553
560 12.897086
561 10.877117
562 11.6312475
563 7.827193
564 9.368788
565 9.73627
566 10.795198
567 11.644051
568 9.316067
569 11.227807
570 6.963276
571 10.9552145
572 11.785847
573 12.106975
574 11.369947
575 7.4284277
576 10.03801
577 6.776248
578 12.847505
579 13.053259
580 9.901018
581 6.212149
582 9.948624
583 7.2652097
584 8.997265
585 7.3526325
586 9.55088
587 6.8489566
588 9.626197
589 9.495958
590 9.561726
591 7.2582116
592 13.897656
593 11.8639765
594 10.788652
595 8.473514
596 12.557671
597 8.702078
598 9.416161
599 7.6220255
600 6.876993
601 8.910142
602 8.271835
603 12.546316
604 10.614058
605 11.917167
606 10.195795
607 9.464142
608 12.067602
609 8.049217
610 8.452458
611 9.36681
612 14.406532
613 9.317738
614 12.5526085
615 6.3123136
616 10.470689
617 8.464777
618 9.2533245
619 7.3989263
620 9.957901
621 11.644186
622 8.448561
623 7.180503
624 6.7031116
625 10.048721
626 9.060389
627 10.179457
628 7.018491
629 10.13323
630 7.3038197
631 12.016225
632 11.613623
633 8.435177
634 8.045495
635 10.691694
636 9.383684
637 15.05894
638 8.70357
639 9.5474825
640 9.190707
641 8.895005
642 11.491463
643 11.987402
644 6.9543915
645 10.458361
646 8.285463
647 8.711202
648 7.102679
649 7.515277
650 12.433689
651 10.014938
652 10.911943
653 9.553699
654 9.887608
655 6.021659
656 9.139261
657 6.732868
658 8.117466
659 8.754882
660 9.502108
661 10.7703705
662 8.998207
663 6.8983684
664 9.003054
665 7.4896026
666 8.531273
667 10.791636
668 7.9265633
669 8.583614
670 10.728592
671 6.7985725
672 7.6427917
673 10.673447
674 10.452608
675 9.397839
676 8.449442
677 8.205214
678 11.108472
679 10.94626
680 9.851086
681 5.4190674
682 10.334543
683 6.093623
684 11.228006
685 8.140575
686 9.186878
687 6.765621
688 8.001402
689 8.057057
690 11.951383
691 8.106695
692 7.443562
693 8.017014
694 11.354638
695 12.0076885
696 11.310699
697 4.2137475
698 9.948959
699 8.209166
700 5.7836437
701 7.696025
702 9.8336735
703 8.034584
704 10.124157
705 5.449762
706 8.684827
707 7.3337793
708 10.711111
709 5.848684
710 9.985078
711 9.275057
712 8.298223
713 10.5803795
714 9.938958
715 6.2725267
716 9.309088
717 12.534174
718 7.6205297
719 9.764282
720 9.1918125
721 10.170897
722 7.7002945
723 6.7161036
724 9.096555
725 7.4496574
726 10.403627
727 11.22562
728 7.9803057
729 9.603987
730 10.104332
731 10.2418
732 5.596226
733 7.4653306
734 10.488016
735 7.7237644
736 11.137572
737 8.828758
738 9.926143
739 12.60107
740 7.372734
741 8.664829
742 7.909407
743 8.063884
744 6.8994007
745 6.2458057
746 5.0346813
747 9.282871
748 8.430625
749 7.1955776
750 9.597626
751 9.934182
752 10.358221
753 8.880757
754 8.294521
755 9.302778
756 7.997854
757 8.280206
758 7.399598
759 10.092849
760 6.078765
761 10.472644
762 11.088991
763 7.419936
764 9.338531
765 11.212747
766 5.7678556
767 8.193506
768 7.4521904
769 8.285994
770 7.1916733
771 9.000155
772 12.317423
773 6.1640873
774 7.6167917
775 8.510164
776 8.541279
777 9.679196
778 7.9487376
779 9.624687
780 9.561572
781 7.4158297
782 9.766835
783 8.602244
784 11.749701
785 7.4037256
786 11.524462
787 6.9112906
788 11.516932
789 7.086875
790 7.813868
791 10.1499405
792 9.703701
793 8.739292
794 9.064232
795 10.525127
796 10.696871
797 10.565784
798 10.973364
799 13.055936
800 8.854499
801 6.4103565
802 8.400896
803 7.4341583
804 7.502928
805 7.8904696
806 7.7668114
807 7.394475
808 7.7573
809 8.389662
810 8.028387
811 6.6296945
812 8.524094
813 12.113159
814 13.616182
815 11.258879
816 6.3299084
817 8.4644985
818 8.963209
819 9.135352
820 11.386955
821 9.731653
822 12.255588
823 9.09636
824 6.521817
825 11.120611
826 10.609943
827 9.399083
828 10.729311
829 9.006446
830 6.2679987
831 6.8569746
832 7.2572966
833 7.6973925
834 8.859316
835 10.3976
836 9.703996
837 9.999972
838 6.9749737
839 9.0312195
840 6.77351
841 4.2548556
842 8.851257
843 12.188638
844 7.000832
845 8.799774
846 8.784264
847 10.480696
848 7.7479577
849 8.162606
850 9.745135
851 13.231226
852 9.72148
853 6.8868876
854 8.030078
855 11.573171
856 9.6749935
857 8.368707
858 7.0859957
859 9.011738
860 10.989887
861 9.115271
862 9.155913
863 7.630786
864 11.802439
865 5.3320303
866 8.133079
867 6.2807264
868 5.2551084
869 6.6463165
870 9.9113
871 8.305581
872 8.407997
873 10.915154
874 7.796342
875 8.586657
876 6.5219016
877 10.985401
878 10.043162
879 10.965584
880 10.109355
881 7.7916737
882 7.138921
883 6.983428
884 9.53529
885 8.356989
886 7.706815
887 14.224085
888 7.878345
889 7.6621833
890 6.3641825
891 6.2992573
892 6.508198
893 8.855441
894 7.215643
895 6.6820583
896 7.618231
897 5.640665
898 7.774046
899 11.250976
900 8.420443
901 5.2356753
902 5.6270175
903 8.952608
904 9.604647
905 8.023394
906 11.383105
907 7.6760426
908 10.1313
909 12.064999
910 9.653812
911 10.058565
912 7.617507
913 12.398262
914 6.3458486
915 9.5706625
916 7.81974
917 5.488408
918 7.316649
919 7.7854967
920 10.348289
921 8.940949
922 12.247872
923 7.8433285
924 6.5982537
925 6.7908716
926 10.268338
927 10.126514
928 6.294826
929 10.974035
930 9.742872
931 10.253206
932 8.147435
933 9.544807
934 11.354549
935 9.898984
936 11.301925
937 10.899697
938 8.323649
939 8.626299
940 13.207015
941 7.9894977
942 11.581879
943 7.770491
944 7.312459
945 7.717
946 10.25209
947 8.342598
948 10.904262
949 9.582939
950 8.048082
951 9.252664
952 8.509223
953 8.467276
954 11.652206
955 7.9243975
956 7.9075565
957 8.091089
958 5.950043
959 8.754376
960 6.9964867
961 11.975065
962 11.228025
963 8.264027
964 9.012204
965 8.697354
966 6.553135
967 8.902486
968 7.276084
969 6.8301315
970 12.752665
971 6.1448975
972 10.039163
973 7.7794967
974 7.630235
975 12.389004
976 8.196966
977 9.312613
978 6.240636
979 9.252399
980 9.816686
981 7.651007
982 10.338536
983 6.9597497
984 9.089152
985 8.200493
986 7.3801866
987 10.153083
988 9.196674
989 7.326457
990 12.202288
991 6.7567673
992 9.460066
993 4.7416296
994 9.373853
995 6.137135
996 8.024719
997 10.1716385
998 11.903069
999 8.327746
1000 7.2732253
0 9.41083
1 117.01
2 156.633
3 167.248
4 157.514
5 164.35
6 158.464
7 135.805
8 86.9397
9 128.129
10 115.281
11 113.612
12 160.795
13 160.951
14 86.0855
15 124.628
16 122.696
17 164.183
18 138.586
19 88.6709
20 101.243
21 233.861
22 136.419
23 123.787
24 123.769
25 185.457
26 177.15
27 174.983
28 144.546
29 112.617
30 105.059
31 178.549
32 115.164
33 174.264
34 161.243
35 138.03
36 119.733
37 108.752
38 118.381
39 116.326
40 126.753
41 178.908
42 183.77
43 86.59
44 99.371
45 88.7035
46 124.97
47 144.46
48 142.207
49 180.027
50 116.258
51 182.115
52 166.809
53 71.2973
54 114.962
55 97.4427
56 119.294
57 121.836
58 88.7584
59 122.248
60 238.497
61 108.104
62 94.9696
63 141.896
64 83.8053
65 133.851
66 172.691
67 143.033
68 124.833
69 105.891
70 186.06
71 103.079
72 165.04
73 293.286
74 128.829
75 95.801
76 106.132
77 139.028
78 83.563
79 82.4831
80 133.685
81 80.2721
82 95.3901
83 74.8022
84 120.927
85 143.893
86 174.983
87 79.315
88 130.025
89 101.832
90 124.542
91 100.581
92 88.5598
93 137.706
94 278.232
95 136.393
96 157.683
97 90.788
98 96.4057
99 95.4582
100 101.15
101 97.7544
102 94.1103
103 80.905
104 128.069
105 93.4302
106 77.7052
107 96.6483
108 149.156
109 161.571
110 110.288
111 139.096
112 114.661
113 128.902
114 165.386
115 159.554
116 165.991
117 127.113
118 151.585
119 112.909
120 144.233
121 105.85
122 146.69
123 118.7
124 115.712
125 139.368
126 149.786
127 105.59
128 140.038
129 134.1
130 135.364
131 90.5598
132 118.106
133 166.928
134 105.945
135 146.12
136 68.2408
137 93.5066
138 121.804
139 78.8012
140 103.139
141 174.932
142 131.198
143 94.2897
144 126.368
145 138.841
146 124.043
147 106.429
148 95.769
149 168.172
150 251.571
151 178.402
152 99.0336
153 124.501
154 117.381
155 92.8901
156 136.641
157 106.605
158 84.5441
159 127.962
160 139.715
161 96.9093
162 105.782
163 89.1048
164 133.57
165 179.472
166 222.88
167 212.392
168 119.228
169 161.392
170 158.061
171 132.141
172 176.637
173 128.135
174 120.795
175 186.031
176 163.501
177 98.6741
178 121.712
179 170.267
180 134.561
181 77.7322
182 82.7481
183 118.892
184 103.703
185 70.9698
186 94.214
187 112.605
188 90.2546
189 142.01
190 103.586
191 85.456
192 136.043
193 108.381
194 79.1861
195 111.59
196 80.414
197 87.4545
198 79.1478
199 159.725
200 158.139
201 119.757
202 123.228
203 104.673
204 149.003
205 126.72
206 91.8148
207 143.145
208 137.958
209 201.863
210 94.8953
211 116.86
212 148.317
0 9.72151
1 213.087
2 104.049
3 157.251
4 258.555
5 131.14
6 159.771
7 121.735
8 133.464
9 141.884
10 159.458
11 166.862
12 130.596
13 97.7281
14 99.4147
15 132.246
16 192.188
17 208.763
18 173.705
19 146.454
20 109.644
21 129.37
22 127.882
23 114.138
24 141.354
25 136.97
26 148.808
27 131.3
28 158.212
29 139.595
30 170.108
31 115.028
32 105.921
33 111.227
34 177.692
35 224.543
36 155.711
37 123.623
38 102.402
39 77.584
40 141.825
41 141.713
42 116.881
43 105.196
44 117.918
45 90.2796
46 76.3566
47 103.381
48 135.278
49 159.162
50 113.586
51 125.668
52 70.6829
53 133.702
54 103.618
55 163.229
56 118.705
57 144.576
58 58.9241
59 140.44
60 144.454
61 137.694
62 96.5907
63 95.9294
64 169.378
65 143.244
66 83.1224
67 118.261
68 97.4905
69 193.902
70 180.788
71 176.772
72 113.033
73 96.5507
74 102.689
75 126.239
76 136.953
77 85.2712
78 168.911
79 213.848
80 198.218
81 219.109
82 115.869
83 173.215
84 199.13
85 261.171
86 211.624
87 221.7
88 147.305
89 104.179
90 83.7352
91 88.9415
92 95.7639
93 153.804
94 180.632
95 154.656
96 141.024
97 100.226
98 214.389
99 152.302
100 209.189
101 98.5229
102 146.85
103 144.239
104 144.047
105 147.385
106 146.202
107 151.298
108 108.888
109 161.276
110 116.928
111 148.466
112 86.1825
113 83.1201
114 98.1939
115 101.901
116 147.98
117 188.586
118 147.582
119 114.7
120 101.146
121 94.6068
122 174.474
123 136.062
124 149.86
125 92.976
126 217.212
127 89.9081
128 145.405
129 95.2332
130 152.065
131 152.694
132 163.024
133 111.549
134 147.241
135 157.257
136 176.232
137 176.61
138 128.185
139 111.7
140 136.882
141 217.49
142 211.309
143 120.991
144 95.562
145 135.631
146 136.993
0 9.51374
200 149.912
400 86.6908
600 118.329
800 147.448
1000 120.344
0 8.80968
200 95.6122
400 174.047
600 114.788
800 110.592
1000 151.09
0 10.0593
200 1487.05
400 1521.27
600 1294.5
800 1228.25
1000 1710.51
0 7.93221
200 14.7776
400 16.2867
600 10.3218
800 13.2765
1000 7.83377
0 2.50413
200 106.762
400 143.345
600 165.834
800 96.87
1000 133.266
0 7.5032
200 12.7328
400 17.5283
600 13.1544
800 12.2399
1000 16.4854
0 2.29322
1 2.29818
2 2.21171
3 2.10702
4 2.18788
5 1.98691
6 2.12046
7 2.07959
8 2.13063
9 2.00163
10 1.9556
11 1.94411
12 2.20175
13 2.08576
14 2.13462
15 1.96202
