0 1.8416054
1 1.013257
2 1.0076041
3 1.0335429
4 1.0685058
5 1.0332242
6 1.0592306
7 1.0412885
8 1.0739222
9 1.0145822
10 1.0966249
11 1.0000095
12 1.0417585
13 1.0844152
14 1.0338666
15 1.0260849
16 1.000432
17 1.0136127
18 1.0096998
19 1.0266359
20 1.030396
21 1.0389789
22 1.0424917
23 1.0444068
24 1.0368932
25 1.0089936
26 1.0000087
27 1.0671028
28 1.0786978
29 1.0040779
30 1.0915062
31 1.0153522
32 1.019935
33 1.1029502
34 1.0324473
35 1.0055323
36 1.0657368
37 1.0265112
38 1.0084085
39 1.002054
40 1.0037875
41 1.0589882
42 1.0277812
43 1.006186
44 1.0587801
45 1.1167114
46 1.0574753
47 1.1035519
48 1.0311825
49 1.0029247
50 1.0478824
51 1.0931668
52 1.0326743
53 1.0375215
54 1.0753729
55 1.0100166
56 1.0392715
57 1.0395079
58 1.0060701
59 1.028718
60 1.1057041
61 1.0371659
62 1.0669636
63 1.0424544
64 1.1012061
65 1.1043096
66 1.1190555
67 1.0386366
68 1.0519454
69 1.0549982
70 1.0432222
71 1.1280137
72 1.0173311
73 1.0413857
74 1.0463717
75 1.0515428
76 1.092618
77 1.073284
78 1.0765747
79 1.0061765
80 1.0003536
81 1.1086798
82 1.0056114
83 1.0794394
84 1.0351527
85 1.0492513
86 1.077851
87 1.099179
88 1.0110532
89 1.0278962
90 1.147814
91 1.1164553
92 1.1274915
93 1.0621588
94 1.0465939
95 1.052266
96 1.0504012
97 1.1534717
98 1.065289
99 1.102999
100 1.0579952
101 1.0435972
102 1.1068939
103 1.0303471
104 1.0964502
105 1.1136541
106 1.1055181
107 1.0829967
108 1.1601825
109 1.1314023
110 1.0592716
111 1.0225819
112 1.1742039
113 1.0747448
114 1.0463419
115 1.1094974
116 1.0988538
117 1.0485601
118 1.0151781
119 1.1427526
120 1.0356077
121 1.1144733
122 1.1529253
123 1.0987012
124 1.0578699
125 1.0786669
126 1.1132965
127 1.103368
128 1.1097414
129 1.0493152
130 1.0575182
131 1.0644766
132 1.1714944
133 1.0531793
134 1.0572951
135 1.0962741
136 1.0628343
137 1.2394173
138 1.1175225
139 1.1030704
140 1.1189001
141 1.0903693
142 1.04006
143 1.0689559
144 1.0713959
145 1.0191116
146 1.1764531
147 1.1346841
148 1.0632682
149 1.0828348
150 1.1770384
151 1.1377462
152 1.206883
153 1.202684
154 1.0784761
155 1.1771287
156 1.1162429
157 1.3058141
158 1.1829972
159 1.1667864
160 1.1563962
161 1.0931916
162 1.116688
163 1.1872615
164 1.0502602
165 1.1865486
166 1.0950484
167 1.0799664
168 1.2123549
169 1.2041141
170 1.1177931
171 1.0618453
172 1.2030239
173 1.0560784
174 1.1082586
175 1.0438077
176 1.0839274
177 1.1181178
178 1.1056817
179 1.0904081
180 1.1099105
181 1.0957739
182 1.0934644
183 1.1364105
184 1.0931332
185 1.1466551
186 1.1664021
187 1.1348035
188 1.175761
189 1.0569403
190 1.1874132
191 1.1734687
192 1.1982157
193 1.2215506
194 1.0461106
195 1.2018492
196 1.1070266
197 1.146173
198 1.0746839
199 1.0438709
200 1.1303078
201 1.1192768
202 1.1695526
203 1.1137468
204 1.091438
205 1.1172295
206 1.1892772
207 1.0817127
208 1.0796423
209 1.2028098
210 1.1762305
211 1.1204157
212 1.1566769
213 1.1745383
214 1.0833443
215 1.1676093
216 1.1836326
217 1.1129991
218 1.1709752
219 1.0814428
220 1.2065408
221 1.15728
222 1.0991759
223 1.194058
224 1.3222542
225 1.1680906
226 1.0884063
227 1.2230396
228 1.1382377
229 1.0674336
230 1.1382267
231 1.2946115
232 1.0803586
233 1.080974
234 1.2217374
235 1.0829582
236 1.0947853
237 1.2214123
238 1.1392194
239 1.1047221
240 1.1596338
241 1.1478586
242 1.1606581
243 1.151201
244 1.0916252
245 1.1487494
246 1.2840941
247 1.2260538
248 1.0949099
249 1.1127567
250 1.1031679
251 1.2045517
252 1.1820846
253 1.160777
254 1.1814746
255 1.2262886
256 1.2120638
257 1.1711814
258 1.1408513
259 1.1427385
260 1.1288893
261 1.2146256
262 1.2166457
263 1.1716182
264 1.1399784
265 1.1485485
266 1.0791814
267 1.3053352
268 1.1069338
269 1.2464113
270 1.1390215
271 1.0589546
272 1.3287452
273 1.2481924
274 1.1630898
275 1.2705789
276 1.214741
277 1.0931317
278 1.092991
279 1.1268774
280 1.1549546
281 1.2076341
282 1.165825
283 1.1796545
284 1.1745484
285 1.2585418
286 1.2304714
287 1.2208198
288 1.1491463
289 1.123869
290 1.1940458
291 1.3171024
292 1.1152618
293 1.0912554
294 1.2091489
295 1.1994679
296 1.2637074
297 1.1284316
298 1.2310312
299 1.142077
300 1.1408455
301 1.2030133
302 1.1360985
303 1.1618128
304 1.154525
305 1.2055042
306 1.1021814
307 1.1142089
308 1.4671197
309 1.0506579
310 1.0999525
311 1.1107466
312 1.22857
313 1.1365572
314 1.2051263
315 1.2273333
316 1.1418266
317 1.2692888
318 1.2531674
319 1.2697045
320 1.1590333
321 1.2247797
322 1.1576748
323 1.2321887
324 1.1901248
325 1.2334843
326 1.1571923
327 1.2979285
328 1.3448018
329 1.2452228
330 1.0689006
331 1.3081735
332 1.2596068
333 1.2033567
334 1.3426275
335 1.2373506
336 1.3074125
337 1.140518
338 1.1125517
339 1.3005873
340 1.3206179
341 1.0755033
342 1.346549
343 1.157977
344 1.2600074
345 1.2933049
346 1.1377306
347 1.3479638
348 1.2471378
349 1.3046224
350 1.1562681
351 1.3789451
352 1.1079264
353 1.2058489
354 1.2888751
355 1.2258986
356 1.2232422
357 1.1700847
358 1.2203171
359 1.1881318
360 1.1820949
361 1.1578221
362 1.3155911
363 1.3421609
364 1.3036046
365 1.0959768
366 1.2504656
367 1.425829
368 1.2099485
369 1.2678753
370 1.1375037
371 1.1768637
372 1.2839774
373 1.1377499
374 1.1171494
375 1.113196
376 1.1653221
377 1.0793339
378 1.1316628
379 1.1839805
380 1.1753253
381 1.2990555
382 1.1691078
383 1.2371447
384 1.2979577
385 1.0535662
386 1.2039434
387 1.1551872
388 1.2480835
389 1.214853
390 1.3452649
391 1.3364766
392 1.2685393
393 1.4529922
394 1.2210019
395 1.1766553
396 1.1669742
397 1.1731474
398 1.2793443
399 1.2688298
400 1.1816556
401 1.1905985
402 1.2466489
403 1.1800265
404 1.4534642
405 1.207179
406 1.2111024
407 1.3004841
408 1.124771
409 1.2149472
410 1.2087488
411 1.3461306
412 1.3598595
413 1.1905766
414 1.1734955
415 1.1371435
416 1.2121491
417 1.2896268
418 1.1595557
419 1.2787266
420 1.1784548
421 1.2909509
422 1.4087695
423 1.1329615
424 1.3948207
425 1.161929
426 1.2764072
427 1.1550646
428 1.2398422
429 1.2884908
430 1.4019669
431 1.2270361
432 1.2289307
433 1.3405656
434 1.2831273
435 1.0963384
436 1.3156633
437 1.1859114
438 1.2974145
439 1.3483491
440 1.180895
441 1.2087827
442 1.2592405
443 1.2966807
444 1.3954242
445 1.3349979
446 1.2660931
447 1.2091872
448 1.2845646
449 1.2510298
450 1.2595978
451 1.169973
452 1.1120193
453 1.1474626
454 1.1894183
455 1.2302783
456 1.250729
457 1.2570972
458 1.3020706
459 1.2578932
460 1.1591825
461 1.1055241
462 1.257278
463 1.2269337
464 1.235379
465 1.2089016
466 1.1673594
467 1.3241597
468 1.2738502
469 1.2635436
470 1.328657
471 1.2484646
472 1.3236132
473 1.2616564
474 1.165885
475 1.3196352
476 1.372217
477 1.3202356
478 1.3286448
479 1.2693243
480 1.3632225
481 1.3745368
482 1.2076707
483 1.2123336
484 1.3007193
485 1.3788053
486 1.3858045
487 1.3630826
488 1.2144601
489 1.4595184
490 1.2076089
491 1.3033648
492 1.2797167
493 1.1889739
494 1.2635816
495 1.2416513
496 1.3667501
497 1.2302213
498 1.2411587
499 1.495839
500 1.329932
501 1.2466412
502 1.229595
503 1.3014636
504 1.2989058
505 1.2407546
506 1.2549684
507 1.1931535
508 1.239706
509 1.4685192
510 1.3782699
511 1.3239692
512 1.2855976
513 1.3134459
514 1.3326263
515 1.3247209
516 1.2928033
517 1.1776537
518 1.2286379
519 1.3084176
520 1.2756523
521 1.2989513
522 1.4187945
523 1.4967546
524 1.2713131
525 1.3239655
526 1.2894821
527 1.4204865
528 1.4349825
529 1.3325565
530 1.3828673
531 1.5119686
532 1.1806935
533 1.1813357
534 1.3784305
535 1.2627969
536 1.299803
537 1.3039557
538 1.4447196
539 1.3856703
540 1.5133905
541 1.4679481
542 1.3204526
543 1.2219207
544 1.3705347
545 1.2896165
546 1.2807044
547 1.229641
548 1.4679298
549 1.299955
550 1.411186
551 1.3812263
552 1.259253
553 1.4140012
554 1.2426906
555 1.2015164
556 1.4726027
557 1.6009967
558 1.4307268
559 1.3052106
560 1.4240549
561 1.2701768
562 1.3362306
563 1.2712489
564 1.2761183
565 1.5187068
566 1.2923646
567 1.2858969
568 1.2189679
569 1.279386
570 1.3543054
571 1.1784701
572 1.15888
573 1.1907886
574 1.2922328
575 1.4873291
576 1.2058091
577 1.2189815
578 1.2377462
579 1.2399101
580 1.3324494
581 1.4616978
582 1.305725
583 1.4094746
584 1.433877
585 1.2810228
586 1.2432187
587 1.2654781
588 1.3967645
589 1.2732489
590 1.2824528
591 1.3406267
592 1.3430308
593 1.2303782
594 1.337225
595 1.3706247
596 1.2256858
597 1.2664431
598 1.3376231
599 1.3539877
600 1.3677863
601 1.319085
602 1.4546586
603 1.3973064
604 1.363798
605 1.2556252
606 1.2846595
607 1.4103415
608 1.2234501
609 1.369649
610 1.3954568
611 1.2572746
612 1.210145
613 1.409349
614 1.3133097
615 1.5556056
616 1.4235513
617 1.23557
618 1.3675313
619 1.2726276
620 1.2186728
621 1.1454184
622 1.3991518
623 1.4179001
624 1.4995108
625 1.3885441
626 1.4966534
627 1.3600433
628 1.3917115
629 1.3774393
630 1.4522406
631 1.37861
632 1.3524855
633 1.228354
634 1.3515327
635 1.1267563
636 1.6050489
637 1.3869557
638 1.3562343
639 1.3615912
640 1.2856381
641 1.163058
642 1.4055562
643 1.3816998
644 1.4565089
645 1.3486319
646 1.4152014
647 1.4942319
648 1.210845
649 1.2536974
650 1.1944325
651 1.306176
652 1.3592455
653 1.1767766
654 1.4747097
655 1.2942028
656 1.3638704
657 1.4073703
658 1.3507543
659 1.3806959
660 1.3980174
661 1.2458239
662 1.3467896
663 1.5287975
664 1.298916
665 1.3486315
666 1.2535411
667 1.2489376
668 1.2561325
669 1.2199069
670 1.4102741
671 1.3270373
672 1.3009274
673 1.1305494
674 1.1876612
675 1.1397457
676 1.3921623
677 1.1650003
678 1.4935379
679 1.4189427
680 1.4709531
681 1.4152586
682 1.136112
683 1.3962734
684 1.4294782
685 1.4005301
686 1.3350108
687 1.3623
688 1.2322903
689 1.3422914
690 1.211323
691 1.3567358
692 1.3010236
693 1.3813357
694 1.4395523
695 1.3767139
696 1.4785568
697 1.3295351
698 1.3521235
699 1.2902834
700 1.5174088
701 1.418238
702 1.348094
703 1.3338952
704 1.3128475
705 1.2797359
706 1.3531694
707 1.466785
708 1.3024019
709 1.365277
710 1.3110147
711 1.4080948
712 1.6200349
713 1.3292948
714 1.3911775
715 1.3453093
716 1.2545533
717 1.3911963
718 1.333184
719 1.6599836
720 1.2777754
721 1.3947519
722 1.4321244
723 1.2656928
724 1.3141569
725 1.2289878
726 1.3829197
727 1.3727796
728 1.385597
729 1.429343
730 1.5256143
731 1.2396243
732 1.3206961
733 1.3832933
734 1.6042262
735 1.4696777
736 1.4098706
737 1.2575293
738 1.331414
739 1.3121988
740 1.3663418
741 1.2964096
742 1.3852872
743 1.522145
744 1.5689683
745 1.3188026
746 1.4620892
747 1.3442844
748 1.4619257
749 1.4199299
750 1.3752153
751 1.2965524
752 1.4620882
753 1.3628485
754 1.33924
755 1.2859153
756 1.3933005
757 1.1621342
758 1.2449943
759 1.4920347
760 1.1776291
761 1.5278904
762 1.319353
763 1.3582001
764 1.3363463
765 1.4722583
766 1.4072737
767 1.6038872
768 1.3480058
769 1.3794979
770 1.3287694
771 1.6233137
772 1.2390401
773 1.425407
774 1.4866002
775 1.2648234
776 1.3536532
777 1.3157732
778 1.3622096
779 1.2899673
780 1.3495464
781 1.7410347
782 1.2316506
783 1.3152095
784 1.4264429
785 1.3358083
786 1.3264487
787 1.3097649
788 1.5098226
789 1.2372637
790 1.3679879
791 1.285456
792 1.3073505
793 1.2262034
794 1.3443134
795 1.2736847
796 1.2320273
797 1.2491093
798 1.3253947
799 1.2266885
800 1.3474282
801 1.3067513
802 1.4381549
803 1.3263652
804 1.2972987
805 1.3016968
806 1.3087552
807 1.4827523
808 1.4679767
809 1.4013963
810 1.3097931
811 1.2920358
812 1.3550901
813 1.3658729
814 1.4602182
815 1.4039257
816 1.2591934
817 1.3695354
818 1.273397
819 1.2553418
820 1.321976
821 1.5038947
822 1.3637772
823 1.4009718
824 1.3432915
825 1.3766927
826 1.3124766
827 1.3375344
828 1.3975058
829 1.3112258
830 1.417831
831 1.3578485
832 1.3932123
833 1.384181
834 1.5354838
835 1.2237215
836 1.4790567
837 1.2664462
838 1.3331342
839 1.3748741
840 1.2772065
841 1.3636541
842 1.4198004
843 1.2466358
844 1.2774026
845 1.4365985
846 1.4491462
847 1.5036153
848 1.3990909
849 1.1703389
850 1.5154135
851 1.195542
852 1.2833328
853 1.4123166
854 1.2737134
855 1.3351221
856 1.3885522
857 1.236229
858 1.3831024
859 1.3236599
860 1.3481126
861 1.2463422
862 1.2045019
863 1.3686571
864 1.4410794
865 1.4186747
866 1.3886442
867 1.3510718
868 1.459235
869 1.4527073
870 1.4812717
871 1.50492
872 1.3493981
873 1.3603498
874 1.3673964
875 1.3617024
876 1.2242873
877 1.4569073
878 1.3100634
879 1.3374151
880 1.2386185
881 1.4772525
882 1.3236141
883 1.3401128
884 1.3988664
885 1.379834
886 1.286509
887 1.323483
888 1.3207662
889 1.463006
890 1.3796401
891 1.4544134
892 1.3205177
893 1.4434477
894 1.400657
895 1.358896
896 1.3278975
897 1.5767483
898 1.3965852
899 1.5128396
900 1.251848
901 1.3215649
902 1.5402644
903 1.2245129
904 1.2963543
905 1.3559077
906 1.351608
907 1.2952961
908 1.3695602
909 1.4477191
910 1.4264576
911 1.2805638
912 1.4699531
913 1.3052455
914 1.3835042
915 1.3529022
916 1.4811482
917 1.5264571
918 1.315094
919 1.4664652
920 1.4273729
921 1.2531254
922 1.2660669
923 1.3096137
924 1.4947363
925 1.3614323
926 1.2258041
927 1.4587011
928 1.3466947
929 1.3409714
930 1.3445104
931 1.4453871
932 1.665965
933 1.3119512
934 1.3832157
935 1.326884
936 1.3168318
937 1.1877092
938 1.2612829
939 1.3861282
940 1.4874942
941 1.3494232
942 1.4079206
943 1.5223567
944 1.4058261
945 1.2802212
946 1.4066386
947 1.3951647
948 1.5408558
949 1.300119
950 1.4138827
951 1.4949777
952 1.3940692
953 1.3298241
954 1.3485149
955 1.5034907
956 1.3773317
957 1.3535538
958 1.3786738
959 1.4294403
960 1.4933925
961 1.3399793
962 1.2795279
963 1.3333211
964 1.4613234
965 1.2368795
966 1.4211354
967 1.3272827
968 1.3157494
969 1.4675126
970 1.1667029
971 1.3474455
972 1.2685385
973 1.4081352
974 1.3090856
975 1.418786
976 1.5169486
977 1.3267096
978 1.3613687
979 1.3889925
980 1.507023
981 1.457989
982 1.3432837
983 1.3022349
984 1.3925947
985 1.333874
986 1.3444508
987 1.3325424
988 1.3398564
989 1.2652956
990 1.4803553
991 1.4098914
992 1.348071
993 1.3886781
994 1.2668577
995 1.3019406
996 1.4547133
997 1.454668
998 1.424908
999 1.4767284
1000 1.4742987
0 1.89101
1 1.0231
2 1.09722
3 1.01897
4 1.008
5 1.02292
6 1.05876
7 1.05717
8 1.02042
9 1.03047
10 1.021
11 1.00305
12 1.04164
13 1.02477
14 1.08279
15 1.02191
16 1.04786
17 1.03991
18 1.0064
19 1.01515
20 1.02985
21 1.00337
22 1.00987
23 1.04715
24 1.01233
25 1.04164
26 1.00958
27 1.02129
28 1.0445
29 1.06721
30 1.01829
31 1.03198
32 1.03118
33 1.03335
34 1.00074
35 1.01861
36 1.00194
37 1.00017
38 1.00055
39 1.03851
40 1.01243
41 1.03284
42 1.00922
43 1.03331
44 1.00391
45 1.04201
46 1.08384
47 1.02766
48 1.00586
49 1.0
50 1.08298
51 1.00125
52 1.05941
53 1.06563
54 1.05402
55 1.01136
56 1.01113
57 1.01573
58 1.09172
59 1.03192
60 1.00004
61 1.04145
62 1.09164
63 1.03822
64 1.0172
65 1.00002
66 1.01564
67 1.00799
68 1.00106
69 1.00042
70 1.02352
71 1.02111
72 1.00468
73 1.03003
74 1.04528
75 1.0773
76 1.0322
77 1.04323
78 1.0367
79 1.02097
80 1.00064
81 1.03235
82 1.07177
83 1.01975
84 1.00163
85 1.00702
86 1.03141
87 1.07624
88 1.01088
89 1.0274
90 1.04495
91 1.03168
92 1.05517
93 1.00444
94 1.02587
95 1.07387
96 1.08289
97 1.05818
98 1.06342
99 1.02079
100 1.03219
101 1.04509
102 1.06073
103 1.07902
104 1.09653
105 1.03935
106 1.00281
107 1.0075
108 1.04667
109 1.00104
110 1.0062
111 1.03191
112 1.0622
113 1.00019
114 1.03976
115 1.0311
116 1.07464
117 1.03178
118 1.03813
119 1.02705
120 1.00009
121 1.0435
122 1.0
123 1.04218
124 1.01624
125 1.01402
126 1.01803
127 1.05828
128 1.00332
129 1.01559
130 1.00001
131 1.06531
132 1.04034
133 1.00003
134 1.0032
135 1.01398
136 1.05827
137 1.02152
138 1.02851
139 1.05449
140 1.02414
141 1.02383
142 1.03002
143 1.03916
144 1.03483
145 1.03392
146 1.01232
147 1.00131
148 1.00622
149 1.04168
150 1.00558
151 1.03257
152 1.04739
153 1.05982
154 1.00062
155 1.0061
156 1.01591
157 1.03301
158 1.03607
159 1.0546
160 1.00575
161 1.01931
162 1.03317
163 1.00001
164 1.03007
165 1.03821
166 1.00162
167 1.00812
168 1.00819
169 1.04386
170 1.00155
171 1.05516
172 1.00804
173 1.00085
174 1.05944
175 1.0193
176 1.00103
177 1.06091
178 1.07819
179 1.01507
180 1.00086
181 1.04066
182 1.00188
183 1.01147
184 1.02586
185 1.0102
186 1.04017
187 1.02541
188 1.00186
189 1.03572
190 1.03211
191 1.06415
192 1.00015
193 1.00367
194 1.05502
195 1.00167
196 1.04947
197 1.02258
198 1.07092
199 1.00883
200 1.00402
201 1.01821
202 1.01078
203 1.04103
204 1.03119
205 1.00548
206 1.00661
207 1.06186
208 1.00003
209 1.00197
210 1.07997
211 1.00002
212 1.00878
0 1.62218
1 1.03527
2 1.08982
3 1.05293
4 1.00793
5 1.03105
6 1.00016
7 1.03237
8 1.07155
9 1.09439
10 1.03236
11 1.02289
12 1.05685
13 1.09966
14 1.02634
15 1.03043
16 1.01101
17 1.00397
18 1.00025
19 1.03663
20 1.09293
21 1.07229
22 1.02794
23 1.00917
24 1.01974
25 1.00175
26 1.01167
27 1.04092
28 1.0121
29 1.00006
30 1.01834
31 1.00223
32 1.04181
33 1.02985
34 1.06464
35 1.00713
36 1.05245
37 1.05351
38 1.01263
39 1.01545
40 1.03244
41 1.01288
42 1.00938
43 1.04024
44 1.01451
45 1.0233
46 1.0067
47 1.06029
48 1.04543
49 1.01892
50 1.02791
51 1.05166
52 1.06136
53 1.00171
54 1.00955
55 1.03143
56 1.04361
57 1.07699
58 1.00562
59 1.04061
60 1.00004
61 1.02413
62 1.00023
63 1.04917
64 1.02003
65 1.03897
66 1.06073
67 1.00376
68 1.00226
69 1.00865
70 1.05357
71 1.00099
72 1.03999
73 1.00916
74 1.0107
75 1.04891
76 1.00624
77 1.03181
78 1.01764
79 1.00386
80 1.00568
81 1.00112
82 1.02993
83 1.0543
84 1.01496
85 1.06731
86 1.0355
87 1.0283
88 1.00148
89 1.09797
90 1.04447
91 1.02427
92 1.02469
93 1.03046
94 1.03405
95 1.00113
96 1.04185
97 1.05555
98 1.00111
99 1.01995
100 1.0
101 1.0679
102 1.06118
103 1.0143
104 1.01042
105 1.00085
106 1.03087
107 1.01041
108 1.01536
109 1.00415
110 1.05152
111 1.03223
112 1.02212
113 1.05091
114 1.03597
115 1.06156
116 1.00636
117 1.01894
118 1.00233
119 1.01951
120 1.00492
121 1.04881
122 1.03354
123 1.02195
124 1.07112
125 1.02259
126 1.09869
127 1.04886
128 1.01254
129 1.01874
130 1.04836
131 1.02241
132 1.01541
133 1.00592
134 1.00122
135 1.05295
136 1.00103
137 1.02829
138 1.02921
139 1.00074
140 1.00267
141 1.0
142 1.00171
143 1.08011
144 1.00061
145 1.00434
146 1.03113
0 2.12283
200 1.00018
400 1.04706
600 1.00278
800 1.00249
1000 1.02172
0 1.65573
200 1.07933
400 1.0831
600 1.02978
800 1.07638
1000 1.01231
0 1.79321
200 1.0
400 1.0
600 1.00214
800 1.0
1000 1.00001
0 2.1632
200 1.31046
400 1.19573
600 1.13344
800 1.46472
1000 1.40648
0 8.74083
200 1.03432
400 1.00016
600 1.01701
800 1.0227
1000 1.00641
0 2.20495
200 1.15992
400 1.25649
600 1.21873
800 1.14053
1000 1.17769
0 9.58387
1 9.57811
2 9.13587
3 8.84949
4 8.9898
5 8.74454
6 8.894
7 8.73422
8 8.05043
9 8.41919
10 8.16489
11 8.29257
12 8.61493
13 8.04453
14 8.54708
15 8.07026
