0 5.8192997
100 0.9081854
200 0.6007803
300 0.27193928
400 0.14544538
500 0.0149336
600 0.2911065
700 0.18457223
800 0.6012193
900 0.045166805
1000 0.31085324
1100 0.10321872
1200 0.31884763
1300 0.2308352
1400 0.078410715
1500 0.05372403
1600 0.08793477
1700 0.09779685
1800 0.046248887
1900 0.058812723
2000 0.022538373
2100 0.010611923
2200 0.26327476
2300 0.21398202
2400 0.030015955
2500 0.027039612
2600 0.0417004
2700 0.28945842
2800 0.06335824
2900 0.07665466
3000 0.015013548
3100 0.05889078
3200 0.07609062
3300 0.14336869
3400 0.13639767
3500 0.0066843866
3600 0.21293999
3700 0.038029414
3800 0.007839464
3900 0.11310591
4000 0.01887181
4100 0.02362201
4200 0.011164144
4300 0.024751099
4400 0.27455997
4500 0.09838058
4600 0.07506257
4700 0.08400086
4800 0.11784168
4900 0.07139433
5000 0.19584472
5100 0.025497906
5200 0.012508857
5300 0.003920886
5400 0.04129786
5500 0.08053431
5600 0.007786485
5700 0.032810565
5800 0.08624854
5900 0.0044672373
6000 0.12979299
6100 0.018490927
6200 0.0051658363
6300 0.044166602
6400 0.006116642
6500 0.010821091
6600 0.13112803
6700 0.032408636
6800 0.02592025
6900 0.043663267
7000 0.007977729
7100 0.02337468
7200 0.0015009048
7300 0.038910847
7400 0.0014773718
7500 0.0075874683
7600 0.017100392
7700 0.002141207
7800 0.024055758
7900 0.027976818
8000 0.023007866
8100 0.020824375
8200 0.0037620687
8300 0.02461012
8400 0.013993208
8500 0.004034276
8600 0.014907217
8700 0.0026582188
8800 0.008412909
8900 0.0019181006
9000 0.018984573
9100 0.0072294674
9200 0.0013319479
9300 0.017624518
9400 0.0047209496
9500 0.032359652
9600 0.004618628
9700 0.008385377
9800 0.008426168
9900 0.0039022474
10000 0.0617968
10100 0.024858547
10200 0.009907997
10300 0.011122242
10400 0.010444612
10500 0.0029953835
10600 0.0029436399
10700 0.0014302586
10800 0.0026218574
10900 0.0014434134
11000 0.0041316506
11100 0.009010188
11200 0.0049597425
11300 0.0073709036
11400 0.009650601
11500 0.004038394
11600 0.0055955346
11700 0.0017659307
11800 0.007549095
11900 0.0022251168
12000 0.035876468
12100 0.0042663654
12200 0.0033193287
12300 0.004664168
12400 0.0005574537
12500 0.003209337
12600 0.00071489264
12700 0.0059890226
12800 0.019873979
12900 0.003984106
13000 0.006494813
13100 0.0012482149
13200 0.00861975
13300 0.01791041
13400 0.017950244
13500 0.0003648571
13600 0.0052093463
13700 0.0024698603
13800 0.0046298746
13900 0.0008788261
14000 0.0044615963
14100 0.0018105708
14200 0.0073804096
14300 0.0061438847
14400 0.007321913
14500 0.0031172514
14600 0.0013323004
14700 0.0024453604
14800 0.0011063331
14900 0.008718684
15000 0.0065492257
15100 0.0004705836
15200 0.0047392203
15300 0.00049677
15400 0.0004836906
15500 0.005570473
15600 0.0005609002
15700 0.003465898
15800 0.0009785345
15900 0.0048363195
16000 0.007264706
16100 0.002015528
16200 0.0041046
16300 0.004291095
16400 0.0016550816
16500 0.0040702233
16600 0.0021565156
16700 0.0008527056
16800 0.004273029
16900 0.0003618571
17000 0.0025418648
17100 0.00036689622
17200 0.00083829893
17300 0.0023286098
17400 0.0023421189
17500 0.0038219364
