0 4.0336313
100 0.6295062
200 0.4164292
300 0.18849394
400 0.10081505
500 0.010351183
600 0.20177965
700 0.12793572
800 0.41673344
900 0.031307243
1000 0.21546705
1100 0.071545765
1200 0.22100833
1300 0.16000277
1400 0.054350164
1500 0.037238657
1600 0.06095174
1700 0.06778761
1800 0.032057285
1900 0.040765874
2000 0.01562241
2100 0.007355625
2200 0.18248816
2300 0.14832103
2400 0.020805474
2500 0.018742431
2600 0.028904514
2700 0.2006373
2800 0.043916583
2900 0.05313296
3000 0.010406598
3100 0.040819976
3200 0.052742
3300 0.099375606
3400 0.094543666
3500 0.0046332637
3600 0.14759876
3700 0.02635998
3800 0.005433902
3900 0.07839904
4000 0.0130809415
4100 0.01637353
4200 0.0077383947
4300 0.017156154
4400 0.19031046
4500 0.06819222
4600 0.05202941
4700 0.05822496
4800 0.08168163
4900 0.049486782
5000 0.13574922
5100 0.017673802
5200 0.008670479
5300 0.002717751
5400 0.028625496
5500 0.05582213
5600 0.00539718
5700 0.02274255
5800 0.059782933
5900 0.003096453
6000 0.08996564
6100 0.012816934
6200 0.003580685
6300 0.030613955
6400 0.0042397333
6500 0.0075006085
6600 0.09089102
6700 0.022463955
6800 0.017966548
6900 0.03026507
7000 0.0055297404
7100 0.016202094
7200 0.001040348
7300 0.026970945
7400 0.0010240361
7500 0.005259232
7600 0.011853089
7700 0.0014841716
7800 0.016674181
7900 0.019392053
8000 0.015947837
8100 0.014434356
8200 0.0026076674
8300 0.017058436
8400 0.009699353
8500 0.0027963473
8600 0.010332895
8700 0.001842537
8800 0.005831384
8900 0.0013295261
9000 0.013159104
9100 0.005011085
9200 0.0009232359
9300 0.012216385
9400 0.003272313
9500 0.02243
9600 0.003201389
9700 0.0058123004
9800 0.005840575
9900 0.0027048318
10000 0.04283428
10100 0.017230632
10200 0.0068677003
10300 0.0077093504
10400 0.0072396537
10500 0.0020762417
10600 0.0020403757
10700 0.0009913797
10800 0.001817333
10900 0.001000498
11000 0.002863842
11100 0.006245387
11200 0.0034378315
11300 0.005109121
11400 0.0066892873
11500 0.0027992015
11600 0.0038785292
11700 0.0012240498
11800 0.005232634
11900 0.0015423335
12000 0.024867672
12100 0.0029572193
12200 0.0023007833
12300 0.003232955
12400 0.00038639747
12500 0.002224543
12600 0.00049552583
12700 0.004151274
12800 0.013775593
12900 0.0027615717
13000 0.0045018615
13100 0.0008651966
13200 0.005974755
13300 0.0124145495
13400 0.012442161
13500 0.00025289966
13600 0.0036108438
13700 0.0017119767
13800 0.0032091846
13900 0.0006091558
14000 0.003092543
14100 0.0012549921
14200 0.00511571
14300 0.0042586164
14400 0.005075163
14500 0.002160714
14600 0.00092348026
14700 0.0016949947
14800 0.00076685165
14900 0.0060433317
15000 0.0045395773
15100 0.00032618368
15200 0.0032849773
15300 0.00034433475
15400 0.00033526876
15500 0.0038611577
15600 0.00038878637
15700 0.0024023775
15800 0.0006782684
15900 0.0033522812
16000 0.0050355103
16100 0.0013970576
16200 0.0028450917
16300 0.0029743602
16400 0.0011472151
16500 0.0028212639
16600 0.0014947827
16700 0.0005910505
16800 0.002961838
16900 0.00025082022
17000 0.0017618864
17100 0.00025431308
17200 0.00058106455
17300 0.0016140693
17400 0.0016234331
17500 0.0026491645
