0 4.948127
100 1.6283824
200 1.8858368
300 1.3093632
400 1.296379
500 1.063475
600 1.5415859
700 1.1641637
800 1.2483513
900 1.1198838
1000 1.4609448
1100 1.2872086
1200 1.2868179
1300 1.210986
1400 1.1783524
1500 1.1019728
1600 1.2267823
1700 1.1573621
1800 1.0955781
1900 1.1594133
2000 1.0813932
2100 1.043428
2200 1.2103477
2300 1.1605871
2400 1.1064088
2500 1.0769078
2600 1.1205608
2700 1.0857389
2800 1.1160746
2900 1.1703262
3000 1.051143
3100 1.129667
3200 1.0726497
3300 1.2482346
3400 1.0659885
3500 1.0263803
3600 1.1609304
3700 1.0921187
3800 1.0308938
3900 1.0380647
4000 1.0729806
4100 1.0720501
4200 1.040835
4300 1.0597293
4400 1.1224195
4500 1.0946226
4600 1.0720086
4700 1.0444793
4800 1.1292455
4900 1.1265674
5000 1.0666687
5100 1.069987
5200 1.0383065
5300 1.017241
5400 1.0576668
5500 1.0649657
5600 1.0297184
5700 1.0566901
5800 1.0857803
5900 1.0201321
6000 1.1495665
6100 1.053745
6200 1.0181309
6300 1.0635966
6400 1.0246439
6500 1.031155
6600 1.0737604
6700 1.1037279
6800 1.0745347
6900 1.1191732
7000 1.03052
7100 1.0691122
7200 1.0062907
7300 1.0959268
7400 1.0067008
7500 1.0283304
7600 1.0461861
7700 1.0095546
7800 1.0672547
7900 1.064334
8000 1.0532383
8100 1.0533539
8200 1.0157505
8300 1.0500903
8400 1.0468712
8500 1.017786
8600 1.0487587
8700 1.0108845
8800 1.0286943
8900 1.0093237
9000 1.0432708
9100 1.0238372
9200 1.0061085
9300 1.0400386
9400 1.0161121
9500 1.0713995
9600 1.0159129
9700 1.0311205
9800 1.0278989
9900 1.0154972
10000 1.0381219
10100 1.0736282
10200 1.0332514
10300 1.0249873
10400 1.0370991
10500 1.0113257
10600 1.0135996
10700 1.0068197
10800 1.0113332
10900 1.007179
11000 1.017527
11100 1.035012
11200 1.0168548
11300 1.0251796
11400 1.0292904
11500 1.0128031
11600 1.0196531
11700 1.007929
11800 1.0299006
11900 1.00977
12000 1.0802824
12100 1.0150468
12200 1.0121611
12300 1.0180633
12400 1.00322
12500 1.0127584
12600 1.0036616
12700 1.0179031
12800 1.059922
12900 1.0170276
13000 1.0260036
13100 1.00585
13200 1.029585
13300 1.0509517
13400 1.0482022
13500 1.001789
13600 1.0209935
13700 1.0089455
13800 1.0180254
13900 1.004205
14000 1.014019
14100 1.0083108
14200 1.0231662
14300 1.0186756
14400 1.0254533
14500 1.0125173
14600 1.00581
14700 1.0100158
14800 1.0054443
14900 1.0308683
15000 1.0233582
15100 1.0025845
15200 1.0180798
15300 1.0027285
15400 1.0026884
15500 1.0200541
15600 1.003005
15700 1.0143548
15800 1.0051205
15900 1.0191429
16000 1.0252783
16100 1.0086727
16200 1.0178226
16300 1.0168387
16400 1.0077353
16500 1.01546
16600 1.0093405
16700 1.0041748
16800 1.0157614
16900 1.0019175
17000 1.0118406
17100 1.0019937
17200 1.0042716
17300 1.008986
17400 1.0098034
17500 1.0140071
