0 0.125
100 0.375
200 0.25
300 0.59375
400 0.5
500 0.375
600 0.40625
700 0.40625
800 0.46875
900 0.46875
1000 0.4375
1100 0.4375
1200 0.46875
1300 0.375
1400 0.375
1500 0.53125
1600 0.625
1700 0.5625
1800 0.625
1900 0.53125
2000 0.5
2100 0.5625
2200 0.34375
2300 0.53125
2400 0.46875
2500 0.71875
2600 0.46875
2700 0.46875
2800 0.53125
2900 0.4375
3000 0.5
3100 0.5625
3200 0.5625
3300 0.53125
3400 0.5625
3500 0.46875
3600 0.4375
3700 0.59375
3800 0.59375
3900 0.59375
4000 0.46875
4100 0.46875
4200 0.59375
4300 0.4375
4400 0.375
4500 0.4375
4600 0.375
4700 0.4375
4800 0.5625
4900 0.625
5000 0.5
5100 0.59375
5200 0.625
5300 0.53125
5400 0.5625
5500 0.53125
5600 0.71875
5700 0.5
5800 0.59375
5900 0.375
6000 0.40625
6100 0.59375
6200 0.625
6300 0.65625
6400 0.625
6500 0.5625
6600 0.3125
6700 0.46875
6800 0.5625
6900 0.53125
7000 0.59375
7100 0.65625
7200 0.4375
7300 0.59375
7400 0.75
7500 0.625
7600 0.59375
7700 0.5
7800 0.65625
7900 0.8125
8000 0.6875
8100 0.6875
8200 0.5
8300 0.5625
8400 0.5625
8500 0.75
8600 0.65625
8700 0.65625
8800 0.59375
8900 0.5625
9000 0.53125
9100 0.5
9200 0.5625
9300 0.8125
9400 0.6875
9500 0.5625
9600 0.65625
9700 0.71875
9800 0.5625
9900 0.59375
10000 0.59375
10100 0.625
10200 0.6875
10300 0.625
10400 0.625
10500 0.5625
10600 0.625
10700 0.625
10800 0.75
10900 0.65625
11000 0.59375
11100 0.65625
11200 0.65625
11300 0.6875
11400 0.53125
11500 0.6875
11600 0.6875
11700 0.6875
11800 0.65625
11900 0.53125
12000 0.65625
12100 0.625
12200 0.625
12300 0.65625
12400 0.71875
12500 0.625
12600 0.625
12700 0.625
12800 0.75
12900 0.46875
13000 0.5625
13100 0.65625
13200 0.65625
13300 0.6875
13400 0.65625
13500 0.625
13600 0.625
13700 0.65625
13800 0.75
13900 0.65625
14000 0.84375
14100 0.75
14200 0.78125
14300 0.65625
14400 0.625
14500 0.71875
14600 0.75
14700 0.78125
14800 0.78125
14900 0.65625
15000 0.6875
15100 0.75
15200 0.59375
15300 0.6875
15400 0.8125
15500 0.75
15600 0.78125
15700 0.6875
15800 0.75
15900 0.84375
16000 0.6875
16100 0.65625
16200 0.65625
16300 0.6875
16400 0.65625
16500 0.71875
16600 0.53125
16700 0.6875
16800 0.65625
16900 0.6875
17000 0.71875
17100 0.59375
17200 0.625
17300 0.71875
17400 0.6875
17500 0.8125
17600 0.8125
17700 0.75
17800 0.5625
17900 0.625
18000 0.75
18100 0.71875
18200 0.84375
18300 0.71875
18400 0.6875
18500 0.625
18600 0.71875
18700 0.71875
18800 0.6875
18900 0.6875
19000 0.65625
19100 0.5
19200 0.6875
19300 0.71875
19400 0.75
19500 0.625
19600 0.71875
19700 0.6875
19800 0.6875
19900 0.78125
20000 0.53125
20100 0.53125
20200 0.8125
20300 0.625
20400 0.65625
20500 0.53125
20600 0.6875
20700 0.5
20800 0.8125
20900 0.78125
21000 0.84375
21100 0.78125
21200 0.75
21300 0.53125
21400 0.8125
21500 0.875
21600 0.71875
21700 0.78125
21800 0.84375
21900 0.71875
22000 0.78125
22100 0.8125
22200 0.71875
22300 0.625
22400 0.78125
22500 0.78125
22600 0.625
22700 0.78125
22800 0.78125
22900 0.65625
23000 0.6875
23100 0.71875
23200 0.625
23300 0.6875
23400 0.78125
23500 0.75
23600 0.75
23700 0.71875
23800 0.5625
23900 0.75
24000 0.71875
24100 0.71875
24200 0.78125
24300 0.8125
24400 0.71875
24500 0.71875
24600 0.625
24700 0.75
24800 0.71875
24900 0.78125
25000 0.84375
25100 0.875
25200 0.84375
25300 0.78125
25400 0.8125
25500 0.78125
25600 0.71875
25700 0.90625
25800 0.8125
25900 0.9375
26000 0.78125
26100 0.6875
26200 0.625
26300 0.75
26400 0.78125
26500 0.75
26600 0.71875
26700 0.84375
26800 0.625
26900 0.78125
