0 3.32193
100 2.44924
200 2.78049
300 1.88476
400 2.12006
500 2.27259
600 2.57751
700 2.15169
800 2.06481
900 2.59497
1000 2.43504
1100 2.30144
1200 2.27262
1300 2.4831
1400 2.1369
1500 1.88866
1600 1.84586
1700 2.03188
1800 1.57091
1900 2.31958
2000 2.31758
2100 1.84552
2200 2.44036
2300 2.33701
2400 2.06327
2500 1.55391
2600 2.33828
2700 2.44561
2800 1.87593
2900 1.86559
3000 2.29232
3100 1.78065
3200 2.04762
3300 2.03314
3400 1.82478
3500 1.92864
3600 2.56052
3700 1.66944
3800 1.83733
3900 1.91946
4000 2.05813
4100 1.98421
4200 1.87771
4300 2.30736
4400 2.44601
4500 2.24239
4600 2.05164
4700 2.20091
4800 2.02206
4900 1.55252
5000 1.90139
5100 1.81747
5200 2.06478
5300 1.84802
5400 1.81436
5500 2.41077
5600 1.33017
5700 2.11401
5800 1.70523
5900 2.5425
6000 2.61466
6100 1.84816
6200 1.53435
6300 1.52408
6400 1.34773
6500 1.65972
6600 2.20377
6700 2.02778
6800 1.92002
6900 1.82407
7000 1.83543
7100 1.72793
7200 2.38473
7300 1.78549
7400 1.37627
7500 2.04876
7600 1.90489
7700 2.06486
7800 1.93865
7900 1.03203
8000 1.53915
8100 1.55973
8200 1.61299
8300 1.6375
8400 1.8631
8500 1.34292
8600 1.64021
8700 1.2271
8800 1.80039
8900 1.8693
9000 1.63536
9100 1.9323
9200 1.90536
9300 1.18367
9400 1.69193
9500 1.8155
9600 1.37255
9700 1.54813
9800 1.54927
9900 1.66059
10000 1.99008
10100 1.66982
10200 1.12689
10300 1.54003
10400 1.40048
10500 1.69595
10600 1.73051
10700 1.36641
10800 1.24428
10900 1.71587
11000 1.52151
11100 1.65762
11200 1.69463
11300 1.31683
11400 1.92256
11500 1.47997
11600 1.40738
11700 1.28902
11800 1.3957
11900 1.70696
12000 1.40977
12100 1.4408
12200 1.24429
12300 1.55994
12400 1.12857
12500 1.38789
12600 1.68312
12700 1.59765
12800 1.18472
12900 1.60307
13000 1.78698
13100 1.34254
13200 1.54474
13300 1.3109
13400 1.62904
13500 1.55905
13600 1.41815
13700 1.26338
13800 1.07129
13900 1.5625
14000 0.913083
14100 1.33576
14200 1.06926
14300 1.25176
14400 1.57847
14500 1.3316
14600 1.07944
14700 1.37538
14800 1.37988
14900 1.45115
15000 1.37287
15100 1.25477
15200 1.75187
15300 1.13879
15400 1.20542
15500 1.19981
15600 1.14315
15700 1.27866
15800 1.12408
15900 1.00636
16000 1.50199
16100 1.45386
16200 1.56384
16300 1.2591
16400 1.39269
16500 1.06295
16600 1.96752
16700 1.10368
16800 1.34387
16900 1.29189
17000 1.06113
17100 1.90777
17200 1.59925
17300 1.18664
17400 1.14799
17500 1.14707
17600 1.14539
17700 1.46139
17800 1.5298
17900 1.38522
18000 1.14431
18100 1.13963
18200 1.02824
18300 1.42822
18400 1.09972
18500 1.36766
18600 1.41249
18700 1.49825
18800 1.30685
18900 1.46067
19000 1.12158
19100 1.63093
19200 1.50918
19300 1.06642
19400 1.21504
19500 1.11503
19600 1.1919
19700 1.3355
19800 1.18355
19900 1.11752
20000 2.17388
20100 2.12958
20200 1.04388
20300 1.50195
20400 1.45189
20500 1.45856
20600 1.03383
20700 1.95474
20800 1.0558
20900 1.38211
21000 0.819095
21100 1.00166
21200 1.19053
21300 1.67033
21400 1.04058
21500 0.876606
21600 1.09096
21700 0.738833
21800 0.814007
21900 1.34551
22000 1.12312
22100 0.736487
22200 1.31278
22300 1.7616
22400 0.994227
22500 1.08817
22600 1.36302
22700 1.04878
22800 1.07614
22900 1.12231
23000 1.19931
23100 1.1483
23200 1.38543
23300 1.19613
23400 0.948271
23500 1.01416
23600 1.17335
23700 1.08389
23800 1.62067
23900 1.3847
24000 1.40915
24100 1.30062
24200 0.849685
24300 1.08766
24400 1.21587
24500 1.24786
24600 1.48426
24700 0.940855
24800 1.32065
24900 1.24532
25000 0.936058
25100 0.642023
25200 0.910357
25300 0.919812
25400 0.843608
25500 1.07818
25600 1.24196
25700 0.8628
25800 1.21437
25900 0.715357
26000 0.853754
26100 1.38354
26200 1.42665
26300 1.11603
26400 1.0208
26500 0.983644
26600 1.27084
26700 0.825608
26800 1.42128
26900 1.13722
