0 2.30259
100 1.69769
200 1.92729
300 1.30641
400 1.46951
500 1.57524
600 1.78659
700 1.49144
800 1.43122
900 1.7987
1000 1.68784
1100 1.59524
1200 1.57526
1300 1.72115
1400 1.48118
1500 1.30912
1600 1.27945
1700 1.4084
1800 1.08887
1900 1.60781
2000 1.60643
2100 1.27922
2200 1.69153
2300 1.61989
2400 1.43015
2500 1.07709
2600 1.62077
2700 1.69517
2800 1.3003
2900 1.29313
3000 1.58892
3100 1.23425
3200 1.4193
3300 1.40927
3400 1.26484
3500 1.33683
3600 1.77481
3700 1.15716
3800 1.27354
3900 1.33047
4000 1.42659
4100 1.37535
4200 1.30153
4300 1.59934
4400 1.69544
4500 1.55431
4600 1.42209
4700 1.52556
4800 1.40158
4900 1.07613
5000 1.31794
5100 1.25977
5200 1.43119
5300 1.28095
5400 1.25762
5500 1.67102
5600 0.922005
5700 1.46532
5800 1.18197
5900 1.76233
6000 1.81235
6100 1.28104
6200 1.06353
6300 1.05641
6400 0.934173
6500 1.15043
6600 1.52754
6700 1.40555
6800 1.33086
6900 1.26435
7000 1.27222
7100 1.19771
7200 1.65297
7300 1.23761
7400 0.953956
7500 1.42009
7600 1.32037
7700 1.43125
7800 1.34377
7900 0.715352
8000 1.06686
8100 1.08112
8200 1.11804
8300 1.13503
8400 1.2914
8500 0.930838
8600 1.13691
8700 0.85056
8800 1.24793
8900 1.2957
9000 1.13355
9100 1.33937
9200 1.3207
9300 0.820458
9400 1.17276
9500 1.25841
9600 0.951377
9700 1.07308
9800 1.07387
9900 1.15103
10000 1.37942
10100 1.15743
10200 0.7811
10300 1.06747
10400 0.970738
10500 1.17554
10600 1.1995
10700 0.947121
10800 0.86247
10900 1.18935
11000 1.05463
11100 1.14897
11200 1.17463
11300 0.912754
11400 1.33262
11500 1.02584
11600 0.97552
11700 0.893479
11800 0.967427
11900 1.18318
12000 0.977177
12100 0.998688
12200 0.862479
12300 1.08127
12400 0.782264
12500 0.962011
12600 1.16665
12700 1.10741
12800 0.821183
12900 1.11116
13000 1.23864
13100 0.930579
13200 1.07073
13300 0.90865
13400 1.12916
13500 1.08065
13600 0.982987
13700 0.87571
13800 0.742559
13900 1.08304
14000 0.632901
14100 0.925877
14200 0.741154
14300 0.867655
14400 1.09411
14500 0.922997
14600 0.748212
14700 0.95334
14800 0.956457
14900 1.00586
15000 0.951602
15100 0.869739
15200 1.2143
15300 0.78935
15400 0.835533
15500 0.831645
15600 0.792372
15700 0.886298
15800 0.779156
15900 0.697557
16000 1.0411
16100 1.00774
16200 1.08397
16300 0.872745
16400 0.965336
16500 0.736779
16600 1.36378
16700 0.765014
16800 0.931501
16900 0.895473
17000 0.735521
17100 1.32236
17200 1.10852
17300 0.822517
17400 0.795725
17500 0.79509
17600 0.793927
17700 1.01296
17800 1.06038
17900 0.960161
18000 0.793176
18100 0.789932
18200 0.71272
18300 0.989964
18400 0.76227
18500 0.947989
18600 0.979064
18700 1.0385
18800 0.905841
18900 1.01246
19000 0.777423
19100 1.13047
19200 1.04608
19300 0.739187
19400 0.842201
19500 0.772877
19600 0.826164
19700 0.925695
19800 0.820372
19900 0.774606
20000 1.50682
20100 1.47612
20200 0.723565
20300 1.04107
20400 1.00638
20500 1.011
20600 0.716596
20700 1.35492
20800 0.731825
20900 0.958004
21000 0.567753
21100 0.694299
21200 0.825214
21300 1.15778
21400 0.721276
21500 0.607617
21600 0.756194
21700 0.51212
21800 0.564227
21900 0.932639
22000 0.778486
22100 0.510494
22200 0.909951
22300 1.22104
22400 0.689146
22500 0.754265
22600 0.944775
22700 0.72696
22800 0.745925
22900 0.777925
23000 0.831299
23100 0.795944
23200 0.960309
23300 0.829093
23400 0.657291
23500 0.702961
23600 0.813304
23700 0.751295
23800 1.12336
23900 0.9598
24000 0.976745
24100 0.901518
24200 0.588957
24300 0.753907
24400 0.842777
24500 0.864947
24600 1.02881
24700 0.652151
24800 0.915402
24900 0.86319
25000 0.648826
25100 0.445016
25200 0.631011
25300 0.637565
25400 0.584745
25500 0.747335
25600 0.86086
25700 0.598047
25800 0.841735
25900 0.495847
26000 0.591777
26100 0.958994
26200 0.988878
26300 0.77357
26400 0.707564
26500 0.68181
26600 0.880876
26700 0.572268
26800 0.985155
26900 0.788261
