0 10.0
100 5.87269
200 6.7234
300 5.39265
400 5.2709
500 5.83662
600 5.0409
700 5.01031
800 5.51566
900 5.67659
1000 5.08198
1100 5.11817
1200 4.96239
1300 5.49892
1400 4.70465
1500 5.22848
1600 5.34563
1700 5.36948
1800 4.43136
1900 4.77321
2000 4.36458
2100 4.60115
2200 5.451
2300 5.22129
2400 5.13738
2500 4.57201
2600 4.75349
2700 4.86738
2800 4.26365
2900 4.3154
3000 5.30346
3100 4.70682
3200 4.45313
3300 4.77798
3400 4.66308
3500 4.42037
3600 4.45212
3700 4.17395
3800 4.82957
3900 3.99278
4000 4.59077
4100 4.56956
4200 4.95723
4300 4.82715
4400 4.57919
4500 4.04598
4600 4.40118
4700 4.03513
4800 4.17393
4900 3.97348
5000 4.07798
5100 4.30631
5200 4.36932
5300 4.38431
5400 4.36001
5500 4.37703
5600 4.25918
5700 4.33577
5800 4.29217
5900 4.85456
6000 4.21118
6100 4.27835
6200 4.06337
6300 4.38369
6400 3.90125
6500 4.3189
6600 4.46217
6700 4.06308
6800 4.30608
6900 4.33969
7000 3.26151
7100 3.75772
7200 4.05168
7300 4.45178
7400 3.79217
7500 3.82927
7600 4.70648
7700 3.88203
7800 4.03111
7900 3.68555
8000 4.00508
8100 3.62633
8200 3.78865
8300 3.47145
8400 4.53511
8500 3.6023
8600 4.13109
8700 3.49119
8800 3.86987
8900 4.01916
9000 3.89992
9100 4.0565
9200 4.16931
9300 3.67296
9400 4.34895
9500 3.98349
9600 3.25156
9700 3.65665
9800 3.63908
9900 3.74596
10000 3.96294
10100 3.19544
10200 3.39156
10300 3.61109
10400 3.48511
10500 3.92273
10600 3.51436
10700 3.69677
10800 3.74104
10900 3.16162
11000 2.99555
11100 3.37402
11200 4.05677
11300 3.37967
11400 3.66524
11500 3.66083
11600 4.19346
11700 3.5137
11800 3.37532
11900 4.18474
12000 3.58469
12100 3.91161
12200 3.5181
12300 3.44272
12400 3.3924
12500 3.38183
12600 3.8735
12700 3.77062
12800 2.65932
12900 3.82036
13000 3.80464
13100 3.29069
13200 3.20607
13300 3.403
13400 3.54792
13500 3.92273
13600 3.87165
13700 3.28182
13800 3.25656
13900 3.58706
14000 3.30643
14100 3.30718
14200 3.22784
14300 3.56366
14400 3.4976
14500 3.41236
14600 3.13966
14700 3.27333
14800 3.86795
14900 4.23444
15000 3.27177
15100 3.21931
15200 3.34206
15300 2.98327
15400 3.64111
15500 3.40443
15600 3.42698
15700 3.36617
15800 3.5473
15900 3.13858
16000 3.33357
16100 3.28532
16200 2.98713
16300 3.23496
16400 3.61181
16500 2.85638
16600 3.79424
16700 3.54373
16800 3.17049
16900 2.93553
17000 3.48885
17100 3.02401
17200 3.06426
17300 3.60706
17400 3.42905
17500 3.35523
17600 3.0395
17700 3.42009
17800 3.96481
17900 3.68718
18000 3.65763
18100 2.98356
18200 3.23724
18300 3.20339
18400 2.79137
18500 3.56813
18600 3.97348
18700 3.18613
18800 3.26124
18900 3.69064
19000 3.67373
19100 3.60114
19200 3.99797
19300 3.46173
19400 3.30864
19500 3.16664
19600 3.0985
19700 3.42451
19800 3.12224
19900 3.62333
20000 3.90141
20100 3.03786
20200 3.05448
20300 3.71807
20400 3.52395
20500 3.31422
20600 3.22202
20700 3.75019
20800 3.47042
20900 3.49787
21000 3.10807
21100 2.96465
21200 3.36485
21300 3.48919
21400 3.13042
21500 3.35565
21600 3.00315
21700 2.35748
21800 2.94249
21900 3.46061
22000 3.34254
22100 2.9296
22200 3.01355
22300 3.7388
22400 3.44266
22500 3.19682
22600 3.15155
22700 3.38277
22800 3.5867
22900 3.40438
23000 3.48172
23100 3.15347
23200 3.93364
23300 3.16146
23400 2.91005
23500 3.1747
23600 3.39232
23700 2.79133
23800 3.98631
23900 3.13263
24000 3.5051
24100 3.55188
24200 2.71931
24300 2.9379
24400 2.91612
24500 3.76126
24600 3.66871
24700 2.846
24800 3.16765
24900 3.47616
25000 3.30863
25100 2.72565
25200 2.86753
25300 3.13847
25400 2.85461
25500 3.56907
25600 3.1215
25700 2.90154
25800 3.1871
25900 3.02221
26000 3.22855
26100 3.24478
26200 3.30428
26300 3.34603
26400 3.06639
26500 2.84471
26600 3.79007
26700 3.14955
26800 3.45403
26900 2.98496
