0 0.028125
100 0.37187502
200 0.40000004
300 0.45625
400 0.4375
500 0.503125
600 0.50624996
700 0.45
800 0.459375
900 0.490625
1000 0.4875
1100 0.440625
1200 0.49375004
1300 0.49687502
1400 0.525
1500 0.515625
1600 0.46250004
1700 0.440625
1800 0.5
1900 0.50625
2000 0.54375
2100 0.496875
2200 0.5
2300 0.55
2400 0.49687502
2500 0.45312497
2600 0.503125
2700 0.51562506
2800 0.55312496
2900 0.534375
3000 0.47812504
3100 0.47500002
3200 0.48437506
3300 0.53125
3400 0.51875
3500 0.446875
3600 0.546875
3700 0.50625
3800 0.503125
3900 0.47187498
4000 0.553125
4100 0.509375
4200 0.52500004
4300 0.55937505
4400 0.54687494
4500 0.515625
4600 0.559375
4700 0.5625
4800 0.621875
4900 0.54062504
5000 0.6375
5100 0.515625
5200 0.484375
5300 0.49999997
5400 0.534375
5500 0.603125
5600 0.53749996
5700 0.521875
5800 0.49062502
5900 0.47500002
6000 0.5125
6100 0.50937504
6200 0.5
6300 0.51250005
6400 0.50312495
6500 0.553125
6600 0.565625
6700 0.5625
6800 0.4875
6900 0.5625
7000 0.48125002
7100 0.54375005
7200 0.51875
7300 0.553125
7400 0.51875
7500 0.53125
7600 0.48125
7700 0.559375
7800 0.559375
7900 0.540625
8000 0.559375
8100 0.53125
8200 0.590625
8300 0.584375
8400 0.546875
8500 0.5125
8600 0.559375
8700 0.56875
8800 0.49375
8900 0.48437503
9000 0.5687501
9100 0.52500004
9200 0.525
9300 0.546875
9400 0.48750004
9500 0.55312496
9600 0.596875
9700 0.60312504
9800 0.55625004
9900 0.515625
10000 0.534375
10100 0.528125
10200 0.59062505
10300 0.6
10400 0.525
10500 0.5125
10600 0.54375005
10700 0.49687502
10800 0.6
10900 0.55625004
11000 0.56250006
11100 0.559375
11200 0.503125
11300 0.490625
11400 0.546875
11500 0.47187498
11600 0.5625
11700 0.48125005
11800 0.5187501
11900 0.521875
12000 0.525
12100 0.5
12200 0.5375
12300 0.54999995
12400 0.4875
12500 0.45937502
12600 0.534375
12700 0.546875
12800 0.52500004
12900 0.4875
13000 0.50625
13100 0.4875
13200 0.565625
13300 0.47812498
13400 0.5
13500 0.55625004
13600 0.52187496
13700 0.521875
13800 0.5187501
13900 0.528125
14000 0.575
14100 0.528125
14200 0.47812498
14300 0.5812501
14400 0.546875
14500 0.496875
14600 0.525
14700 0.54062504
14800 0.55312496
14900 0.540625
15000 0.515625
15100 0.546875
15200 0.603125
15300 0.55625004
