0 4.769142
100 3.0888336
200 2.866623
300 2.5348356
400 2.567021
500 2.3672907
600 2.3184931
700 2.5084531
800 2.5528808
900 2.553481
1000 2.4332085
1100 2.6419883
1200 2.3976967
1300 2.5571778
1400 2.3025727
1500 2.2758582
1600 2.4054103
1700 2.606066
1800 2.277641
1900 2.2897727
2000 2.2983835
2100 2.3737984
2200 2.4385357
2300 2.1047919
2400 2.2462716
2500 2.586403
2600 2.3633006
2700 2.260088
2800 2.2484086
2900 2.1778812
3000 2.382002
3100 2.467054
3200 2.353141
3300 1.9881363
3400 2.25117
3500 2.4314017
3600 2.3754363
3700 2.315418
3800 2.4028528
3900 2.5309799
4000 2.2199972
4100 2.3016407
4200 2.1486964
4300 1.9534479
4400 2.1416368
4500 2.2857559
4600 1.9908012
4700 2.0827289
4800 1.8825207
4900 2.0943718
5000 1.8531401
5100 2.25803
5200 2.54598
5300 2.4445634
5400 2.1613808
5500 1.919518
5600 2.2358947
5700 2.0919006
5800 2.300594
5900 2.370115
6000 2.3754246
6100 2.2840934
6200 2.3019407
6300 2.3633096
6400 2.3278873
6500 2.1413987
6600 1.9443045
6700 2.1586998
6800 2.3279612
6900 2.0987687
7000 2.393729
7100 2.1405437
7200 2.155875
7300 2.25626
7400 2.3448677
7500 2.218875
7600 2.4771326
7700 1.997276
7800 1.958622
7900 2.1616113
8000 2.1137505
8100 2.1314032
8200 2.129815
8300 2.0958712
8400 2.038296
8500 2.3967628
8600 2.0689304
8700 2.1494942
8800 2.4669545
8900 2.384208
9000 2.1813333
9100 2.2168002
9200 2.1745942
9300 2.226458
9400 2.4913547
9500 2.148778
9600 1.979351
9700 1.9492617
9800 2.0360887
9900 2.3604052
10000 2.2956462
10100 2.2095964
10200 1.8782922
10300 1.9171067
10400 2.1315687
10500 2.4474363
10600 2.2537332
10700 2.4129672
10800 1.828748
10900 2.16072
11000 2.0526075
11100 2.2225106
11200 2.1686637
11300 2.44603
11400 2.279789
11500 2.4101684
11600 2.1657107
11700 2.2893162
11800 2.3100135
11900 2.2427886
12000 2.157342
12100 2.2194252
12200 2.1282668
12300 2.1795485
12400 2.3187299
12500 2.394501
12600 2.1911218
12700 2.0740278
12800 2.3427682
12900 2.4662008
13000 2.4613252
13100 2.3482583
13200 1.9700145
13300 2.458173
13400 2.2365627
13500 2.155425
13600 2.2832534
13700 2.3472624
13800 2.250705
13900 2.2456942
14000 2.028648
14100 2.2186992
14200 2.4465704
14300 2.1333544
14400 2.2833116
14500 2.5142927
14600 2.2234643
14700 2.153962
14800 2.1126235
14900 2.2356467
15000 2.225653
15100 2.1509593
15200 1.8874912
15300 2.0684767
