0 3.3057175
100 2.1410162
200 1.9869915
300 1.7570142
400 1.7793232
500 1.640881
600 1.607057
700 1.7387272
800 1.7695221
900 1.7699382
1000 1.6865716
1100 1.8312868
1200 1.6619567
1300 1.7725005
1400 1.5960218
1500 1.5775046
1600 1.6673033
1700 1.8063873
1800 1.5787405
1900 1.5871495
2000 1.5931181
2100 1.6453916
2200 1.6902641
2300 1.4589306
2400 1.5569968
2500 1.7927579
2600 1.638115
2700 1.5665736
2800 1.5584781
2900 1.5095923
3000 1.6510781
3100 1.7100315
3200 1.6310731
3300 1.3780711
3400 1.560392
3500 1.6853192
3600 1.6465269
3700 1.6049255
3800 1.6655307
3900 1.7543416
4000 1.5387847
4100 1.5953758
4200 1.4893628
4300 1.3540269
4400 1.4844695
4500 1.5843652
4600 1.3799182
4700 1.4436376
4800 1.3048639
4900 1.451708
5000 1.2844988
5100 1.565147
5200 1.7647389
5300 1.6944422
5400 1.498155
5500 1.3305085
5600 1.5498041
5700 1.4499949
5800 1.5946503
5900 1.6428386
6000 1.646519
6100 1.583213
6200 1.5955837
6300 1.6381215
6400 1.6135685
6500 1.4843044
6600 1.3476892
6700 1.4962966
6800 1.6136198
6900 1.4547557
7000 1.6592065
7100 1.4837118
7200 1.4943386
7300 1.5639201
7400 1.6253384
7500 1.5380069
7600 1.7170175
7700 1.3844062
7800 1.3576133
7900 1.4983147
8000 1.4651401
8100 1.4773761
8200 1.4762753
8300 1.4527472
8400 1.412839
8500 1.6613095
8600 1.4340732
8700 1.4899158
8800 1.7099626
8900 1.652607
9000 1.5119851
9100 1.5365689
9200 1.5073138
9300 1.5432631
9400 1.7268755
9500 1.4894195
9600 1.3719816
9700 1.3511252
9800 1.4113091
9900 1.6361082
10000 1.5912207
10100 1.5315756
10200 1.3019329
10300 1.3288372
10400 1.4774908
10500 1.6964337
10600 1.5621687
10700 1.6725414
10800 1.2675915
10900 1.497697
11000 1.422759
11100 1.5405269
11200 1.5032032
11300 1.6954588
11400 1.5802293
11500 1.6706015
11600 1.5011562
11700 1.586833
11800 1.6011794
11900 1.5545826
12000 1.4953555
12100 1.5383884
12200 1.4752022
12300 1.5107479
12400 1.607221
12500 1.6597416
12600 1.51877
12700 1.4376066
12800 1.6238832
12900 1.7094402
13000 1.7060606
13100 1.6276886
13200 1.36551
13300 1.7038757
13400 1.5502671
13500 1.4940268
13600 1.5826306
13700 1.6269983
13800 1.5600698
13900 1.5565965
14000 1.4061515
14100 1.5378852
14200 1.6958334
14300 1.4787287
14400 1.582671
14500 1.742775
14600 1.541188
14700 1.4930127
14800 1.464359
14900 1.5496322
15000 1.542705
15100 1.4909313
15200 1.3083092
15300 1.4337587
