0 26.428205
100 10.410577
200 8.38663
300 7.9997044
400 7.5850196
500 7.07543
600 7.1129365
700 7.3549986
800 7.2313204
900 7.432914
1000 6.447176
1100 7.31759
1200 7.3918314
1300 6.980754
1400 7.1811423
1500 6.9028316
1600 7.150693
1700 7.0595255
1800 6.5603337
1900 6.2770367
2000 6.793712
2100 6.878171
2200 6.5888042
2300 6.126639
2400 6.6086645
2500 6.92004
2600 6.500156
2700 6.604956
2800 6.4966965
2900 6.2684546
3000 6.6348643
3100 6.4582767
3200 6.259034
3300 6.1781635
3400 6.639128
3500 6.564537
3600 6.1712394
3700 6.537994
3800 6.883236
3900 6.4275627
4000 6.618141
4100 6.7533975
4200 6.3547797
4300 6.3829737
4400 6.2684755
4500 6.353435
4600 5.7539053
4700 6.0209465
4800 5.901765
4900 6.0801344
5000 6.2902164
5100 6.649919
5200 6.442772
5300 6.48098
5400 6.240351
5500 6.1062984
5600 6.1638923
5700 6.662822
5800 6.2413645
5900 5.9713497
6000 7.003843
6100 6.5478096
6200 6.5252233
6300 5.8105345
6400 6.467883
6500 6.093959
6600 6.0439687
6700 6.5427766
6800 6.551199
6900 6.6243734
7000 6.351342
7100 6.2571545
7200 6.4558587
7300 6.180095
7400 6.1981034
7500 6.2667403
7600 6.904374
7700 6.0809035
7800 6.136854
7900 6.116088
8000 6.045255
8100 6.080369
8200 6.1961746
8300 6.230322
8400 5.919693
8500 6.5655894
8600 6.265617
8700 6.616288
8800 6.395834
8900 6.313614
9000 6.5756803
9100 6.0815687
9200 6.209797
9300 6.412799
9400 6.4865522
9500 6.087468
9600 5.919471
9700 6.2291074
9800 5.8047075
9900 6.5576153
10000 6.4963923
10100 6.2032323
10200 5.9479976
10300 5.6918
10400 6.454643
10500 6.816616
10600 6.5827484
10700 6.5406914
10800 5.7747355
10900 6.3963976
11000 6.117825
11100 6.234776
11200 6.40568
11300 6.4196267
11400 6.2066483
11500 6.58431
11600 6.1098485
11700 6.7813993
11800 6.4535294
11900 6.1018033
12000 6.388548
12100 6.4113917
12200 5.6310267
12300 6.2313166
12400 6.203722
12500 6.644663
12600 6.1428957
12700 5.6319785
12800 6.167323
12900 6.3152075
13000 6.985753
13100 6.227825
13200 6.021239
13300 6.6198454
13400 6.4683805
13500 6.4697943
13600 5.969996
13700 6.1033697
13800 6.2938347
13900 6.000388
14000 6.064273
14100 6.1352267
14200 6.5624685
14300 6.3188653
14400 5.5521183
14500 6.5551867
14600 6.3935566
14700 6.182579
14800 6.186772
14900 6.428273
15000 6.332185
15100 5.555041
15200 5.88136
15300 6.007197
