0 0.1875
100 0.25
200 0.3125
300 0.34375
400 0.40625
500 0.375
600 0.40625
700 0.375
800 0.59375
900 0.4375
1000 0.4375
1100 0.46875
1200 0.53125
1300 0.3125
1400 0.4375
1500 0.375
1600 0.3125
1700 0.53125
1800 0.4375
1900 0.4375
2000 0.46875
2100 0.5625
2200 0.625
2300 0.5
2400 0.5625
2500 0.5
2600 0.5
2700 0.5
2800 0.59375
2900 0.53125
3000 0.46875
3100 0.5625
3200 0.5625
3300 0.5625
3400 0.53125
3500 0.46875
3600 0.5
3700 0.40625
3800 0.28125
3900 0.65625
4000 0.46875
4100 0.46875
4200 0.53125
4300 0.53125
4400 0.4375
4500 0.59375
4600 0.625
4700 0.625
4800 0.6875
4900 0.71875
5000 0.4375
5100 0.53125
5200 0.625
5300 0.625
5400 0.4375
5500 0.625
5600 0.53125
5700 0.46875
5800 0.59375
5900 0.4375
6000 0.59375
6100 0.4375
6200 0.6875
6300 0.53125
6400 0.5625
6500 0.5
6600 0.5
6700 0.5625
6800 0.5625
6900 0.75
7000 0.625
7100 0.5
7200 0.4375
7300 0.71875
7400 0.625
7500 0.4375
7600 0.625
7700 0.71875
7800 0.65625
7900 0.3125
8000 0.6875
8100 0.65625
8200 0.46875
8300 0.53125
8400 0.53125
8500 0.6875
8600 0.53125
8700 0.53125
8800 0.71875
8900 0.625
9000 0.625
9100 0.59375
9200 0.59375
9300 0.65625
9400 0.53125
9500 0.625
9600 0.8125
9700 0.5625
9800 0.71875
9900 0.625
10000 0.53125
10100 0.375
10200 0.46875
10300 0.75
10400 0.71875
10500 0.6875
10600 0.5
10700 0.75
10800 0.78125
10900 0.78125
11000 0.53125
11100 0.8125
11200 0.59375
11300 0.71875
11400 0.53125
11500 0.75
11600 0.75
11700 0.65625
11800 0.65625
11900 0.6875
12000 0.6875
12100 0.71875
12200 0.625
12300 0.75
12400 0.78125
12500 0.65625
12600 0.8125
12700 0.6875
12800 0.6875
12900 0.625
13000 0.6875
13100 0.75
13200 0.71875
13300 0.8125
13400 0.84375
13500 0.75
13600 0.6875
13700 0.75
13800 0.71875
13900 0.8125
14000 0.6875
14100 0.65625
14200 0.8125
14300 0.75
14400 0.71875
14500 0.8125
14600 0.8125
14700 0.75
14800 0.8125
14900 0.75
15000 0.71875
15100 0.6875
15200 0.71875
15300 0.8125
15400 0.75
15500 0.78125
15600 0.71875
15700 0.8125
15800 0.875
15900 0.8125
16000 0.78125
16100 0.75
16200 0.8125
16300 0.8125
16400 0.9375
16500 0.84375
16600 0.8125
16700 0.71875
16800 0.875
16900 0.84375
17000 0.71875
17100 0.8125
17200 0.78125
17300 0.78125
17400 0.78125
17500 0.8125
17600 0.78125
17700 0.78125
17800 0.84375
17900 0.75
18000 0.84375
18100 0.71875
18200 0.84375
18300 0.875
18400 0.71875
18500 0.84375
18600 0.8125
18700 0.84375
18800 0.875
18900 0.75
19000 0.8125
19100 0.75
19200 0.8125
19300 0.78125
19400 0.65625
19500 0.84375
19600 0.84375
19700 0.78125
