0 3.30291
100 2.82675
200 2.7428
300 2.85047
400 2.30988
500 2.36504
600 2.35714
700 2.44049
800 1.84562
900 2.49439
1000 1.97339
1100 1.99806
1200 1.89481
1300 2.45505
1400 2.1032
1500 2.69185
1600 2.85274
1700 1.87947
1800 2.10984
1900 1.80902
2000 2.22233
2100 2.03612
2200 1.66342
2300 2.1286
2400 2.14374
2500 2.08618
2600 2.02261
2700 1.77609
2800 2.19729
2900 1.79505
3000 1.98466
3100 1.78671
3200 1.98739
3300 2.1423
3400 1.71669
3500 2.46364
3600 2.26895
3700 1.8569
3800 2.56314
3900 1.61894
4000 2.08179
4100 2.29714
4200 1.89232
4300 1.88674
4400 2.06414
4500 1.57214
4600 1.70541
4700 1.48773
4800 1.42259
4900 1.06368
5000 2.38096
5100 1.67146
5200 1.96077
5300 1.74544
5400 1.957
5500 1.5242
5600 1.91999
5700 2.28595
5800 1.44045
5900 2.19794
6000 1.63182
6100 2.7734
6200 1.30703
6300 2.24923
6400 1.94521
6500 1.9625
6600 1.78343
6700 1.7389
6800 1.90575
6900 1.13636
7000 2.12965
7100 2.26597
7200 1.77456
7300 1.41021
7400 1.4248
7500 1.48361
7600 1.42049
7700 1.32603
7800 1.5146
7900 2.59034
8000 1.44443
8100 1.78307
8200 1.8918
8300 1.73828
8400 2.14483
8500 1.27344
8600 2.41075
8700 2.21226
8800 1.54091
8900 1.59433
9000 1.24584
9100 1.92994
9200 1.49509
9300 1.39282
9400 1.98248
9500 1.69895
9600 1.00209
9700 1.73813
9800 1.31938
9900 1.48099
10000 1.88836
10100 1.68684
10200 2.3213
10300 1.17958
10400 1.16575
10500 1.5204
10600 2.17019
10700 1.40427
10800 1.09864
10900 0.913654
11000 1.78187
11100 1.04496
11200 1.54866
11300 1.3153
11400 1.52573
11500 0.865536
11600 1.16212
11700 1.38581
11800 1.29483
11900 1.4467
12000 1.21409
12100 1.01425
12200 1.31407
12300 0.950202
12400 1.10823
12500 1.23185
12600 0.91034
12700 1.13761
12800 1.38618
12900 1.2519
13000 0.971011
13100 0.941948
13200 1.20398
13300 0.885437
13400 0.805725
13500 1.02306
13600 1.45463
13700 1.09265
13800 1.07978
13900 1.03316
14000 1.22287
14100 1.22037
14200 0.767247
14300 1.23321
14400 1.21617
14500 1.12074
14600 0.876526
14700 0.957469
14800 0.708577
14900 1.08816
15000 1.10837
15100 0.8156
15200 1.04819
15300 0.817607
15400 1.19152
15500 1.09479
15600 1.07017
15700 1.06465
15800 0.740616
15900 1.01714
16000 1.03006
16100 0.867345
16200 0.804078
16300 1.05761
16400 0.654718
16500 1.03349
16600 0.910585
16700 0.994378
16800 0.887746
16900 0.923008
17000 0.970536
17100 0.89688
17200 0.907199
17300 0.96699
17400 1.02804
17500 0.853059
17600 1.10564
17700 0.741162
17800 0.929585
17900 0.896723
18000 0.89791
18100 1.06394
18200 0.97078
18300 0.57732
18400 1.2577
18500 0.836658
18600 0.961151
18700 0.945479
18800 0.618875
18900 1.08801
19000 0.814591
19100 0.935697
19200 1.02979
19300 0.901781
19400 1.55939
19500 0.971483
19600 0.897062
19700 0.805053
