0 2.28941
100 1.95936
200 1.90116
300 1.97579
400 1.60109
500 1.63932
600 1.63384
700 1.69162
800 1.27928
900 1.72898
1000 1.36785
1100 1.38495
1200 1.31338
1300 1.70171
1400 1.45783
1500 1.86585
1600 1.97737
1700 1.30275
1800 1.46243
1900 1.25391
2000 1.5404
2100 1.41133
2200 1.15299
2300 1.47543
2400 1.48593
2500 1.44603
2600 1.40197
2700 1.23109
2800 1.52304
2900 1.24423
3000 1.37566
3100 1.23845
3200 1.37755
3300 1.48493
3400 1.18992
3500 1.70766
3600 1.57272
3700 1.28711
3800 1.77663
3900 1.12216
4000 1.44299
4100 1.59225
4200 1.31165
4300 1.30779
4400 1.43075
4500 1.08972
4600 1.1821
4700 1.03122
4800 0.986067
4900 0.737284
5000 1.65035
5100 1.15856
5200 1.3591
5300 1.20985
5400 1.35649
5500 1.0565
5600 1.33084
5700 1.5845
5800 0.998444
5900 1.5235
6000 1.13109
6100 1.92237
6200 0.905965
6300 1.55905
6400 1.34832
6500 1.3603
6600 1.23618
6700 1.20531
6800 1.32097
6900 0.787664
7000 1.47616
7100 1.57065
7200 1.23003
7300 0.977485
7400 0.987594
7500 1.02836
7600 0.984612
7700 0.919133
7800 1.04984
7900 1.79549
8000 1.0012
8100 1.23593
8200 1.31129
8300 1.20488
8400 1.48668
8500 0.882679
8600 1.67101
8700 1.53342
8800 1.06808
8900 1.1051
9000 0.863554
9100 1.33773
9200 1.03632
9300 0.965433
9400 1.37415
9500 1.17762
9600 0.694599
9700 1.20478
9800 0.914523
9900 1.02655
10000 1.30891
10100 1.16923
10200 1.609
10300 0.817623
10400 0.808039
10500 1.05386
10600 1.50426
10700 0.973366
10800 0.76152
10900 0.633297
11000 1.2351
11100 0.724313
11200 1.07345
11300 0.911695
11400 1.05755
11500 0.599944
11600 0.805521
11700 0.960567
11800 0.897511
11900 1.00277
12000 0.841543
12100 0.703025
12200 0.910844
12300 0.65863
12400 0.768167
12500 0.853855
12600 0.630999
12700 0.788531
12800 0.960826
12900 0.867749
13000 0.673054
13100 0.652909
13200 0.834535
13300 0.613738
13400 0.558486
13500 0.709132
13600 1.00827
13700 0.757364
13800 0.748448
13900 0.716134
14000 0.847627
14100 0.845894
14200 0.531815
14300 0.854797
14400 0.842984
14500 0.776835
14600 0.607562
14700 0.663667
14800 0.491148
14900 0.754252
15000 0.768263
15100 0.565331
15200 0.726547
15300 0.566722
15400 0.8259
15500 0.758853
15600 0.741782
15700 0.737961
15800 0.513356
15900 0.705029
16000 0.71398
16100 0.601198
16200 0.557345
16300 0.73308
16400 0.453816
16500 0.716359
16600 0.631169
16700 0.68925
16800 0.615339
16900 0.63978
17000 0.672724
17100 0.62167
17200 0.628822
17300 0.670266
17400 0.712583
17500 0.591296
17600 0.766369
17700 0.513734
17800 0.644339
17900 0.621561
18000 0.622384
18100 0.737466
18200 0.672893
18300 0.400168
18400 0.871768
18500 0.579927
18600 0.666219
18700 0.655356
18800 0.428971
18900 0.754148
19000 0.564631
19100 0.648576
19200 0.713799
19300 0.625067
19400 1.08089
19500 0.673381
19600 0.621796
19700 0.55802
