0 9.99447
100 6.44634
200 5.32737
300 5.02583
400 5.13876
500 5.13413
600 4.89623
700 4.90936
800 4.42826
900 5.34137
1000 4.50628
1100 4.26937
1200 4.53248
1300 4.80205
1400 4.43422
1500 4.64937
1600 4.77592
1700 4.31732
1800 4.57748
1900 4.49429
2000 4.66038
2100 4.20283
2200 3.90393
2300 4.22604
2400 3.7381
2500 3.78487
2600 3.85862
2700 3.72727
2800 4.42062
2900 4.09916
3000 4.25558
3100 4.15738
3200 4.22299
3300 3.93062
3400 3.79522
3500 4.59628
3600 3.84229
3700 4.31533
3800 3.9596
3900 3.55755
4000 3.94692
4100 4.16353
4200 4.09364
4300 3.90904
4400 3.66676
4500 3.66284
4600 3.78571
4700 3.6718
4800 3.48465
4900 3.20646
5000 3.91608
5100 3.70805
5200 3.98699
5300 3.37803
5400 3.81927
5500 3.25164
5600 3.91376
5700 3.50127
5800 3.39805
5900 3.67296
6000 3.88569
6100 3.68131
6200 3.24943
6300 3.64191
6400 3.54407
6500 3.92431
6600 3.48811
6700 3.7375
6800 3.33304
6900 2.45921
7000 3.28812
7100 3.41405
7200 3.85955
7300 3.75059
7400 3.60891
7500 3.15631
7600 3.43784
7700 3.6831
7800 3.45542
7900 3.4469
8000 3.33813
8100 3.21903
8200 3.39274
8300 3.21125
8400 3.41943
8500 3.4832
8600 3.77064
8700 2.84006
8800 2.74566
8900 3.36503
9000 3.13025
9100 3.22205
9200 3.0899
9300 2.86672
9400 3.55738
9500 2.88778
9600 2.90275
9700 2.87408
9800 2.86976
9900 3.39388
10000 3.69128
10100 3.104
10200 3.28501
10300 2.6663
10400 2.78051
10500 3.03216
10600 3.38601
10700 3.11765
10800 2.8709
10900 2.84082
11000 3.37205
11100 2.63437
11200 3.1341
11300 2.8614
11400 2.9673
11500 2.57023
11600 2.67379
11700 3.17817
11800 3.03871
11900 2.93439
12000 3.0847
12100 2.87063
12200 3.03773
12300 2.98375
12400 2.48727
12500 3.24248
12600 2.80789
12700 2.84934
12800 2.75774
12900 3.06302
13000 2.51466
13100 2.86405
13200 3.12351
13300 2.93915
13400 2.91766
13500 2.7175
13600 2.98748
13700 2.82168
13800 2.44892
13900 2.96763
14000 2.76917
14100 3.01532
14200 2.65243
14300 2.72807
14400 2.74497
14500 3.33999
14600 2.63141
14700 2.57928
14800 2.21138
14900 2.48442
15000 2.58021
15100 2.34936
15200 2.72872
15300 2.73777
15400 2.89699
15500 2.87107
15600 2.69308
15700 2.8701
15800 2.42135
15900 2.79387
16000 3.06935
16100 2.94304
16200 2.64618
16300 2.453
16400 2.61042
16500 2.62132
16600 2.60499
16700 2.73907
16800 2.94624
16900 2.64533
17000 2.95886
17100 2.84346
17200 2.87576
17300 2.74981
17400 2.93515
17500 2.45601
17600 2.59533
17700 2.55073
17800 2.81359
17900 2.65983
18000 3.06988
18100 2.92792
18200 2.95055
18300 2.443
18400 3.06588
18500 2.62762
18600 2.68197
18700 2.57702
18800 2.02333
18900 2.63355
19000 2.85717
19100 2.09244
19200 3.15535
19300 2.66216
19400 3.13053
19500 2.85783
19600 2.77036
19700 2.66053
