0 0.053125
100 0.35625002
200 0.40625
300 0.459375
400 0.47500002
500 0.5125
600 0.5
700 0.47812504
800 0.434375
900 0.5125
1000 0.4875
1100 0.471875
1200 0.50624996
1300 0.515625
1400 0.53125
1500 0.5187501
1600 0.49375004
1700 0.484375
1800 0.54375
1900 0.521875
2000 0.51250005
2100 0.534375
2200 0.47500002
2300 0.56874996
2400 0.565625
2500 0.51250005
2600 0.521875
2700 0.51875
2800 0.521875
2900 0.54999995
3000 0.50312495
3100 0.47812498
3200 0.5
3300 0.60625005
3400 0.515625
3500 0.48125002
3600 0.5375
3700 0.50937504
3800 0.525
3900 0.515625
4000 0.534375
4100 0.54375005
4200 0.546875
4300 0.609375
4400 0.56249994
4500 0.534375
4600 0.578125
4700 0.56875
4800 0.615625
4900 0.575
5000 0.65000004
5100 0.5375
5200 0.503125
5300 0.52500004
5400 0.56250006
5500 0.60312504
5600 0.571875
5700 0.55
5800 0.54062504
5900 0.503125
6000 0.4875
6100 0.53124994
6200 0.521875
6300 0.54375
6400 0.51875
6500 0.56249994
6600 0.57500005
6700 0.525
6800 0.503125
6900 0.578125
7000 0.49687502
7100 0.534375
7200 0.571875
7300 0.54375005
7400 0.53437495
7500 0.51875
7600 0.48750004
7700 0.58125
7800 0.55625
7900 0.54999995
8000 0.590625
8100 0.565625
8200 0.571875
8300 0.56562495
8400 0.57500005
8500 0.51875
8600 0.596875
8700 0.55
8800 0.51875
8900 0.521875
9000 0.57500005
9100 0.55937505
9200 0.540625
9300 0.565625
9400 0.50312495
9500 0.578125
9600 0.6125
9700 0.5875
9800 0.56875
9900 0.53749996
10000 0.528125
10100 0.56875
10200 0.5968751
10300 0.59999996
10400 0.51562506
10500 0.54375
10600 0.559375
10700 0.51875
10800 0.63125
10900 0.609375
11000 0.56874996
11100 0.553125
11200 0.525
11300 0.53749996
11400 0.515625
11500 0.50625
11600 0.578125
11700 0.534375
11800 0.52500004
11900 0.553125
12000 0.54999995
12100 0.51250005
12200 0.559375
12300 0.590625
12400 0.528125
12500 0.50312495
12600 0.5375
12700 0.571875
12800 0.546875
12900 0.559375
13000 0.496875
13100 0.521875
13200 0.603125
13300 0.515625
13400 0.521875
13500 0.559375
13600 0.565625
13700 0.52500004
13800 0.515625
13900 0.521875
14000 0.58125
14100 0.53125
14200 0.52500004
14300 0.6125001
14400 0.56875
14500 0.521875
14600 0.553125
14700 0.55625
14800 0.571875
14900 0.565625
15000 0.546875
15100 0.56875
15200 0.625
15300 0.58125
15400 0.51250005
15500 0.534375
15600 0.57500005
15700 0.5375
15800 0.509375
15900 0.52500004
16000 0.59375
16100 0.584375
16200 0.575
16300 0.47500002
16400 0.5656251
16500 0.56250006
16600 0.56875
16700 0.53125
16800 0.5375
16900 0.49375004
17000 0.56250006
17100 0.609375
17200 0.546875
17300 0.540625
17400 0.56874996
17500 0.55625004
17600 0.615625
17700 0.559375
17800 0.53749996
17900 0.52500004
18000 0.590625
18100 0.50625
18200 0.578125
18300 0.52187496
18400 0.53125
18500 0.61875004
18600 0.509375
18700 0.52187496
18800 0.578125
18900 0.596875
19000 0.57187504
19100 0.565625
19200 0.584375
19300 0.5625
19400 0.5125
19500 0.540625
19600 0.575
