0 4.751884
100 3.1666946
200 2.894849
300 2.5222335
400 2.5118544
500 2.2958348
600 2.2538667
700 2.4468958
800 2.4797215
900 2.4450412
1000 2.3385856
1100 2.5556273
1200 2.4040613
1300 2.4811423
1400 2.272411
1500 2.238695
1600 2.3150125
1700 2.5053198
1800 2.1748483
1900 2.2145135
2000 2.2584784
2100 2.326027
2200 2.4026093
2300 2.0479236
2400 2.118244
2500 2.458433
2600 2.2522686
2700 2.1852825
2800 2.244441
2900 2.1492016
3000 2.3277225
3100 2.4969206
3200 2.2581336
3300 1.8435814
3400 2.1627407
3500 2.3560865
3600 2.3381271
3700 2.211943
3800 2.357697
3900 2.3462954
4000 2.183101
4100 2.2469995
4200 2.0698388
4300 1.8339282
4400 2.1413717
4500 2.202666
4600 1.889307
4700 2.019787
4800 1.8175364
4900 1.9661617
5000 1.8026397
5100 2.212502
5200 2.403378
5300 2.2561169
5400 2.1158779
5500 1.8572031
5600 2.1297948
5700 2.017539
5800 2.1938825
5900 2.1999326
6000 2.3136492
6100 2.294113
6200 2.2191496
6300 2.244099
6400 2.235313
6500 2.0581577
6600 1.8239646
6700 2.2007687
6800 2.2297199
6900 2.0272162
7000 2.2553313
7100 2.0838892
7200 2.0251784
7300 2.2248847
7400 2.2678657
7500 2.199531
7600 2.4757144
7700 1.9308437
7800 1.9909904
7900 2.057716
8000 1.97733
8100 2.0436053
8200 2.1720006
8300 2.0530374
8400 1.9391391
8500 2.2880337
8600 1.9184268
8700 2.0810204
8800 2.3495414
8900 2.2169573
9000 2.1528099
9100 2.1328495
9200 2.1745422
9300 2.162085
9400 2.4681296
9500 2.0699306
9600 1.9576193
9700 1.9156158
9800 1.9916102
9900 2.2512612
10000 2.1987638
10100 2.0683143
10200 1.8231119
10300 1.8077459
10400 2.1335335
10500 2.3036766
10600 2.1417708
10700 2.1942954
10800 1.8255175
10900 2.0018828
11000 2.0358675
11100 2.0838578
11200 2.1101487
11300 2.2471201
11400 2.2819443
11500 2.2291884
11600 2.0678775
11700 2.2093074
11800 2.2681167
11900 2.1141646
12000 2.0659597
12100 2.102816
12200 1.9896071
12300 1.9182523
12400 2.2110214
12500 2.254444
12600 2.1462376
12700 1.8832728
12800 2.213564
12900 2.2919388
13000 2.4686863
13100 2.2561069
13200 1.8943427
13300 2.280724
13400 2.2869792
13500 2.132743
13600 2.0940735
13700 2.2620807
13800 2.1934512
13900 2.1919723
14000 2.000363
14100 2.1298196
14200 2.3151116
14300 1.9650624
14400 2.1347177
14500 2.3192434
14600 2.1474762
14700 2.073817
14800 1.9956076
14900 2.0856357
15000 2.0636466
15100 2.0493689
15200 1.7738829
15300 2.0223832
15400 2.1846623
15500 2.3212507
15600 2.0659075
15700 2.110127
15800 2.4678779
15900 2.2821047
16000 1.9024104
16100 2.0841374
16200 2.1805716
16300 2.6007524
16400 2.112771
16500 2.0967326
16600 1.9724165
16700 2.320111
16800 2.0383036
16900 2.28665
17000 2.0769773
17100 2.012301
17200 2.116505
17300 2.2050874
17400 2.045635
17500 1.9177706
17600 1.8160247
17700 1.9678415
17800 2.174404
17900 2.2031765
18000 2.122894
18100 2.3721807
18200 2.0801864
18300 2.282534
18400 2.1610115
18500 1.8015484
18600 2.1335437
18700 2.1747823
18800 1.9366492
18900 1.905806
19000 1.9477768
19100 2.0920844
19200 2.0492194
19300 2.1959057
19400 2.173833
19500 2.2404776
19600 2.0302851
