0 3.293755
100 2.1949854
200 2.0065565
300 1.7482791
400 1.7410848
500 1.5913514
600 1.5622613
700 1.696059
800 1.718812
900 1.6947734
1000 1.620984
1100 1.771426
1200 1.6663684
1300 1.7197968
1400 1.5751153
1500 1.551745
1600 1.6046444
1700 1.7365553
1800 1.5074899
1900 1.5349838
2000 1.5654579
2100 1.612279
2200 1.6653619
2300 1.4195125
2400 1.4682548
2500 1.7040559
2600 1.5611537
2700 1.5147223
2800 1.555728
2900 1.4897131
3000 1.6134543
3100 1.7307334
3200 1.565219
3300 1.2778733
3400 1.4990976
3500 1.6331147
3600 1.6206663
3700 1.5332019
3800 1.6342311
3900 1.626328
4000 1.5132103
4100 1.5575013
4200 1.4347029
4300 1.2711822
4400 1.4842857
4500 1.5267718
4600 1.3095678
4700 1.4000098
4800 1.2598202
4900 1.3628395
5000 1.2494947
5100 1.5335895
5200 1.6658946
5300 1.5638211
5400 1.4666147
5500 1.2873151
5600 1.4762613
5700 1.3984514
5800 1.5206834
5900 1.5248771
6000 1.6036993
6100 1.5901579
6200 1.5381973
6300 1.5554909
6400 1.5494008
6500 1.4266062
6600 1.2642759
6700 1.5254565
6800 1.545524
6900 1.4051591
7000 1.5632765
7100 1.444442
7200 1.4037467
7300 1.5421727
7400 1.5719647
7500 1.5245988
7600 1.7160344
7700 1.3383589
7800 1.3800493
7900 1.4263
8000 1.3705807
8100 1.4165193
8200 1.505516
8300 1.4230571
8400 1.3441088
8500 1.585944
8600 1.3297521
8700 1.4424534
8800 1.6285781
8900 1.5366777
9000 1.4922141
9100 1.4783785
9200 1.5072777
9300 1.4986432
9400 1.710777
9500 1.4347665
9600 1.3569183
9700 1.3278037
9800 1.380479
9900 1.5604554
10000 1.5240669
10100 1.4336462
10200 1.2636849
10300 1.253034
10400 1.4788527
10500 1.596787
10600 1.4845624
10700 1.5209696
10800 1.2653524
10900 1.3875993
11000 1.4111558
11100 1.4444201
11200 1.4626436
11300 1.557585
11400 1.5817232
11500 1.5451558
11600 1.4333435
11700 1.5313753
11800 1.5721387
11900 1.4654273
12000 1.4320141
12100 1.457561
12200 1.3790905
12300 1.3296312
12400 1.5325632
12500 1.5626614
12600 1.4876585
12700 1.3053852
12800 1.5343256
12900 1.588651
13000 1.7111629
13100 1.563814
13200 1.3130583
13300 1.5808774
13400 1.5852132
13500 1.4783047
13600 1.4515013
13700 1.5679548
13800 1.5203844
13900 1.5193594
14000 1.3865461
14100 1.4762784
14200 1.6047131
14300 1.3620775
14400 1.4796736
14500 1.6075771
14600 1.488517
14700 1.4374604
14800 1.3832498
14900 1.4456525
15000 1.4304109
15100 1.4205142
15200 1.2295619
15300 1.4018092
15400 1.5142925
15500 1.6089684
15600 1.4319779
15700 1.4626286
15800 1.7106025
15900 1.5818344
16000 1.3186504
16100 1.4446139
16200 1.511457
16300 1.8027042
16400 1.4644612
16500 1.4533442
16600 1.367175
16700 1.6081784
16800 1.4128444
16900 1.584985
17000 1.4396509
17100 1.3948207
17200 1.4670494
17300 1.5284501
17400 1.4179262
17500 1.3292973
17600 1.2587724
17700 1.3640038
17800 1.5071819
17900 1.5271256
18000 1.471478
18100 1.6442704
18200 1.4418753
18300 1.5821319
18400 1.497899
18500 1.2487382
18600 1.4788598
18700 1.5074441
18800 1.3423829
18900 1.321004
19000 1.350096
19100 1.4501224
19200 1.4204106
19300 1.5220859
19400 1.5067862
19500 1.5529808
19600 1.4072864
