0 26.985401
100 11.338842
200 9.1101055
300 8.367118
400 7.739747
500 7.344312
600 7.357834
700 7.6049294
800 7.636262
900 7.731029
1000 6.803074
1100 7.6662016
1200 7.5522833
1300 7.1309285
1400 7.236795
1500 6.7831855
1600 7.0020924
1700 7.220106
1800 6.786146
1900 6.486578
2000 6.8867364
2100 6.8700924
2200 6.9176764
2300 6.2912655
2400 6.4034758
2500 7.157395
2600 6.426202
2700 6.6594896
2800 6.5057263
2900 6.3130655
3000 6.600255
3100 6.7462664
3200 6.5233345
3300 6.0484743
3400 6.5720387
3500 6.570754
3600 6.142213
3700 6.237483
3800 6.8592825
3900 6.4320836
4000 6.561225
4100 6.685171
4200 6.1368017
4300 6.1788635
4400 6.372734
4500 6.4646797
4600 5.771441
4700 6.0853786
4800 5.9953976
4900 6.050323
5000 6.044782
5100 6.4502854
5200 6.52117
5300 6.500573
5400 6.193851
5500 5.9468565
5600 6.2739906
5700 6.495677
5800 6.2667084
5900 5.810953
6000 6.8437195
6100 6.4715395
6200 6.496219
6300 6.0495753
6400 6.390281
6500 6.134045
6600 5.9227386
6700 6.5808
6800 6.6097775
6900 6.4086394
7000 6.48744
7100 6.3044395
7200 6.446365
7300 6.323354
7400 6.1944385
7500 6.1675076
7600 6.701782
7700 6.141095
7800 6.113719
7900 6.1235394
8000 5.8803716
8100 6.0572157
8200 6.1444836
8300 6.188765
8400 5.7873755
8500 6.271689
8600 6.355557
8700 6.413657
8800 6.4650917
8900 6.234923
9000 6.3224516
9100 5.9757442
9200 6.204582
9300 6.6002665
9400 6.4170847
9500 6.071122
9600 6.078041
9700 6.1096697
9800 5.8913374
9900 6.562172
10000 6.589777
10100 6.0176086
10200 6.268298
10300 5.714444
10400 6.4025965
10500 6.4592643
10600 6.665757
10700 6.45937
10800 5.7662144
10900 6.4519935
11000 6.076218
11100 6.473812
11200 6.2829657
11300 6.385809
11400 6.345235
11500 6.5295033
11600 6.1029525
11700 6.445772
11800 6.4822955
11900 5.958695
12000 6.1139193
12100 6.317189
12200 5.7308025
12300 6.14318
12400 6.1276155
12500 6.5681543
12600 5.9888043
12700 5.593015
12800 6.177225
12900 6.2728896
13000 6.840317
13100 6.152799
13200 5.965069
13300 6.55102
13400 6.3769956
13500 6.288188
13600 6.165052
13700 6.311561
13800 6.364781
13900 6.0125637
14000 5.8921595
14100 6.165234
14200 6.6556773
14300 6.317522
14400 5.582322
14500 6.5652814
14600 6.238703
14700 5.8894043
14800 6.283476
14900 6.4235773
15000 6.448275
15100 5.498493
15200 5.9782047
15300 5.956741
15400 6.720164
15500 6.39087
15600 6.0396476
15700 6.2270794
15800 6.718992
15900 6.739844
16000 5.9944534
16100 5.998825
16200 6.268265
16300 7.3310785
16400 5.968726
16500 6.5420055
16600 5.9596972
16700 6.2229986
16800 6.630131
16900 7.059516
17000 5.9623356
17100 6.245966
17200 6.0134034
17300 6.583856
17400 6.5204577
17500 5.8473406
17600 5.764343
17700 6.1030903
17800 6.4125094
17900 6.134274
18000 6.0641108
18100 6.529979
18200 6.0169706
18300 6.6021943
18400 6.2012362
18500 6.0198965
18600 6.273451
18700 6.281047
18800 5.9318476
18900 5.9657807
19000 6.000994
19100 6.318282
19200 6.387341
19300 6.2636065
19400 6.441439
19500 6.612609
19600 5.808555
