0 0.034375
100 0.38750002
200 0.440625
300 0.49374998
400 0.48125
500 0.521875
600 0.49687502
700 0.50312495
800 0.48125002
900 0.5125
1000 0.503125
1100 0.47499996
1200 0.50625
1300 0.521875
1400 0.534375
1500 0.553125
1600 0.48749998
1700 0.4625
1800 0.52187496
1900 0.52812505
2000 0.546875
2100 0.51875
2200 0.478125
2300 0.58125
2400 0.575
2500 0.46250004
2600 0.51875
2700 0.53125
2800 0.52187496
2900 0.546875
3000 0.51250005
3100 0.45937502
3200 0.49375004
3300 0.584375
3400 0.490625
3500 0.515625
3600 0.571875
3700 0.55625
3800 0.484375
3900 0.465625
4000 0.54062504
4100 0.51875
4200 0.546875
4300 0.578125
4400 0.5625
4500 0.503125
4600 0.565625
4700 0.575
4800 0.625
4900 0.52812505
5000 0.63125
5100 0.521875
5200 0.4875
5300 0.51250005
5400 0.55
5500 0.615625
5600 0.54375
5700 0.55
5800 0.52500004
5900 0.51875
6000 0.49375
6100 0.51874995
6200 0.5
6300 0.5625
6400 0.490625
6500 0.55937505
6600 0.590625
6700 0.496875
6800 0.49062502
6900 0.590625
7000 0.49687502
7100 0.525
7200 0.54375005
7300 0.5562501
7400 0.5375
7500 0.540625
7600 0.496875
7700 0.55
7800 0.571875
7900 0.515625
8000 0.565625
8100 0.55625004
8200 0.546875
8300 0.5625
8400 0.55625
8500 0.5
8600 0.575
8700 0.57187504
8800 0.484375
8900 0.521875
9000 0.55
9100 0.53125
9200 0.540625
9300 0.53125
9400 0.475
9500 0.56562495
9600 0.596875
9700 0.578125
9800 0.525
9900 0.528125
10000 0.521875
10100 0.553125
10200 0.57500005
10300 0.5656251
10400 0.51562506
10500 0.51562506
10600 0.515625
10700 0.5375
10800 0.63750005
10900 0.571875
11000 0.565625
11100 0.553125
11200 0.51875
11300 0.47812498
11400 0.51875
11500 0.52812505
11600 0.55312496
11700 0.515625
11800 0.509375
11900 0.553125
12000 0.55625
12100 0.534375
12200 0.50625
12300 0.56562495
12400 0.51875
12500 0.484375
12600 0.565625
12700 0.565625
12800 0.55625004
12900 0.52500004
13000 0.5125
13100 0.53125006
13200 0.578125
13300 0.509375
13400 0.5
13500 0.55
13600 0.5500001
13700 0.54062504
13800 0.51250005
13900 0.50937504
14000 0.54375
14100 0.528125
14200 0.471875
14300 0.596875
14400 0.528125
14500 0.49687502
14600 0.55625
14700 0.55
14800 0.571875
14900 0.525
15000 0.525
15100 0.55625004
15200 0.6
15300 0.5625
15400 0.496875
15500 0.5375
15600 0.571875
15700 0.553125
15800 0.47500002
15900 0.52187496
16000 0.58750004
16100 0.55
16200 0.584375
16300 0.471875
16400 0.55625
16500 0.55
16600 0.57500005
16700 0.515625
16800 0.54375005
16900 0.50624996
17000 0.54999995
17100 0.57500005
17200 0.54062504
17300 0.55
17400 0.540625
17500 0.54062504
17600 0.60312504
17700 0.57187504
17800 0.54999995
17900 0.534375
18000 0.55312496
18100 0.509375
18200 0.55312496
18300 0.521875
18400 0.5375
18500 0.61562496
18600 0.5375
18700 0.53125
18800 0.6000001
18900 0.60312504
19000 0.596875
19100 0.53749996
19200 0.584375
19300 0.54999995
19400 0.5125
19500 0.546875
19600 0.57500005
19700 0.58125
19800 0.64062506
19900 0.60625005
20000 0.534375
20100 0.58124995
20200 0.515625
20300 0.59375
20400 0.559375
20500 0.5625
20600 0.54375005
20700 0.575
20800 0.55
20900 0.52187496
21000 0.61562496
21100 0.57812506
21200 0.5375
21300 0.55
21400 0.55625004
21500 0.584375
21600 0.5125
21700 0.61249995
21800 0.60625005
21900 0.57187504
22000 0.553125
22100 0.521875
22200 0.55937505
22300 0.54687506
22400 0.546875
22500 0.55625
22600 0.6
22700 0.525
22800 0.59687495
22900 0.540625
23000 0.47812504
23100 0.61562496
23200 0.56250006
23300 0.54375005
23400 0.6375
23500 0.62187505
23600 0.5375
23700 0.565625
23800 0.53749996
23900 0.578125
24000 0.5375
24100 0.57812506
24200 0.5875
24300 0.596875
24400 0.53125
24500 0.63437504
24600 0.56249994
24700 0.55937505
24800 0.553125
24900 0.553125
25000 0.57812506
25100 0.521875
25200 0.596875
25300 0.61875
25400 0.596875
25500 0.57187504
25600 0.584375
25700 0.50625
25800 0.546875
25900 0.54062504
26000 0.546875
26100 0.58125
26200 0.553125
26300 0.546875
26400 0.553125
26500 0.55
26600 0.56875
26700 0.559375
26800 0.5812501
26900 0.57187504
27000 0.553125
27100 0.60937506
27200 0.578125
27300 0.60625005
27400 0.565625
27500 0.578125
27600 0.546875
27700 0.609375
27800 0.58125
27900 0.58125
28000 0.58437496
28100 0.534375
28200 0.490625
28300 0.584375
28400 0.49062502
28500 0.528125
28600 0.55
28700 0.60312504
28800 0.534375
28900 0.47187504
29000 0.546875
29100 0.546875
29200 0.5718749
29300 0.528125
29400 0.590625
29500 0.57500005
29600 0.521875
29700 0.625
29800 0.584375
29900 0.553125
30000 0.53125
30100 0.578125
30200 0.55937505
30300 0.59375
30400 0.50937504
30500 0.534375
30600 0.553125
30700 0.51875
30800 0.515625
30900 0.553125
31000 0.51874995
31100 0.5875
31200 0.528125
31300 0.546875
31400 0.57187504
31500 0.59687495
31600 0.55
31700 0.59375006
31800 0.55
31900 0.525
32000 0.51875
32100 0.5375
32200 0.55
32300 0.6
32400 0.58125
32500 0.6
32600 0.565625
32700 0.50937504
32800 0.521875
32900 0.553125
33000 0.56875
33100 0.51875
33200 0.578125
33300 0.56874996
33400 0.553125
33500 0.525
33600 0.55312496
33700 0.54375
33800 0.56875
33900 0.575
34000 0.56875
34100 0.58124995
34200 0.590625
34300 0.55625004
34400 0.56250006
34500 0.59375
34600 0.5625
34700 0.54375005
34800 0.5812501
34900 0.56562495
35000 0.575
35100 0.609375
35200 0.59375
35300 0.58750004
35400 0.56874996
35500 0.625
35600 0.58125
35700 0.55
35800 0.6
35900 0.53125
36000 0.534375
36100 0.59687495
36200 0.54375
36300 0.60312504
36400 0.546875
36500 0.615625
36600 0.528125
36700 0.60312504
36800 0.60312504
36900 0.575
37000 0.609375
37100 0.571875
37200 0.646875
37300 0.5375
37400 0.596875
37500 0.565625
37600 0.596875
37700 0.55
37800 0.59687495
37900 0.56562495
38000 0.55625004
38100 0.5
38200 0.55625
38300 0.559375
38400 0.578125
38500 0.53125
38600 0.53749996
38700 0.553125
38800 0.51250005
38900 0.503125
39000 0.546875
39100 0.590625
39200 0.534375
39300 0.49687505
39400 0.54375005
39500 0.58124995
39600 0.521875
39700 0.625
39800 0.546875
39900 0.5375
40000 0.5625
40100 0.53749996
40200 0.56875
40300 0.57187504
40400 0.534375
40500 0.5812501
40600 0.5625
40700 0.5875
40800 0.5125
40900 0.56874996
41000 0.521875
41100 0.56874996
41200 0.596875
41300 0.53125
41400 0.60312504
41500 0.52812505
41600 0.534375
41700 0.509375
41800 0.540625
41900 0.546875
42000 0.52812505
42100 0.5812501
42200 0.6
42300 0.56874996
42400 0.57187504
42500 0.54062504
42600 0.5625
42700 0.565625
42800 0.55625004
42900 0.60625
43000 0.60312504
43100 0.59062505
43200 0.559375
43300 0.51875
43400 0.64687496
43500 0.56875
43600 0.5375
43700 0.5625
43800 0.640625
43900 0.64374995
44000 0.571875
44100 0.53125
44200 0.57187504
44300 0.50312495
44400 0.578125
44500 0.63125
44600 0.57187504
44700 0.584375
44800 0.565625
44900 0.56249994
45000 0.56875
