0 4.771378
100 3.0139322
200 2.708561
300 2.4152725
400 2.438036
500 2.2258275
600 2.2738442
700 2.4356258
800 2.4426296
900 2.4610493
1000 2.2962697
1100 2.491162
1200 2.428783
1300 2.4933822
1400 2.2424848
1500 2.2453399
1600 2.2519712
1700 2.5327625
1800 2.276418
1900 2.2346723
2000 2.1451466
2100 2.3650873
2200 2.451633
2300 2.0464194
2400 2.0507865
2500 2.4436362
2600 2.276592
2700 2.209052
2800 2.295831
2900 2.1373055
3000 2.3086092
3100 2.3853323
3200 2.326435
3300 1.8516233
3400 2.315653
3500 2.2794788
3600 2.2645655
3700 2.316624
3800 2.4047277
3900 2.4483883
4000 2.1981895
4100 2.2439103
4200 2.0723464
4300 1.9160596
4400 2.19477
4500 2.310478
4600 1.9310387
4700 2.0474455
4800 1.8564719
4900 2.05615
5000 1.791745
5100 2.1934536
5200 2.4923837
5300 2.2969007
5400 2.1795175
5500 1.8700684
5600 2.2198114
5700 2.044803
5800 2.2220333
5900 2.2702477
6000 2.3939097
6100 2.2843769
6200 2.2318323
6300 2.30986
6400 2.3296437
6500 2.137761
6600 1.8157039
6700 2.2556245
6800 2.3107264
6900 2.0250087
7000 2.3329499
7100 2.098456
7200 2.1256418
7300 2.1433084
7400 2.3206453
7500 2.225273
7600 2.566155
7700 2.01063
7800 1.9815102
7900 2.1491032
8000 2.1209767
8100 2.068045
8200 2.201423
8300 2.179109
8400 2.0329354
8500 2.3952236
8600 1.9936537
8700 2.0608277
8800 2.4208143
8900 2.2457762
9000 2.1557693
9100 2.2082732
9200 2.2460115
9300 2.2256575
9400 2.513491
9500 2.1014445
9600 1.9905139
9700 2.0302348
9800 2.1871805
9900 2.2549074
10000 2.2634938
10100 2.0872483
10200 1.9573637
10300 1.9480731
10400 2.188438
10500 2.4717786
10600 2.255031
10700 2.2251115
10800 1.8459357
10900 2.0889509
11000 2.0736508
11100 2.2497604
11200 2.2558258
11300 2.4521224
11400 2.3373425
11500 2.271394
11600 2.22249
11700 2.339823
11800 2.3538537
11900 2.2162008
12000 2.0946867
12100 2.1729293
12200 2.1728187
12300 2.056004
12400 2.2876627
12500 2.4057121
12600 2.082832
12700 1.9741879
12800 2.2268665
12900 2.3449707
13000 2.4452975
13100 2.2234583
13200 2.0142722
13300 2.3905978
13400 2.2989485
13500 2.2118192
13600 2.1934752
13700 2.2956536
13800 2.2556162
13900 2.197557
14000 2.0254679
14100 2.1666915
14200 2.4628558
14300 2.0206096
14400 2.202932
14500 2.3675635
14600 2.1677425
14700 2.0309365
14800 2.0529697
14900 2.203816
15000 2.125138
15100 2.1070008
15200 1.8142279
15300 2.0880544
15400 2.2984588
15500 2.438239
15600 2.146025
15700 2.1995633
15800 2.6208324
15900 2.2595623
16000 1.9654874
16100 2.1552818
16200 2.1857338
16300 2.6777751
16400 2.1613553
16500 2.0597212
16600 2.0327215
16700 2.3465517
16800 2.0843167
16900 2.2683966
17000 2.084907
17100 1.9825656
17200 2.1582048
17300 2.179645
17400 2.090672
17500 1.9597014
17600 1.8660858
17700 2.022229
17800 2.115936
17900 2.242164
18000 2.1091466
18100 2.305294
18200 2.0895255
18300 2.2431223
18400 2.2353988
18500 1.888559
18600 2.1308992
18700 2.2437706
18800 1.8926016
18900 1.864983
19000 1.9394064
19100 2.1018121
19200 1.9842975
19300 2.1291363
19400 2.1134079
19500 2.2020788
19600 2.0317433
19700 2.0340438
19800 1.7943672
19900 1.8742465
20000 2.2167294
20100 2.02291
20200 2.1577148
20300 1.9883444
20400 1.9212118
20500 2.0184236
20600 2.2390254
20700 1.8971522
20800 2.030856
20900 2.1565485
21000 1.9350572
21100 2.1257448
21200 2.16983
21300 2.1410933
21400 2.0342617
21500 1.877554
21600 2.2338963
21700 1.8288265
21800 1.9742866
21900 1.9228847
22000 2.248606
22100 2.0690305
22200 2.109364
22300 2.0738907
22400 2.0973952
22500 1.9677844
22600 1.9077884
22700 2.1669705
22800 1.8817497
22900 2.2001758
23000 2.4947104
23100 1.9052585
23200 2.1616175
23300 2.1014078
23400 1.8368665
23500 1.8073275
23600 2.2031806
23700 2.004837
23800 2.1187925
23900 1.9306887
24000 2.1545558
24100 2.151141
24200 1.8584805
24300 1.9879146
24400 2.292477
24500 1.7489619
24600 2.0379212
24700 1.9991267
24800 2.0564814
24900 2.1412277
25000 1.9523271
25100 2.1206818
25200 1.9735235
25300 1.9087393
25400 1.9323627
25500 2.107515
25600 2.0350273
25700 2.242674
25800 2.0846658
25900 2.0972202
26000 2.181418
26100 2.0383747
26200 2.0141013
26300 2.0703533
26400 2.123857
26500 2.007415
26600 2.1211927
26700 2.084865
26800 1.9231764
26900 2.174864
27000 2.1186843
27100 1.993747
27200 2.146359
27300 1.9425555
27400 2.195207
27500 1.9521269
27600 2.2497463
27700 1.9058077
27800 2.1192207
27900 2.043527
28000 1.9347003
28100 2.128287
28200 2.321266
28300 1.9202031
28400 2.412797
28500 2.0888839
28600 2.1440299
28700 1.987764
28800 2.3156576
28900 2.4289992
29000 1.9587042
29100 2.1385245
29200 2.029422
29300 2.0988612
29400 1.8446839
29500 2.0875773
29600 2.2600424
29700 1.8111918
29800 2.0147676
29900 2.0166698
30000 2.176318
30100 1.9036
30200 2.098639
30300 1.8986841
30400 2.253845
30500 2.0794308
30600 2.019382
30700 2.2002459
30800 2.3987546
30900 1.9699626
31000 2.3178167
31100 1.9804411
31200 2.1700664
31300 2.1907992
31400 2.0381699
31500 2.0314088
31600 2.1781883
31700 1.9590982
31800 2.1272128
31900 2.0701513
32000 2.1977968
32100 2.2395778
32200 2.123686
32300 1.8650486
32400 1.986058
32500 1.9243827
32600 1.9061761
32700 2.3178132
32800 2.1357324
32900 2.1110642
33000 1.8973095
33100 2.1768627
33200 1.9152261
33300 2.0533478
33400 2.0679712
33500 2.2715268
33600 2.1306927
33700 2.1774547
33800 1.9711726
33900 2.0031924
34000 2.1000314
34100 1.9520476
34200 1.998457
34300 2.0358508
34400 1.9463806
34500 1.9725031
34600 2.1700385
34700 2.0620549
34800 2.0471263
34900 2.019011
35000 1.9976054
35100 1.8647767
35200 1.904546
35300 1.8640591
35400 2.0778925
35500 1.759342
35600 1.867552
35700 1.9421313
35800 1.9593444
35900 2.3171477
36000 2.113886
36100 1.901731
36200 2.0612342
36300 2.0261722
36400 2.1287372
36500 1.8831178
36600 2.342029
36700 1.8883045
36800 1.8676865
36900 1.862369
37000 1.8169954
37100 2.0129974
37200 1.7074627
37300 2.0210013
37400 1.9916177
37500 1.9543668
37600 1.9102517
37700 2.2305546
37800 1.8381697
37900 1.9478203
38000 2.1013782
38100 2.3051903
38200 2.2126734
38300 2.0263243
38400 2.0323722
38500 2.2152972
38600 2.338609
38700 2.1684966
38800 2.347979
38900 2.2449298
39000 2.107468
39100 1.8408784
39200 2.2231493
39300 2.237975
39400 2.2053168
39500 2.1048276
39600 2.109297
39700 1.7963722
39800 2.1239648
39900 2.0856538
40000 2.0498137
40100 2.204135
40200 2.0935264
40300 2.0586967
40400 2.1134486
40500 1.8854097
40600 2.1288986
40700 1.951011
40800 2.36602
40900 2.0900648
41000 2.1468377
41100 1.9910053
41200 1.9253323
41300 2.2096841
41400 1.8972021
41500 2.2176087
41600 2.2062414
41700 2.4108682
41800 2.1131818
41900 2.0947187
42000 2.1147459
42100 2.0312252
42200 1.9486572
42300 2.10839
42400 1.9517243
42500 2.2449136
42600 1.8582766
42700 2.112934
42800 2.0260653
42900 2.049553
43000 1.8545896
43100 2.0515823
43200 2.173052
43300 2.145253
43400 1.9081842
43500 2.1667995
43600 2.0119221
43700 2.1127925
43800 1.6988782
43900 1.6381922
44000 1.9007494
44100 2.2620096
44200 2.0130067
44300 2.2484088
44400 1.8304567
44500 1.7620032
44600 1.8634919
44700 2.1466682
44800 2.0963106
44900 2.0006268
45000 1.9954196
