0 3.3072672
100 2.0890987
200 1.8774314
300 1.6741393
400 1.6899178
500 1.542826
600 1.5761087
700 1.6882472
800 1.6931019
900 1.7058694
1000 1.5916529
1100 1.726742
1200 1.683504
1300 1.7282808
1400 1.5543721
1500 1.5563511
1600 1.5609475
1700 1.7555772
1800 1.5778928
1900 1.5489568
2000 1.4869024
2100 1.6393535
2200 1.6993425
2300 1.4184698
2400 1.4214969
2500 1.6937995
2600 1.5780133
2700 1.5311983
2800 1.5913488
2900 1.4814672
3000 1.600206
3100 1.6533864
3200 1.612562
3300 1.2834475
3400 1.6050885
3500 1.5800142
3600 1.5696772
3700 1.6057613
3800 1.6668303
3900 1.6970935
4000 1.5236689
4100 1.5553601
4200 1.4364412
4300 1.3281113
4400 1.5212988
4500 1.6015013
4600 1.3384941
4700 1.4191811
4800 1.2868083
4900 1.4252145
5000 1.241943
5100 1.5203862
5200 1.7275888
5300 1.5920902
5400 1.5107265
5500 1.2962327
5600 1.5386561
5700 1.4173493
5800 1.5401961
5900 1.5736158
6000 1.6593318
6100 1.5834093
6200 1.5469882
6300 1.601073
6400 1.614786
6500 1.481783
6600 1.25855
6700 1.5634798
6800 1.6016735
6900 1.4036291
7000 1.6170777
7100 1.4545388
7200 1.4733827
7300 1.4856281
7400 1.6085488
7500 1.5424416
7600 1.778723
7700 1.3936625
7800 1.3734782
7900 1.4896449
8000 1.470149
8100 1.4334595
8200 1.5259101
8300 1.5104433
8400 1.4091234
8500 1.6602424
8600 1.3818954
8700 1.4284569
8800 1.6779805
8900 1.5566535
9000 1.4942654
9100 1.5306582
9200 1.5568165
9300 1.5427083
9400 1.7422191
9500 1.4566103
9600 1.3797191
9700 1.4072516
9800 1.5160381
9900 1.5629827
10000 1.5689343
10100 1.4467703
10200 1.3567412
10300 1.3503014
10400 1.5169096
10500 1.7133064
10600 1.5630684
10700 1.5423298
10800 1.2795051
10900 1.4479504
11000 1.4373453
11100 1.5594151
11200 1.5636193
11300 1.6996818
11400 1.6201223
11500 1.5744103
11600 1.5405127
11700 1.6218418
11800 1.631567
11900 1.5361533
12000 1.4519262
12100 1.5061598
12200 1.5060831
12300 1.4251134
12400 1.5856869
12500 1.6675127
12600 1.4437091
12700 1.3684027
12800 1.5435462
12900 1.6254098
13000 1.694951
13100 1.5411838
13200 1.3961872
13300 1.6570362
13400 1.5935097
13500 1.5331162
13600 1.5204011
13700 1.5912259
13800 1.5634739
13900 1.5232304
14000 1.4039474
14100 1.5018362
14200 1.7071216
14300 1.4005798
14400 1.526956
14500 1.64107
14600 1.5025645
14700 1.407738
14800 1.4230102
14900 1.5275688
15000 1.4730334
15100 1.4604617
15200 1.257527
15300 1.447329
15400 1.5931703
15500 1.6900586
15600 1.4875112
15700 1.5246211
15800 1.8166226
15900 1.5662092
16000 1.362372
16100 1.4939275
16200 1.5150353
16300 1.8560922
16400 1.4981372
16500 1.4276899
16600 1.4089752
16700 1.6265057
16800 1.4447383
16900 1.5723327
17000 1.4451475
17100 1.3742098
17200 1.4959536
17300 1.5108148
17400 1.4491434
17500 1.3583615
17600 1.293472
17700 1.4017023
17800 1.4666551
17900 1.5541495
18000 1.461949
18100 1.5979081
18200 1.4483486
18300 1.5548139
18400 1.5494604
18500 1.3090494
18600 1.4770268
18700 1.5552633
18800 1.3118515
18900 1.2927077
19000 1.3442941
19100 1.4568652
19200 1.3754102
19300 1.4758049
19400 1.4649028
19500 1.5263648
19600 1.4082972
19700 1.4098917
19800 1.2437606
19900 1.2991287
20000 1.5365198
20100 1.4021745
20200 1.4956139
20300 1.3782153
20400 1.3316826
20500 1.3990645
20600 1.5519742
20700 1.3150057
20800 1.4076821
20900 1.4948055
21000 1.3412794
21100 1.473454
21200 1.5040116
21300 1.4840927
21400 1.4100428
21500 1.3014213
21600 1.5484189
21700 1.267646
21800 1.3684711
21900 1.3328421
22000 1.558615
22100 1.4341427
22200 1.4620998
22300 1.4375116
22400 1.4538035
22500 1.3639642
22600 1.3223782
22700 1.5020294
22800 1.3043295
22900 1.5250456
23000 1.7292014
23100 1.3206246
23200 1.4983191
23300 1.4565849
23400 1.2732189
23500 1.252744
23600 1.5271285
23700 1.3896471
23800 1.4686351
23900 1.3382515
24000 1.4934243
24100 1.4910573
24200 1.2882005
24300 1.3779174
24400 1.589024
24500 1.212288
24600 1.4125793
24700 1.385689
24800 1.4254442
24900 1.4841859
25000 1.35325
25100 1.4699446
25200 1.3679422
25300 1.3230373
25400 1.3394117
25500 1.4608182
25600 1.4105734
25700 1.5545033
25800 1.4449801
25900 1.4536822
26000 1.5120437
26100 1.4128937
26200 1.3960686
26300 1.4350595
26400 1.4721456
26500 1.3914341
26600 1.4702988
26700 1.4451184
26800 1.3330443
26900 1.5075009
27000 1.4685601
27100 1.3819602
27200 1.4877427
27300 1.3464769
27400 1.5216017
27500 1.3531113
27600 1.5594053
27700 1.3210052
27800 1.4689319
27900 1.4164649
28000 1.341032
28100 1.4752162
28200 1.608979
28300 1.3309834
28400 1.6724234
28500 1.447904
28600 1.4861283
28700 1.377813
28800 1.6050916
28900 1.683654
29000 1.3576703
29100 1.4823123
29200 1.4066882
29300 1.4548198
29400 1.2786374
29500 1.4469984
29600 1.566542
29700 1.2554225
29800 1.3965305
29900 1.397849
30000 1.5085086
30100 1.3194749
30200 1.4546657
30300 1.3160676
30400 1.5622463
30500 1.4413517
30600 1.399729
30700 1.5250943
30800 1.6626899
30900 1.365474
31000 1.6065881
31100 1.3727372
31200 1.5041753
31300 1.5185463
31400 1.4127517
31500 1.4080652
31600 1.5098051
31700 1.3579434
31800 1.4744716
31900 1.4349196
32000 1.5233966
32100 1.552357
32200 1.4720271
32300 1.2927532
32400 1.3766305
32500 1.3338804
32600 1.3212606
32700 1.6065857
32800 1.480377
32900 1.4632782
33000 1.3151147
33100 1.5088862
33200 1.3275336
33300 1.4232723
33400 1.4334084
33500 1.5745023
33600 1.4768836
33700 1.5092967
33800 1.3663127
33900 1.3885072
34000 1.4556309
34100 1.3530563
34200 1.3852248
34300 1.4111443
34400 1.3491282
34500 1.367235
34600 1.504156
34700 1.4293075
34800 1.4189599
34900 1.3994718
35000 1.3846346
35100 1.2925647
35200 1.3201307
35300 1.2920673
35400 1.4402853
35500 1.2194829
35600 1.2944884
35700 1.3461828
35800 1.358114
35900 1.6061244
36000 1.4652342
36100 1.3181795
36200 1.4287387
36300 1.4044355
36400 1.4755282
36500 1.3052778
36600 1.6233709
36700 1.3088729
36800 1.2945817
36900 1.2908958
37000 1.2594452
37100 1.3953035
37200 1.1835229
37300 1.4008514
37400 1.3804842
37500 1.3546638
37600 1.3240856
37700 1.5461026
37800 1.2741221
37900 1.3501261
38000 1.4565644
38100 1.5978363
38200 1.5337083
38300 1.404541
38400 1.408733
38500 1.535527
38600 1.6210002
38700 1.5030873
38800 1.627495
38900 1.5560668
39000 1.4607855
39100 1.2759997
39200 1.5409697
39300 1.5512459
39400 1.528609
39500 1.4589553
39600 1.4620533
39700 1.2451503
39800 1.4722202
39900 1.4456651
40000 1.4208226
40100 1.52779
40200 1.4511219
40300 1.4269799
40400 1.464931
40500 1.3068664
40600 1.47564
40700 1.3523377
40800 1.6400001
40900 1.4487225
41000 1.4880745
41100 1.3800597
41200 1.3345387
41300 1.5316364
41400 1.3150403
41500 1.5371292
41600 1.52925
41700 1.6710865
41800 1.464746
41900 1.4519484
42000 1.4658302
42100 1.407938
42200 1.3507062
42300 1.4614246
42400 1.3528322
42500 1.5560555
42600 1.2880592
42700 1.4645743
42800 1.4043615
42900 1.4206418
43000 1.2855035
43100 1.4220484
43200 1.5062449
43300 1.486976
43400 1.3226525
43500 1.5019109
43600 1.3945582
43700 1.4644762
43800 1.1775726
43900 1.1355083
44000 1.3174992
44100 1.5679057
44200 1.3953099
44300 1.5584782
44400 1.2687759
44500 1.2213275
44600 1.2916741
44700 1.487957
44800 1.4530518
44900 1.3867289
45000 1.3831195
