0 26.864414
100 10.344463
200 8.839318
300 8.138563
400 7.942214
500 7.296015
600 7.401079
700 7.4280043
800 7.5448155
900 7.316435
1000 6.726396
1100 7.5335875
1200 7.2353272
1300 7.110556
1400 7.2808022
1500 6.814002
1600 6.9593725
1700 7.172053
1800 6.737899
1900 6.536555
2000 6.8484116
2100 6.807478
2200 7.059232
2300 6.221537
2400 6.273362
2500 7.3849726
2600 6.4229655
2700 6.6946616
2800 6.579298
2900 6.3726053
3000 6.678105
3100 6.6167145
3200 6.435986
3300 6.0125217
3400 6.783015
3500 6.7668962
3600 6.1562867
3700 6.2266874
3800 7.084761
3900 6.287841
4000 6.482223
4100 6.676503
4200 6.2692685
4300 6.1970377
4400 6.5169344
4500 6.446552
4600 5.716942
4700 6.098555
4800 6.118867
4900 6.1953335
5000 6.1531854
5100 6.5597367
5200 6.6573534
5300 6.5576324
5400 6.258168
5500 6.0227304
5600 6.358458
5700 6.533856
5800 6.2273984
5900 6.1208997
6000 7.120841
6100 6.387004
6200 6.5205264
6300 6.1332216
6400 6.491187
6500 6.1687593
6600 5.941588
6700 6.697993
6800 6.537781
6900 6.375386
7000 6.424506
7100 6.2363014
7200 6.523965
7300 6.316425
7400 6.61446
7500 6.461898
7600 6.764483
7700 6.197241
7800 6.073908
7900 6.0904894
8000 6.0062265
8100 6.28632
8200 6.29545
8300 6.3004785
8400 5.820345
8500 6.4982615
8600 6.2658043
8700 6.414312
8800 6.580317
8900 6.3687224
9000 6.343699
9100 6.0551753
9200 6.180869
9300 6.7420864
9400 6.593266
9500 6.220269
9600 5.906611
9700 6.071267
9800 5.9221277
9900 6.6569357
10000 6.6579676
10100 6.17902
10200 6.3663087
10300 5.7948017
10400 6.426018
10500 6.7494106
10600 6.504713
10700 6.695734
10800 5.66475
10900 6.553173
11000 6.1999283
11100 6.541297
11200 6.502478
11300 6.694666
11400 6.461407
11500 6.7030363
11600 6.160221
11700 6.6418533
11800 6.449902
11900 6.121
12000 6.187283
12100 6.4121857
12200 5.9254704
12300 6.342413
12400 6.1983576
12500 6.7536793
12600 5.9727545
12700 5.7821608
12800 6.241314
12900 6.2600303
13000 6.7821803
13100 6.3085995
13200 6.0190997
13300 6.5138187
13400 6.300548
13500 6.512299
13600 6.1300035
13700 6.2446012
13800 6.3479867
13900 6.0798836
14000 5.9379444
14100 6.171172
14200 6.6087637
14300 6.42644
14400 5.7255125
14500 6.486015
14600 6.2334046
14700 5.8486385
14800 6.1711984
14900 6.4785237
15000 6.2981725
15100 5.543284
15200 5.9404936
15300 5.9510493
15400 6.78603
15500 6.630378
15600 6.3271174
15700 6.218179
15800 6.9701314
15900 6.6496944
16000 5.9321146
16100 6.114419
16200 6.276339
16300 7.4158983
16400 6.0090327
16500 6.627434
16600 6.053337
16700 6.3573413
16800 6.5695515
16900 6.9999332
17000 6.077364
17100 6.240744
17200 6.027588
17300 6.59058
17400 6.614516
17500 5.915367
17600 5.8705044
17700 6.1957536
17800 6.306629
17900 5.932197
18000 6.154876
18100 6.468341
18200 6.109878
18300 6.573248
18400 6.102235
18500 6.014847
18600 6.3798513
18700 6.257744
18800 6.0094314
18900 5.7382364
19000 6.132565
19100 6.4114275
19200 6.3168807
19300 6.185783
19400 6.7037854
19500 6.4773316
19600 5.806488
19700 6.0892386
19800 5.735641
19900 6.474414
20000 6.570301
20100 6.4358864
20200 6.2716317
20300 5.949682
20400 6.0233545
20500 6.266679
20600 6.2923636
20700 6.127091
20800 6.1219053
20900 6.423628
21000 6.146903
21100 5.9552507
21200 6.3980007
21300 6.286361
21400 6.177273
21500 6.0067134
21600 6.4629774
21700 5.7008305
21800 6.303905
21900 5.9703574
22000 6.3988237
22100 6.395202
22200 6.276018
22300 6.2297444
22400 6.311509
22500 6.067535
22600 6.077198
22700 6.2315173
22800 6.122408
22900 6.3780136
23000 6.3309298
23100 6.0825934
23200 6.732945
23300 5.988843
23400 5.552374
23500 5.945324
23600 6.2821636
23700 6.216805
23800 5.9030523
23900 6.0475035
24000 6.3124285
24100 6.1823416
24200 6.209113
24300 6.484272
24400 6.1086497
24500 6.077415
24600 5.9142175
24700 6.1021056
24800 6.186743
24900 6.273805
25000 5.7734485
25100 6.418639
25200 5.7412515
25300 5.71676
25400 5.8412976
25500 6.340872
25600 6.0002337
25700 6.3151903
25800 6.225183
25900 6.513216
26000 6.2398577
26100 6.134541
26200 5.846344
26300 6.0752516
26400 6.2631903
26500 6.008765
26600 6.04575
26700 6.2678437
26800 6.3035836
26900 5.9616547
27000 6.2505984
27100 5.991704
27200 6.002083
27300 6.2844477
27400 6.4513226
27500 6.1635814
27600 6.579236
27700 6.0942645
27800 5.8043184
27900 6.0130444
28000 6.2315316
28100 6.638318
28200 6.535061
28300 6.0102944
28400 7.061183
28500 6.1269407
28600 6.2912974
28700 6.138811
28800 6.7589927
28900 6.816942
29000 6.1301055
29100 6.271694
29200 6.483117
29300 6.235824
29400 5.997694
29500 6.218588
29600 5.9333134
29700 6.151041
29800 6.2106705
29900 6.3368006
30000 6.599043
30100 5.9091663
30200 6.0129013
30300 6.071638
30400 6.4155927
30500 6.1885724
30600 6.329847
30700 6.5819154
30800 6.5705833
30900 5.9972425
31000 6.1786375
31100 5.989381
31200 6.3746204
31300 6.603715
31400 6.2630215
31500 6.270243
31600 6.0406604
31700 5.8646297
31800 5.8674493
31900 6.5642085
32000 6.4033217
32100 6.147082
32200 6.126892
32300 5.7583237
32400 6.239419
32500 5.663679
32600 6.0125575
32700 6.745953
32800 6.338438
32900 6.1397686
33000 6.0365033
33100 6.6680374
33200 5.8421903
33300 5.7550607
33400 6.1687694
33500 6.1993904
33600 6.3170304
33700 6.5647874
33800 5.8720565
33900 5.760637
34000 5.9729447
34100 6.1062307
34200 6.0127563
34300 5.981706
34400 5.7424774
34500 5.994607
34600 6.302948
34700 6.1724153
34800 6.2456107
34900 6.4299755
35000 6.00806
35100 5.8827186
35200 6.0972033
35300 5.879763
35400 6.266091
35500 5.687157
35600 5.969489
35700 5.6769714
35800 6.3160105
35900 5.6503663
36000 6.001013
36100 6.037893
36200 6.037332
36300 5.995779
36400 6.5569687
36500 6.069151
36600 6.676634
36700 5.7528396
36800 5.637223
36900 6.0585237
37000 5.9976826
37100 6.0752554
37200 5.588942
37300 6.3558526
37400 5.8858695
37500 6.3077216
37600 6.155575
37700 6.0412865
37800 5.705698
37900 5.975253
38000 6.008665
38100 6.16881
38200 6.165672
38300 5.955696
38400 6.0801954
38500 6.5094266
38600 6.1973495
38700 6.2170496
38800 6.3081093
38900 6.4485846
39000 5.9747434
39100 5.570728
39200 6.4128456
39300 6.209484
39400 6.0948696
39500 5.9124937
39600 6.285544
39700 5.8768086
39800 6.0136886
39900 6.2129865
40000 6.078477
40100 5.874291
40200 5.989345
40300 6.302725
40400 6.4422636
40500 6.1673603
40600 6.4050045
40700 6.0777254
40800 6.2609434
40900 6.0666037
41000 6.311219
41100 5.880308
41200 6.050929
41300 6.0116034
41400 6.0941215
41500 6.672451
41600 6.4072123
41700 6.420765
41800 6.353371
41900 6.3308425
42000 6.3262157
42100 5.708192
42200 5.8525553
42300 6.245251
42400 6.0524697
42500 6.495138
42600 5.8128586
42700 6.0399275
42800 6.144773
42900 5.8261113
43000 5.73639
43100 6.0240793
43200 6.07036
43300 6.344036
43400 6.0420136
43500 6.2089424
43600 6.216934
43700 5.986459
43800 5.4665184
43900 5.4473343
44000 6.2340536
44100 6.2252326
44200 6.1062837
44300 6.506804
44400 5.9092712
44500 5.8493543
44600 5.844062
44700 6.0682154
44800 5.971894
44900 5.8989
45000 6.31716
