0 3.340022
100 2.6429029
200 2.8913717
300 2.4143267
400 2.833269
500 2.8983142
600 2.5866506
700 2.7382536
800 2.192995
900 1.7816172
1000 1.9329687
1100 1.9751989
1200 2.2617097
1300 2.1211174
1400 1.9789872
1500 2.0283563
1600 1.7375003
1700 1.4457572
1800 2.2904685
1900 2.0465484
2000 1.8003502
2100 1.9393731
2200 1.8781735
2300 2.084321
2400 1.806201
2500 1.9388912
2600 2.24627
2700 2.182772
2800 1.8170071
2900 1.963294
3000 1.922786
3100 2.0949457
3200 1.8652569
3300 1.9877703
3400 1.8815676
3500 1.5449755
3600 1.7714516
3700 1.7162331
3800 1.6047201
3900 2.4378576
4000 1.6594341
4100 1.4007244
4200 2.003448
4300 2.3358932
4400 1.8128537
4500 2.0695202
4600 1.6191853
4700 1.3791208
4800 1.8523066
4900 1.5844569
5000 1.7005944
5100 1.5120512
5200 1.9615674
5300 1.9581954
5400 2.3648982
5500 2.0099943
5600 1.6746655
5700 1.5833982
5800 1.794946
5900 1.5145618
6000 1.6480678
6100 1.9963918
6200 1.5506506
6300 1.4654808
6400 1.3061771
6500 1.599652
6600 1.5895538
6700 2.0388298
6800 1.2857805
6900 1.5843848
7000 1.442058
7100 1.6540852
7200 1.6778029
7300 1.7362932
7400 1.8603098
7500 2.248203
7600 1.3393326
7700 1.805183
7800 1.0612742
7900 2.0155265
8000 1.619458
8100 1.5424219
8200 2.0966377
8300 1.5762489
8400 2.3775184
8500 2.1462524
8600 1.6228833
8700 1.5151044
8800 2.2650757
8900 1.3394992
9000 1.5077736
9100 1.3797075
9200 1.4408457
9300 1.6800514
9400 1.6154143
9500 1.5829155
9600 1.4645667
9700 1.2127831
9800 1.4565997
9900 0.9549785
10000 1.5508931
10100 1.7382603
10200 1.2065814
10300 1.1551003
10400 2.0979576
10500 1.8387225
10600 1.2251666
10700 1.6913042
10800 1.0858886
10900 1.267287
11000 1.4514014
11100 1.271417
11200 1.343302
11300 1.0765316
11400 1.3263433
11500 1.6440929
11600 1.3097432
11700 1.7952859
11800 1.8953291
11900 1.3051174
12000 1.3650458
12100 1.5502552
12200 1.3327081
12300 0.8738708
12400 1.4862037
12500 1.690898
12600 1.1223047
12700 1.4904116
12800 1.2968069
12900 1.33784
13000 1.2931969
13100 1.5032109
13200 1.4069424
13300 1.1891812
13400 1.3828962
13500 1.3957515
13600 1.0874125
13700 1.5302886
13800 1.6584042
13900 1.2839944
14000 1.3129619
14100 1.4004999
14200 1.4026774
14300 1.36556
14400 1.173745
14500 1.0461209
14600 1.4151819
14700 1.1629193
14800 1.4503082
14900 1.5368214
15000 1.4714282
15100 1.6242206
15200 1.5354962
15300 1.3444314
15400 1.6832248
