0 0.0625
100 0.1875
200 0.3125
300 0.46875
400 0.15625
500 0.375
600 0.3125
700 0.34375
800 0.34375
900 0.28125
1000 0.375
1100 0.34375
1200 0.375
1300 0.34375
1400 0.5
1500 0.4375
1600 0.375
1700 0.4375
1800 0.28125
1900 0.28125
2000 0.46875
2100 0.375
2200 0.5
2300 0.4375
2400 0.375
2500 0.28125
2600 0.4375
2700 0.46875
2800 0.46875
2900 0.3125
3000 0.5625
3100 0.40625
3200 0.3125
3300 0.375
3400 0.40625
3500 0.46875
3600 0.40625
3700 0.375
3800 0.375
3900 0.46875
4000 0.46875
4100 0.4375
4200 0.5
4300 0.34375
4400 0.4375
4500 0.5
4600 0.40625
4700 0.40625
4800 0.5625
4900 0.46875
5000 0.5
5100 0.46875
5200 0.5625
5300 0.5
5400 0.59375
5500 0.5
5600 0.53125
5700 0.625
5800 0.625
5900 0.65625
6000 0.6875
6100 0.625
6200 0.625
6300 0.5625
6400 0.4375
6500 0.5
6600 0.5625
6700 0.59375
6800 0.6875
6900 0.53125
7000 0.625
7100 0.46875
7200 0.53125
7300 0.5625
7400 0.625
7500 0.5
7600 0.5
7700 0.65625
7800 0.59375
7900 0.375
8000 0.59375
8100 0.625
8200 0.59375
8300 0.5625
8400 0.46875
8500 0.59375
8600 0.625
8700 0.59375
8800 0.5
8900 0.40625
9000 0.59375
9100 0.59375
9200 0.8125
9300 0.5625
9400 0.59375
9500 0.59375
9600 0.71875
9700 0.6875
9800 0.6875
9900 0.75
10000 0.6875
10100 0.71875
10200 0.71875
10300 0.59375
10400 0.71875
10500 0.65625
10600 0.6875
10700 0.65625
10800 0.5625
10900 0.59375
11000 0.75
11100 0.59375
11200 0.65625
11300 0.71875
11400 0.65625
11500 0.53125
11600 0.53125
11700 0.46875
11800 0.53125
11900 0.75
12000 0.5
12100 0.6875
12200 0.65625
12300 0.6875
12400 0.71875
12500 0.8125
12600 0.8125
12700 0.65625
12800 0.71875
12900 0.65625
13000 0.59375
13100 0.78125
13200 0.65625
13300 0.78125
13400 0.625
13500 0.5625
13600 0.65625
13700 0.75
13800 0.65625
13900 0.75
14000 0.6875
14100 0.71875
14200 0.90625
14300 0.71875
14400 0.65625
14500 0.8125
14600 0.75
14700 0.90625
14800 0.6875
14900 0.75
15000 0.8125
15100 0.71875
15200 0.78125
15300 0.65625
15400 0.75
15500 0.8125
15600 0.71875
15700 0.8125
15800 0.8125
15900 0.84375
16000 0.78125
16100 0.78125
16200 0.84375
16300 0.84375
16400 0.75
16500 0.875
16600 0.8125
16700 0.78125
16800 0.8125
16900 0.84375
17000 0.875
17100 0.6875
17200 0.8125
17300 0.90625
17400 0.8125
17500 0.71875
17600 0.8125
17700 0.875
17800 0.78125
17900 0.71875
18000 0.78125
18100 0.8125
18200 0.9375
