0 3.436791
100 4.402907
200 3.1020641
300 2.5104876
400 3.1829088
500 2.8186266
600 3.5972545
700 2.4741127
800 4.5306597
900 3.3658643
1000 3.787074
1100 3.2046902
1200 2.970496
1300 3.49874
1400 2.8195324
1500 3.6228023
1600 3.7110784
1700 2.5161002
1800 3.9710388
1900 2.90193
2000 3.04825
2100 3.408939
2200 3.4917529
2300 3.0099008
2400 2.654002
2500 4.2169604
2600 2.577633
2700 2.849001
2800 2.1299562
2900 2.8784986
3000 1.81965
3100 2.5428634
3200 2.8080745
3300 2.0168078
3400 2.4103703
3500 2.5903783
3600 2.4875848
3700 2.716351
3800 2.465922
3900 2.633827
4000 2.3050945
4100 2.058592
4200 2.350164
4300 3.3471215
4400 2.4775267
4500 1.9510965
4600 2.0551867
4700 2.7163947
4800 2.1125393
4900 2.3096194
5000 1.822255
5100 2.4167876
5200 2.3877316
5300 2.000247
5400 1.8578428
5500 1.9282967
5600 2.1589642
5700 1.8705965
5800 1.613675
5900 1.9427055
6000 1.1383108
6100 1.9892023
6200 1.489264
6300 1.7909575
6400 1.9201001
6500 1.8795143
6600 1.6855237
6700 1.6698327
6800 1.8679391
6900 1.6515722
7000 1.5038306
7100 2.0114467
7200 2.2180688
7300 1.3004265
7400 1.5020088
7500 2.0569131
7600 1.9872227
7700 1.7175168
7800 1.7077677
7900 2.4406545
8000 1.9178891
8100 1.6699529
8200 1.8297943
8300 1.3491799
8400 1.9281558
8500 1.7317797
8600 1.6364808
8700 1.5175244
8800 1.8283399
8900 1.8106743
9000 1.6221431
9100 1.6531378
9200 1.0509111
9300 1.5371044
9400 1.5594705
9500 1.1689695
9600 1.0289916
9700 1.2207942
9800 1.3669574
9900 1.5307595
10000 1.5945915
10100 1.3072871
10200 1.1655596
10300 1.71723
10400 1.2598455
10500 1.515965
10600 1.3622955
10700 1.5592921
10800 1.6250767
10900 1.4550478
11000 1.0712706
11100 1.4037483
11200 1.6100223
11300 0.9864745
11400 2.0146897
11500 1.7351698
11600 1.9309012
11700 1.9566799
11800 1.93671
11900 1.1235552
12000 2.1323926
12100 1.1816728
12200 1.2853558
12300 1.1837188
12400 1.0880502
12500 0.95241565
12600 1.1007324
12700 1.5571434
12800 1.1420137
12900 1.1706889
13000 2.2313979
13100 0.77239144
13200 1.2078075
13300 1.1939592
13400 1.1309211
13500 1.6926452
13600 1.0969954
13700 1.2651273
13800 1.3000362
13900 1.1451114
14000 1.0515301
14100 1.2997772
14200 0.6764301
14300 0.93606883
14400 1.3783925
14500 1.1242341
14600 0.8664388
14700 0.72309935
14800 1.0429013
14900 0.90604484
15000 0.8008617
15100 1.0698162
15200 1.2977391
15300 1.3791745
15400 1.0497488
15500 0.72585917
15600 1.2990903
15700 0.7702437
15800 0.90043175
15900 1.036353
16000 1.0322322
16100 0.7372076
16200 0.88976306
16300 0.9922665
16400 0.82003117
16500 0.44838494
16600 0.6966621
16700 1.234848
16800 0.79149264
16900 1.1506344
17000 0.82639885
17100 1.3271502
17200 0.69856715
17300 0.73718643
17400 0.80441505
17500 1.0496283
17600 0.97350866
17700 0.71098894
17800 0.78639203
17900 0.8405712
18000 1.0133818
18100 0.9203918
18200 0.57660747
