0 2.382202
100 3.0518625
200 2.150187
300 1.7401375
400 2.2062242
500 1.9537232
600 2.4934268
700 1.7149242
800 3.140414
900 2.3330393
1000 2.6249998
1100 2.221322
1200 2.058991
1300 2.4251418
1400 1.954351
1500 2.511135
1600 2.5723236
1700 1.7440277
1800 2.7525144
1900 2.0114646
2000 2.112886
2100 2.3628964
2200 2.4202986
2300 2.0863042
2400 1.8396139
2500 2.9229743
2600 1.786679
2700 1.974777
2800 1.4763732
2900 1.9952232
3000 1.2612853
3100 1.7625786
3200 1.9464089
3300 1.3979446
3400 1.6707414
3500 1.7955134
3600 1.7242624
3700 1.8828311
3800 1.709247
3900 1.8256297
4000 1.5977697
4100 1.4269073
4200 1.6290095
4300 2.3200479
4400 1.7172906
4500 1.3523971
4600 1.424547
4700 1.8828614
4800 1.4643006
4900 1.6009061
5000 1.263091
5100 1.6751895
5200 1.6550493
5300 1.3864655
5400 1.2877585
5500 1.3365934
5600 1.49648
5700 1.2965987
5800 1.1185143
5900 1.3465809
6000 0.7890169
6100 1.3788099
6200 1.0322791
6300 1.2413971
6400 1.330912
6500 1.30278
6600 1.168316
6700 1.1574398
6800 1.2947568
6900 1.1447827
7000 1.0423759
7100 1.3942286
7200 1.5374482
7300 0.901387
7400 1.0411131
7500 1.4257436
7600 1.3774378
7700 1.1904919
7800 1.1837344
7900 1.6917329
8000 1.3293794
8100 1.1575232
8200 1.2683167
8300 0.9351802
8400 1.3364958
8500 1.2003782
8600 1.134322
8700 1.0518677
8800 1.2673087
8900 1.2550638
9000 1.1243839
9100 1.1458678
9200 0.72843605
9300 1.0654396
9400 1.0809426
9500 0.8102679
9600 0.7132426
9700 0.8461901
9800 0.9475027
9900 1.0610416
10000 1.1052866
10100 0.90614235
10200 0.80790436
10300 1.1902931
10400 0.87325835
10500 1.0507869
10600 0.9442713
10700 1.0808189
10800 1.1264173
10900 1.0085623
11000 0.7425482
11100 0.97300416
11200 1.1159824
11300 0.683772
11400 1.3964765
11500 1.202728
11600 1.3383987
11700 1.3562672
11800 1.3424251
11900 0.7787891
12000 1.478062
12100 0.8190732
12200 0.8909407
12300 0.8204913
12400 0.754179
12500 0.66016424
12600 0.76296955
12700 1.0793296
12800 0.79158354
12900 0.8114597
13000 1.5466871
13100 0.53538096
13200 0.83718836
13300 0.8275895
13400 0.7838948
13500 1.1732522
13600 0.76037925
13700 0.87691945
13800 0.90111643
13900 0.79373074
14000 0.72886515
14100 0.9009369
14200 0.46886563
14300 0.64883345
14400 0.95542884
14500 0.7792597
14600 0.6005696
14700 0.50121427
14800 0.72288406
14900 0.62802243
15000 0.55511504
15100 0.7415401
15200 0.8995242
15300 0.9559709
15400 0.72763044
15500 0.5031272
15600 0.9004608
15700 0.5338923
15800 0.62413174
15900 0.71834517
16000 0.7154888
16100 0.51099336
16200 0.61673677
16300 0.6877867
16400 0.5684023
16500 0.31079677
16600 0.48288938
16700 0.8559314
16800 0.5486209
16900 0.797559
17000 0.572816
17100 0.91991043
17200 0.48420987
17300 0.5109787
17400 0.557578
17500 0.7275469
17600 0.6747848
17700 0.49281996
17800 0.54508543
17900 0.5826396
18000 0.70242274
18100 0.637967
18200 0.39967385
