0 9.589779
100 3.2764342
200 4.334338
300 4.694356
400 4.678658
500 4.5402856
600 3.7947881
700 3.439991
800 2.7707753
900 3.7253315
1000 3.5245848
1100 3.2681837
1200 3.2010806
1300 3.7711678
1400 3.2908852
1500 3.2612062
1600 3.4957817
1700 2.9474597
1800 3.404193
1900 4.071759
2000 2.6397872
2100 3.023991
2200 2.8563573
2300 3.0802703
2400 2.5254774
2500 2.6591892
2600 2.780259
2700 2.6543045
2800 2.602952
2900 3.2163668
3000 3.5680838
3100 3.803695
3200 3.5346627
3300 3.9026933
3400 4.118028
3500 3.5696244
3600 3.3711302
3700 3.8151205
3800 3.9393187
3900 3.5218158
4000 3.7882423
4100 3.7334452
4200 3.2254543
4300 2.913968
4400 3.43311
4500 3.5684981
4600 3.726322
4700 3.554099
4800 3.378255
4900 3.3645322
5000 3.2289834
5100 3.4775047
5200 3.0522726
5300 3.4668045
5400 3.5552592
5500 3.7716327
5600 3.5476904
5700 3.0566711
5800 2.8980095
5900 3.5229416
6000 3.2761188
6100 3.6879332
6200 3.190102
6300 3.312985
6400 3.536787
6500 3.4963138
6600 3.4233923
6700 3.0496187
6800 3.1016517
6900 3.427085
7000 3.333538
7100 2.866869
7200 3.3228602
7300 3.2690008
7400 3.3137512
7500 3.2246401
7600 3.9944954
7700 3.070107
7800 3.4367967
7900 3.8710887
8000 2.9180145
8100 3.382388
8200 3.503169
8300 3.0024605
8400 3.4205458
8500 2.9166439
8600 3.2254722
8700 3.8919244
8800 3.0305195
8900 3.6766205
9000 3.2417386
9100 3.3288965
9200 2.9999394
9300 3.04095
9400 3.329402
9500 2.903845
9600 2.860892
9700 2.7591772
9800 3.0921462
9900 3.1242642
10000 2.4744902
10100 3.1247234
10200 3.18326
10300 2.9230886
10400 2.962381
10500 3.8230288
10600 3.2029076
10700 3.3987868
10800 3.197445
10900 2.8720078
11000 2.3871264
11100 2.9187894
11200 2.7696571
11300 3.024343
11400 3.0428488
11500 3.2485514
11600 2.9261518
11700 2.9794955
11800 3.3642654
11900 2.72534
12000 2.8913121
12100 3.2403762
12200 3.2280953
12300 3.066707
12400 2.8852887
12500 2.827497
12600 2.5372174
12700 2.6735697
12800 2.911459
12900 3.2627873
13000 2.7128649
13100 2.5904055
13200 2.8806725
13300 2.9026465
13400 2.7649536
13500 3.325594
13600 2.4997244
13700 2.889709
13800 3.1925967
13900 2.1975994
14000 2.53307
14100 2.7268796
14200 2.3429356
14300 2.5123377
14400 3.1964455
14500 2.631241
14600 2.6874905
14700 2.5995214
14800 2.7360475
14900 2.7872455
15000 2.6254525
15100 2.5606296
15200 2.4829817
15300 2.5285978
15400 3.1248574
15500 2.4975176
15600 2.5090756
15700 2.6164017
15800 2.4746091
15900 2.562256
16000 2.7916229
16100 2.471459
16200 2.6670318
16300 2.431609
16400 2.5884783
16500 2.0395124
16600 2.3475554
16700 2.763449
16800 2.3583722
16900 3.0809817
17000 2.7091322
17100 3.2454422
17200 2.406115
17300 2.6716142
17400 2.5212002
17500 2.7560456
17600 2.844859
17700 2.4865952
17800 2.5072916
17900 2.4861403
18000 2.4773893
18100 2.5820086
18200 2.1645408
