0 0.068749994
100 0.371875
200 0.39375004
300 0.471875
400 0.453125
500 0.4875
600 0.515625
700 0.4375
800 0.45000005
900 0.46249998
1000 0.478125
1100 0.440625
1200 0.50625
1300 0.4625
1400 0.51875
1500 0.51875
1600 0.425
1700 0.453125
1800 0.49062502
1900 0.509375
2000 0.49687502
2100 0.52500004
2200 0.50625
2300 0.55625
2400 0.546875
2500 0.453125
2600 0.503125
2700 0.51875
2800 0.5375
2900 0.53125006
3000 0.49375004
3100 0.50312495
3200 0.50000006
3300 0.55312496
3400 0.515625
3500 0.49062502
3600 0.515625
3700 0.52187496
3800 0.51250005
3900 0.4875
4000 0.54062504
4100 0.52500004
4200 0.5375001
4300 0.571875
4400 0.55625
4500 0.51562506
4600 0.5375
4700 0.55312496
4800 0.621875
4900 0.559375
5000 0.61875
5100 0.49062502
5200 0.48125002
5300 0.50625
5400 0.55312496
5500 0.6
5600 0.559375
5700 0.521875
5800 0.50625
5900 0.490625
6000 0.49062502
6100 0.509375
6200 0.50312495
6300 0.53125
6400 0.49062502
6500 0.553125
6600 0.559375
6700 0.54375
6800 0.471875
6900 0.596875
7000 0.48125
7100 0.51250005
7200 0.515625
7300 0.55312496
7400 0.5375
7500 0.52187496
7600 0.46562502
7700 0.55625004
7800 0.56562495
7900 0.546875
8000 0.571875
8100 0.55
8200 0.5812501
8300 0.56562495
8400 0.56250006
8500 0.534375
8600 0.55625
8700 0.55312496
8800 0.49375004
8900 0.52187496
9000 0.56875
9100 0.55
9200 0.5375
9300 0.525
9400 0.475
9500 0.55625
9600 0.596875
9700 0.55
9800 0.534375
9900 0.496875
10000 0.51875
10100 0.525
10200 0.5625
10300 0.59375
10400 0.525
10500 0.50937504
10600 0.528125
10700 0.490625
10800 0.596875
10900 0.57500005
11000 0.5625
11100 0.525
11200 0.50624996
11300 0.50625
11400 0.50937504
11500 0.5125
11600 0.55312496
11700 0.521875
11800 0.46874997
11900 0.553125
12000 0.5125
12100 0.50937504
12200 0.53125
12300 0.54375
12400 0.528125
12500 0.45312503
12600 0.52500004
12700 0.5625
12800 0.49375004
12900 0.50625
13000 0.4875
13100 0.51250005
13200 0.578125
13300 0.475
13400 0.534375
13500 0.534375
13600 0.53125
13700 0.525
13800 0.5125
13900 0.51875
14000 0.546875
14100 0.534375
14200 0.484375
14300 0.55
14400 0.528125
14500 0.45937502
14600 0.509375
14700 0.553125
14800 0.5593749
14900 0.540625
15000 0.490625
15100 0.534375
15200 0.615625
15300 0.55
15400 0.49687502
15500 0.4875
15600 0.56875
15700 0.55937505
15800 0.50937504
15900 0.50625
16000 0.575
16100 0.553125
16200 0.540625
16300 0.440625
16400 0.52187496
16500 0.51875
16600 0.54062504
16700 0.5
16800 0.565625
16900 0.440625
17000 0.55
17100 0.534375
17200 0.528125
17300 0.521875
17400 0.52500004
17500 0.54375
17600 0.59999996
