0 4.7568116
100 3.1219244
200 2.8885226
300 2.5072734
400 2.5340326
500 2.3691506
600 2.286977
700 2.48598
800 2.55712
900 2.525532
1000 2.3959217
1100 2.6358836
1200 2.4988844
1300 2.584463
1400 2.3302696
1500 2.2854772
1600 2.4070256
1700 2.5139835
1800 2.3203146
1900 2.2216375
2000 2.2712133
2100 2.3907804
2200 2.3760533
2300 2.1355195
2400 2.2073288
2500 2.5942323
2600 2.3677046
2700 2.230392
2800 2.3118556
2900 2.1059077
3000 2.3299158
3100 2.4255073
3200 2.3373206
3300 1.9571232
3400 2.3020554
3500 2.3595924
3600 2.3988705
3700 2.224091
3800 2.4050639
3900 2.4950004
4000 2.2285085
4100 2.2712398
4200 2.1152606
4300 1.9784158
4400 2.2157555
4500 2.2530885
4600 1.9590765
4700 2.0717297
4800 1.8822448
4900 2.1141555
5000 1.869718
5100 2.3067365
5200 2.5390482
5300 2.3782322
5400 2.1756523
5500 1.9479415
5600 2.1904924
5700 2.087669
5800 2.3008711
5900 2.2826538
6000 2.430667
6100 2.349802
6200 2.225202
6300 2.2713068
6400 2.3665695
6500 2.22372
6600 1.9058828
6700 2.0967653
6800 2.3549016
6900 2.0523963
7000 2.3994427
7100 2.1738825
7200 2.195046
7300 2.268889
7400 2.3184779
7500 2.263642
7600 2.5169978
7700 2.0087051
7800 2.021328
7900 2.178591
8000 2.0141182
8100 2.1639228
8200 2.1731114
8300 2.1186278
8400 1.9971999
8500 2.3029408
8600 2.08769
8700 2.1587648
8800 2.500332
8900 2.3551555
9000 2.1752782
9100 2.1994526
9200 2.2463312
9300 2.2661667
9400 2.4790268
9500 2.212212
9600 2.0054467
9700 1.9892255
9800 2.2277162
9900 2.333385
10000 2.248605
10100 2.166035
10200 1.9254826
10300 1.9122001
10400 2.1515067
10500 2.4308827
10600 2.223306
10700 2.3207943
10800 1.8823463
10900 2.1046493
11000 2.0790143
11100 2.2286232
11200 2.1805599
11300 2.442592
11400 2.3702111
11500 2.3435292
11600 2.1837127
11700 2.2518764
11800 2.4227195
11900 2.2191107
12000 2.1756246
12100 2.232205
12200 2.2385664
12300 2.1658285
12400 2.2546341
12500 2.4521906
12600 2.2754486
12700 2.0494215
12800 2.3523328
12900 2.3958833
13000 2.4343283
13100 2.2935605
13200 2.0055676
13300 2.507701
13400 2.3022382
13500 2.1780224
13600 2.2349567
13700 2.2692204
13800 2.3422308
13900 2.3515913
14000 2.1345701
14100 2.1783438
14200 2.3878434
14300 2.0865397
14400 2.2935624
14500 2.492404
14600 2.262897
14700 2.1199594
14800 2.0478323
14900 2.137471
15000 2.2477615
15100 2.2541566
15200 1.8641571
15300 2.135875
15400 2.2488627
15500 2.4307933
15600 2.1955411
15700 2.126736
15800 2.5235443
15900 2.4045544
16000 2.0164096
16100 2.1474512
16200 2.2997468
16300 2.778582
16400 2.2763047
16500 2.19603
16600 2.0729244
16700 2.3212554
16800 2.1159005
16900 2.4231584
17000 2.1741722
17100 2.2060616
17200 2.2209728
17300 2.2091637
17400 2.167657
17500 1.9780146
17600 1.8639224
