0 26.419693
100 10.376628
200 8.546885
300 8.013031
400 7.5059023
500 7.108203
600 6.9823537
700 7.240056
800 7.409227
900 7.9093385
1000 6.554784
1100 7.074181
1200 7.2519264
1300 6.863153
1400 7.159254
1500 6.622899
1600 6.889187
1700 7.0140195
1800 6.289254
1900 6.4259214
2000 6.6586375
2100 7.0056014
2200 6.5518303
2300 6.256792
2400 6.520866
2500 6.961413
2600 6.3736935
2700 6.4912305
2800 6.589963
2900 6.09402
3000 6.6448574
3100 6.450453
3200 6.278888
3300 6.186861
3400 6.752801
3500 6.5678186
3600 6.260102
3700 6.2344418
3800 6.8460436
3900 6.532262
4000 6.6948338
4100 6.527985
4200 6.2995367
4300 6.218611
4400 6.3182507
4500 6.3860245
4600 5.651232
4700 6.0123577
4800 5.919986
4900 5.993261
5000 6.119736
5100 6.565472
5200 6.461246
5300 6.5744658
5400 6.239642
5500 6.04519
5600 6.2806344
5700 6.545821
5800 6.1153607
5900 6.0914803
6000 6.9960976
6100 6.440255
6200 6.365981
6300 6.0886045
6400 6.5075593
6500 6.349041
6600 5.9610906
6700 6.6554155
6800 6.543883
6900 6.582655
7000 6.4892592
7100 6.230152
7200 6.465971
7300 6.2277346
7400 6.375772
7500 6.206093
7600 6.9401603
7700 6.317443
7800 6.2786016
7900 6.451632
8000 5.82612
8100 6.1600437
8200 6.2710686
8300 6.1989403
8400 5.8107166
8500 6.5655046
8600 6.3057923
8700 6.308365
8800 6.546516
8900 6.2568893
9000 6.5972886
9100 5.9360275
9200 6.123516
9300 6.6614876
9400 6.528132
9500 6.2962523
9600 5.888821
9700 6.1173873
9800 5.8981
9900 6.662436
10000 6.5043306
10100 6.2030497
10200 6.1829634
10300 5.505358
10400 6.409261
10500 6.6456738
10600 6.726653
10700 6.422359
10800 5.7867336
10900 6.497903
11000 6.1768417
11100 6.2799993
11200 6.4290047
11300 6.5980296
11400 6.5405674
11500 6.5353975
11600 6.1012135
11700 6.838104
11800 6.3802195
11900 6.163587
12000 6.423612
12100 6.420568
12200 5.728019
12300 6.1884694
12400 6.0647755
12500 6.594212
12600 6.036764
12700 5.662528
12800 6.206174
12900 6.2020164
13000 6.805967
13100 6.475795
13200 5.945329
13300 6.670645
13400 6.3740563
13500 6.5958586
13600 6.175349
13700 6.34128
13800 6.165291
13900 5.8716927
14000 6.137971
14100 6.1456995
14200 6.882825
14300 6.332391
14400 5.641181
14500 6.9428654
14600 6.375004
14700 6.174789
14800 6.2519903
14900 6.569132
15000 6.4664083
15100 5.516157
15200 5.929388
15300 6.0319195
15400 6.8016896
15500 6.774333
15600 6.1187305
15700 6.132075
15800 6.8884883
15900 6.5915723
16000 6.1222444
16100 6.3091
16200 6.1365776
16300 7.2297893
16400 6.2240524
16500 6.476636
16600 5.9549346
16700 6.1510053
16800 6.617438
16900 7.181448
17000 6.188025
17100 6.242844
17200 6.13765
17300 6.667562
17400 6.440692
17500 6.00394
17600 6.0892277
