0 0.015625
100 0.15625
200 0.359375
300 0.459375
400 0.45937502
500 0.51875
600 0.521875
700 0.48125005
800 0.46562502
900 0.50000006
1000 0.50625
1100 0.4375
1200 0.50625
1300 0.48750004
1400 0.475
1500 0.521875
1600 0.47187495
1700 0.45000002
1800 0.5500001
1900 0.53749996
2000 0.515625
2100 0.5375
2200 0.490625
2300 0.553125
2400 0.54375
2500 0.46875
2600 0.50937504
2700 0.49999997
2800 0.521875
2900 0.52812505
3000 0.49062502
3100 0.48125005
3200 0.49062505
3300 0.5812501
3400 0.503125
3500 0.50625
3600 0.540625
3700 0.528125
3800 0.46875003
3900 0.48750004
4000 0.53125
4100 0.50625
4200 0.515625
4300 0.575
4400 0.578125
4500 0.5406251
4600 0.57500005
4700 0.53125006
4800 0.603125
4900 0.5375
5000 0.62812495
5100 0.484375
5200 0.478125
5300 0.51875
5400 0.509375
5500 0.6
5600 0.51875
5700 0.534375
5800 0.49687502
5900 0.50312495
6000 0.490625
6100 0.503125
6200 0.5
6300 0.50625
6400 0.52500004
6500 0.553125
6600 0.55937505
6700 0.521875
6800 0.50625
6900 0.59375
7000 0.47187498
7100 0.53125
7200 0.515625
7300 0.53749996
7400 0.521875
7500 0.52812505
7600 0.47500002
7700 0.5625
7800 0.5625
7900 0.534375
8000 0.540625
8100 0.55625004
8200 0.51875
8300 0.553125
8400 0.546875
8500 0.515625
8600 0.596875
8700 0.55625
8800 0.509375
8900 0.51875
9000 0.565625
9100 0.54375
9200 0.55625004
9300 0.52812505
9400 0.49375
9500 0.55
9600 0.6125001
9700 0.5875
9800 0.565625
9900 0.553125
10000 0.521875
10100 0.54999995
10200 0.58125
10300 0.596875
10400 0.509375
10500 0.50937504
10600 0.56250006
10700 0.53125
10800 0.646875
10900 0.58750004
11000 0.575
11100 0.553125
11200 0.50312495
11300 0.503125
11400 0.53125
11500 0.50625
11600 0.58750004
11700 0.5375
11800 0.5
11900 0.56562495
12000 0.565625
12100 0.52187496
12200 0.54062504
12300 0.5875
12400 0.55937505
12500 0.47812498
12600 0.553125
12700 0.57500005
12800 0.54375
12900 0.51250005
13000 0.5125
13100 0.5375001
13200 0.590625
13300 0.534375
13400 0.515625
13500 0.54375
13600 0.540625
13700 0.55625004
13800 0.52500004
13900 0.54375005
14000 0.5718751
14100 0.534375
14200 0.50937504
14300 0.58750004
14400 0.53125
14500 0.515625
14600 0.559375
14700 0.546875
14800 0.553125
14900 0.575
15000 0.55
15100 0.5500001
15200 0.603125
15300 0.553125
15400 0.50625
15500 0.534375
15600 0.575
15700 0.55625004
15800 0.49687502
15900 0.52500004
16000 0.59375
16100 0.584375
16200 0.575
16300 0.45625004
16400 0.5875
16500 0.5625
16600 0.571875
16700 0.53125
16800 0.534375
16900 0.509375
17000 0.57187504
17100 0.578125
17200 0.55937505
17300 0.55625004
17400 0.515625
17500 0.559375
17600 0.60625
17700 0.57187504
17800 0.521875
17900 0.54375
18000 0.575
18100 0.515625
18200 0.58750004
18300 0.50937504
18400 0.55625004
18500 0.61249995
18600 0.50625
18700 0.540625
18800 0.575
18900 0.59687495
19000 0.575
19100 0.54062504
19200 0.58750004
19300 0.565625
19400 0.5125
19500 0.54375
19600 0.578125
