0 4.7543883
100 4.1644654
200 3.119349
300 2.510402
400 2.510456
500 2.3015893
600 2.198795
700 2.4500823
800 2.4412668
900 2.5063384
1000 2.3926857
1100 2.6334069
1200 2.4195247
1300 2.5760558
1400 2.3606284
1500 2.2185535
1600 2.3310795
1700 2.5102968
1800 2.204902
1900 2.199122
2000 2.2126648
2100 2.3084106
2200 2.4031816
2300 2.0058947
2400 2.1664896
2500 2.5884843
2600 2.250603
2700 2.2027688
2800 2.3337295
2900 2.142692
3000 2.3525841
3100 2.48514
3200 2.3334706
3300 1.946663
3400 2.3043756
3500 2.2774642
3600 2.394704
3700 2.2415507
3800 2.4520166
3900 2.4875207
4000 2.3040493
4100 2.2914436
4200 2.1405904
4300 1.9882808
4400 2.1344235
4500 2.2698622
4600 1.9677665
4700 2.169771
4800 1.8770312
4900 2.133591
5000 1.8633264
5100 2.2544446
5200 2.5715096
5300 2.445954
5400 2.2280388
5500 1.925556
5600 2.2870085
5700 2.0601714
5800 2.2661695
5900 2.2857637
6000 2.492201
6100 2.3784313
6200 2.2611754
6300 2.3660574
6400 2.3176737
6500 2.1557753
6600 1.9405967
6700 2.2366068
6800 2.2352626
6900 2.0664566
7000 2.3860564
7100 2.151171
7200 2.2055087
7300 2.292162
7400 2.356551
7500 2.185357
7600 2.5289571
7700 2.0222795
7800 1.9947225
7900 2.260754
8000 2.0806355
8100 2.1515164
8200 2.2014594
8300 2.13789
8400 2.0497346
8500 2.3494382
8600 2.0149288
8700 2.1007166
8800 2.433263
8900 2.1921988
9000 2.162139
9100 2.1829128
9200 2.2205095
9300 2.243872
9400 2.4834213
9500 2.1146271
9600 2.0261364
9700 1.8935902
9800 2.0430975
9900 2.2601864
10000 2.1916249
10100 2.062982
10200 1.8635328
10300 1.8599141
10400 2.1085806
10500 2.3841858
10600 2.1492171
10700 2.280994
10800 1.8016235
10900 2.0835674
11000 2.0780427
11100 2.1937246
11200 2.129171
11300 2.3199382
11400 2.2275813
11500 2.3053603
11600 2.1197352
11700 2.2559576
11800 2.3167226
11900 2.1524777
12000 2.045175
12100 2.1235194
12200 2.0575392
12300 2.0614507
12400 2.2224884
12500 2.3276434
12600 2.164098
12700 1.9290985
12800 2.2579274
12900 2.3406606
13000 2.3489635
13100 2.253946
13200 1.8876654
13300 2.3249772
13400 2.212746
13500 2.1528542
13600 2.088367
13700 2.239058
13800 2.1954212
13900 2.1897967
14000 1.9655049
14100 2.1351943
14200 2.3853207
14300 1.9395475
14400 2.206104
14500 2.3714433
14600 2.2384956
14700 2.0729978
14800 2.0020008
14900 2.1470177
15000 2.06143
15100 2.0026968
15200 1.7330076
15300 2.0989192
15400 2.1996737
15500 2.3132603
15600 2.047686
15700 2.1638222
15800 2.5346158
15900 2.2039437
16000 1.9831132
16100 2.0521626
16200 2.1595995
16300 2.606794
16400 2.073138
16500 2.137431
16600 2.018619
16700 2.2454238
16800 2.094276
16900 2.3015227
17000 2.030424
17100 2.0380745
17200 2.0680625
17300 2.113982
17400 2.1637332
17500 1.8728822
17600 1.8335552
17700 2.023855
17800 2.1764948
17900 2.171953
18000 2.0598595
18100 2.356333
18200 1.993764
18300 2.3326962
18400 2.1634154
18500 1.8587396
18600 2.2018802
18700 2.222025
18800 1.9546702
18900 1.9017664
19000 1.9396582
19100 2.170289
19200 1.9409072
19300 2.1821244
19400 2.2031896
19500 2.1729867
19600 2.0477238
