0 3.2954907
100 2.8865876
200 2.162168
300 1.7400781
400 1.7401156
500 1.5953401
600 1.5240886
700 1.6982677
800 1.6921571
900 1.7372614
1000 1.6584834
1100 1.8253386
1200 1.6770867
1300 1.7855858
1400 1.6362629
1500 1.5377841
1600 1.6157812
1700 1.7400051
1800 1.5283216
1900 1.5243151
2000 1.5337024
2100 1.6000683
2200 1.6657585
2300 1.3903803
2400 1.5016962
2500 1.7942005
2600 1.5599991
2700 1.5268431
2800 1.6176181
2900 1.485201
3000 1.630687
3100 1.7225679
3200 1.6174386
3300 1.349324
3400 1.5972714
3500 1.5786178
3600 1.6598824
3700 1.5537245
3800 1.6996083
3900 1.724218
4000 1.5970453
4100 1.5883076
4200 1.4837443
4300 1.3781712
4400 1.4794697
4500 1.5733486
4600 1.3639518
4700 1.5039706
4800 1.3010589
4900 1.4788926
5000 1.2915595
5100 1.5626619
5200 1.7824347
5300 1.6954062
5400 1.5443587
5500 1.3346937
5600 1.5852334
5700 1.428002
5800 1.570789
5900 1.5843707
6000 1.7274622
6100 1.648603
6200 1.5673274
6300 1.640026
6400 1.6064891
6500 1.4942696
6600 1.3451191
6700 1.5502977
6800 1.549366
6900 1.4323585
7000 1.6538883
7100 1.4910781
7200 1.5287421
7300 1.5888056
7400 1.6334366
7500 1.5147741
7600 1.7529396
7700 1.4017373
7800 1.3826363
7900 1.5670353
8000 1.4421867
8100 1.4913175
8200 1.5259354
8300 1.4818726
8400 1.4207678
8500 1.6285064
8600 1.3966422
8700 1.4561057
8800 1.6866095
8900 1.5195163
9000 1.4986805
9100 1.5130799
9200 1.53914
9300 1.5553335
9400 1.7213765
9500 1.4657478
9600 1.4044107
9700 1.3125367
9800 1.4161673
9900 1.5666418
10000 1.5191187
10100 1.4299502
10200 1.2917025
10300 1.2891942
10400 1.4615567
10500 1.6525916
10600 1.4897238
10700 1.5810645
10800 1.2487903
10900 1.4442189
11000 1.4403895
11100 1.5205741
11200 1.4758288
11300 1.6080587
11400 1.5440416
11500 1.597954
11600 1.4692886
11700 1.5637107
11800 1.6058298
11900 1.4919839
12000 1.4176073
12100 1.4719114
12200 1.4261775
12300 1.4288888
12400 1.5405116
12500 1.6133995
12600 1.5000384
12700 1.3371491
12800 1.565076
12900 1.6224222
13000 1.6281774
13100 1.5623163
13200 1.30843
13300 1.6115513
13400 1.5337586
13500 1.4922448
13600 1.4475458
13700 1.5519968
13800 1.52175
13900 1.5178514
14000 1.3623842
14100 1.4800038
14200 1.6533782
14300 1.344392
14400 1.5291548
14500 1.6437593
14600 1.5516069
14700 1.4368925
14800 1.3876812
14900 1.4881992
15000 1.4288744
15100 1.3881636
15200 1.2012293
15300 1.45486
15400 1.5246975
15500 1.6034299
15600 1.4193479
15700 1.4998472
15800 1.7568617
15900 1.5276574
16000 1.3745893
16100 1.4224508
16200 1.4969203
16300 1.8068919
16400 1.4369898
16500 1.4815543
16600 1.3992001
16700 1.5564091
16800 1.4516414
16900 1.595294
17000 1.4073827
17100 1.4126856
17200 1.4334717
17300 1.4653006
17400 1.4997857
17500 1.2981831
17600 1.2709236
17700 1.4028294
17800 1.5086312
17900 1.5054832
18000 1.4277859
18100 1.6332855
18200 1.381972
18300 1.6169019
18400 1.4995654
18500 1.2883801
18600 1.5262271
18700 1.5401903
18800 1.3548741
18900 1.318204
19000 1.3444686
19100 1.5043297
19200 1.3453344
19300 1.5125334
19400 1.5271347
19500 1.5061996
19600 1.419374
