0 26.998796
100 18.579393
200 9.952423
300 8.355357
400 7.8485527
500 7.147353
600 7.238402
700 7.526888
800 7.437471
900 7.4431334
1000 6.816857
1100 7.359611
1200 7.4661174
1300 6.991378
1400 7.104663
1500 6.7891536
1600 7.129053
1700 7.271092
1800 6.654508
1900 6.602002
2000 6.859578
2100 6.9947705
2200 6.809424
2300 6.2210293
2400 6.695822
2500 7.2382483
2600 6.573937
2700 6.7710795
2800 6.602669
2900 6.306622
3000 6.8140125
3100 6.628394
3200 6.5206795
3300 6.301409
3400 6.626352
3500 6.7214756
3600 6.3089685
3700 6.434166
3800 6.9562964
3900 6.4761534
4000 6.7369175
4100 6.742642
4200 6.4676323
4300 6.4410925
4400 6.6068587
4500 6.53382
4600 5.8112607
4700 6.098938
4800 6.1038437
4900 6.1062536
5000 6.0718985
5100 6.5953546
5200 6.6992536
5300 6.735136
5400 6.4133153
5500 6.1413765
5600 6.3857536
5700 6.746252
5800 6.3407984
5900 6.0830255
6000 7.148938
6100 6.591091
6200 6.6663113
6300 6.1774745
6400 6.5130806
6500 6.2200003
6600 6.047123
6700 6.713583
6800 6.7637377
6900 6.423657
7000 6.668378
7100 6.4324985
7200 6.348095
7300 6.5848675
7400 6.346979
7500 6.3765755
7600 6.902046
7700 6.36827
7800 6.288207
7900 6.372093
8000 6.176238
8100 6.2185807
8200 6.4376154
8300 6.3806076
8400 5.87737
8500 6.7497168
8600 6.3453293
8700 6.64873
8800 6.468559
8900 6.337474
9000 6.49045
9100 6.035306
9200 6.3159356
9300 6.680544
9400 6.5716586
9500 6.2766175
9600 6.0741906
9700 6.0595574
9800 5.9058332
9900 6.577731
10000 6.5710363
10100 6.2096987
10200 6.102651
10300 5.7557316
10400 6.390873
10500 6.7119255
10600 6.598403
10700 6.6664762
10800 5.730891
10900 6.48656
11000 6.222119
11100 6.520422
11200 6.3517213
11300 6.571941
11400 6.2223587
11500 6.57273
11600 6.1784472
11700 6.603019
11800 6.549591
11900 6.0764933
12000 6.1101995
12100 6.3930254
12200 5.7582755
12300 6.199624
12400 6.16173
12500 6.686701
12600 6.005987
12700 5.762288
12800 6.169134
12900 6.3373985
13000 6.7104907
13100 6.212791
13200 6.023096
13300 6.4623294
13400 6.239068
13500 6.4967394
13600 6.0868807
13700 6.3416524
13800 6.2923975
13900 6.103271
14000 5.999048
14100 6.2397604
14200 6.7764626
14300 6.3533077
14400 5.6751056
14500 6.638445
14600 6.3678074
14700 5.939536
14800 6.2611537
14900 6.4742994
15000 6.2971673
15100 5.534609
15200 5.88292
15300 5.934434
15400 6.6677938
15500 6.5764313
15600 6.2055964
15700 6.1412106
15800 6.7898316
15900 6.7179623
16000 6.026416
16100 6.0616574
16200 6.1509485
16300 7.331798
16400 6.1609592
16500 6.6552715
16600 5.7727547
16700 6.1382623
16800 6.5864277
16900 6.9425774
17000 6.1094956
17100 6.221612
17200 6.0251527
17300 6.65826
17400 6.511126
17500 5.9802375
17600 5.734676
17700 6.225316
17800 6.469663
17900 6.0980444
18000 6.060696
18100 6.707814
18200 6.1002245
18300 6.6514544
18400 6.278048
18500 6.0473647
18600 6.3090577
18700 6.2405987
18800 6.215249
18900 5.724196
19000 6.3467207
19100 6.310808
19200 6.4852295
19300 6.2190056
19400 6.7606235
19500 6.700078
19600 5.947887
