0 0.125
100 0.34375
200 0.4375
300 0.34375
400 0.34375
500 0.5
600 0.53125
700 0.34375
800 0.4375
900 0.53125
1000 0.40625
1100 0.53125
1200 0.5
1300 0.53125
1400 0.375
1500 0.625
1600 0.25
1700 0.3125
1800 0.59375
1900 0.4375
2000 0.59375
2100 0.5
2200 0.5
2300 0.5625
2400 0.5625
2500 0.5
2600 0.5625
2700 0.59375
2800 0.40625
2900 0.5
3000 0.5
3100 0.59375
3200 0.65625
3300 0.59375
3400 0.59375
3500 0.53125
3600 0.5
3700 0.28125
3800 0.46875
3900 0.59375
4000 0.4375
4100 0.6875
4200 0.4375
4300 0.4375
4400 0.53125
4500 0.625
4600 0.46875
4700 0.5625
4800 0.65625
4900 0.5625
5000 0.4375
5100 0.6875
5200 0.40625
5300 0.625
5400 0.5
5500 0.59375
5600 0.5
5700 0.4375
5800 0.46875
5900 0.71875
6000 0.53125
6100 0.5
6200 0.625
6300 0.625
6400 0.53125
6500 0.625
6600 0.625
6700 0.59375
6800 0.6875
6900 0.65625
7000 0.59375
7100 0.6875
7200 0.59375
7300 0.4375
7400 0.59375
7500 0.53125
7600 0.46875
7700 0.53125
7800 0.6875
7900 0.59375
8000 0.75
8100 0.6875
8200 0.46875
8300 0.4375
8400 0.53125
8500 0.65625
8600 0.53125
8700 0.625
8800 0.5
8900 0.71875
9000 0.375
9100 0.625
9200 0.53125
9300 0.59375
9400 0.59375
9500 0.6875
9600 0.53125
9700 0.46875
9800 0.625
9900 0.59375
10000 0.46875
10100 0.65625
10200 0.59375
10300 0.59375
10400 0.5625
10500 0.625
10600 0.78125
10700 0.65625
10800 0.59375
10900 0.59375
11000 0.75
11100 0.59375
11200 0.65625
11300 0.59375
11400 0.8125
11500 0.625
11600 0.65625
11700 0.53125
11800 0.65625
11900 0.65625
12000 0.53125
12100 0.6875
12200 0.71875
12300 0.96875
12400 0.75
12500 0.84375
12600 0.75
12700 0.65625
12800 0.625
12900 0.59375
13000 0.625
13100 0.78125
13200 0.84375
13300 0.78125
13400 0.5625
13500 0.78125
13600 0.5625
13700 0.8125
13800 0.84375
13900 0.8125
14000 0.71875
14100 0.78125
14200 0.71875
14300 0.84375
14400 0.78125
14500 0.8125
14600 0.625
14700 0.6875
14800 0.71875
14900 0.90625
15000 0.8125
15100 0.875
15200 0.75
15300 0.59375
15400 0.65625
15500 0.84375
15600 0.8125
15700 0.84375
15800 0.8125
15900 0.78125
16000 0.78125
16100 0.84375
16200 0.6875
16300 0.8125
16400 0.71875
16500 0.78125
16600 0.78125
16700 0.875
16800 0.75
16900 0.90625
17000 0.90625
17100 0.8125
17200 0.8125
17300 1.0
17400 0.75
17500 0.71875
17600 0.90625
17700 0.6875
17800 0.78125
17900 0.78125
18000 0.8125
18100 0.84375
18200 0.84375
18300 0.8125
18400 0.71875
18500 0.71875
18600 0.84375
18700 0.875
18800 0.8125
18900 0.875
19000 0.8125
19100 0.9375
19200 0.875
19300 0.8125
19400 0.875
19500 0.84375
19600 0.8125
19700 0.78125
19800 0.875
19900 0.875
20000 0.84375
20100 0.78125
20200 0.84375
20300 0.78125
20400 0.875
20500 0.75
20600 0.8125
20700 0.84375
