0 3.3119311
100 2.3134916
200 2.4109874
300 2.4304447
400 2.6805425
500 2.3353062
600 1.9821838
700 2.7142727
800 2.3122404
900 1.9396333
1000 2.1485658
1100 2.1933746
1200 1.990501
1300 1.9086865
1400 2.4326637
1500 1.5800308
1600 2.4902697
1700 2.9848235
1800 2.0148962
1900 2.3120887
2000 1.8358275
2100 1.9776055
2200 1.8759252
2300 1.8128345
2400 1.8213986
2500 1.9932607
2600 1.8893381
2700 1.6075546
2800 2.475581
2900 1.9050585
3000 2.0486827
3100 1.7354859
3200 1.702683
3300 1.6137798
3400 1.9129505
3500 1.7744623
3600 2.2005131
3700 2.4966965
3800 2.676965
3900 2.187054
4000 2.0922313
4100 1.6869293
4200 1.9945428
4300 2.0005057
4400 1.8879155
4500 1.5253038
4600 1.8872482
4700 1.8422881
4800 1.3209361
4900 1.8390715
5000 2.0248563
5100 1.5446736
5200 2.4182887
5300 1.9227115
5400 1.8894117
5500 1.7907162
5600 1.7066203
5700 1.9999837
5800 2.0106587
5900 1.8319633
6000 1.9721426
6100 1.8358756
6200 1.6352003
6300 1.5326096
6400 1.9909465
6500 1.3275815
6600 1.5183382
6700 1.9780856
6800 1.4660313
6900 1.9040213
7000 1.7130029
7100 1.6438731
7200 2.0071247
7300 2.0264537
7400 1.6528069
7500 1.6502647
7600 1.8748269
7700 2.1000006
7800 1.7641399
7900 1.5611755
8000 1.0778357
8100 1.2009892
8200 2.2735476
8300 2.0010355
8400 2.1578982
8500 1.3501512
8600 1.8006618
8700 1.5378665
8800 2.0979843
8900 1.2972804
9000 2.0207288
9100 1.420015
9200 1.8097547
9300 1.445039
9400 1.4665241
9500 1.0058875
9600 1.6912086
9700 2.0318103
9800 1.9694232
9900 1.8756063
10000 1.8217075
10100 1.4568831
10200 1.731403
10300 1.7413453
10400 1.6185789
10500 1.7575616
10600 1.2451421
10700 1.6133345
10800 1.7047812
10900 1.2848605
11000 1.2441226
11100 1.7491499
11200 1.5424908
11300 1.4347186
11400 0.95244336
11500 1.8667561
11600 1.2189473
11700 1.5323312
11800 1.1380548
11900 1.377016
12000 1.5290191
12100 1.2980208
12200 0.97530776
12300 0.8896406
12400 1.1248522
12500 1.0427549
12600 1.2900565
12700 1.2284422
12800 1.3471549
12900 1.2410955
13000 1.3991041
13100 1.4313003
13200 0.8792118
13300 1.0333244
13400 1.6393253
13500 1.1849663
13600 1.6782944
13700 1.0192469
13800 0.9824602
13900 0.94015265
14000 1.1444992
14100 0.95492995
14200 0.999839
14300 0.6997441
14400 0.9780485
14500 0.77645266
14600 1.5178772
14700 1.3025634
14800 1.1181895
14900 0.7453195
15000 1.0428396
15100 1.0592097
15200 1.1248653
15300 1.5907145
15400 1.0119648
15500 0.74434996
15600 0.64932495
15700 0.91695213
15800 0.78899956
15900 0.7482293
16000 0.9401178
16100 0.9695179
16200 1.2494397
16300 0.78926915
16400 0.95375466
16500 1.0315002
16600 0.9395632
16700 0.6213612
16800 0.9069746
16900 0.60809165
17000 0.6214719
17100 1.1652788
17200 0.85736036
17300 0.34650144
17400 1.4314187
17500 0.9917365
17600 0.5068577
17700 1.1745911
17800 0.9544015
17900 0.94047946
18000 0.8817744
18100 0.99914956
18200 1.04009
18300 0.8959111
18400 1.0568748
18500 1.1355172
18600 1.0299431
18700 0.7202679
18800 0.7167557
18900 0.5993807
19000 0.96659845
19100 0.49682534
19200 0.84465206
19300 0.9099365
19400 0.7104347
19500 0.75128186
19600 0.8456412
19700 1.1379452
19800 0.823472
19900 0.7014938
20000 0.9112784
20100 0.74527425
20200 0.79066837
20300 0.96227854
20400 0.7702555
20500 1.0243796
20600 0.801569
20700 1.1748455
