0 2.2956557
100 1.6035903
200 1.671169
300 1.6846559
400 1.8580105
500 1.6187109
600 1.3739451
700 1.8813906
800 1.6027229
900 1.3444513
1000 1.4892724
1100 1.5203314
1200 1.3797102
1300 1.3230007
1400 1.686194
1500 1.0951939
1600 1.7261233
1700 2.068922
1800 1.3966196
1900 1.6026177
2000 1.2724986
2100 1.3707716
2200 1.3002923
2300 1.2565612
2400 1.2624973
2500 1.381623
2600 1.3095894
2700 1.1142719
2800 1.7159419
2900 1.320486
3000 1.4200386
3100 1.2029471
3200 1.1802099
3300 1.1185869
3400 1.3259562
3500 1.2299635
3600 1.5252795
3700 1.7305782
3800 1.8555307
3900 1.5159503
4000 1.4502242
4100 1.1692903
4200 1.3825117
4300 1.3866448
4400 1.3086033
4500 1.05726
4600 1.3081408
4700 1.2769768
4800 0.91560316
4900 1.2747473
5000 1.4035234
5100 1.0706861
5200 1.67623
5300 1.3327221
5400 1.3096404
5500 1.2412299
5600 1.182939
5700 1.386283
5800 1.3936825
5900 1.2698202
6000 1.3669851
6100 1.272532
6200 1.1334344
6300 1.062324
6400 1.380019
6500 0.9202094
6600 1.0524318
6700 1.3711045
6800 1.0161755
6900 1.319767
7000 1.1873631
7100 1.139446
7200 1.3912327
7300 1.4046307
7400 1.1456385
7500 1.1438763
7600 1.299531
7700 1.4556096
7800 1.2228086
7900 1.0821244
8000 0.7470988
8100 0.8324623
8200 1.5759032
8300 1.387012
8400 1.495741
8500 0.9358535
8600 1.2481236
8700 1.0659678
8800 1.454212
8900 0.8992063
9000 1.4006625
9100 0.9842794
9200 1.2544264
9300 1.0016247
9400 1.016517
9500 0.6972281
9600 1.1722565
9700 1.4083436
9800 1.3651001
9900 1.3000712
10000 1.2627114
10100 1.0098344
10200 1.2001171
10300 1.2070086
10400 1.1219134
10500 1.2182488
10600 0.86306673
10700 1.1182783
10800 1.1816642
10900 0.8905974
11000 0.86236006
11100 1.2124183
11200 1.0691732
11300 0.9944712
11400 0.6601834
11500 1.2939367
11600 0.8449099
11700 1.062131
11800 0.7888395
11900 0.9544747
12000 1.0598353
12100 0.8997195
12200 0.6760318
12300 0.6166519
12400 0.7796881
12500 0.7227826
12600 0.894199
12700 0.8514912
12800 0.9337766
12900 0.8602619
13000 0.9697851
13100 0.9921018
13200 0.60942316
13300 0.71624583
13400 1.1362936
13500 0.82135606
13600 1.163305
13700 0.70648813
13800 0.6809895
13900 0.65166414
14000 0.79330635
14100 0.661907
14200 0.6930356
14300 0.48502564
14400 0.67793155
14500 0.53819597
14600 1.0521123
14700 0.90286815
14800 0.7750699
14900 0.5166161
15000 0.7228414
15100 0.7341882
15200 0.7796972
15300 1.1025993
15400 0.7014406
15500 0.51594406
15600 0.45007777
15700 0.6355828
15800 0.5468928
15900 0.51863307
16000 0.65164
16100 0.6720186
16200 0.8660456
16300 0.5470797
16400 0.66109234
16500 0.71498144
16600 0.6512556
16700 0.43069476
16800 0.6286669
16900 0.42149702
17000 0.43077147
17100 0.8077097
17200 0.5942769
17300 0.2401765
17400 0.9921838
17500 0.68741935
17600 0.351327
17700 0.8141645
17800 0.6615407
17900 0.6518907
18000 0.61119944
18100 0.6925577
18200 0.72093546
18300 0.62099826
18400 0.73256975
18500 0.7870806
18600 0.7139022
18700 0.49925166
18800 0.4968172
18900 0.41545904
19000 0.669995
19100 0.34437308
19200 0.5854682
19300 0.6307199
19400 0.4924358
19500 0.5207489
19600 0.5861538
19700 0.7887635
19800 0.5707873
19900 0.48623845
20000 0.6316501
20100 0.51658475
20200 0.54804957
20300 0.66700065
20400 0.53390044
20500 0.7100459
20600 0.5556053
20700 0.81434083
