0 9.457987
100 6.323041
200 5.738142
300 5.946906
400 5.879356
500 5.4447813
600 5.275032
700 5.28193
800 5.65294
900 5.169263
1000 5.6368866
1100 4.8066845
1200 4.581416
1300 5.352474
1400 5.438882
1500 4.590138
1600 5.7653484
1700 4.975028
1800 4.439511
1900 4.891456
2000 3.9526992
2100 4.557932
2200 4.3276434
2300 4.275218
2400 3.9490578
2500 4.731071
2600 4.7500496
2700 4.0538588
2800 4.509519
2900 4.7336016
3000 3.9126453
3100 4.3704467
3200 4.1770363
3300 3.9641287
3400 3.789892
3500 3.9367127
3600 3.4774265
3700 4.2386384
3800 4.4949536
3900 4.0683565
4000 3.938043
4100 3.7035043
4200 4.6666613
4300 4.0834436
4400 3.7886624
4500 3.4296587
4600 4.0210123
4700 3.9973063
4800 3.7508035
4900 3.4567761
5000 3.6875327
5100 4.1359887
5200 4.522706
5300 3.8729064
5400 3.7695467
5500 3.866786
5600 3.526699
5700 3.9660256
5800 4.3332644
5900 3.3433442
6000 3.8897645
6100 3.8410177
6200 3.1796863
6300 3.667813
6400 3.8340583
6500 2.7191381
6600 3.8297908
6700 3.5245836
6800 3.5915687
6900 3.7553558
7000 3.7228107
7100 3.526695
7200 3.7157023
7300 3.9746728
7400 3.380189
7500 3.3347967
7600 3.497765
7700 3.4243402
7800 3.2066393
7900 3.6384017
8000 2.6945715
8100 3.3987966
8200 3.802625
8300 3.4256713
8400 3.508489
8500 3.1707253
8600 3.6420326
8700 3.0309196
8800 3.3768723
8900 2.8418655
9000 3.4186807
9100 3.0940452
9200 2.5561783
9300 3.8950238
9400 3.4600854
9500 2.9794421
9600 3.3710208
9700 3.2880075
9800 3.2498257
9900 3.3939738
10000 3.1997263
10100 2.6903
10200 3.342033
10300 2.769094
10400 2.9970343
10500 3.1868305
10600 3.4875762
10700 3.123025
10800 3.3539953
10900 3.4346247
11000 2.945236
11100 3.8096702
11200 2.979385
11300 2.9649296
11400 3.2164192
11500 2.9888425
11600 3.2854977
11700 3.3705325
11800 2.900227
11900 2.7349715
12000 3.1634011
12100 2.9989612
12200 3.0209055
12300 2.389845
12400 2.9591126
12500 2.4156456
12600 2.8633008
12700 2.9222465
12800 3.0676804
12900 2.8116994
13000 2.9902112
13100 2.6603017
13200 2.6180184
13300 2.417337
13400 3.0226152
13500 3.048439
13600 3.5180707
13700 3.5122173
13800 2.6259341
13900 2.4654078
14000 2.975899
14100 2.6654787
14200 3.0871766
14300 2.8056808
14400 2.9544244
14500 2.771302
14600 3.3876486
14700 2.8443117
14800 3.0592246
14900 2.770896
15000 2.7628932
15100 2.6118894
15200 2.4043107
15300 3.1700907
15400 2.8178582
15500 2.6445322
15600 2.3182518
15700 2.6798697
15800 3.0648177
15900 2.58851
16000 3.1761556
16100 2.573142
16200 2.9132228
16300 2.5316942
16400 2.8990717
16500 3.1220996
16600 2.8356864
16700 2.4161382
16800 2.749302
16900 2.590818
17000 2.5242949
17100 3.1414347
17200 2.4488115
17300 2.1873474
17400 3.409515
17500 3.1918943
17600 2.244986
17700 3.0595968
17800 3.0447633
17900 2.767838
18000 2.7407842
18100 2.70369
18200 2.4990335
18300 2.679727
18400 3.0146177
18500 2.6821272
18600 2.839706
18700 2.6502442
18800 2.5423133
18900 2.312451
19000 2.897221
19100 2.4724028
19200 2.1851015
19300 2.49049
19400 2.5738897
19500 2.331655
19600 2.8070762
19700 3.1507478
19800 2.9056196
19900 2.7393064
20000 2.8041859
20100 2.6187348
20200 2.552043
20300 3.1371744
20400 2.753242
20500 3.0283017
20600 2.5664022
20700 2.4474754
