0 0.034375
100 0.359375
200 0.40625
300 0.41875002
400 0.4375
500 0.51250005
600 0.509375
700 0.44375
800 0.42812502
900 0.4875
1000 0.45625
1100 0.42499998
1200 0.46562502
1300 0.44375002
1400 0.49062502
1500 0.528125
1600 0.46875003
1700 0.43125
1800 0.50625
1900 0.521875
2000 0.54062504
2100 0.5
2200 0.49375004
2300 0.534375
2400 0.54375
2500 0.45312503
2600 0.52812505
2700 0.53125
2800 0.546875
2900 0.571875
3000 0.5031251
3100 0.478125
3200 0.4875
3300 0.575
3400 0.51874995
3500 0.49375
3600 0.540625
3700 0.546875
3800 0.47812504
3900 0.46562502
4000 0.51875
4100 0.515625
4200 0.54687494
4300 0.58125
4400 0.56250006
4500 0.49687505
4600 0.546875
4700 0.55937505
4800 0.5906249
4900 0.55312496
5000 0.63750005
5100 0.51875
5200 0.46875
5300 0.484375
5400 0.51874995
5500 0.60625
5600 0.5625
5700 0.50625
5800 0.521875
5900 0.50312495
6000 0.47812504
6100 0.521875
6200 0.51875
6300 0.51875
6400 0.53437495
6500 0.55
6600 0.578125
6700 0.49375
6800 0.484375
6900 0.60937506
7000 0.49687502
7100 0.534375
7200 0.54062504
7300 0.53125
7400 0.515625
7500 0.534375
7600 0.465625
7700 0.546875
7800 0.534375
7900 0.54062504
8000 0.54375
8100 0.54687506
8200 0.553125
8300 0.565625
8400 0.56875
8500 0.503125
8600 0.58437496
8700 0.55
8800 0.53437495
8900 0.540625
9000 0.58750004
9100 0.55937505
9200 0.528125
9300 0.5625
9400 0.503125
9500 0.553125
9600 0.61249995
9700 0.59375
9800 0.56562495
9900 0.5187501
10000 0.50937504
10100 0.540625
10200 0.571875
10300 0.596875
10400 0.5375
10500 0.521875
10600 0.5375
10700 0.515625
10800 0.628125
10900 0.584375
11000 0.56875
11100 0.553125
11200 0.5125
11300 0.49687502
11400 0.53125
11500 0.51875
11600 0.55625
11700 0.50624996
11800 0.509375
11900 0.553125
12000 0.55625
12100 0.521875
12200 0.5625
12300 0.57187504
12400 0.521875
12500 0.47812504
12600 0.565625
12700 0.5375
12800 0.54687506
12900 0.50937504
13000 0.484375
13100 0.53749996
13200 0.59062505
13300 0.5
13400 0.54062504
13500 0.55937505
13600 0.546875
13700 0.515625
13800 0.51250005
13900 0.53125
14000 0.5593749
14100 0.515625
14200 0.49062502
14300 0.590625
14400 0.5625
14500 0.49687505
14600 0.54062504
14700 0.55625
14800 0.559375
14900 0.553125
15000 0.52812505
15100 0.55312496
15200 0.621875
15300 0.56875
15400 0.521875
15500 0.515625
15600 0.55
15700 0.553125
15800 0.475
15900 0.50000006
16000 0.5749999
16100 0.56874996
16200 0.55937505
16300 0.471875
16400 0.58125
16500 0.55937505
16600 0.56875
16700 0.528125
16800 0.525
16900 0.5
17000 0.55625004
17100 0.57500005
17200 0.546875
17300 0.559375
17400 0.50937504
17500 0.559375
17600 0.603125
17700 0.578125
17800 0.546875
17900 0.521875
18000 0.56875
18100 0.5125
18200 0.58125
18300 0.49687505
18400 0.540625
18500 0.625
18600 0.515625
18700 0.55
18800 0.57812494
18900 0.61562496
19000 0.571875
19100 0.525
19200 0.584375
19300 0.565625
19400 0.503125
19500 0.54062504
19600 0.56875
19700 0.58125
19800 0.628125
19900 0.60312504
20000 0.546875
20100 0.57187504
20200 0.50937504
20300 0.57812506
20400 0.55625
20500 0.553125
20600 0.52812505
20700 0.5687501
20800 0.55
20900 0.5375
21000 0.6125
21100 0.56875
21200 0.51875
21300 0.54687506
21400 0.55625
21500 0.59375
21600 0.528125
21700 0.621875
21800 0.584375
21900 0.59062505
22000 0.55625
22100 0.540625
22200 0.56875
22300 0.553125
22400 0.525
22500 0.578125
22600 0.58125
22700 0.52500004
22800 0.59375
22900 0.54687506
23000 0.48125
23100 0.5874999
23200 0.546875
23300 0.55625004
23400 0.61875004
23500 0.58125
23600 0.5375
23700 0.571875
23800 0.55937505
23900 0.56874996
24000 0.490625
24100 0.58125
24200 0.575
24300 0.59375
24400 0.50937504
24500 0.60625
24600 0.55
24700 0.55625004
24800 0.521875
24900 0.534375
25000 0.58125
25100 0.515625
25200 0.578125
25300 0.590625
25400 0.6031249
25500 0.54999995
25600 0.553125
25700 0.51250005
25800 0.55
25900 0.5375
26000 0.5125
26100 0.565625
26200 0.55625
26300 0.559375
26400 0.540625
26500 0.546875
26600 0.55625004
26700 0.56250006
26800 0.59375
26900 0.56875
27000 0.540625
27100 0.59375006
27200 0.5718751
27300 0.61875004
27400 0.55625
27500 0.5625
27600 0.534375
27700 0.5843751
27800 0.58125
27900 0.596875
28000 0.59374994
28100 0.55
28200 0.47187498
28300 0.55625004
28400 0.47500002
28500 0.546875
28600 0.52187496
28700 0.575
28800 0.546875
28900 0.465625
29000 0.528125
29100 0.521875
29200 0.57812506
29300 0.53749996
29400 0.56875
29500 0.553125
29600 0.51250005
29700 0.634375
29800 0.565625
29900 0.55625004
30000 0.54375
30100 0.58750004
30200 0.52500004
30300 0.565625
30400 0.540625
30500 0.50937504
30600 0.534375
30700 0.52812505
30800 0.496875
30900 0.52500004
31000 0.515625
31100 0.575
31200 0.540625
31300 0.521875
31400 0.534375
31500 0.565625
31600 0.54999995
31700 0.57812506
31800 0.54375
31900 0.56874996
32000 0.540625
32100 0.528125
32200 0.540625
32300 0.56874996
32400 0.58750004
32500 0.6
32600 0.571875
32700 0.503125
32800 0.515625
32900 0.55937505
33000 0.575
33100 0.51562506
33200 0.5875
33300 0.54375
33400 0.565625
33500 0.528125
33600 0.5625
33700 0.515625
33800 0.584375
33900 0.571875
34000 0.553125
34100 0.603125
34200 0.575
34300 0.56875
34400 0.55625004
34500 0.5812501
34600 0.51874995
34700 0.565625
34800 0.5625
34900 0.559375
35000 0.571875
35100 0.596875
35200 0.584375
35300 0.553125
35400 0.58750004
35500 0.60312504
35600 0.5625
35700 0.5625
35800 0.55625
35900 0.540625
36000 0.515625
36100 0.62500006
36200 0.54062504
36300 0.55625004
36400 0.55625
36500 0.6
36600 0.515625
36700 0.60312504
36800 0.609375
36900 0.578125
37000 0.5875
37100 0.55625
37200 0.634375
37300 0.55625004
37400 0.58125
37500 0.57187504
37600 0.584375
37700 0.5500001
37800 0.58125
37900 0.565625
38000 0.565625
38100 0.50624996
38200 0.55937505
38300 0.565625
38400 0.56875
38500 0.528125
38600 0.515625
38700 0.546875
38800 0.503125
38900 0.521875
39000 0.509375
39100 0.60625
39200 0.54062504
39300 0.49062502
39400 0.5375
39500 0.56874996
39600 0.56875
39700 0.584375
39800 0.55
39900 0.52500004
40000 0.559375
40100 0.53437495
40200 0.55
40300 0.57500005
40400 0.54687506
40500 0.55
40600 0.56875
40700 0.59999996
40800 0.50625
40900 0.5625
41000 0.5125
41100 0.5625
41200 0.56875
