0 4.767132
100 3.248043
200 2.9108665
300 2.5876253
400 2.6691349
500 2.406248
600 2.3459487
700 2.5514705
800 2.6027613
900 2.6109328
1000 2.4741032
1100 2.72282
1200 2.5235217
1300 2.5939083
1400 2.3631382
1500 2.332427
1600 2.3583
1700 2.6212568
1800 2.2872353
1900 2.2983475
2000 2.2702234
2100 2.4610133
2200 2.4705393
2300 2.1185436
2400 2.1583874
2500 2.5141885
2600 2.3496656
2700 2.2263384
2800 2.3619137
2900 2.169975
3000 2.3600602
3100 2.4495163
3200 2.3471994
3300 1.9872937
3400 2.2998617
3500 2.3638551
3600 2.4007254
3700 2.285144
3800 2.4265049
3900 2.4758027
4000 2.2781043
4100 2.3036985
4200 2.112676
4300 1.964676
4400 2.1265967
4500 2.3306904
4600 1.9463706
4700 2.0832021
4800 1.8512357
4900 2.1138327
5000 1.8237388
5100 2.3069246
5200 2.4643397
5300 2.3447156
5400 2.1472437
5500 1.9376869
5600 2.2028043
5700 2.1321583
5800 2.3000634
5900 2.2953563
6000 2.3878357
6100 2.3105311
6200 2.2458835
6300 2.3090992
6400 2.2329278
6500 2.1306977
6600 1.8963193
6700 2.252821
6800 2.3726568
6900 1.9981122
7000 2.3387392
7100 2.1108518
7200 2.1538427
7300 2.3054614
7400 2.3043635
7500 2.274612
7600 2.6565738
7700 2.0501795
7800 1.9346809
7900 2.1608021
8000 2.0750751
8100 2.1057384
8200 2.196177
8300 2.1264806
8400 2.0221605
8500 2.3300548
8600 2.0283098
8700 2.1871436
8800 2.4201016
8900 2.1622984
9000 2.098822
9100 2.2121844
9200 2.2118237
9300 2.220646
9400 2.3981028
9500 2.0664637
9600 2.0063765
9700 1.8552902
9800 2.1085005
9900 2.3007674
10000 2.3466115
10100 2.1252155
10200 1.9655808
10300 1.847769
10400 2.1331332
10500 2.4620466
10600 2.2401001
10700 2.2278597
10800 1.8588195
10900 2.007395
11000 2.029089
11100 2.1975467
11200 2.12331
11300 2.3607583
11400 2.2468038
11500 2.2388425
11600 2.0988817
11700 2.3178093
11800 2.264527
11900 2.1222868
12000 2.0708973
12100 2.1724906
12200 2.0684986
12300 2.0676644
12400 2.2877
12500 2.3915348
12600 2.1811566
12700 2.0098908
12800 2.2008636
12900 2.4334643
13000 2.4343774
13100 2.2344878
13200 1.9220619
13300 2.4208
13400 2.265658
13500 2.1631715
13600 2.134031
13700 2.2409177
13800 2.2239382
13900 2.208555
14000 2.0077524
14100 2.145009
14200 2.36581
14300 2.0064006
14400 2.1925583
14500 2.4167926
14600 2.2164786
14700 2.0562499
14800 1.9785687
14900 2.15858
15000 2.1637557
15100 2.1114452
15200 1.7650552
15300 2.0733995
15400 2.190042
15500 2.3002572
15600 2.1008716
15700 2.1325169
15800 2.5674293
15900 2.2986364
16000 1.9612011
16100 2.0704973
16200 2.2527773
16300 2.6040509
16400 2.144516
16500 2.116643
16600 2.0165365
16700 2.3350372
16800 2.1143472
16900 2.3043778
17000 2.059855
17100 2.0530822
17200 2.133887
17300 2.112007
17400 2.1200833
17500 1.8843893
17600 1.8540345
17700 2.0343711
17800 2.165754
17900 2.2164385
18000 2.1388755
18100 2.288781
18200 2.0735295
18300 2.3001182
18400 2.1656559
18500 1.8864677
18600 2.1618102
18700 2.1922781
18800 2.0156991
18900 1.8216126
19000 1.9444056
19100 2.1161397
19200 1.9868574
19300 2.1922407
19400 2.1362545
19500 2.1799564
19600 2.1452289
19700 2.003275
19800 1.8117023
19900 1.8835407
20000 2.2378259
20100 2.0542655
20200 2.14724
20300 1.9307084
20400 2.0085466
20500 2.0612874
20600 2.2278304
20700 1.9126624
20800 2.0146015
20900 2.1463685
21000 1.9479295
21100 2.0967777
21200 2.2056427
21300 2.243719
21400 2.0621524
21500 1.8779936
21600 2.2035744
21700 1.8704888
21800 2.0180192
21900 1.9490215
22000 2.2378016
22100 2.0588944
22200 2.1170883
22300 2.096365
22400 2.235401
22500 1.9607434
22600 1.9826559
22700 2.1876066
22800 1.9461623
22900 2.2812622
23000 2.5549707
23100 1.9598516
23200 2.1939776
23300 2.1350758
23400 1.8958182
23500 1.8610698
23600 2.1976566
23700 2.0408683
23800 2.0935724
23900 2.0042353
24000 2.2219186
24100 2.0838974
24200 2.0370991
24300 2.0337
24400 2.3341699
24500 1.8445745
24600 2.0259483
24700 1.9757633
24800 2.0830014
24900 2.1574454
25000 2.061117
25100 2.197683
25200 1.9884079
25300 1.958988
25400 1.9753966
25500 2.1676025
25600 2.0361717
25700 2.263483
25800 2.0849931
25900 2.0781872
26000 2.2049212
26100 2.106378
26200 2.0010834
26300 2.011887
26400 2.1236935
26500 2.0800834
26600 2.185585
26700 2.069183
26800 1.9252025
26900 2.1189373
27000 2.147008
27100 1.976827
27200 2.101078
27300 1.9259863
27400 2.1847558
27500 2.065498
27600 2.1989274
27700 1.9704018
27800 2.0928783
27900 2.0090542
28000 1.9387125
28100 2.043053
28200 2.3463125
28300 1.9283804
28400 2.5438588
28500 2.0460114
28600 2.1618657
28700 1.948637
28800 2.3640819
28900 2.526277
29000 2.0094883
29100 2.1770492
29200 2.0138195
29300 2.076485
29400 1.8811775
29500 2.1915743
29600 2.1934173
29700 1.8187877
29800 2.0651422
29900 2.0047915
30000 2.193836
30100 1.8947642
30200 2.0944326
30300 1.9040009
30400 2.2909875
30500 2.1209352
30600 2.1107776
30700 2.1947677
30800 2.4394681
30900 1.9879645
31000 2.3547752
31100 2.014671
31200 2.1934578
31300 2.1938193
31400 2.1496828
31500 2.0458755
31600 2.168297
31700 2.0014563
31800 2.1918206
31900 2.000833
32000 2.1797497
32100 2.260573
32200 2.166373
32300 1.9145037
32400 2.0515232
32500 1.8895441
32600 1.905675
32700 2.344848
32800 2.1824367
32900 2.1373706
33000 1.9031665
33100 2.1923335
33200 1.9189095
33300 2.1274574
33400 2.0232568
33500 2.283457
33600 2.0931234
33700 2.264205
33800 1.9704475
33900 2.03452
34000 2.161869
34100 1.9494168
34200 2.0050256
34300 1.988372
34400 1.9761289
34500 1.9443706
34600 2.2404163
34700 2.1003969
34800 2.136351
34900 2.0315576
35000 2.0061975
35100 1.8810078
35200 1.9032155
35300 1.9262363
35400 2.0833406
35500 1.855769
35600 1.8603836
35700 1.9398404
35800 1.9845922
35900 2.294433
36000 2.1250541
36100 1.8447295
36200 2.1126778
36300 2.0746334
36400 2.1810455
36500 1.9202623
36600 2.3501518
36700 1.910342
36800 1.7718451
36900 1.9128795
37000 1.9012191
37100 2.012544
37200 1.7441127
37300 2.0276518
37400 1.9926392
37500 2.0158837
37600 1.9425822
37700 2.2026203
37800 1.8175488
37900 1.961672
38000 2.1328766
38100 2.361389
38200 2.2293465
38300 2.0307615
38400 2.1347291
38500 2.279417
38600 2.318269
38700 2.230783
38800 2.390774
38900 2.2579153
39000 2.1152306
39100 1.8494741
39200 2.1847506
39300 2.2292902
39400 2.2210596
39500 2.1432633
39600 2.0821617
39700 1.8481038
39800 2.1128795
39900 2.199415
40000 2.146036
40100 2.297263
40200 2.1601171
40300 2.0978022
40400 2.1124814
40500 1.9435314
40600 2.1311467
40700 1.9200717
40800 2.353068
40900 2.0801659
41000 2.190521
41100 2.0576186
41200 2.0089643
