0 3.304324
100 2.2513719
200 2.017659
300 1.7936051
400 1.8501033
500 1.6678841
600 1.6260877
700 1.7685447
800 1.8040967
900 1.8097608
1000 1.7149177
1100 1.887315
1200 1.7491719
1300 1.7979602
1400 1.6380026
1500 1.6167152
1600 1.6346489
1700 1.8169167
1800 1.5853907
1900 1.5930932
2000 1.573599
2100 1.7058444
2200 1.7124474
2300 1.4684625
2400 1.4960802
2500 1.7427027
2600 1.6286641
2700 1.5431801
2800 1.6371539
2900 1.5041121
3000 1.6358691
3100 1.6978753
3200 1.6269547
3300 1.3774871
3400 1.5941426
3500 1.6384995
3600 1.664056
3700 1.5839412
3800 1.681925
3900 1.7160956
4000 1.5790615
4100 1.5968021
4200 1.4643954
4300 1.3618096
4400 1.4740446
4500 1.6155115
4600 1.3491213
4700 1.4439657
4800 1.2831788
4900 1.4651972
5000 1.2641194
5100 1.5990382
5200 1.7081501
5300 1.625233
5400 1.4883559
5500 1.3431022
5600 1.5268676
5700 1.4778996
5800 1.5942824
5900 1.5910197
6000 1.6551217
6100 1.6015382
6200 1.5567278
6300 1.6005456
6400 1.5477476
6500 1.4768871
6600 1.3144283
6700 1.5615366
6800 1.6446004
6900 1.3849858
7000 1.6210905
7100 1.463131
7200 1.4929299
7300 1.5980241
7400 1.5972631
7500 1.5766408
7600 1.8413966
7700 1.421076
7800 1.3410187
7900 1.4977539
8000 1.4383326
8100 1.4595866
8200 1.5222739
8300 1.473964
8400 1.4016548
8500 1.6150708
8600 1.4059173
8700 1.5160124
8800 1.6774867
8900 1.4987911
9000 1.4547926
9100 1.5333694
9200 1.5331194
9300 1.5392344
9400 1.6622381
9500 1.4323635
9600 1.3907142
9700 1.2859892
9800 1.4615012
9900 1.5947704
10000 1.6265472
10100 1.4730872
10200 1.3624368
10300 1.2807759
10400 1.4785752
10500 1.7065607
10600 1.5527191
10700 1.5442346
10800 1.2884355
10900 1.3914201
11000 1.4064573
11100 1.5232234
11200 1.4717665
11300 1.636353
11400 1.5573658
11500 1.5518473
11600 1.454834
11700 1.606583
11800 1.5696505
11900 1.471057
12000 1.4354366
12100 1.5058557
12200 1.433774
12300 1.4331957
12400 1.5857128
12500 1.6576856
12600 1.5118625
12700 1.3931501
12800 1.5255225
12900 1.686749
13000 1.6873819
13100 1.5488288
13200 1.3322718
13300 1.6779706
13400 1.5704343
13500 1.4993963
13600 1.4791976
13700 1.5532857
13800 1.5415165
13900 1.5308536
14000 1.391668
14100 1.486807
14200 1.6398546
14300 1.390731
14400 1.5197656
14500 1.675193
14600 1.5363458
14700 1.4252838
14800 1.3714393
14900 1.4962137
15000 1.4998012
15100 1.4635422
15200 1.223443
15300 1.4371711
15400 1.5180215
15500 1.5944167
15600 1.4562132
15700 1.4781481
15800 1.7796065
15900 1.5932933
16000 1.359401
16100 1.4351593
16200 1.5615063
16300 1.8049905
16400 1.4864652
16500 1.4671451
16600 1.3977566
16700 1.6185246
16800 1.4655538
16900 1.597273
17000 1.4277827
17100 1.4230882
17200 1.4790978
17300 1.4639316
17400 1.4695297
17500 1.3061591
17600 1.2851188
17700 1.4101187
17800 1.5011864
17900 1.5363182
18000 1.4825555
18100 1.586462
18200 1.4372611
18300 1.5943204
18400 1.5011182
18500 1.3075998
18600 1.4984525
18700 1.5195714
18800 1.3971763
18900 1.2626456
19000 1.3477592
19100 1.4667963
19200 1.3771846
19300 1.5195456
19400 1.4807389
19500 1.5110307
19600 1.4869593
19700 1.3885643
19800 1.2557763
19900 1.305571
20000 1.5511427
20100 1.4239084
20200 1.4883534
20300 1.3382651
20400 1.3922184
20500 1.4287755
20600 1.5442144
20700 1.3257565
20800 1.3964154
20900 1.4877492
21000 1.3502018
21100 1.4533755
21200 1.528835
21300 1.5552275
21400 1.4293752
21500 1.301726
21600 1.5274013
21700 1.296524
21800 1.3987843
21900 1.3509587
22000 1.5511259
22100 1.4271169
22200 1.4674538
22300 1.4530895
22400 1.5494618
22500 1.3590838
22600 1.3742723
22700 1.5163333
22800 1.348977
22900 1.5812504
23000 1.7709708
23100 1.3584657
23200 1.5207494
23300 1.4799217
23400 1.3140811
23500 1.2899953
23600 1.5232995
23700 1.4146221
23800 1.4511539
23900 1.38923
24000 1.5401165
24100 1.4444475
24200 1.4120095
24300 1.4096534
24400 1.6179233
24500 1.2785616
24600 1.4042804
24700 1.3694948
24800 1.4438266
24900 1.4954273
25000 1.4286574
25100 1.5233178
25200 1.3782593
25300 1.357867
25400 1.3692406
25500 1.5024676
25600 1.4113666
25700 1.5689269
25800 1.4452071
25900 1.4404896
26000 1.528335
26100 1.46003
26200 1.3870454
26300 1.3945339
26400 1.4720321
26500 1.4418039
26600 1.514932
26700 1.4342484
26800 1.3344487
26900 1.4687355
27000 1.4881924
27100 1.3702321
27200 1.4563563
27300 1.3349919
27400 1.5143573
27500 1.4316943
27600 1.5241803
27700 1.3657784
27800 1.4506727
27900 1.3925703
28000 1.3438131
28100 1.4161364
28200 1.6263399
28300 1.3366514
28400 1.7632686
28500 1.4181871
28600 1.4984912
28700 1.3506923
28800 1.6386566
28900 1.7510818
29000 1.3928713
29100 1.5090154
29200 1.3958733
29300 1.4393096
29400 1.3039329
29500 1.5190836
29600 1.5203611
29700 1.2606876
29800 1.4314475
29900 1.3896157
30000 1.5206512
30100 1.3133504
30200 1.45175
30300 1.3197528
30400 1.5879915
30500 1.4701202
30600 1.4630796
30700 1.521297
30800 1.6909105
30900 1.377952
31000 1.6322057
31100 1.3964635
31200 1.5203892
31300 1.5206397
31400 1.4900466
31500 1.4180928
31600 1.502949
31700 1.3873037
31800 1.5192543
31900 1.3868718
32000 1.5108874
32100 1.5669098
32200 1.5016154
32300 1.3270328
32400 1.4220076
32500 1.3097322
32600 1.3209133
32700 1.6253247
32800 1.5127498
32900 1.4815124
33000 1.3191745
33100 1.5196097
33200 1.3300867
33300 1.4746411
33400 1.4024148
33500 1.5827718
33600 1.4508426
33700 1.5694273
33800 1.3658102
33900 1.4102218
34000 1.4984934
34100 1.3512328
34200 1.3897779
34300 1.3782344
34400 1.3697482
34500 1.347735
34600 1.5529382
34700 1.4558841
34800 1.4808058
34900 1.4081684
35000 1.3905902
35100 1.3038152
35200 1.3192085
35300 1.3351653
35400 1.4440618
35500 1.286321
35600 1.2895197
35700 1.344595
35800 1.3756145
35900 1.5903798
36000 1.4729753
36100 1.2786691
36200 1.4643967
36300 1.4380262
36400 1.5117856
36500 1.3310244
36600 1.629001
36700 1.3241482
36800 1.2281494
36900 1.325907
37000 1.3178247
37100 1.3949891
37200 1.2089268
37300 1.4054612
37400 1.3811922
37500 1.3973042
37600 1.3464954
37700 1.52674
37800 1.2598288
37900 1.3597274
38000 1.4783974
38100 1.63679
38200 1.5452653
38300 1.4076166
38400 1.4796815
38500 1.5799714
38600 1.6069016
38700 1.546261
38800 1.6571583
38900 1.5650676
39000 1.4661661
39100 1.2819577
39200 1.5143538
39300 1.5452263
39400 1.5395212
39500 1.4855969
39600 1.4432445
39700 1.2810079
39800 1.4645365
39900 1.5245183
40000 1.4875188
40100 1.5923413
40200 1.4972792
40300 1.4540856
40400 1.4642605
40500 1.3471533
40600 1.4771984
40700 1.3308923
40800 1.6310225
40900 1.4418612
41000 1.5183535
41100 1.4262326
41200 1.3925079
