0 26.3452
100 10.593617
200 9.3807745
300 8.528035
400 8.137966
500 7.395877
600 7.2668147
700 7.518589
800 7.8898287
900 7.441352
1000 6.9878755
1100 7.79772
1200 7.4183326
1300 7.1053796
1400 7.268766
1500 6.8855257
1600 7.102581
1700 7.184379
1800 6.6636715
1900 6.584858
2000 6.6645164
2100 6.779357
2200 6.9837546
2300 6.07712
2400 6.240306
2500 7.317006
2600 6.430486
2700 6.554274
2800 6.5325284
2900 6.2252464
3000 6.7477226
3100 6.7932444
3200 6.380954
3300 6.073638
3400 6.646193
3500 6.778407
3600 6.0475807
3700 6.425487
3800 6.962786
3900 6.4104033
4000 6.746483
4100 6.7551136
4200 6.57494
4300 6.1515284
4400 6.423396
4500 6.3893166
4600 5.795225
4700 6.1345263
4800 6.068786
4900 5.9963655
5000 6.3250375
5100 6.572345
5200 6.7841916
5300 6.6443295
5400 6.1329417
5500 5.9922314
5600 6.1248465
5700 6.5987377
5800 6.0640774
5900 5.9702497
6000 6.9061294
6100 6.457083
6200 6.461552
6300 6.0999565
6400 6.4369955
6500 6.2611856
6600 5.6469765
6700 6.630975
6800 6.398414
6900 6.533387
7000 6.2361274
7100 6.3674006
7200 6.3979397
7300 6.246753
7400 6.445849
7500 6.4202394
7600 6.5201607
7700 6.221241
7800 6.0777817
7900 6.083498
8000 6.0058727
8100 6.40613
8200 6.1961484
8300 6.335364
8400 5.8608017
8500 6.3848124
8600 6.3686867
8700 6.516121
8800 6.7441025
8900 6.3266897
9000 6.248368
9100 6.0814276
9200 6.1399894
9300 6.818481
9400 6.3392267
9500 6.2579803
9600 6.0780454
9700 6.034557
9800 5.731468
9900 6.541842
10000 6.575838
10100 6.4819784
10200 6.090318
10300 5.760584
10400 6.414777
10500 6.532294
10600 6.6292124
10700 6.720085
10800 5.755269
10900 6.4915724
11000 6.1101146
11100 6.503889
11200 6.359382
11300 6.4191623
11400 6.464547
11500 6.5014887
11600 6.0518312
11700 6.2970266
11800 6.41332
11900 6.036696
12000 6.2409816
12100 6.1273217
12200 5.6785316
12300 6.32031
12400 6.225397
12500 6.652556
12600 5.8743153
12700 5.7110906
12800 6.1644297
12900 6.2108545
13000 6.880445
13100 6.3631935
13200 6.0031786
13300 6.4734197
13400 6.2569585
13500 6.396326
13600 6.0994873
13700 6.299091
13800 6.451582
13900 6.1673017
14000 6.0485306
14100 6.208268
14200 6.754514
14300 6.537343
14400 5.53091
14500 6.5839868
14600 6.4616814
14700 5.929838
14800 6.260221
14900 6.415669
15000 6.4158993
15100 5.5150743
15200 5.9222255
15300 5.793646
15400 6.640773
15500 6.6280146
15600 6.15361
15700 6.4053106
15800 6.7076507
15900 6.630137
16000 6.0257945
16100 6.0181994
16200 6.319665
16300 7.3173313
16400 6.096307
16500 6.616544
16600 6.0658674
16700 6.384783
16800 6.520494
16900 7.132226
17000 6.0450115
17100 6.3191137
17200 6.2486115
17300 6.658843
17400 6.596346
17500 5.8223667
17600 5.765983
17700 6.3285103
17800 6.329213
17900 6.00083
18000 6.0523157
18100 6.6359124
18200 6.1830134
18300 6.529577
18400 6.1431446
18500 6.1283803
18600 6.30199
18700 6.2576838
18800 6.017352
18900 5.7872796
19000 6.2154546
19100 6.4662886
19200 6.3000574
19300 6.2173758
19400 6.6575985
19500 6.5261
19600 5.715965
19700 6.3340864
19800 5.7586427
19900 6.4346304
20000 6.7235546
20100 6.461204
20200 6.3957
20300 5.910871
20400 6.0394764
20500 6.340389
20600 6.41964
20700 6.2162423
20800 6.185693
20900 6.583921
21000 6.289754
21100 6.1498475
21200 6.330852
21300 6.311994
21400 6.310151
21500 6.142636
21600 6.5601892
21700 5.7549753
21800 6.2334757
21900 6.0003877
22000 6.6063786
22100 6.399146
22200 6.2700686
22300 6.280795
22400 6.469035
22500 6.085073
22600 6.1729336
22700 6.31334
22800 6.055407
22900 6.26796
23000 6.4796424
23100 6.2866297
23200 6.7845078
23300 6.0716267
23400 5.6364703
23500 6.01271
23600 6.5774617
23700 6.145919
23800 6.143845
23900 6.313467
24000 6.3193684
24100 6.255062
24200 6.278842
24300 6.5824795
24400 6.0960264
24500 6.1859555
24600 6.200382
24700 6.136324
24800 6.400088
24900 6.4215655
25000 5.8489447
25100 6.415763
25200 5.6746073
25300 5.8504925
25400 5.888032
25500 6.453395
25600 6.1402874
25700 6.2399297
25800 6.2888327
25900 6.5187593
26000 6.2957006
26100 6.085326
26200 5.9533787
26300 6.0669103
26400 6.2435803
26500 6.148277
26600 6.25863
26700 6.3065867
26800 6.290661
26900 6.002139
27000 6.286818
27100 6.0196943
27200 6.166724
27300 6.2461224
27400 6.4983015
27500 6.241892
27600 6.608812
27700 6.1737585
27800 5.9053383
27900 6.011494
28000 6.277755
28100 6.6310396
28200 6.685778
28300 6.0693765
28400 7.2290154
28500 6.2874637
28600 6.479597
28700 6.105983
28800 6.813481
28900 6.954752
29000 6.091935
29100 6.3946953
29200 6.5245233
29300 6.2380915
29400 6.0222707
29500 6.2176795
29600 5.917853
29700 6.1553946
29800 6.181815
29900 6.3010836
30000 6.6953006
30100 6.015391
30200 6.1404166
30300 5.9866066
30400 6.4719415
30500 6.3575516
30600 6.4885626
30700 6.672275
30800 6.6411953
30900 6.0055633
31000 6.187092
31100 6.1157074
31200 6.576232
31300 6.752666
31400 6.2577243
31500 6.3469963
31600 6.175292
31700 5.804085
31800 5.9350953
31900 6.620516
32000 6.4285474
32100 6.146927
32200 6.152965
32300 5.9324093
32400 6.2208333
32500 5.800273
32600 6.0935187
32700 6.520475
32800 6.451632
32900 6.1694655
33000 5.936265
33100 6.6820254
33200 5.7666416
33300 5.9113207
33400 6.400146
33500 6.2270527
33600 6.4135504
33700 6.7104435
33800 5.735555
33900 5.795655
34000 6.094001
34100 6.075143
34200 5.913622
34300 6.0480556
34400 5.837861
34500 6.0198345
34600 6.318712
34700 6.2737556
34800 6.341198
34900 6.3203387
35000 6.107299
35100 5.967337
35200 6.063784
35300 6.014118
35400 6.3455524
35500 5.7559047
35600 6.076785
35700 5.7098894
35800 6.464068
35900 5.7612348
36000 6.128519
36100 6.1083174
36200 6.171689
36300 6.2161155
36400 6.66417
36500 6.102477
36600 6.666126
36700 5.854806
36800 5.751833
36900 6.0587697
37000 6.187889
37100 6.0930934
37200 5.6537285
37300 6.3627996
37400 5.880344
37500 6.366971
37600 6.2394238
37700 6.157436
37800 5.781184
37900 5.9515758
38000 5.9950686
38100 6.221137
38200 6.17292
38300 6.0002213
38400 6.179624
38500 6.6056223
38600 6.4091277
38700 6.3581085
38800 6.332874
38900 6.3640738
39000 5.8773723
39100 5.7097197
39200 6.5307817
39300 6.262091
39400 6.124645
39500 5.9698586
39600 6.2806473
39700 5.9579353
39800 5.976971
39900 6.2995524
40000 6.192499
40100 6.028555
40200 6.0656915
40300 6.5016165
40400 6.4161696
40500 6.2636023
40600 6.475642
40700 6.232858
40800 6.377343
40900 6.1406145
41000 6.40804
41100 5.9160814
41200 6.22052
