0 0.03125
100 0.3125
200 0.5
300 0.4375
400 0.4375
500 0.375
600 0.40625
700 0.53125
800 0.5625
900 0.4375
1000 0.40625
1100 0.4375
1200 0.53125
1300 0.34375
1400 0.5
1500 0.34375
1600 0.5
1700 0.40625
1800 0.625
1900 0.5625
2000 0.4375
2100 0.375
2200 0.5
2300 0.40625
2400 0.5625
2500 0.53125
2600 0.28125
2700 0.46875
2800 0.46875
2900 0.40625
3000 0.75
3100 0.59375
3200 0.40625
3300 0.59375
3400 0.625
3500 0.65625
3600 0.46875
3700 0.6875
3800 0.40625
3900 0.625
4000 0.625
4100 0.625
4200 0.59375
4300 0.53125
4400 0.53125
4500 0.5
4600 0.40625
4700 0.65625
4800 0.59375
4900 0.53125
5000 0.4375
5100 0.5
5200 0.59375
5300 0.5
5400 0.75
5500 0.46875
5600 0.40625
5700 0.6875
5800 0.59375
5900 0.46875
6000 0.71875
6100 0.625
6200 0.59375
6300 0.34375
6400 0.5
6500 0.59375
6600 0.5
6700 0.625
6800 0.71875
6900 0.625
7000 0.6875
7100 0.71875
7200 0.5
7300 0.53125
7400 0.53125
7500 0.5625
7600 0.5
7700 0.625
7800 0.625
7900 0.5
8000 0.625
8100 0.53125
8200 0.65625
8300 0.53125
8400 0.625
8500 0.6875
8600 0.6875
8700 0.59375
8800 0.625
8900 0.59375
9000 0.53125
9100 0.53125
9200 0.53125
9300 0.75
9400 0.71875
9500 0.6875
9600 0.59375
9700 0.5625
9800 0.6875
9900 0.53125
10000 0.5625
10100 0.5625
10200 0.65625
10300 0.5625
10400 0.59375
10500 0.5625
10600 0.6875
10700 0.5625
10800 0.6875
10900 0.75
11000 0.78125
11100 0.625
11200 0.71875
11300 0.625
11400 0.59375
11500 0.75
11600 0.625
11700 0.46875
11800 0.84375
11900 0.75
12000 0.5625
12100 0.71875
12200 0.59375
12300 0.75
12400 0.59375
12500 0.5625
12600 0.625
12700 0.5625
12800 0.71875
12900 0.8125
13000 0.625
13100 0.59375
13200 0.78125
13300 0.5625
13400 0.71875
13500 0.625
13600 0.6875
13700 0.71875
13800 0.75
13900 0.53125
14000 0.59375
14100 0.71875
14200 0.8125
14300 0.65625
14400 0.6875
14500 0.71875
14600 0.75
14700 0.59375
14800 0.6875
14900 0.84375
15000 0.625
15100 0.71875
15200 0.75
15300 0.78125
15400 0.75
15500 0.75
15600 0.6875
15700 0.59375
15800 0.71875
15900 0.71875
16000 0.78125
16100 0.6875
16200 0.78125
16300 0.71875
16400 0.75
16500 0.65625
16600 0.65625
16700 0.71875
16800 0.71875
16900 0.6875
17000 0.71875
17100 0.78125
17200 0.75
17300 0.59375
17400 0.6875
17500 0.65625
17600 0.8125
17700 0.78125
17800 0.78125
17900 0.71875
18000 0.78125
18100 0.65625
18200 0.75
18300 0.78125
18400 0.78125
18500 0.78125
18600 0.78125
18700 0.84375
18800 0.6875
18900 0.65625
19000 0.65625
19100 0.75
19200 0.6875
19300 0.75
19400 0.78125
19500 0.78125
19600 0.75
19700 0.71875
19800 0.71875
19900 0.71875
20000 0.5625
20100 0.78125
20200 0.8125
20300 0.71875
20400 0.59375
20500 0.84375
20600 0.71875
20700 0.75
20800 0.75
20900 0.75
21000 0.6875
21100 0.65625
21200 0.6875
21300 0.78125
21400 0.78125
21500 0.84375
21600 0.71875
21700 0.75
21800 0.78125
21900 0.71875
22000 0.90625
22100 0.875
22200 0.84375
22300 0.84375
22400 0.78125
22500 0.8125
22600 0.75
22700 0.78125
22800 0.78125
22900 0.78125
23000 0.75
23100 0.6875
23200 0.625
23300 0.6875
23400 0.8125
23500 0.71875
23600 0.75
23700 0.8125
23800 0.8125
23900 0.84375
24000 0.53125
24100 0.5625
24200 0.78125
24300 0.75
24400 0.75
24500 0.875
24600 0.78125
24700 0.75
24800 0.78125
24900 0.6875
25000 0.78125
25100 0.71875
25200 0.65625
25300 0.65625
25400 0.6875
25500 0.71875
25600 0.90625
25700 0.84375
25800 0.8125
25900 0.75
26000 0.71875
26100 0.75
26200 0.65625
26300 0.75
26400 0.875
26500 0.78125
26600 0.84375
26700 0.6875
26800 0.75
26900 0.8125
27000 0.71875
27100 0.84375
27200 0.71875
27300 0.875
27400 0.78125
