0 3.32193
100 2.83977
200 2.27684
300 2.73454
400 2.0403
500 2.61033
600 2.49526
700 1.7565
800 1.86287
900 2.30366
1000 2.49784
1100 2.4641
1200 2.08813
1300 2.24553
1400 2.28454
1500 2.23235
1600 2.10304
1700 2.5773
1800 1.63409
1900 1.84478
2000 2.03582
2100 2.2758
2200 1.97614
2300 2.24379
2400 1.76257
2500 1.96252
2600 2.41314
2700 1.92371
2800 2.11549
2900 1.98322
3000 1.3607
3100 1.66656
3200 2.07515
3300 1.90597
3400 2.09739
3500 1.90544
3600 2.21235
3700 1.36975
3800 2.18722
3900 1.61223
4000 1.67151
4100 1.72613
4200 1.88754
4300 2.16654
4400 1.94415
4500 1.8273
4600 2.41566
4700 1.71322
4800 1.75433
4900 2.07119
5000 2.3773
5100 1.86925
5200 1.67353
5300 1.829
5400 1.22551
5500 2.15945
5600 1.9866
5700 1.38509
5800 1.5525
5900 2.09457
6000 1.467
6100 1.87678
6200 1.77747
6300 2.07365
6400 1.72973
6500 2.01796
6600 1.97188
6700 1.50241
6800 1.51161
6900 1.48965
7000 1.5622
7100 1.24177
7200 1.8525
7300 2.07354
7400 1.81989
7500 1.8178
7600 2.1076
7700 1.65434
7800 1.59802
7900 1.93803
8000 1.57024
8100 1.68686
8200 1.45789
8300 2.24856
8400 1.32033
8500 1.44662
8600 1.66065
8700 1.58831
8800 1.62123
8900 1.53146
9000 2.05961
9100 1.89895
9200 1.70242
9300 1.06194
9400 1.59184
9500 1.48882
9600 1.82637
9700 2.04136
9800 1.26725
9900 1.67496
10000 1.73513
10100 2.04733
10200 1.50857
10300 1.55771
10400 1.32172
10500 1.89768
10600 1.35492
10700 1.92165
10800 1.15589
10900 1.28178
11000 1.08847
11100 1.63395
11200 1.14
11300 1.55946
11400 1.68991
11500 1.12855
11600 1.5582
11700 1.69551
11800 1.20829
11900 1.2636
12000 1.67236
12100 1.11239
12200 1.50463
12300 1.28662
12400 1.49959
12500 1.63108
12600 1.58823
12700 1.5427
12800 1.33967
12900 0.803947
13000 1.39122
13100 1.54841
13200 1.45075
13300 1.6771
13400 1.15749
13500 1.53984
13600 1.30292
13700 1.19994
13800 0.980478
13900 1.5413
14000 1.75076
14100 1.32562
14200 0.966265
14300 1.22986
14400 1.34074
14500 1.20645
14600 1.10134
14700 1.60268
14800 1.45364
14900 1.23495
15000 1.54156
15100 1.6409
15200 0.925865
15300 1.08866
15400 1.10648
15500 1.09465
15600 1.34751
15700 1.75617
15800 1.37186
15900 1.20525
16000 1.00266
16100 1.50948
16200 1.06741
16300 1.12845
16400 1.18576
16500 1.32072
16600 1.64372
16700 1.08773
16800 1.50618
16900 1.14951
17000 1.27294
17100 1.01185
17200 1.05807
17300 1.42132
17400 1.49267
17500 1.50771
17600 1.02659
17700 1.19546
17800 1.0928
17900 1.26165
18000 0.908356
18100 1.13507
18200 1.26444
18300 1.30915
18400 0.99227
18500 1.13538
18600 0.92883
18700 1.10214
18800 1.28908
18900 1.40411
19000 1.36233
19100 1.05697
19200 1.16517
19300 1.04955
19400 0.955137
19500 1.51984
19600 0.950606
19700 1.01246
19800 1.32758
19900 1.08439
20000 1.86801
20100 1.06252
20200 1.04443
20300 1.19477
20400 1.41752
20500 0.768865
20600 1.34256
20700 1.07599
20800 1.22441
20900 1.18815
21000 1.20631
21100 1.52901
21200 1.1945
21300 1.12829
21400 0.884887
21500 0.955155
21600 1.13584
21700 1.16907
21800 1.06791
21900 1.52501
22000 0.786652
22100 0.978906
22200 0.894349
22300 1.02101
22400 0.941306
22500 0.921127
22600 1.01334
22700 1.26108
22800 1.15137
22900 0.978327
23000 1.08497
23100 1.44125
23200 1.39949
23300 1.12192
23400 0.937778
23500 1.2717
23600 1.03039
23700 0.86723
23800 1.1038
23900 0.791995
24000 1.62882
24100 1.57083
24200 1.12727
24300 1.32611
24400 1.29575
24500 0.898625
24600 0.997926
24700 1.29011
24800 0.98362
24900 1.08418
25000 0.901518
25100 1.09226
25200 1.36884
25300 1.39033
25400 1.30657
25500 1.36699
25600 0.644268
25700 0.772104
25800 0.873988
25900 1.40036
26000 1.24166
26100 1.1743
26200 1.40459
26300 1.23691
26400 0.839698
26500 1.41852
26600 0.81312
26700 1.25803
26800 0.920551
26900 0.918432
27000 1.08676
27100 0.9288
27200 1.0109
27300 0.774475
27400 0.93334
