0 2.30259
100 1.96838
200 1.57819
300 1.89544
400 1.41423
500 1.80934
600 1.72958
700 1.21751
800 1.29124
900 1.59678
1000 1.73137
1100 1.70799
1200 1.44738
1300 1.55648
1400 1.58352
1500 1.54735
1600 1.45772
1700 1.78645
1800 1.13266
1900 1.2787
2000 1.41112
2100 1.57747
2200 1.36976
2300 1.55528
2400 1.22172
2500 1.36032
2600 1.67266
2700 1.33342
2800 1.46635
2900 1.37466
3000 0.943168
3100 1.15517
3200 1.43839
3300 1.32111
3400 1.4538
3500 1.32075
3600 1.53349
3700 0.949439
3800 1.51606
3900 1.11751
4000 1.1586
4100 1.19646
4200 1.30835
4300 1.50173
4400 1.34758
4500 1.26659
4600 1.67441
4700 1.18751
4800 1.21601
4900 1.43564
5000 1.64782
5100 1.29566
5200 1.16
5300 1.26777
5400 0.849461
5500 1.49682
5600 1.37701
5700 0.960069
5800 1.07611
5900 1.45185
6000 1.01685
6100 1.30088
6200 1.23205
6300 1.43734
6400 1.19896
6500 1.39874
6600 1.3668
6700 1.04139
6800 1.04777
6900 1.03254
7000 1.08284
7100 0.860733
7200 1.28405
7300 1.43727
7400 1.26145
7500 1.26
7600 1.46088
7700 1.1467
7800 1.10766
7900 1.34334
8000 1.08841
8100 1.16925
8200 1.01053
8300 1.55858
8400 0.915181
8500 1.00272
8600 1.15107
8700 1.10093
8800 1.12375
8900 1.06153
9000 1.42761
9100 1.31625
9200 1.18003
9300 0.736082
9400 1.10338
9500 1.03197
9600 1.26594
9700 1.41496
9800 0.878388
9900 1.16099
10000 1.2027
10100 1.4191
10200 1.04566
10300 1.07972
10400 0.916144
10500 1.31537
10600 0.939156
10700 1.33199
10800 0.8012
10900 0.888462
11000 0.754467
11100 1.13257
11200 0.790191
11300 1.08094
11400 1.17136
11500 0.782248
11600 1.08006
11700 1.17524
11800 0.837521
11900 0.875858
12000 1.15919
12100 0.771047
12200 1.04293
12300 0.89182
12400 1.03943
12500 1.13058
12600 1.10088
12700 1.06932
12800 0.928587
12900 0.557254
13000 0.96432
13100 1.07327
13200 1.00559
13300 1.16247
13400 0.802312
13500 1.06734
13600 0.903116
13700 0.831733
13800 0.679616
13900 1.06835
14000 1.21354
14100 0.918847
14200 0.669764
14300 0.852475
14400 0.929333
14500 0.836251
14600 0.763394
14700 1.11089
14800 1.00759
14900 0.856001
15000 1.06853
15100 1.13739
15200 0.64176
15300 0.754599
15400 0.766956
15500 0.758752
15600 0.934023
15700 1.21728
15800 0.9509
15900 0.835415
16000 0.694992
16100 1.04629
16200 0.739872
16300 0.782181
16400 0.821907
16500 0.915454
16600 1.13934
16700 0.753958
16800 1.04401
16900 0.796777
17000 0.882335
17100 0.701362
17200 0.733401
17300 0.985186
17400 1.03464
17500 1.04507
17600 0.71158
17700 0.828632
17800 0.757473
17900 0.87451
18000 0.629624
18100 0.786768
18200 0.876441
18300 0.907436
18400 0.687789
18500 0.786983
18600 0.643816
18700 0.763946
18800 0.89352
18900 0.973257
19000 0.944295
19100 0.732633
19200 0.807636
19300 0.727494
19400 0.662051
19500 1.05347
19600 0.65891
19700 0.701785
19800 0.920211
19900 0.751644
20000 1.29481
20100 0.736481
20200 0.723941
20300 0.828152
20400 0.982549
20500 0.532937
20600 0.930589
20700 0.745817
20800 0.848696
20900 0.82356
21000 0.836149
21100 1.05983
21200 0.827967
21300 0.782072
21400 0.613357
21500 0.662063
21600 0.787306
21700 0.810338
21800 0.740216
21900 1.05706
22000 0.545266
22100 0.678526
22200 0.619915
22300 0.70771
22400 0.652464
22500 0.638477
22600 0.702395
22700 0.874114
22800 0.798071
22900 0.678124
23000 0.752045
23100 0.998996
23200 0.970052
23300 0.777652
23400 0.650018
23500 0.881477
23600 0.714211
23700 0.601118
23800 0.765096
23900 0.548969
24000 1.12901
24100 1.08882
24200 0.781364
24300 0.919189
24400 0.898148
24500 0.622879
24600 0.69171
24700 0.894235
24800 0.681794
24900 0.751496
25000 0.624885
25100 0.7571
25200 0.948809
25300 0.963705
25400 0.905648
25500 0.947528
25600 0.446572
25700 0.535182
25800 0.605802
25900 0.970652
26000 0.860655
26100 0.813961
26200 0.97359
26300 0.857363
26400 0.582034
26500 0.983242
26600 0.563612
26700 0.871999
26800 0.638078
26900 0.636609
27000 0.753285
27100 0.643795
27200 0.700701
27300 0.536825
27400 0.646942
