0 10.0
100 6.4171
200 6.20286
300 5.46407
400 5.4662
500 5.30924
600 5.19411
700 4.54606
800 5.45879
900 5.35903
1000 5.7587
1100 4.9986
1200 5.22522
1300 5.36288
1400 5.40839
1500 5.07244
1600 5.35279
1700 5.24596
1800 4.47762
1900 4.41965
2000 4.48817
2100 4.96486
2200 5.13421
2300 4.68976
2400 5.02581
2500 4.74948
2600 5.01343
2700 4.39676
2800 4.9129
2900 5.05652
3000 3.82401
3100 4.90377
3200 5.05848
3300 4.3453
3400 5.13705
3500 4.01363
3600 4.2604
3700 4.03525
3800 5.04035
3900 4.39292
4000 4.15361
4100 4.8485
4200 4.78595
4300 4.97071
4400 3.94748
4500 4.23387
4600 5.14733
4700 4.01563
4800 4.83716
4900 4.88741
5000 4.43521
5100 4.43864
5200 3.86499
5300 4.40846
5400 3.75017
5500 4.06855
5600 4.41521
5700 4.25688
5800 3.87041
5900 4.48202
6000 3.41668
6100 4.28223
6200 4.33822
6300 4.44876
6400 4.43007
6500 4.35121
6600 4.53162
6700 3.98523
6800 4.60777
6900 3.46806
7000 3.50881
7100 3.61612
7200 3.88964
7300 3.78326
7400 4.36713
7500 3.64461
7600 3.86872
7700 4.18902
7800 3.69633
7900 4.21192
8000 3.92617
8100 3.79512
8200 3.59871
8300 3.94281
8400 3.47838
8500 4.22062
8600 3.85156
8700 3.97806
8800 4.29321
8900 3.6837
9000 4.59196
9100 4.1988
9200 4.05965
9300 3.09928
9400 3.8276
9500 3.38995
9600 4.09229
9700 3.86554
9800 3.73045
9900 3.31663
10000 3.53443
10100 3.95525
10200 3.6488
10300 4.15275
10400 3.37184
10500 4.09549
10600 3.30487
10700 3.26627
10800 3.53038
10900 3.93869
11000 2.92264
11100 4.09713
11200 3.36133
11300 3.45717
11400 3.15671
11500 2.86808
11600 3.87375
11700 4.05557
11800 3.82979
11900 3.21184
12000 3.84496
12100 2.95754
12200 3.94871
12300 3.98513
12400 3.29875
12500 3.61882
12600 4.12126
12700 3.3672
12800 3.50637
12900 3.05114
13000 3.36374
13100 3.39645
13200 3.60149
13300 3.89109
13400 3.30166
13500 3.48252
13600 3.39326
13700 3.3898
13800 3.36875
13900 3.20589
14000 3.45277
14100 2.99026
14200 3.18477
14300 3.6448
14400 3.48474
14500 2.98442
14600 3.25818
14700 3.23383
14800 3.26907
14900 3.55661
15000 3.71333
15100 3.61442
15200 2.88909
15300 3.40724
15400 3.57599
15500 3.11236
15600 3.57651
15700 3.65489
15800 3.87767
15900 3.4837
16000 3.3129
16100 3.47594
16200 3.41442
16300 3.19403
16400 3.37132
16500 3.11337
16600 3.70968
16700 3.46242
16800 3.78244
16900 3.34989
17000 3.37154
17100 3.01736
17200 3.30522
17300 3.83227
17400 3.59511
17500 3.46738
17600 3.15188
17700 3.29148
17800 3.16496
17900 3.40619
18000 2.92332
18100 3.24687
18200 3.25347
18300 3.11031
18400 2.88142
18500 3.23262
18600 2.99222
18700 3.18166
18800 3.76104
18900 3.81663
19000 2.8782
19100 3.30247
19200 3.5074
19300 3.1364
19400 3.14157
19500 2.91102
19600 3.23121
19700 3.30344
19800 3.13521
19900 3.26824
20000 4.09334
20100 2.87159
20200 3.10197
20300 2.88097
20400 3.41347
20500 2.84274
20600 3.96765
20700 3.48887
20800 3.4137
20900 3.56123
21000 3.21889
21100 3.16181
21200 3.13516
21300 3.54105
21400 2.95922
21500 3.44836
21600 3.36164
21700 3.79943
21800 3.2612
21900 3.22995
22000 3.10635
22100 2.86721
22200 2.93597
22300 3.26742
22400 2.62614
22500 3.03097
22600 3.16307
22700 3.55117
22800 3.16395
22900 2.78126
23000 2.87339
23100 3.2131
23200 3.45863
23300 3.14779
23400 3.3809
23500 3.06164
23600 3.38128
23700 2.9108
23800 3.28509
23900 2.6541
24000 3.63544
24100 3.65915
24200 2.89123
24300 3.19196
24400 2.88577
24500 3.18226
24600 3.25396
24700 3.44499
24800 3.38239
24900 2.67958
25000 2.85839
25100 3.39954
25200 3.7604
25300 3.81069
25400 3.3356
25500 3.31166
25600 2.59853
25700 2.83544
25800 3.02788
25900 3.10242
26000 3.25249
26100 3.01692
26200 2.71729
26300 3.49544
26400 3.22118
26500 3.59564
26600 3.01945
26700 3.33633
26800 3.17973
26900 3.29686
27000 3.57477
27100 2.97948
27200 3.00282
27300 2.82494
27400 3.00688
