0 5.125191
100 0.3416423
200 0.58488697
300 0.2764768
400 0.12576663
500 0.23290668
600 0.19393681
700 0.18854062
800 0.27689728
900 0.019761665
1000 0.2130915
1100 0.20779286
1200 0.0885135
1300 0.16082737
1400 0.032313555
1500 0.22421654
1600 0.090681896
1700 0.25817052
1800 0.10617751
1900 0.2616925
2000 0.05188174
2100 0.11244228
2200 0.20778398
2300 0.026126646
2400 0.0046791686
2500 0.1074486
2600 0.36353478
2700 0.1972405
2800 0.05422549
2900 0.045589548
3000 0.13698088
3100 0.014023435
3200 0.049648613
3300 0.32421142
3400 0.018490283
3500 0.0035380183
3600 0.060848866
3700 0.046555016
3800 0.0093991
3900 0.00562052
4000 0.0066890186
4100 0.033865537
4200 0.045071147
4300 0.16878383
4400 0.02086281
4500 0.082554884
4600 0.026770383
4700 0.017070308
4800 0.13641977
4900 0.043506704
5000 0.04793597
5100 0.054675166
5200 0.012017611
5300 0.014445766
5400 0.003033591
5500 0.08558598
5600 0.031195877
5700 0.03477061
5800 0.006409105
5900 0.12812981
6000 0.05639394
6100 0.03504489
6200 0.024917625
6300 0.03880387
6400 0.011237799
6500 0.006689503
6600 0.09369803
6700 0.013150968
6800 0.16850209
6900 0.0041562645
7000 0.014001218
7100 0.012718034
7200 0.0054528303
7300 0.0014953372
7400 0.009901522
7500 0.02966282
7600 0.017552013
7700 0.03392674
7800 0.033359796
7900 0.002062849
8000 0.12156052
8100 0.015289474
8200 0.0130452495
8300 0.0010746435
8400 0.0057548876
8500 0.0010282625
8600 0.020919941
8700 0.006554209
8800 0.004095206
8900 0.007499324
9000 0.03834986
9100 0.0034681447
9200 0.011739929
9300 0.037180256
9400 0.014795959
9500 0.004485652
9600 0.012030614
9700 0.01709449
9800 0.015447004
9900 0.007969695
10000 0.0018775595
10100 0.015390136
10200 0.0058557205
10300 0.0013070552
10400 0.009516159
10500 0.0009891931
10600 0.006566368
10700 0.0016204998
10800 0.0020328416
10900 0.005941559
11000 0.0010638227
11100 0.0053862333
11200 0.0011866442
11300 0.001085997
11400 0.0047098403
11500 0.00059482397
11600 0.003010041
11700 0.0013092553
11800 0.005358625
11900 0.00040954415
12000 0.02070987
12100 0.001855722
12200 0.0050681354
12300 0.0058007496
12400 0.0019175819
12500 0.0018601835
12600 0.00087642367
12700 0.002263836
12800 0.0016826569
12900 0.003299029
13000 0.0008915057
13100 0.0042151865
13200 0.005876201
13300 0.0040445155
13400 0.00045978857
13500 0.0034331966
13600 0.0030506433
13700 0.0057149017
13800 0.004185136
13900 0.001343172
14000 0.0016530983
14100 0.0036705327
14200 0.0044921287
14300 0.0016947093
14400 0.005533351
14500 0.0015669386
14600 0.0034128574
14700 0.00032621468
14800 0.001167635
14900 0.0010882706
15000 0.0004430122
15100 0.0020453488
15200 0.0003841769
