0 3.552512
100 0.23680839
200 0.40541276
300 0.19163913
400 0.08717479
500 0.16143861
600 0.13442676
700 0.1306864
800 0.19193056
900 0.0136977425
1000 0.14770377
1100 0.14403103
1200 0.061352883
1300 0.11147703
1400 0.022398049
1500 0.15541506
1600 0.0628559
1700 0.17895016
1800 0.07359664
1900 0.18139142
2000 0.035961684
2100 0.07793905
2200 0.14402488
2300 0.01810961
2400 0.0032433525
2500 0.074477695
2600 0.2519831
2700 0.1367167
2800 0.037586246
2900 0.031600267
3000 0.09494791
3100 0.009720305
3200 0.034413796
3300 0.22472623
3400 0.012816487
3500 0.0024523675
3600 0.04217722
3700 0.032269478
3800 0.00651496
3900 0.0038958476
4000 0.0046364744
4100 0.023473801
4200 0.03124094
4300 0.116992034
4400 0.014460999
4500 0.057222683
4600 0.018555816
4700 0.011832236
4800 0.09455898
4900 0.030156549
5000 0.033226684
5100 0.037897937
5200 0.008329974
5300 0.010013042
5400 0.002102725
5500 0.059323683
5600 0.021623334
5700 0.024101151
5800 0.004442453
5900 0.08881281
6000 0.0390893
6100 0.024291266
6200 0.017271582
6300 0.026896793
6400 0.007789449
6500 0.00463681
6600 0.064946525
6700 0.009115556
6800 0.11679675
6900 0.002880903
7000 0.009704905
7100 0.008815469
7200 0.0037796139
7300 0.0010364888
7400 0.0068632117
7500 0.0205607
7600 0.0121661285
7700 0.023516225
7800 0.02312325
7900 0.0014298579
8000 0.08425933
8100 0.010597856
8200 0.009042278
8300 0.00074488606
8400 0.003988984
8500 0.00071273727
8600 0.014500598
8700 0.0045430316
8800 0.0028385804
8900 0.0051981355
9000 0.026582096
9100 0.0024039347
9200 0.008137499
9300 0.025771389
9400 0.010255777
9500 0.003109217
9600 0.008338986
9700 0.011848997
9800 0.010707047
9900 0.0055241715
10000 0.001301425
10100 0.01066763
10200 0.004058876
10300 0.00090598164
10400 0.0065960987
10500 0.00068565644
10600 0.0045514596
10700 0.0011232449
10800 0.0014090585
10900 0.004118375
11000 0.00073738565
11100 0.0037334524
11200 0.00082251907
11300 0.00075275573
11400 0.0032646125
11500 0.00041230055
11600 0.0020864015
11700 0.00090750656
11800 0.0037143158
11900 0.00028387437
12000 0.014354988
12100 0.0012862885
12200 0.003512964
12300 0.0040207733
12400 0.0013291665
12500 0.001289381
12600 0.0006074906
12700 0.0015691717
12800 0.0011663289
12900 0.0022867126
13000 0.00061794464
13100 0.0029217447
13200 0.004073072
13300 0.0028034444
13400 0.00031870115
13500 0.0023797106
13600 0.0021145449
13700 0.003961268
13800 0.0029009152
13900 0.00093101594
14000 0.0011458404
14100 0.0025442194
14200 0.0031137064
14300 0.001174683
14400 0.0038354266
14500 0.0010861191
14600 0.0023656124
14700 0.00022611479
14800 0.0008093429
14900 0.00075433165
15000 0.00030707265
15100 0.0014177277
15200 0.00026629114
