0 3.4743822
100 1.363569
200 1.5663289
300 1.2979841
400 1.3551635
500 1.2073052
600 1.232573
700 1.2135026
800 1.2455553
900 1.0746521
1000 1.1856878
1100 1.322923
1200 1.1701369
1300 1.3634195
1400 1.0931512
1500 1.0856048
1600 1.1509542
1700 1.3421222
1800 1.1671431
1900 1.1976471
2000 1.1364524
2100 1.1873384
2200 1.1978399
2300 1.0561578
2400 1.0199296
2500 1.0905057
2600 1.1889336
2700 1.1626937
2800 1.1043078
2900 1.1122787
3000 1.1452032
3100 1.0448312
3200 1.1397791
3300 1.1877575
3400 1.0684028
3500 1.0163189
3600 1.1729739
3700 1.1240528
3800 1.0386101
3900 1.0206326
4000 1.0233061
4100 1.0737712
4200 1.106806
4300 1.1049114
4400 1.0743968
4500 1.121458
4600 1.1029432
4700 1.0448754
4800 1.138487
4900 1.0742648
5000 1.1412047
5100 1.0636892
5200 1.0447066
5300 1.0587934
5400 1.0131338
5500 1.1477351
5600 1.0600107
5700 1.053811
5800 1.02595
5900 1.1155409
6000 1.0942533
6100 1.0677564
6200 1.0606487
6300 1.0499644
6400 1.0379272
6500 1.0271692
6600 1.0429943
6700 1.0378242
6800 1.1032968
6900 1.0182598
7000 1.0421078
7100 1.0490094
7200 1.0188208
7300 1.0071213
7400 1.0329599
7500 1.0342191
7600 1.0453851
7700 1.0730445
7800 1.0963185
7900 1.0083967
8000 1.0210291
8100 1.0460247
8200 1.0358024
8300 1.0045633
8400 1.0191501
8500 1.0051773
8600 1.0699309
8700 1.0237305
8800 1.0164001
8900 1.029347
9000 1.076622
9100 1.014325
9200 1.0299325
9300 1.0707264
9400 1.0417192
9500 1.0160396
9600 1.0388436
9700 1.0624609
9800 1.0380075
9900 1.0290184
10000 1.0074692
10100 1.0452327
10200 1.0201821
10300 1.0051643
10400 1.0360959
10500 1.0051427
10600 1.019563
10700 1.0071079
10800 1.0091798
10900 1.0214753
11000 1.0052934
11100 1.0202712
11200 1.0055594
11300 1.0050948
11400 1.016218
11500 1.0032761
11600 1.0129583
11700 1.0055808
11800 1.0190996
11900 1.0021905
12000 1.0538824
12100 1.0089593
12200 1.0183468
12300 1.0213927
12400 1.008214
12500 1.0084043
12600 1.0042344
12700 1.0106411
12800 1.0076984
12900 1.0132385
13000 1.0046289
13100 1.0162566
13200 1.017837
13300 1.0141499
13400 1.0024574
13500 1.0131599
13600 1.0122724
13700 1.0209389
13800 1.0167391
13900 1.0066304
14000 1.0072933
14100 1.0147054
14200 1.0191476
14300 1.0075431
14400 1.0166554
14500 1.0073059
14600 1.0151025
14700 1.0018218
14800 1.0056458
14900 1.0049587
15000 1.0024362
15100 1.0085943
15200 1.0020771
