0 0.05
100 0.35625002
200 0.40312505
300 0.48437503
400 0.440625
500 0.49687502
600 0.503125
700 0.46250004
800 0.4625
900 0.4875
1000 0.496875
1100 0.45312503
1200 0.4625
1300 0.509375
1400 0.525
1500 0.525
1600 0.46875003
1700 0.440625
1800 0.51875
1900 0.509375
2000 0.51250005
2100 0.515625
2200 0.5
2300 0.575
2400 0.54375
2500 0.48749998
2600 0.5125
2700 0.540625
2800 0.553125
2900 0.56250006
3000 0.51562506
3100 0.5
3200 0.515625
3300 0.58750004
3400 0.52812505
3500 0.51875
3600 0.55
3700 0.53749996
3800 0.49687502
3900 0.47500002
4000 0.54375005
4100 0.5375
4200 0.56875
4300 0.57187504
4400 0.559375
4500 0.534375
4600 0.5375
4700 0.571875
4800 0.625
4900 0.56875
5000 0.640625
5100 0.509375
5200 0.50625
5300 0.546875
5400 0.534375
5500 0.62187505
5600 0.55625
5700 0.54687494
5800 0.503125
5900 0.503125
6000 0.49062496
6100 0.5125
6200 0.53125
6300 0.54062504
6400 0.50937504
6500 0.57187504
6600 0.590625
6700 0.5375
6800 0.5
6900 0.596875
7000 0.51250005
7100 0.53749996
7200 0.565625
7300 0.5375
7400 0.53125
7500 0.51250005
7600 0.47500005
7700 0.578125
7800 0.58125
7900 0.540625
8000 0.5875
8100 0.56874996
8200 0.58125
8300 0.571875
8400 0.58125
8500 0.51250005
8600 0.584375
8700 0.55312496
8800 0.51875
8900 0.52500004
9000 0.58125
9100 0.54375005
9200 0.534375
9300 0.528125
9400 0.49375004
9500 0.5375
9600 0.58750004
9700 0.596875
9800 0.5625
9900 0.54375
10000 0.54375
10100 0.553125
10200 0.596875
10300 0.5875
10400 0.51562506
10500 0.5375
10600 0.55625
10700 0.51875
10800 0.6125
10900 0.584375
11000 0.559375
11100 0.540625
11200 0.52812505
11300 0.496875
11400 0.54375
11500 0.540625
11600 0.540625
11700 0.51250005
11800 0.509375
11900 0.5531251
12000 0.58750004
12100 0.515625
12200 0.578125
12300 0.553125
12400 0.528125
12500 0.503125
12600 0.55625
12700 0.584375
12800 0.559375
12900 0.525
13000 0.51875
13100 0.515625
13200 0.58750004
13300 0.51250005
13400 0.5375
13500 0.55312496
13600 0.56875
13700 0.534375
13800 0.528125
13900 0.534375
14000 0.55937505
14100 0.54062504
14200 0.484375
14300 0.56875
14400 0.54687494
14500 0.528125
14600 0.565625
14700 0.5968751
14800 0.590625
14900 0.5375
15000 0.56250006
15100 0.55937505
15200 0.609375
15300 0.57187504
15400 0.51875
15500 0.53125
15600 0.58125
15700 0.559375
15800 0.49375
15900 0.5375
16000 0.596875
16100 0.571875
16200 0.575
16300 0.475
16400 0.559375
16500 0.55625
16600 0.59062505
16700 0.53125
16800 0.584375
16900 0.4875
17000 0.58125
17100 0.584375
17200 0.56875
17300 0.528125
17400 0.5375
17500 0.55
17600 0.61562496
17700 0.59375
17800 0.52500004
17900 0.52812505
18000 0.565625
18100 0.534375
18200 0.58750004
18300 0.515625
18400 0.55312496
18500 0.6125
18600 0.534375
18700 0.553125
18800 0.565625
18900 0.596875
19000 0.57500005
19100 0.553125
19200 0.61562496
19300 0.55
19400 0.52812505
19500 0.56874996
19600 0.578125
19700 0.5656251
19800 0.64687496
19900 0.63124996
20000 0.53437495
20100 0.57187504
20200 0.521875
20300 0.59375
20400 0.559375
20500 0.565625
20600 0.534375
20700 0.584375
20800 0.528125
20900 0.525
21000 0.59375
21100 0.57500005
21200 0.525
21300 0.56875
21400 0.55625
21500 0.58750004
21600 0.521875
21700 0.60937506
21800 0.57500005
21900 0.565625
22000 0.54062504
22100 0.54999995
22200 0.56562495
22300 0.55312496
22400 0.52500004
22500 0.55
22600 0.60625005
22700 0.53125
22800 0.58125
22900 0.52812505
23000 0.46875003
23100 0.57187504
23200 0.546875
23300 0.55625004
23400 0.63437504
23500 0.60312504
23600 0.51250005
23700 0.54999995
23800 0.5625
23900 0.575
24000 0.540625
24100 0.5625
24200 0.578125
24300 0.56874996
24400 0.5
24500 0.615625
24600 0.546875
24700 0.584375
24800 0.546875
24900 0.521875
25000 0.57500005
25100 0.553125
25200 0.5875
25300 0.6
25400 0.575
25500 0.55937505
25600 0.58125
25700 0.534375
25800 0.553125
25900 0.53125
26000 0.525
26100 0.590625
26200 0.575
26300 0.57187504
26400 0.5625
26500 0.553125
26600 0.540625
26700 0.559375
26800 0.575
26900 0.55625
27000 0.55
27100 0.625
27200 0.5625
27300 0.609375
27400 0.54375005
27500 0.5875
27600 0.54062504
27700 0.578125
27800 0.55
27900 0.58125
28000 0.578125
28100 0.53437495
28200 0.49999997
28300 0.55625
28400 0.48125002
28500 0.56874996
28600 0.559375
28700 0.578125
28800 0.528125
28900 0.465625
29000 0.56875
29100 0.54375005
29200 0.5875
29300 0.55312496
29400 0.57500005
29500 0.571875
29600 0.49374998
29700 0.61875
29800 0.59999996
29900 0.5875
30000 0.5375
30100 0.584375
30200 0.52812505
30300 0.565625
30400 0.5375
30500 0.540625
30600 0.575
30700 0.51875
30800 0.496875
30900 0.55625004
31000 0.515625
31100 0.553125
31200 0.559375
31300 0.53125
31400 0.565625
31500 0.6
31600 0.546875
31700 0.59375
31800 0.54375
31900 0.546875
32000 0.53125006
32100 0.515625
32200 0.534375
32300 0.584375
32400 0.58750004
32500 0.58437496
32600 0.578125
32700 0.5
32800 0.51250005
32900 0.546875
33000 0.571875
33100 0.534375
33200 0.61875004
33300 0.58124995
33400 0.56875
33500 0.54375
33600 0.521875
33700 0.534375
33800 0.565625
33900 0.553125
34000 0.559375
34100 0.565625
34200 0.5812501
34300 0.59375
34400 0.58437496
34500 0.58125
34600 0.55
34700 0.54375
34800 0.55625
34900 0.5875
35000 0.58125
35100 0.59062505
35200 0.58437496
35300 0.60625005
35400 0.575
35500 0.609375
35600 0.553125
35700 0.56874996
35800 0.5625
35900 0.52812505
36000 0.57187504
36100 0.60625005
36200 0.5625
36300 0.584375
36400 0.521875
36500 0.615625
36600 0.51874995
36700 0.59062505
36800 0.62499994
36900 0.5625
37000 0.61875
37100 0.565625
37200 0.640625
37300 0.578125
37400 0.59062505
37500 0.57812494
37600 0.590625
37700 0.54062504
37800 0.590625
37900 0.584375
38000 0.553125
38100 0.49687502
38200 0.54375
38300 0.565625
38400 0.584375
38500 0.51875
38600 0.546875
38700 0.5375
38800 0.49375
38900 0.51562494
39000 0.525
39100 0.60937506
39200 0.51875
39300 0.5
39400 0.534375
39500 0.56562495
39600 0.565625
39700 0.6
39800 0.54375005
39900 0.525
40000 0.55625004
40100 0.51875
40200 0.5875
40300 0.5375
40400 0.54375
40500 0.56874996
40600 0.553125
40700 0.5625
40800 0.52812505
40900 0.565625
