0 4.7522497
100 3.195361
200 2.888313
300 2.4729257
400 2.5314252
500 2.3361683
600 2.2468033
700 2.5112243
800 2.5226293
900 2.5498931
1000 2.3365028
1100 2.608624
1200 2.4200237
1300 2.4800043
1400 2.3481705
1500 2.2410474
1600 2.297874
1700 2.5276692
1800 2.198759
1900 2.2615795
2000 2.2134957
2100 2.231484
2200 2.3574874
2300 2.0279043
2400 2.1179109
2500 2.4550457
2600 2.2805102
2700 2.1985314
2800 2.2366285
2900 2.101785
3000 2.2508228
3100 2.3552985
3200 2.2468126
3300 1.8811644
3400 2.2187316
3500 2.2774396
3600 2.2929876
3700 2.1869226
3800 2.3271835
3900 2.4030187
4000 2.1906917
4100 2.194256
4200 2.0794468
4300 1.9214165
4400 2.1283944
4500 2.1819742
4600 1.9266814
4700 2.022801
4800 1.8063692
4900 1.9585115
5000 1.7911859
5100 2.1643996
5200 2.4739044
5300 2.2743611
5400 2.1347783
5500 1.8493079
5600 2.1860595
5700 1.9871266
5800 2.2155948
5900 2.2485914
6000 2.2900872
6100 2.2805588
6200 2.1731513
6300 2.2689204
6400 2.207572
6500 2.1516795
6600 1.8620589
6700 2.1402922
6800 2.2892902
6900 2.0240116
7000 2.2848103
7100 2.1325262
7200 2.0440333
7300 2.1914449
7400 2.2573452
7500 2.1738343
7600 2.5083935
7700 1.973218
7800 1.9088649
7900 2.154421
8000 1.9865164
8100 2.0476804
8200 2.0073144
8300 2.1143293
8400 1.9714499
8500 2.3511856
8600 2.0239968
8700 2.0861218
8800 2.3966134
8900 2.2643225
9000 2.0275319
9100 2.1843898
9200 2.2459376
9300 2.2128613
9400 2.4764342
9500 2.1127782
9600 2.0066526
9700 1.9016902
9800 2.064586
9900 2.2028303
10000 2.2166603
10100 2.1119292
10200 1.8854884
10300 1.8636364
10400 2.1555135
10500 2.3451798
10600 2.1400676
10700 2.2710066
10800 1.822519
10900 2.0148373
11000 2.0456483
11100 2.2353191
11200 2.104005
11300 2.3736513
11400 2.3174942
11500 2.2430222
11600 2.1755075
11700 2.236427
11800 2.3440897
11900 2.1107428
12000 2.017697
12100 2.1055236
12200 1.9704053
12300 2.062087
12400 2.225065
12500 2.3741364
12600 2.0895977
12700 1.9024715
12800 2.121601
12900 2.3329213
13000 2.3377361
13100 2.2400658
13200 1.8648459
13300 2.2864554
13400 2.208739
13500 2.1339483
13600 2.0990489
13700 2.279909
13800 2.1426191
13900 2.1409388
14000 2.043641
14100 2.116846
14200 2.419529
14300 1.9825916
14400 2.1775708
14500 2.3597937
14600 2.138219
14700 1.9789628
14800 1.9944185
14900 2.1481187
15000 2.1211925
15100 2.0761015
15200 1.8440454
15300 2.0632708
15400 2.171647
15500 2.301789
15600 2.0648932
15700 2.0762513
15800 2.4471073
15900 2.2584858
16000 1.9541881
16100 2.1241865
16200 2.1930203
16300 2.5751498
16400 2.1163886
16500 2.0942402
16600 2.0035157
16700 2.2955663
16800 1.9756559
16900 2.2829237
17000 2.0605159
17100 1.9868351
17200 2.1235366
17300 2.1411278
17400 2.0658019
17500 1.8789406
17600 1.7935295
17700 2.02061
17800 2.1425483
17900 2.1928394
18000 2.109467
18100 2.2632923
18200 2.0482612
18300 2.3204048
18400 2.210983
18500 1.8861232
18600 2.135755
18700 2.2455752
18800 1.9612142
18900 1.876812
19000 1.9615911
19100 2.1117418
19200 2.0440211
19300 2.1720455
19400 2.119881
19500 2.1060903
19600 2.0626104
19700 2.0188053
19800 1.7251816
19900 1.8703139
20000 2.2253878
20100 2.0045857
20200 2.122612
20300 1.8649021
20400 2.001719
20500 2.0549583
20600 2.2349846
20700 1.8861724
20800 2.0479946
20900 2.1934335
21000 1.9843924
21100 2.115788
21200 2.242017
21300 2.136954
21400 2.0830977
21500 1.8556966
21600 2.1925185
21700 1.8575686
21800 1.9762018
21900 1.9494653
22000 2.2195232
22100 2.0230153
22200 2.0837624
22300 2.0783622
22400 2.2364743
22500 1.9822494
22600 1.9542754
22700 2.1395574
22800 1.9486343
22900 2.2432
23000 2.4738288
23100 1.9564401
23200 2.1720753
23300 2.0875068
23400 1.8276635
23500 1.8890568
23600 2.2026293
23700 1.9986348
23800 2.1376557
23900 1.9614198
24000 2.1766036
24100 2.19419
24200 1.9826252
24300 2.048474
24400 2.4522436
24500 1.790659
24600 2.0822322
24700 2.0242503
24800 2.0042768
24900 2.1776469
25000 2.0263045
25100 2.0989072
25200 1.9637122
25300 1.8660816
25400 2.0268033
25500 2.1670725
25600 2.063946
25700 2.2648947
25800 2.0506322
25900 2.1538703
26000 2.1821024
26100 2.0275724
26200 1.9929816
26300 2.0497117
26400 2.1001635
26500 1.9640079
26600 2.1884136
26700 2.1649003
26800 1.9611983
26900 2.1276855
27000 2.1425683
27100 1.9272751
27200 2.1593978
27300 1.9366354
27400 2.1552944
27500 1.981268
27600 2.1712024
27700 1.9702656
27800 2.1496816
27900 2.0571988
28000 1.9561056
28100 2.0890346
28200 2.3874896
28300 1.89958
28400 2.513841
28500 1.9722462
28600 2.1926188
28700 1.9205676
28800 2.2914715
28900 2.5557735
29000 1.9517158
29100 2.1152444
29200 2.0243967
29300 2.0942674
29400 1.892672
29500 2.0927954
29600 2.2831504
29700 1.793305
29800 1.9603386
29900 1.9961077
30000 2.1922982
30100 1.9031578
30200 2.1165688
30300 1.9063046
30400 2.2863142
30500 2.1629412
30600 2.0489879
30700 2.26131
30800 2.3748617
30900 1.9918029
31000 2.3215017
31100 1.9969333
31200 2.1667006
31300 2.187478
31400 2.1154256
31500 2.0100648
31600 2.1312041
31700 1.9793278
31800 2.1383412
31900 2.045183
32000 2.1982005
32100 2.289723
32200 2.1705632
32300 1.9648498
32400 2.0035486
32500 1.9172224
32600 1.8826392
32700 2.4012604
32800 2.1381788
32900 2.1568294
33000 1.8612115
33100 2.1431177
33200 1.897866
33300 2.1215882
33400 2.0189598
33500 2.244818
33600 2.1530058
33700 2.230063
33800 2.0013762
33900 2.0282683
34000 2.0872328
34100 1.950446
34200 1.9552665
34300 1.9502807
34400 1.9426279
34500 1.9680214
34600 2.1836317
34700 2.0912142
34800 2.0678353
34900 2.0251245
35000 1.9702381
35100 1.8971852
35200 1.8924224
35300 1.8683798
35400 2.0952246
35500 1.8131818
35600 1.895037
35700 1.8904849
35800 1.9974049
35900 2.3247797
36000 2.0689042
36100 1.9058981
36200 2.0250812
36300 1.9939741
36400 2.1729498
36500 1.8823966
36600 2.2997973
36700 1.9376131
36800 1.8120667
36900 1.9465268
37000 1.8584878
37100 2.02443
37200 1.7465155
37300 2.0227547
37400 2.0230994
37500 1.997648
37600 1.8856128
37700 2.1784647
37800 1.8079534
37900 1.9118268
38000 2.089456
38100 2.3584986
38200 2.1821823
38300 2.0770934
38400 1.9851779
38500 2.2523727
38600 2.311516
38700 2.2242332
38800 2.347988
38900 2.2505918
39000 2.1600652
39100 1.8159949
39200 2.2800982
39300 2.2760026
39400 2.1963434
39500 2.1631203
39600 2.1296167
39700 1.8427653
39800 2.1110582
39900 2.1545715
40000 2.0960379
40100 2.336837
40200 2.1268528
40300 2.0837178
40400 2.126399
40500 1.9521111
40600 2.153792
40700 1.9210359
40800 2.2735622
40900 2.058386
