0 3.2940085
100 2.2148554
200 2.002026
300 1.7141014
400 1.7546502
500 1.6193085
600 1.5573653
700 1.740648
800 1.7485534
900 1.7674513
1000 1.6195403
1100 1.8081603
1200 1.6774325
1300 1.719008
1400 1.6276277
1500 1.5533757
1600 1.5927649
1700 1.7520468
1800 1.5240636
1900 1.5676074
2000 1.5342784
2100 1.5467469
2200 1.6340858
2300 1.4056361
2400 1.4680239
2500 1.701708
2600 1.5807292
2700 1.5239059
2800 1.5503128
2900 1.4568462
3000 1.5601515
3100 1.6325685
3200 1.5573717
3300 1.3039238
3400 1.5379076
3500 1.5786008
3600 1.5893779
3700 1.5158591
3800 1.6130807
3900 1.6656456
4000 1.5184718
4100 1.5209424
4200 1.4413627
4300 1.3318244
4400 1.4752905
4500 1.5124292
4600 1.3354738
4700 1.4020988
4800 1.2520797
4900 1.3575367
5000 1.2415555
5100 1.5002475
5200 1.7147799
5300 1.576467
5400 1.4797156
5500 1.2818426
5600 1.5152609
5700 1.3773712
5800 1.5357332
5900 1.5586048
6000 1.5873675
6100 1.580763
6200 1.5063137
6300 1.5726957
6400 1.5301722
6500 1.4914305
6600 1.2906809
6700 1.4835376
6800 1.5868151
6900 1.402938
7000 1.5837098
7100 1.4781544
7200 1.416816
7300 1.5189939
7400 1.5646725
7500 1.5067871
7600 1.738686
7700 1.3677305
7800 1.3231243
7900 1.493331
8000 1.3769482
8100 1.4193438
8200 1.3913643
8300 1.4655415
8400 1.3665049
8500 1.6297176
8600 1.4029276
8700 1.4459894
8800 1.6612058
8900 1.5695088
9000 1.405378
9100 1.5141037
9200 1.5567653
9300 1.5338385
9400 1.7165334
9500 1.4644662
9600 1.3909056
9700 1.3181512
9800 1.4310619
9900 1.5268856
10000 1.5364718
10100 1.4638777
10200 1.306921
10300 1.2917743
10400 1.4940882
10500 1.6255548
10600 1.4833817
10700 1.5741417
10800 1.2632738
10900 1.3965788
11000 1.4179354
11100 1.5494051
11200 1.4583852
11300 1.6452897
11400 1.6063646
11500 1.5547446
11600 1.5079468
11700 1.5501732
11800 1.6247993
11900 1.4630555
12000 1.398561
12100 1.4594377
12200 1.365781
12300 1.4293299
12400 1.5422975
12500 1.6456261
12600 1.4483987
12700 1.3186928
12800 1.4705819
12900 1.6170578
13000 1.6203952
13100 1.5526953
13200 1.2926127
13300 1.5848501
13400 1.5309813
13500 1.4791403
13600 1.4549499
13700 1.5803125
13800 1.4851503
13900 1.4839857
14000 1.4165441
14100 1.4672859
14200 1.6770897
14300 1.3742278
14400 1.509377
14500 1.6356843
14600 1.4821005
14700 1.3717124
14800 1.3824255
14900 1.4889624
15000 1.4702986
15100 1.439044
15200 1.2781949
15300 1.4301503
15400 1.5052711
15500 1.5954785
15600 1.431275
15700 1.4391477
15800 1.6962056
15900 1.5654631
16000 1.35454
16100 1.4723738
16200 1.5200858
16300 1.7849579
16400 1.4669688
16500 1.4516168
16600 1.3887312
16700 1.5911653
16800 1.3694203
16900 1.5824021
17000 1.4282408
17100 1.3771691
17200 1.4719234
17300 1.4841167
17400 1.4319047
17500 1.3023823
17600 1.2431799
17700 1.4005802
17800 1.4851013
17900 1.5199605
18000 1.4621711
18100 1.5687947
18200 1.4197464
18300 1.608382
18400 1.5325366
18500 1.307361
18600 1.4803926
18700 1.5565141
18800 1.35941
18900 1.3009069
19000 1.3596714
19100 1.4637479
19200 1.4168074
19300 1.5055472
19400 1.4693894
19500 1.4598305
19600 1.4296925
19700 1.3993292
19800 1.1958047
19900 1.2964028
20000 1.5425212
20100 1.389473
20200 1.4712826
20300 1.2926517
20400 1.3874859
20500 1.4243886
20600 1.5491734
20700 1.3073951
20800 1.4195616
20900 1.5203723
21000 1.375476
21100 1.4665525
21200 1.5540478
21300 1.4812237
21400 1.4438933
21500 1.2862709
21600 1.5197381
21700 1.2875684
21800 1.3697987
21900 1.3512664
22000 1.5384562
22100 1.4022473
22200 1.444354
22300 1.4406109
22400 1.5502058
22500 1.3739905
22600 1.3546004
22700 1.4830282
22800 1.3506904
22900 1.5548679
23000 1.7147274
23100 1.3561009
23200 1.5055679
23300 1.4469495
23400 1.2668399
23500 1.3093944
23600 1.5267463
23700 1.3853481
23800 1.4817101
23900 1.3595526
24000 1.5087067
24100 1.5208966
24200 1.3742511
24300 1.419894
24400 1.6997657
24500 1.2411902
24600 1.4432933
24700 1.4031034
24800 1.3892589
24900 1.5094298
25000 1.4045272
25100 1.4548516
25200 1.3611416
25300 1.2934692
25400 1.404873
25500 1.5021002
25600 1.4306183
25700 1.5699054
25800 1.4213899
25900 1.4929491
26000 1.5125182
26100 1.4054061
26200 1.3814296
26300 1.4207519
26400 1.4557225
26500 1.3613465
26600 1.5168927
26700 1.5005946
26800 1.3593991
26900 1.4747993
27000 1.4851153
27100 1.3358853
27200 1.4967805
27300 1.3423734
27400 1.4939363
27500 1.3733103
27600 1.5049629
27700 1.365684
27800 1.4900458
27900 1.4259415
28000 1.355869
28100 1.4480084
28200 1.6548817
28300 1.3166885
28400 1.7424617
28500 1.3670568
28600 1.5198076
28700 1.331236
28800 1.5883269
28900 1.7715272
29000 1.3528264
29100 1.4661757
29200 1.4032049
29300 1.4516355
29400 1.3119003
29500 1.4506152
29600 1.5825593
29700 1.2430243
29800 1.3588032
29900 1.3835964
30000 1.5195854
30100 1.3191684
30200 1.4670937
30300 1.3213496
30400 1.5847523
30500 1.4992366
30600 1.4202502
30700 1.5674207
30800 1.6461288
30900 1.3806126
31000 1.6091423
31100 1.3841687
31200 1.5018425
31300 1.5162443
31400 1.4663012
31500 1.3932709
31600 1.4772382
31700 1.3719655
31800 1.4821852
31900 1.4176128
32000 1.5236764
32100 1.5871149
32200 1.5045197
32300 1.3619301
32400 1.3887541
32500 1.3289173
32600 1.3049461
32700 1.6644268
32800 1.4820726
32900 1.4950001
33000 1.2900935
33100 1.4854959
33200 1.3155005
33300 1.470573
33400 1.3994362
33500 1.5559893
33600 1.4923499
33700 1.5457618
33800 1.3872483
33900 1.4058886
34000 1.4467596
34100 1.3519461
34200 1.3552874
34300 1.3518316
34400 1.3465271
34500 1.3641285
34600 1.513578
34700 1.4495192
34800 1.4333142
34900 1.4037094
35000 1.365665
35100 1.3150285
35200 1.3117273
35300 1.2950622
35400 1.4522991
35500 1.2568018
35600 1.3135396
35700 1.3103843
35800 1.3844956
35900 1.6114146
36000 1.4340551
36100 1.3210679
36200 1.4036794
36300 1.3821175
36400 1.5061741
36500 1.3047779
36600 1.5940981
36700 1.3430511
36800 1.2560289
36900 1.3492296
37000 1.2882056
37100 1.403228
37200 1.2105923
37300 1.4020667
37400 1.4023056
37500 1.384664
37600 1.3070072
37700 1.5099967
37800 1.2531778
37900 1.3251774
38000 1.4483006
38100 1.6347866
38200 1.5125735
38300 1.4397314
38400 1.3760204
38500 1.5612258
38600 1.6022209
38700 1.541721
38800 1.6275012
38900 1.5599914
39000 1.4972432
39100 1.2587517
39200 1.5804436
39300 1.5776048
39400 1.5223893
39500 1.4993608
39600 1.4761379
39700 1.2773076
39800 1.463274
39900 1.4934351
40000 1.4528627
40100 1.6197721
40200 1.474222
40300 1.4443231
40400 1.4739075
40500 1.3531003
40600 1.4928948
40700 1.3315606
40800 1.5759132
40900 1.4267645
