0 26.988157
100 11.371754
200 9.169579
300 8.152719
400 7.7567534
500 7.220365
600 7.444453
700 7.7686205
800 7.752993
900 7.7169147
1000 6.689342
1100 7.474334
1200 7.524065
1300 7.256963
1400 7.2682734
1500 6.846199
1600 7.0354114
1700 7.290677
1800 6.8524256
1900 6.6494966
2000 6.7271037
2100 6.963149
2200 6.8524647
2300 6.1650968
2400 6.500692
2500 7.4055986
2600 6.535237
2700 6.500828
2800 6.5524793
2900 6.4413924
3000 6.6072216
3100 6.6325436
3200 6.44454
3300 6.1343946
3400 6.762141
3500 6.5429273
3600 6.2036037
3700 6.2526145
3800 6.942751
3900 6.441663
4000 6.5189466
4100 6.7175946
4200 6.285884
4300 6.1802225
4400 6.414161
4500 6.534667
4600 5.5967674
4700 6.184389
4800 5.8969984
4900 6.1331825
5000 6.066761
5100 6.50991
5200 6.533134
5300 6.549592
5400 6.0012918
5500 5.9537377
5600 6.303989
5700 6.424264
5800 6.1573486
5900 6.0621862
6000 6.7842846
6100 6.3704376
6200 6.313401
6300 6.0245805
6400 6.402948
6500 6.2395315
6600 6.0547905
6700 6.586167
6800 6.351315
6900 6.4185753
7000 6.4189577
7100 6.241525
7200 6.435528
7300 6.2641344
7400 6.247999
7500 6.10627
7600 6.77614
7700 6.249317
7800 6.1037145
7900 6.2249265
8000 5.937989
8100 6.1998744
8200 6.04674
8300 6.207108
8400 5.8331175
8500 6.40978
8600 6.1699896
8700 6.431291
8800 6.546101
8900 6.100811
9000 6.4220285
9100 5.9909925
9200 6.160612
9300 6.4211445
9400 6.438101
9500 6.2097397
9600 6.0171976
9700 5.922832
9800 5.815025
9900 6.5335445
10000 6.463791
10100 6.100018
10200 6.099308
10300 5.676114
10400 6.372639
10500 6.7883935
10600 6.517915
10700 6.3762116
10800 5.6912727
10900 6.3605404
11000 6.164667
11100 6.3782516
11200 6.3500104
11300 6.3811235
11400 6.269752
11500 6.5060754
11600 6.202931
11700 6.4631433
11800 6.44123
11900 5.959983
12000 6.313798
12100 6.1757765
12200 5.639549
12300 6.114102
12400 6.0832725
12500 6.7486787
12600 5.803649
12700 5.6239924
12800 6.203543
12900 6.254076
13000 6.766446
13100 6.2272224
13200 6.00776
13300 6.587591
13400 6.29927
13500 6.476526
13600 5.93328
13700 6.280873
13800 6.2131395
13900 6.0337534
14000 5.930049
14100 6.117742
14200 6.612212
14300 6.170698
14400 5.5445547
14500 6.534872
14600 6.3487735
14700 6.0007296
14800 6.146864
14900 6.462759
15000 6.255329
15100 5.5298862
15200 5.9131627
15300 5.9529557
15400 6.628662
15500 6.627795
15600 6.0762753
15700 6.203685
15800 6.779736
15900 6.5823965
16000 5.919166
16100 6.0305576
16200 6.2063503
16300 7.2249703
16400 6.069726
16500 6.525719
16600 5.931424
16700 6.2535396
16800 6.5018053
16900 7.0010023
17000 6.0186753
17100 6.2255425
17200 5.9104195
17300 6.650398
17400 6.5409274
17500 5.962926
17600 5.8001165
17700 6.2727118
17800 6.477011
17900 6.084715
18000 6.0154076
18100 6.4493275
18200 5.9715524
18300 6.4144754
18400 6.107356
18500 5.989101
18600 6.2915454
18700 6.17721
18800 6.030647
18900 5.7212954
19000 6.074465
19100 6.3380055
19200 6.351233
19300 6.245622
19400 6.636864
19500 6.603924
19600 5.8244677
19700 6.226157
19800 5.727224
19900 6.451844
20000 6.736202
20100 6.4420753
20200 6.395915
20300 5.9791164
20400 6.195591
20500 6.261244
20600 6.3623004
20700 6.207628
20800 5.9766097
20900 6.6093082
21000 6.2998223
21100 6.072602
21200 6.3808975
21300 6.3074603
21400 6.211447
21500 6.0627584
21600 6.629985
21700 5.7970414
21800 6.194318
21900 5.8813143
22000 6.4646444
22100 6.235783
22200 6.2645073
22300 6.2400694
22400 6.4427705
22500 6.076167
22600 6.0501227
22700 6.2077303
22800 6.0793276
22900 6.389143
23000 6.3050375
23100 6.1553283
23200 6.6067452
23300 6.076238
23400 5.635914
23500 5.912438
23600 6.545597
23700 6.124764
23800 6.180237
23900 6.17061
24000 6.4347734
24100 6.313941
24200 6.42843
24300 6.420222
24400 6.0609236
24500 6.0494437
24600 6.1321874
24700 6.163824
24800 6.387732
24900 6.398971
25000 5.9627023
25100 6.474724
25200 5.7631025
25300 5.816909
25400 5.9926915
25500 6.298408
25600 6.0920005
25700 6.2320576
25800 6.3660436
25900 6.439185
26000 6.2790356
26100 6.1179366
26200 5.903908
26300 6.0542216
26400 6.2123194
26500 6.030821
26600 6.184617
26700 6.268417
26800 6.2873487
26900 6.0115304
27000 6.2965374
27100 5.8514624
27200 6.0140324
27300 6.275647
27400 6.4525414
27500 6.154767
27600 6.553427
27700 6.026799
27800 5.8800073
27900 6.1055408
28000 6.185051
28100 6.521687
28200 6.6047125
28300 6.0721006
28400 7.14954
28500 6.1660185
28600 6.380878
28700 6.019653
28800 6.7227755
28900 6.891265
29000 6.0252047
29100 6.3739357
29200 6.6057096
29300 6.2087283
29400 6.0006537
29500 6.1721506
29600 5.939146
29700 6.089419
29800 6.257886
29900 6.2700167
30000 6.6082935
30100 5.9866347
30200 6.082244
30300 6.046863
30400 6.4447823
30500 6.271599
30600 6.465081
30700 6.611757
30800 6.4857216
30900 5.8906717
31000 6.335966
31100 6.1224732
31200 6.4057655
31300 6.597374
31400 6.256322
31500 6.2503786
31600 6.2136397
31700 5.827843
31800 6.037191
31900 6.6030455
32000 6.339138
32100 6.1515584
32200 6.226658
32300 5.785704
32400 6.3107758
32500 5.6376534
32600 6.073483
32700 6.577578
32800 6.2962303
32900 6.2258277
33000 6.019278
33100 6.59542
33200 5.731863
33300 5.905524
33400 6.378778
33500 6.1944304
33600 6.31249
33700 6.67387
33800 6.0175757
33900 5.7976656
34000 6.047416
34100 6.130237
34200 5.916109
34300 6.029963
34400 5.7639
34500 5.9817553
34600 6.363762
34700 6.0840287
34800 6.3197145
34900 6.239021
35000 6.0080957
35100 5.8882008
35200 6.1151066
35300 5.989518
35400 6.2910504
35500 5.8215227
35600 6.0004745
35700 5.6161327
35800 6.3332214
35900 5.8307223
36000 5.9080563
36100 6.0628533
36200 6.0731287
36300 6.0599484
36400 6.6844664
36500 6.0598125
36600 6.6076207
36700 5.812478
36800 5.776924
36900 6.0465856
37000 6.187289
37100 6.060947
37200 5.564655
37300 6.3431544
37400 5.8034816
37500 6.2906137
37600 6.168796
37700 6.157712
37800 5.6862025
37900 5.872641
38000 5.936828
38100 6.133452
38200 6.2598276
38300 6.1200933
38400 6.0262637
38500 6.4843097
38600 6.3164806
38700 6.328136
38800 6.2074533
38900 6.2905107
39000 5.943419
39100 5.5821857
39200 6.4296613
39300 6.22335
39400 6.037473
39500 5.842938
39600 6.2311954
39700 5.950431
39800 6.00614
39900 6.3689857
40000 6.1047516
40100 6.019949
40200 6.006103
40300 6.3446045
40400 6.3612022
40500 6.1232533
40600 6.471113
40700 6.1061873
40800 6.2983522
40900 6.0599256
