0 0.0625
100 0.3125
200 0.40625
300 0.3125
400 0.46875
500 0.4375
600 0.40625
700 0.40625
800 0.5
900 0.375
1000 0.375
1100 0.53125
1200 0.5625
1300 0.28125
1400 0.5625
1500 0.65625
1600 0.6875
1700 0.53125
1800 0.5625
1900 0.40625
2000 0.59375
2100 0.46875
2200 0.59375
2300 0.5625
2400 0.625
2500 0.5
2600 0.40625
2700 0.53125
2800 0.4375
2900 0.4375
3000 0.4375
3100 0.625
3200 0.5625
3300 0.53125
3400 0.4375
3500 0.59375
3600 0.5
3700 0.5
3800 0.5
3900 0.625
4000 0.625
4100 0.375
4200 0.59375
4300 0.65625
4400 0.65625
4500 0.46875
4600 0.59375
4700 0.8125
4800 0.5625
4900 0.59375
5000 0.65625
5100 0.53125
5200 0.5625
5300 0.46875
5400 0.4375
5500 0.59375
5600 0.53125
5700 0.46875
5800 0.71875
5900 0.59375
6000 0.625
6100 0.59375
6200 0.53125
6300 0.75
6400 0.71875
6500 0.6875
6600 0.53125
6700 0.78125
6800 0.53125
6900 0.65625
7000 0.5
7100 0.75
7200 0.625
7300 0.59375
7400 0.65625
7500 0.59375
7600 0.65625
7700 0.71875
7800 0.625
7900 0.53125
8000 0.78125
8100 0.75
8200 0.84375
8300 0.6875
8400 0.75
8500 0.65625
8600 0.59375
8700 0.71875
8800 0.71875
8900 0.65625
9000 0.78125
9100 0.71875
9200 0.6875
9300 0.65625
9400 0.71875
9500 0.875
9600 0.75
9700 0.65625
9800 0.53125
9900 0.65625
10000 0.59375
10100 0.75
10200 0.78125
10300 0.65625
10400 0.6875
10500 0.78125
10600 0.71875
10700 0.71875
10800 0.75
10900 0.8125
11000 0.8125
11100 0.71875
11200 0.6875
11300 0.75
11400 0.6875
11500 0.75
11600 0.65625
11700 0.65625
11800 0.75
11900 0.71875
12000 0.78125
12100 0.65625
12200 0.71875
12300 0.6875
12400 0.625
12500 0.84375
12600 0.71875
12700 0.84375
12800 0.6875
12900 0.6875
13000 0.84375
13100 0.84375
13200 0.75
13300 0.84375
13400 0.8125
13500 0.6875
13600 0.71875
13700 0.78125
13800 0.875
13900 0.78125
14000 0.78125
14100 0.71875
14200 0.6875
14300 0.8125
14400 0.8125
14500 0.8125
14600 0.8125
14700 0.84375
14800 0.78125
14900 0.71875
15000 0.90625
15100 0.875
15200 0.875
15300 0.75
15400 0.84375
15500 0.875
15600 0.90625
15700 0.875
15800 0.84375
15900 0.75
16000 0.8125
16100 0.84375
16200 0.78125
16300 0.90625
16400 0.8125
16500 0.9375
16600 0.875
16700 0.75
16800 0.5625
16900 0.875
17000 0.75
17100 0.875
17200 0.78125
17300 0.8125
17400 0.84375
17500 0.8125
17600 0.625
17700 0.84375
