0 4.3254075
100 2.6277394
200 2.2885594
300 2.4348984
400 2.1770544
500 2.7470171
600 2.8580346
700 2.4392867
800 2.1717086
900 2.4657867
1000 2.5482223
1100 1.9905185
1200 2.5019338
1300 2.5000122
1400 1.7972988
1500 1.8950186
1600 1.4405841
1700 1.9951795
1800 1.614574
1900 2.4240463
2000 2.143622
2100 1.8474499
2200 1.7913843
2300 1.9973745
2400 1.7932142
2500 1.7571615
2600 2.2601058
2700 2.1736608
2800 2.1800785
2900 1.9304513
3000 2.2484574
3100 1.878724
3200 1.5823398
3300 2.007229
3400 1.9585161
3500 1.7539552
3600 2.214163
3700 2.3113377
3800 1.9444689
3900 1.381654
4000 2.1115499
4100 2.0155926
4200 1.5898837
4300 1.5538
4400 1.6431305
4500 1.9483553
4600 1.5740805
4700 1.1694664
4800 1.8082836
4900 1.6226634
5000 1.7974075
5100 1.7508395
5200 1.7875289
5300 1.572554
5400 1.9516295
5500 1.4857303
5600 2.129987
5700 2.3984077
5800 1.4725497
5900 1.8556966
6000 1.7326965
6100 1.2778014
6200 1.5398233
6300 1.1936831
6400 1.5026277
6500 1.486261
6600 2.0488923
6700 1.1494626
6800 2.0260725
6900 1.0042095
7000 2.121111
7100 1.7148864
7200 1.9623522
7300 1.4418473
7400 1.2885592
7500 1.5577387
7600 1.0510677
7700 1.1194041
7800 1.4974791
7900 1.7164768
8000 0.99336773
8100 1.3334087
8200 1.08289
8300 1.2533981
8400 1.4588741
8500 1.4717947
8600 1.4473902
8700 1.0146927
8800 1.1066692
8900 1.2800652
9000 0.7846543
9100 1.4543283
9200 1.2546948
9300 1.3243008
9400 1.2268363
9500 0.8066764
9600 1.1083933
9700 1.3704786
9800 1.3745595
9900 1.2353758
10000 1.4488286
10100 1.2153316
10200 0.93548226
10300 1.2916033
10400 1.1565675
10500 1.1306252
10600 1.1458948
10700 1.7894657
10800 1.2753528
10900 0.8364569
11000 0.9054134
11100 1.421571
11200 1.3450336
11300 1.028333
11400 0.9057552
11500 1.0587603
11600 1.7316881
11700 1.2657524
11800 1.0087324
11900 1.0082092
12000 1.0403662
12100 1.4895217
12200 1.1197032
12300 1.2107993
12400 1.1981729
12500 1.0723029
12600 0.8798787
12700 0.8779242
12800 1.0560013
12900 0.92357737
13000 1.0016935
13100 0.7789404
13200 0.8595375
13300 0.94562984
13400 0.8748532
13500 1.1068568
13600 1.1193537
13700 0.8866753
13800 0.69405454
13900 1.043142
14000 0.844351
14100 1.1590006
14200 1.0855472
14300 0.77754915
14400 0.86288965
14500 0.67516977
14600 1.177316
14700 0.8661059
14800 1.1154253
14900 1.003931
15000 0.9526708
15100 0.71923697
15200 0.6589226
15300 1.0080702
15400 0.7739415
15500 0.7508568
15600 0.6494828
15700 0.7496136
15800 0.83469266
15900 1.0609736
16000 0.79483473
16100 0.7840339
16200 1.0040288
16300 0.7337628
16400 0.7724267
16500 0.6048601
16600 0.6451863
16700 1.1435058
16800 1.469028
16900 0.7880595
17000 0.95628303
17100 0.62089515
17200 0.7734726
17300 1.2822173
17400 0.84002364
17500 0.8458136
17600 1.253401
17700 0.79113024
