0 2.9981441
100 1.8214102
200 1.5863085
300 1.687743
400 1.5090191
500 1.9040872
600 1.9810386
700 1.6907847
800 1.5053136
900 1.7091532
1000 1.766293
1100 1.3797222
1200 1.7342083
1300 1.7328764
1400 1.2457926
1500 1.3135267
1600 0.9985368
1700 1.382953
1800 1.1191374
1900 1.6802208
2000 1.4858456
2100 1.2805547
2200 1.241693
2300 1.3844745
2400 1.2429614
2500 1.2179716
2600 1.566586
2700 1.5066668
2800 1.5111153
2900 1.3380868
3000 1.558512
3100 1.3022323
3200 1.0967944
3300 1.3913052
3400 1.3575399
3500 1.2157491
3600 1.5347409
3700 1.6020972
3800 1.3478031
3900 0.9576896
4000 1.4636148
4100 1.3971024
4200 1.1020234
4300 1.0770121
4400 1.1389313
4500 1.350497
4600 1.0910695
4700 0.8106123
4800 1.2534066
4900 1.1247445
5000 1.245868
5100 1.2135894
5200 1.2390206
5300 1.0900114
5400 1.3527665
5500 1.0298297
5600 1.4763944
5700 1.6624495
5800 1.0206937
5900 1.2862709
6000 1.2010137
6100 0.88570446
6200 1.0673242
6300 0.8273981
6400 1.0415422
6500 1.0301976
6600 1.4201839
6700 0.79674673
6800 1.4043665
6900 0.696065
7000 1.470242
7100 1.1886687
7200 1.3601989
7300 0.9994124
7400 0.8931612
7500 1.0797422
7600 0.7285446
7700 0.7759118
7800 1.0379734
7900 1.189771
8000 0.68855006
8100 0.92424846
8200 0.7506022
8300 0.8687893
8400 1.0112145
8500 1.0201703
8600 1.0032544
8700 0.70333135
8800 0.7670846
8900 0.88727355
9000 0.54388094
9100 1.0080636
9200 0.86968815
9300 0.9179354
9400 0.85037816
9500 0.55914545
9600 0.7682797
9700 0.9499434
9800 0.9527721
9900 0.85629725
10000 1.0042515
10100 0.84240365
10200 0.6484269
10300 0.89527124
10400 0.80167145
10500 0.78368974
10600 0.79427373
10700 1.2403631
10800 0.8840072
10900 0.57978773
11000 0.62758476
11100 0.98535794
11200 0.9323063
11300 0.7127861
11400 0.6278217
11500 0.7338767
11600 1.2003148
11700 0.8773528
11800 0.69920003
11900 0.6988374
12000 0.7211269
12100 1.0324578
12200 0.7761191
12300 0.8392621
12400 0.8305102
12500 0.7432637
12600 0.60988545
12700 0.6085307
12800 0.7319643
12900 0.64017504
13000 0.69432104
13100 0.53992033
13200 0.595786
13300 0.65546066
13400 0.60640204
13500 0.76721466
13600 0.7758768
13700 0.6145965
13800 0.48108196
13900 0.72305095
14000 0.5852595
14100 0.803358
14200 0.752444
14300 0.538956
14400 0.59810954
14500 0.467992
14600 0.8160532
14700 0.6003389
14800 0.77315396
14900 0.69587195
15000 0.6603411
15100 0.49853706
15200 0.45673034
15300 0.6987411
15400 0.5364554
15500 0.5204543
15600 0.45018715
15700 0.5195925
15800 0.5785649
15900 0.7354109
16000 0.5509375
16100 0.5434509
16200 0.6959397
16300 0.5086056
16400 0.5354054
16500 0.41925707
16600 0.4472091
16700 0.7926178
16800 1.0182526
16900 0.5462412
17000 0.6628449
17100 0.4303717
17200 0.53613037
17300 0.8887653
17400 0.58226
17500 0.5862733
17600 0.8687914
17700 0.5483697
