0 6.0027943
100 4.8411784
200 4.380901
300 4.020276
400 4.102394
500 4.347761
600 4.7524476
700 4.6770797
800 5.2524796
900 4.6446524
1000 4.644455
1100 4.723155
1200 4.075796
1300 4.5006356
1400 4.6920605
1500 4.425002
1600 4.2757983
1700 4.3909206
1800 4.0967712
1900 4.235673
2000 4.220451
2100 4.312828
2200 4.8148384
2300 3.821885
2400 3.8770907
2500 4.3966894
2600 4.5844975
2700 3.9378488
2800 4.055577
2900 3.6127238
3000 4.1952624
3100 4.0246468
3200 3.6359015
3300 4.7398853
3400 4.543383
3500 4.008586
3600 3.8779013
3700 3.8871655
3800 3.7799413
3900 3.415804
4000 4.0596457
4100 3.6599936
4200 3.739297
4300 3.620099
4400 3.4004712
4500 3.581674
4600 3.5811596
4700 3.1629992
4800 3.0929623
4900 2.9842494
5000 3.9591048
5100 3.7633727
5200 3.0244467
5300 3.7375546
5400 4.3907146
5500 3.4748087
5600 3.8534424
5700 4.1368904
5800 3.351067
5900 3.677201
6000 3.2378402
6100 2.9024277
6200 3.733162
6300 3.1373763
6400 3.5033855
6500 3.1354609
6600 3.360137
6700 2.8851862
6800 3.2789583
6900 2.887319
7000 3.6252534
7100 3.4139676
7200 3.5262284
7300 3.4060864
7400 3.5510943
7500 3.5071602
7600 2.8466907
7700 3.457024
7800 3.250486
7900 3.0552602
8000 2.9511585
8100 3.4323545
8200 3.5646114
8300 3.3395448
8400 3.0481634
8500 3.4453788
8600 3.5152376
8700 3.1950994
8800 3.4763937
8900 3.2042701
9000 2.4862032
9100 3.4932187
9200 3.2330365
9300 3.256689
9400 3.071674
9500 2.7330575
9600 2.9383578
9700 3.1290557
9800 3.2400565
9900 2.9584842
10000 3.3748655
10100 3.163322
10200 2.726203
10300 3.0691645
10400 2.4407635
10500 3.0043476
10600 2.8833857
10700 3.348657
10800 2.998227
10900 2.6129637
11000 3.2361777
11100 3.48429
11200 2.7980385
11300 2.7251687
11400 2.7991185
11500 3.282764
11600 3.3883667
11700 3.1131592
11800 2.997425
11900 2.7466755
12000 3.0663142
12100 3.6228428
12200 2.8135643
12300 3.5028315
12400 2.98323
12500 3.045046
12600 2.8667767
12700 2.57681
12800 3.20744
12900 2.657053
13000 3.098106
13100 2.6727576
13200 2.6220737
13300 2.7093606
13400 2.4806824
13500 2.8816395
13600 3.1398816
13700 2.6071036
13800 2.6880202
13900 3.1606092
14000 2.7065887
14100 3.1781812
14200 2.8211136
14300 2.71315
14400 2.8452778
14500 2.2755094
14600 2.7945313
14700 2.6140537
14800 3.0675364
14900 2.458626
15000 3.1549044
15100 2.7587466
15200 2.529733
15300 2.9054532
15400 2.7351465
15500 2.389507
15600 2.7588534
15700 3.021719
15800 2.5689256
15900 3.0300477
16000 2.8035762
16100 2.917004
16200 3.0339918
16300 2.8732572
16400 2.6461897
16500 2.6397374
16600 2.796259
16700 2.969971
16800 3.134746
16900 2.6542668
17000 2.8227067
17100 2.7004905
17200 3.051444
17300 3.2385602
17400 2.569833
17500 2.5116856
17600 3.0680394
17700 2.45538
