0 0.09375
100 0.4375
200 0.5
300 0.46875
400 0.53125
500 0.34375
600 0.5
700 0.5
800 0.5
900 0.375
1000 0.46875
1100 0.4375
1200 0.46875
1300 0.6875
1400 0.59375
1500 0.40625
1600 0.375
1700 0.59375
1800 0.5625
1900 0.46875
2000 0.5
2100 0.59375
2200 0.5
2300 0.375
2400 0.5625
2500 0.5625
2600 0.53125
2700 0.6875
2800 0.53125
2900 0.6875
3000 0.53125
3100 0.59375
3200 0.4375
3300 0.71875
3400 0.5625
3500 0.46875
3600 0.5
3700 0.5625
3800 0.40625
3900 0.59375
4000 0.5
4100 0.5625
4200 0.625
4300 0.625
4400 0.6875
4500 0.65625
4600 0.5625
4700 0.59375
4800 0.5625
4900 0.625
5000 0.5625
5100 0.46875
5200 0.71875
5300 0.53125
5400 0.5625
5500 0.59375
5600 0.6875
5700 0.53125
5800 0.71875
5900 0.53125
6000 0.71875
6100 0.59375
6200 0.65625
6300 0.625
6400 0.625
6500 0.65625
6600 0.65625
6700 0.5
6800 0.40625
6900 0.53125
7000 0.625
7100 0.6875
7200 0.5625
7300 0.75
7400 0.59375
7500 0.6875
7600 0.6875
7700 0.6875
7800 0.5
7900 0.6875
8000 0.5625
8100 0.75
8200 0.625
8300 0.46875
8400 0.5
8500 0.71875
8600 0.59375
8700 0.6875
8800 0.75
8900 0.65625
9000 0.59375
9100 0.59375
9200 0.6875
9300 0.625
9400 0.75
9500 0.6875
9600 0.6875
9700 0.625
9800 0.4375
9900 0.71875
10000 0.5
10100 0.71875
10200 0.65625
10300 0.71875
10400 0.625
10500 0.78125
10600 0.65625
10700 0.75
10800 0.625
10900 0.59375
11000 0.71875
11100 0.5
11200 0.46875
11300 0.59375
11400 0.5625
11500 0.625
11600 0.59375
11700 0.6875
11800 0.53125
11900 0.65625
12000 0.6875
12100 0.78125
12200 0.75
12300 0.6875
12400 0.59375
12500 0.65625
12600 0.6875
12700 0.65625
12800 0.6875
12900 0.625
13000 0.65625
13100 0.625
13200 0.78125
13300 0.6875
13400 0.8125
13500 0.84375
13600 0.5625
13700 0.53125
13800 0.78125
13900 0.6875
14000 0.6875
14100 0.5625
14200 0.6875
14300 0.75
14400 0.65625
14500 0.71875
14600 0.8125
14700 0.71875
14800 0.78125
14900 0.8125
15000 0.59375
15100 0.625
15200 0.71875
15300 0.53125
15400 0.78125
15500 0.71875
15600 0.6875
15700 0.71875
15800 0.625
15900 0.84375
16000 0.59375
16100 0.84375
16200 0.71875
16300 0.6875
16400 0.78125
16500 0.90625
16600 0.78125
16700 0.71875
16800 0.6875
16900 0.71875
17000 0.71875
17100 0.71875
17200 0.8125
17300 0.75
17400 0.71875
17500 0.65625
17600 0.71875
17700 0.75
17800 0.75
17900 0.78125
18000 0.6875
18100 0.75
18200 0.71875
18300 0.75
18400 0.84375
18500 0.71875
18600 0.84375
18700 0.78125
18800 0.75
18900 0.78125
19000 0.8125
19100 0.75
19200 0.6875
19300 0.75
19400 0.8125
19500 0.8125
19600 0.71875
19700 0.71875
19800 0.75
19900 0.875
20000 0.84375
20100 0.75
20200 0.84375
20300 0.875
20400 0.65625
20500 0.71875
20600 0.75
20700 0.8125
20800 0.84375
20900 0.75
21000 0.75
21100 0.78125
21200 0.78125
21300 0.71875
21400 0.6875
21500 0.71875
21600 0.8125
21700 0.75
21800 0.78125
21900 0.8125
22000 0.78125
22100 0.8125
22200 0.8125
22300 0.6875
22400 0.8125
22500 0.75
22600 0.75
22700 0.875
22800 0.875
22900 0.8125
23000 0.6875
23100 0.84375
23200 0.875
23300 0.8125
23400 0.78125
23500 0.8125
23600 0.78125
23700 0.75
23800 0.90625
23900 0.75
24000 0.6875
24100 0.78125
24200 0.84375
24300 0.625
24400 0.78125
24500 0.8125
24600 0.84375
24700 0.875
24800 0.65625
24900 0.75
25000 0.90625
25100 0.75
25200 0.75
25300 0.875
25400 0.875
25500 0.8125
25600 0.84375
25700 0.84375
25800 0.75
25900 0.71875
26000 0.71875
26100 0.9375
26200 0.78125
26300 0.78125
26400 0.78125
26500 0.75
26600 0.71875
26700 0.75
26800 0.90625
26900 0.71875
27000 0.78125
27100 0.8125
27200 0.84375
27300 0.71875
27400 0.8125
27500 0.6875
27600 0.84375
27700 0.84375
27800 0.9375
