0 3.3464122
100 2.179518
200 2.2849002
300 2.1518054
400 2.1205723
500 2.2669861
600 2.2313294
700 2.1297388
800 2.2098835
900 2.126699
1000 2.1824145
1100 2.0926368
1200 2.583933
1300 1.5938275
1400 1.8129176
1500 2.2725415
1600 2.3016934
1700 2.1141615
1800 1.8806959
1900 2.0170977
2000 2.4473681
2100 1.9129199
2200 1.805884
2300 2.6086426
2400 1.8094597
2500 2.4185162
2600 1.7612362
2700 1.4467148
2800 1.7767226
2900 1.3825879
3000 1.7561603
3100 1.8118219
3200 1.9038146
3300 1.5588937
3400 1.8161192
3500 2.063855
3600 1.9724869
3700 1.6631005
3800 1.9403645
3900 1.4348915
4000 2.306403
4100 1.969976
4200 1.5996033
4300 1.5473751
4400 1.7232727
4500 1.391366
4600 1.6333027
4700 1.936342
4800 1.8353411
4900 1.8372631
5000 1.5937585
5100 1.942993
5200 1.2700063
5300 2.1452003
5400 1.6721133
5500 2.047701
5600 1.5484147
5700 1.9238687
5800 1.5070044
5900 2.1404843
6000 1.4566864
6100 1.4024043
6200 1.2027996
6300 1.4390662
6400 1.6359777
6500 1.4342816
6600 1.4707206
6700 1.8756238
6800 2.5346236
6900 1.8885223
7000 1.519921
7100 1.3151193
7200 1.7135663
7300 1.0814071
7400 1.993455
7500 1.2957804
7600 1.289704
7700 1.4259429
7800 1.9047949
7900 1.464933
8000 1.7931663
8100 1.4741335
8200 1.7406956
8300 1.8551317
8400 1.9238797
8500 1.4183674
8600 1.4744254
8700 1.255395
8800 1.2767947
8900 1.2975107
9000 1.6516895
9100 1.4674643
9200 1.3473217
9300 1.968382
9400 1.2974392
9500 1.8288708
9600 1.4632748
9700 1.6036271
9800 1.8491598
9900 1.3909303
10000 1.8901676
10100 1.367595
10200 1.2498227
10300 1.2111366
10400 1.4241692
10500 1.3621361
10600 1.6759323
10700 1.1426593
10800 1.3838094
10900 1.683948
11000 1.3318816
11100 2.0503325
11200 1.6565032
11300 1.3988966
11400 1.282468
11500 1.5289441
11600 1.6723531
11700 1.6055925
11800 1.6324985
11900 1.3891681
12000 1.5621934
12100 1.3446828
12200 1.321946
12300 1.2497381
12400 1.673032
12500 1.3185712
12600 1.5841546
12700 1.3245659
12800 1.4578165
12900 1.671843
13000 1.1776487
13100 1.5152365
13200 1.0832344
13300 1.3119963
13400 1.0013899
13500 1.036684
13600 1.741496
13700 1.8286124
13800 1.1341821
13900 1.2849936
14000 1.2763273
14100 1.7732946
14200 1.2292401
14300 1.323094
14400 1.5429751
14500 1.0322771
14600 0.95064783
14700 1.1718893
14800 1.0474482
14900 1.1584004
15000 1.565902
15100 1.3894434
15200 1.01095
15300 1.7817485
15400 1.3705935
15500 1.6402309
15600 1.2503134
15700 1.1510465
15800 1.2614734
15900 0.97917444
16000 1.1357415
16100 0.8566867
16200 1.0232699
16300 1.3347675
16400 1.1562438
16500 0.86157537
16600 1.2971671
16700 1.517573
16800 1.2747903
16900 1.167411
17000 1.0576816
17100 1.1974492
17200 0.8697237
17300 0.98039484
17400 1.1270916
17500 1.4069557
17600 1.0524871
17700 1.1514763
17800 1.0957674
17900 0.9806311
18000 1.3364733
18100 1.1484146
18200 1.1625521
18300 1.2319704
18400 0.8527815
18500 1.034908
18600 0.97098774
18700 1.01486
18800 1.2480673
18900 1.0493412
19000 0.925683
19100 1.2267035
19200 1.4038302
19300 0.9642183
19400 1.0631012
19500 1.2141901
19600 1.0630101
19700 1.0379082
19800 1.2113134
19900 1.0583689
20000 0.6245458
20100 1.0439818
20200 0.9230024
20300 0.9674267
20400 1.2371224
20500 1.1269233
20600 1.1437333
20700 0.9495105
20800 1.0159459
20900 1.3843722
21000 1.0120025
21100 0.9180133
21200 1.1145083
21300 1.3313996
21400 1.2049271
21500 1.2041998
21600 1.1629399
21700 1.2589612
21800 1.0082664
21900 0.80037236
22000 1.1179196
22100 1.1820823
22200 0.9978404
22300 1.4654857
22400 1.0992446
22500 1.3511283
22600 1.0520499
22700 0.8085637
22800 0.8329154
22900 1.0649539
23000 1.1817951
23100 0.98583275
23200 1.0059974
23300 1.0901151
23400 1.2330549
23500 1.1437279
23600 1.2516185
23700 1.0680023
23800 0.6835746
23900 1.234706
24000 1.3016136
24100 1.0860653
24200 0.79830784
24300 1.7026113
24400 1.0353595
24500 0.8975773
24600 0.8134751
24700 0.9735038
24800 1.3196731
24900 0.77744645
25000 0.7101739
25100 1.3372761
25200 1.041011
25300 0.98103994
25400 0.8923926
25500 1.1272502
25600 0.6930827
25700 0.7930049
25800 1.0041304
25900 1.1345085
26000 0.98900497
26100 0.8206199
26200 0.9099074
26300 1.1786776
26400 1.0654521
26500 1.0768198
26600 1.0574044
26700 1.0468236
26800 1.012403
26900 1.0558432
27000 1.1396446
27100 0.9460918
27200 0.84236467
27300 1.055202
27400 0.8533347
27500 1.0740758
27600 0.7715971
27700 1.0077642
27800 0.8151257
