0 2.3195562
100 1.5107268
200 1.5837722
300 1.4915178
400 1.4698687
500 1.5713551
600 1.5466397
700 1.4762224
800 1.5317745
900 1.4741154
1000 1.5127345
1100 1.4505053
1200 1.7910459
1300 1.1047571
1400 1.2566187
1500 1.5752058
1600 1.5954124
1700 1.465425
1800 1.3035991
1900 1.3981456
2000 1.6963863
2100 1.325935
2200 1.2517434
2300 1.8081732
2400 1.2542219
2500 1.6763877
2600 1.2207959
2700 1.0027863
2800 1.2315302
2900 0.95833695
3000 1.2172775
3100 1.2558593
3200 1.3196237
3300 1.0805428
3400 1.2588379
3500 1.4305552
3600 1.3672237
3700 1.1527734
3800 1.3449582
3900 0.994591
4000 1.5986767
4100 1.3654833
4200 1.1087605
4300 1.0725586
4400 1.1944816
4500 0.9644214
4600 1.1321192
4700 1.34217
4800 1.2721615
4900 1.2734938
5000 1.1047091
5100 1.3467802
5200 0.8803013
5300 1.4869394
5400 1.1590207
5500 1.419358
5600 1.0732793
5700 1.3335241
5800 1.0445758
5900 1.4836707
6000 1.009698
6100 0.9720726
6200 0.8337171
6300 0.9974846
6400 1.1339734
6500 0.9941683
6600 1.0194259
6700 1.3000834
6800 1.7568672
6900 1.3090239
7000 1.0535289
7100 0.9115712
7200 1.1877537
7300 0.7495743
7400 1.3817577
7500 0.89816654
7600 0.89395463
7700 0.9883883
7800 1.3203032
7900 1.0154142
8000 1.2429281
8100 1.0217915
8200 1.2065582
8300 1.2858794
8400 1.3335319
8500 0.98313737
8600 1.0219939
8700 0.8701736
8800 0.8850066
8900 0.8993659
9000 1.144864
9100 1.0171688
9200 0.93389225
9300 1.3643785
9400 0.8993163
9500 1.2676766
9600 1.0142648
9700 1.1115496
9800 1.28174
9900 0.96411943
10000 1.3101643
10100 0.9479446
10200 0.8663111
10300 0.8394959
10400 0.9871589
10500 0.9441608
10600 1.1616677
10700 0.79203105
10800 0.95918363
10900 1.1672238
11000 0.92319
11100 1.4211823
11200 1.1482005
11300 0.9696412
11400 0.888939
11500 1.0597833
11600 1.1591868
11700 1.1129119
11800 1.1315618
11900 0.962898
12000 1.08283
12100 0.9320631
12200 0.91630316
12300 0.8662525
12400 1.1596575
12500 0.9139639
12600 1.0980523
12700 0.9181191
12800 1.0104814
12900 1.1588333
13000 0.8162838
13100 1.0502819
13200 0.7508409
13300 0.90940654
13400 0.6941106
13500 0.71857464
13600 1.207113
13700 1.2674975
13800 0.78615516
13900 0.89068973
14000 0.88468266
14100 1.2291541
14200 0.8520443
14300 0.9170989
14400 1.0695088
14500 0.71551996
14600 0.6589389
14700 0.81229174
14800 0.7260357
14900 0.802942
15000 1.0854006
15100 0.9630888
15200 0.7007371
15300 1.235014
15400 0.95002306
15500 1.1369214
15600 0.86665124
15700 0.79784465
15800 0.8743867
15900 0.678712
16000 0.78723603
16100 0.59380996
16200 0.7092766
16300 0.9251903
16400 0.80144715
16500 0.59719855
16600 0.8991277
16700 1.0519015
16800 0.8836173
16900 0.8091876
17000 0.73312896
17100 0.8300085
17200 0.6028465
17300 0.6795579
17400 0.7812404
17500 0.97522736
17600 0.7295285
17700 0.79814255
17800 0.75952804
17900 0.6797217
18000 0.92637277
18100 0.7960204
18200 0.80581975
18300 0.8539368
18400 0.5911031
18500 0.7173436
18600 0.6730374
18700 0.70344734
18800 0.8650943
18900 0.7273479
19000 0.6416346
19100 0.85028607
19200 0.97306097
19300 0.6683452
19400 0.7368856
19500 0.84161246
19600 0.7368225
19700 0.7194232
19800 0.83961844
19900 0.73360544
20000 0.43290216
20100 0.72363305
20200 0.6397765
20300 0.6705691
20400 0.8575079
20500 0.78112376
20600 0.7927755
20700 0.65815055
20800 0.7042
20900 0.95957375
21000 0.7014666
21100 0.6363183
21200 0.7725183
21300 0.92285585
21400 0.83519185
21500 0.8346877
21600 0.8060885
21700 0.87264544
21800 0.69887704
21900 0.55477583
22000 0.7748828
22100 0.81935704
22200 0.6916503
22300 1.0157973
22400 0.76193833
22500 0.93653077
22600 0.7292254
22700 0.56045365
22800 0.577333
22900 0.73816985
23000 0.81915796
23100 0.6833272
23200 0.6973043
23300 0.75561017
23400 0.8546885
23500 0.79277176
23600 0.86755586
23700 0.7402828
23800 0.47381783
23900 0.85583305
24000 0.9022098
24100 0.7528031
24200 0.55334485
24300 1.1801603
24400 0.7176565
24500 0.62215316
24600 0.563858
24700 0.67478144
24800 0.9147277
24900 0.5388848
25000 0.49225503
25100 0.9269292
25200 0.7215738
25300 0.6800051
25400 0.6185594
25500 0.78135026
25600 0.4804083
25700 0.5496691
25800 0.6960101
25900 0.78638136
26000 0.685526
26100 0.56881034
26200 0.63069975
26300 0.81699705
26400 0.73851514
26500 0.74639463
26600 0.73293686
26700 0.72560287
26800 0.7017443
26900 0.7318548
27000 0.7899415
27100 0.65578085
27200 0.5838827
27300 0.73141026
27400 0.5914866
27500 0.7444926
27600 0.53483033
27700 0.69852895
27800 0.5650021
