0 9.574728
100 5.0871425
200 4.9470944
300 4.7891836
400 4.765652
500 5.423003
600 5.050483
700 5.136581
800 4.6319456
900 4.3766813
1000 4.8499804
1100 4.671812
1200 4.2933893
1300 4.90403
1400 4.7075796
1500 4.743641
1600 4.9244137
1700 5.131213
1800 4.441234
1900 4.574194
2000 4.2032704
2100 4.6812983
2200 4.297971
2300 3.9077048
2400 4.6283464
2500 4.375252
2600 4.6700144
2700 3.994123
2800 4.510747
2900 3.6411414
3000 4.4043655
3100 4.3263235
3200 4.8217897
3300 3.6181872
3400 3.8258948
3500 4.688263
3600 3.81478
3700 4.4073505
3800 4.4098945
3900 3.5995815
4000 4.420847
4100 4.1924453
4200 3.879724
4300 4.2573214
4400 3.6904368
4500 4.224882
4600 3.9423459
4700 4.7826395
4800 3.7727485
4900 4.5143037
5000 3.8302157
5100 3.9831514
5200 3.8191094
5300 3.5803332
5400 3.6749542
5500 4.1894054
5600 4.001678
5700 3.7090697
5800 4.422577
5900 4.03889
6000 3.3609602
6100 3.4625762
6200 3.4359598
6300 3.8852582
6400 3.542849
6500 3.7815747
6600 3.7140207
6700 4.1763597
6800 4.134987
6900 4.2063093
7000 4.0111103
7100 3.2092905
7200 3.8715808
7300 3.468469
7400 4.0301776
7500 3.7835321
7600 3.833518
7700 3.6811152
7800 3.941
7900 3.6212947
8000 3.7729783
8100 3.8386035
8200 4.089493
8300 3.656457
8400 3.81562
8500 3.7945023
8600 3.7336378
8700 3.782823
8800 3.6838858
8900 3.58427
9000 4.3907585
9100 3.6630917
9200 3.3887792
9300 3.8226533
9400 3.7372222
9500 4.041605
9600 3.6197624
9700 4.101491
9800 4.159783
9900 3.663598
10000 4.311268
10100 3.7359233
10200 3.317264
10300 3.6567857
10400 3.5382447
10500 3.338067
10600 4.2442045
10700 3.169261
10800 3.4241762
10900 3.629136
11000 3.673015
11100 3.612797
11200 3.654324
11300 3.4465895
11400 3.0152822
11500 3.6056538
11600 4.2371297
11700 3.231007
11800 3.7202778
11900 3.6420093
12000 3.5402143
12100 3.6502693
12200 3.3482428
12300 3.4662714
12400 3.4721932
12500 3.6089222
12600 3.4556048
12700 3.2056735
12800 3.7720604
12900 4.0187244
13000 3.2562723
13100 3.5158439
13200 2.9900315
13300 3.5758717
13400 3.3911228
13500 3.3457143
13600 4.1799173
13700 3.7204452
13800 3.1629746
13900 3.313386
14000 3.33178
14100 3.6418643
14200 3.4981828
14300 3.5715227
14400 3.6610594
14500 3.0079005
14600 2.655783
14700 3.4161096
14800 3.120129
14900 3.633981
15000 3.5548787
15100 3.4486766
15200 3.1236098
15300 3.236989
15400 3.3822548
15500 3.4176245
15600 3.8799694
15700 3.4039545
15800 3.04711
15900 3.4571476
16000 3.0898547
16100 3.1313019
16200 3.1114163
16300 3.225369
16400 2.9095306
16500 3.1487107
16600 3.199163
16700 2.8694396
16800 3.2774956
16900 3.3100855
17000 3.3696685
17100 3.127819
17200 2.8412752
17300 3.295886
17400 3.432728
17500 3.2435825
17600 2.9265594
17700 3.3650804
17800 3.4184008
17900 2.9710424
18000 3.621942
18100 3.6019216
18200 3.7482061
18300 3.5252137
18400 2.7100015
18500 3.2276354
18600 3.324948
18700 3.3471546
18800 3.4805841
18900 3.4272192
19000 2.5775018
19100 3.1853197
19200 3.4661
19300 2.8971436
19400 3.3604367
19500 3.341641
19600 3.7062082
19700 3.3501685
19800 3.1831079
19900 3.1298237
20000 2.3934567
20100 3.4624043
20200 3.0937977
20300 3.5737562
20400 3.283717
20500 3.2994328
20600 3.2638886
20700 2.7921562
20800 3.1358314
20900 3.5121572
21000 3.1735349
21100 3.077016
21200 2.9668171
21300 3.6192183
21400 3.1364253
21500 3.1894183
21600 3.205357
21700 3.198581
21800 2.8972378
21900 2.7941365
22000 3.0884585
22100 3.62639
22200 3.2274308
22300 3.074225
22400 3.0311086
22500 3.0829148
22600 3.217382
22700 2.7968798
22800 3.212224
22900 3.176342
23000 3.1377437
23100 2.7333922
23200 3.1475034
23300 2.978249
23400 3.7204423
23500 2.8836813
23600 3.5481367
23700 3.6645584
23800 2.8625283
23900 2.9856997
24000 3.4775927
24100 3.3273206
24200 2.7793076
24300 3.6008387
24400 2.826863
24500 2.8075142
24600 3.0024223
24700 3.177199
24800 3.4149075
24900 2.6097133
25000 2.8361435
25100 3.1784906
25200 3.0013552
25300 3.1021152
25400 3.3373811
25500 3.8173277
25600 2.949143
25700 2.7490835
25800 3.260808
25900 3.13164
26000 3.1581755
26100 2.950478
26200 2.791875
26300 3.1033735
26400 3.3576522
26500 2.995173
26600 3.2982419
26700 3.4091306
26800 3.5312817
26900 3.2607386
27000 3.3851285
27100 3.290128
27200 2.7572436
27300 3.4310362
27400 3.1243637
27500 3.3581126
27600 2.961492
27700 3.3505993
27800 3.0698485
