0 0.09375
100 0.34375
200 0.4375
300 0.59375
400 0.28125
500 0.4375
600 0.4375
700 0.375
800 0.40625
900 0.34375
1000 0.5625
1100 0.46875
1200 0.5625
1300 0.3125
1400 0.46875
1500 0.3125
1600 0.4375
1700 0.625
1800 0.625
1900 0.5
2000 0.4375
2100 0.53125
2200 0.40625
2300 0.59375
2400 0.5625
2500 0.46875
2600 0.65625
2700 0.46875
2800 0.28125
2900 0.5625
3000 0.5
3100 0.5
3200 0.5
3300 0.4375
3400 0.4375
3500 0.5
3600 0.5
3700 0.46875
3800 0.59375
3900 0.5
4000 0.625
4100 0.625
4200 0.59375
4300 0.59375
4400 0.46875
4500 0.40625
4600 0.5
4700 0.5625
4800 0.40625
4900 0.5
5000 0.5625
5100 0.46875
5200 0.5625
5300 0.5
5400 0.625
5500 0.5625
5600 0.59375
5700 0.5625
5800 0.59375
5900 0.625
6000 0.4375
6100 0.4375
6200 0.53125
6300 0.6875
6400 0.53125
6500 0.46875
6600 0.46875
6700 0.75
6800 0.625
6900 0.5
7000 0.5
7100 0.71875
7200 0.53125
7300 0.5625
7400 0.75
7500 0.75
7600 0.5
7700 0.65625
7800 0.53125
7900 0.53125
8000 0.59375
8100 0.59375
8200 0.5625
8300 0.59375
8400 0.53125
8500 0.78125
8600 0.59375
8700 0.6875
8800 0.5625
8900 0.53125
9000 0.65625
9100 0.59375
9200 0.59375
9300 0.53125
9400 0.625
9500 0.5
9600 0.71875
9700 0.59375
9800 0.46875
9900 0.5
10000 0.625
10100 0.53125
10200 0.5625
10300 0.53125
10400 0.46875
10500 0.71875
10600 0.6875
10700 0.625
10800 0.5625
10900 0.6875
11000 0.6875
11100 0.6875
11200 0.6875
11300 0.59375
11400 0.71875
11500 0.5
11600 0.53125
11700 0.6875
11800 0.53125
11900 0.65625
12000 0.75
12100 0.6875
12200 0.53125
12300 0.6875
12400 0.59375
12500 0.5
12600 0.59375
12700 0.4375
12800 0.53125
12900 0.53125
13000 0.6875
13100 0.59375
13200 0.65625
13300 0.78125
13400 0.59375
13500 0.53125
13600 0.65625
13700 0.5625
13800 0.84375
13900 0.65625
14000 0.6875
14100 0.5
14200 0.75
14300 0.625
14400 0.65625
14500 0.625
14600 0.71875
14700 0.625
14800 0.78125
14900 0.59375
15000 0.65625
15100 0.5625
15200 0.65625
15300 0.59375
15400 0.90625
15500 0.5
15600 0.71875
15700 0.65625
15800 0.75
15900 0.59375
16000 0.6875
16100 0.6875
16200 0.6875
16300 0.59375
16400 0.625
16500 0.625
16600 0.65625
16700 0.65625
16800 0.75
16900 0.8125
17000 0.5625
17100 0.6875
17200 0.625
17300 0.6875
17400 0.78125
17500 0.75
17600 0.75
17700 0.90625
17800 0.65625
17900 0.6875
18000 0.84375
18100 0.71875
18200 0.625
18300 0.78125
18400 0.71875
18500 0.78125
18600 0.6875
18700 0.6875
18800 0.65625
18900 0.78125
19000 0.8125
19100 0.75
19200 0.71875
19300 0.78125
19400 0.75
19500 0.71875
19600 0.8125
19700 0.78125
19800 0.78125
19900 0.65625
20000 0.84375
20100 0.71875
20200 0.6875
20300 0.6875
20400 0.65625
20500 0.875
20600 0.84375
20700 0.75
20800 0.6875
20900 0.65625
21000 0.6875
21100 0.6875
21200 0.84375
21300 0.8125
21400 0.84375
21500 0.8125
21600 0.8125
21700 0.78125
21800 0.6875
21900 0.75
22000 0.90625
22100 0.875
22200 0.625
22300 0.84375
22400 0.75
22500 0.75
22600 0.75
22700 0.78125
22800 0.78125
22900 0.71875
23000 0.65625
23100 0.71875
23200 0.84375
23300 0.6875
23400 0.65625
23500 0.6875
23600 0.78125
23700 0.625
23800 0.78125
23900 0.90625
24000 0.75
24100 0.71875
24200 0.71875
24300 0.71875
24400 0.75
24500 0.75
24600 0.78125
24700 0.75
24800 0.84375
24900 0.6875
25000 0.84375
