0 3.32193
100 2.63428
200 2.417
300 2.00101
400 2.57954
500 2.40825
600 2.33379
700 2.5508
800 2.18408
900 2.4658
1000 1.97943
1100 2.37135
1200 2.04905
1300 2.98047
1400 2.06711
1500 2.45448
1600 2.32994
1700 1.76868
1800 1.8473
1900 1.893
2000 2.20209
2100 2.08023
2200 2.18336
2300 1.87747
2400 1.87909
2500 2.3516
2600 1.77113
2700 2.08966
2800 2.55832
2900 1.88273
3000 1.88276
3100 1.79691
3200 1.94443
3300 2.14774
3400 2.12836
3500 1.84468
3600 1.97863
3700 1.7992
3800 1.81011
3900 2.23244
4000 1.7803
4100 1.92132
4200 1.74454
4300 2.04084
4400 1.98598
4500 2.24403
4600 2.19521
4700 1.7494
4800 2.24828
4900 1.88398
5000 2.1146
5100 2.21965
5200 1.98151
5300 1.80888
5400 1.52854
5500 1.63068
5600 2.15307
5700 1.86555
5800 1.91443
5900 1.56395
6000 1.96935
6100 1.97919
6200 1.93013
6300 1.29525
6400 1.8826
6500 1.90559
6600 2.11811
6700 1.38703
6800 1.80596
6900 1.97642
7000 2.12773
7100 1.49147
7200 1.60627
7300 1.84699
7400 1.10489
7500 1.50268
7600 1.62701
7700 1.38772
7800 1.87662
7900 1.87137
8000 1.77838
8100 1.41324
8200 1.9123
8300 1.26544
8400 1.50544
8500 1.14843
8600 1.7292
8700 1.42173
8800 1.86634
8900 1.71548
9000 1.88751
9100 1.50156
9200 1.67307
9300 1.85093
9400 1.54587
9500 1.82427
9600 1.42279
9700 1.73947
9800 1.57736
9900 2.31957
10000 1.27488
10100 1.89193
10200 1.63006
10300 1.80301
10400 1.67693
10500 1.65768
10600 1.23486
10700 1.48492
10800 2.12775
10900 1.3549
11000 1.35657
11100 1.33352
11200 1.31754
11300 1.68667
11400 1.13406
11500 1.53448
11600 2.10038
11700 1.56234
11800 2.07531
11900 1.74169
12000 1.28369
12100 1.31864
12200 1.88756
12300 1.67071
12400 1.75555
12500 1.51624
12600 1.69178
12700 2.7294
12800 1.40497
12900 2.01642
13000 1.50972
13100 1.92163
13200 1.26236
13300 1.24259
13400 1.52632
13500 1.8926
13600 1.15588
13700 1.81554
13800 0.954366
13900 1.51621
14000 1.03
14100 2.0275
14200 1.15828
14300 1.53502
14400 1.62711
14500 1.45356
14600 1.18473
14700 1.48868
14800 1.16307
14900 1.54343
15000 1.36252
15100 1.81003
15200 1.34243
15300 2.15556
15400 0.748509
15500 1.79283
15600 1.07451
15700 1.31953
15800 1.1397
15900 1.66405
16000 1.36701
16100 1.24732
16200 1.26065
16300 1.70397
16400 1.69333
16500 1.27522
16600 1.31512
16700 1.14416
16800 1.60175
16900 1.4061
17000 1.43515
17100 1.306
17200 1.47908
17300 1.20821
17400 1.26088
17500 1.07234
17600 1.17072
17700 0.713007
17800 1.1898
17900 1.27229
18000 0.946034
18100 1.2039
18200 1.90958
18300 1.25946
18400 1.13949
18500 1.25365
18600 1.33457
18700 1.50944
18800 1.01511
18900 1.00169
19000 0.911831
19100 1.00018
19200 1.113
19300 1.1262
19400 1.01832
19500 1.32398
19600 0.832593
19700 1.22996
19800 1.14553
19900 1.56418
20000 0.862703
20100 1.2952
20200 1.25788
20300 0.948931
20400 1.3261
20500 1.18397
20600 1.03822
20700 1.0172
20800 1.44472
20900 1.55784
21000 1.26724
21100 1.24794
21200 0.788714
21300 1.20161
21400 1.10969
21500 1.13365
21600 1.04835
21700 0.99907
21800 1.40151
21900 1.32531
22000 0.736864
22100 0.87777
22200 1.18315
22300 0.921539
22400 1.04846
22500 1.02777
22600 1.23461
22700 0.945539
22800 0.926664
22900 1.04143
23000 1.33825
23100 1.1309
23200 0.859385
23300 1.36606
23400 1.2665
23500 1.19466
23600 1.24713
23700 1.271
23800 1.26669
23900 0.785375
24000 1.50029
24100 1.12154
24200 1.21177
24300 1.29264
24400 0.87958
24500 1.00151
24600 0.969116
24700 1.20567
24800 0.94755
24900 1.08077
25000 0.741836
