0 2.30259
100 1.82595
200 1.67534
300 1.387
400 1.788
500 1.66927
600 1.61766
700 1.76808
800 1.51389
900 1.70916
1000 1.37204
1100 1.64369
1200 1.4203
1300 2.06591
1400 1.43281
1500 1.70131
1600 1.61499
1700 1.22596
1800 1.28045
1900 1.31213
2000 1.52637
2100 1.44191
2200 1.51339
2300 1.30136
2400 1.30248
2500 1.63
2600 1.22765
2700 1.44844
2800 1.77329
2900 1.30501
3000 1.30503
3100 1.24552
3200 1.34778
3300 1.4887
3400 1.47527
3500 1.27863
3600 1.37148
3700 1.24711
3800 1.25467
3900 1.54741
4000 1.23401
4100 1.33176
4200 1.20922
4300 1.4146
4400 1.37658
4500 1.55544
4600 1.52161
4700 1.21259
4800 1.55839
4900 1.30587
5000 1.46573
5100 1.53855
5200 1.37348
5300 1.25382
5400 1.0595
5500 1.1303
5600 1.49239
5700 1.2931
5800 1.32698
5900 1.08405
6000 1.36505
6100 1.37187
6200 1.33786
6300 0.897797
6400 1.30492
6500 1.32085
6600 1.46816
6700 0.961418
6800 1.25179
6900 1.36995
7000 1.47483
7100 1.03381
7200 1.11338
7300 1.28024
7400 0.765851
7500 1.04158
7600 1.12776
7700 0.961895
7800 1.30077
7900 1.29714
8000 1.23268
8100 0.979581
8200 1.3255
8300 0.877139
8400 1.04349
8500 0.796031
8600 1.19859
8700 0.985469
8800 1.29365
8900 1.18908
9000 1.30832
9100 1.0408
9200 1.15968
9300 1.28297
9400 1.07151
9500 1.26449
9600 0.986203
9700 1.20571
9800 1.09334
9900 1.6078
10000 0.88368
10100 1.31139
10200 1.12987
10300 1.24975
10400 1.16236
10500 1.14902
10600 0.85594
10700 1.02927
10800 1.47484
10900 0.939147
11000 0.940299
11100 0.924323
11200 0.913251
11300 1.16911
11400 0.786072
11500 1.06362
11600 1.45587
11700 1.08293
11800 1.4385
11900 1.20725
12000 0.889783
12100 0.914014
12200 1.30836
12300 1.15804
12400 1.21686
12500 1.05098
12600 1.17265
12700 1.89188
12800 0.97385
12900 1.39768
13000 1.04646
13100 1.33197
13200 0.875002
13300 0.8613
13400 1.05796
13500 1.31185
13600 0.801195
13700 1.25844
13800 0.661516
13900 1.05096
14000 0.713944
14100 1.40535
14200 0.802856
14300 1.06399
14400 1.12783
14500 1.00753
14600 0.82119
14700 1.03188
14800 0.806177
14900 1.06983
15000 0.944427
15100 1.25462
15200 0.930499
15300 1.49412
15400 0.518827
15500 1.24269
15600 0.744791
15700 0.914631
15800 0.78998
15900 1.15343
16000 0.947537
16100 0.864578
16200 0.873818
16300 1.1811
16400 1.17372
16500 0.883918
16600 0.911569
16700 0.793071
16800 1.11025
16900 0.974631
17000 0.994771
17100 0.905251
17200 1.02522
17300 0.837466
17400 0.873974
17500 0.743289
17600 0.811481
17700 0.494219
17800 0.824706
17900 0.881885
18000 0.655741
18100 0.834479
18200 1.32362
18300 0.872988
18400 0.789836
18500 0.868967
18600 0.925052
18700 1.04626
18800 0.703621
18900 0.694316
19000 0.632033
19100 0.693272
19200 0.771476
19300 0.780624
19400 0.705843
19500 0.91771
19600 0.577109
19700 0.852541
19800 0.794021
19900 1.0842
20000 0.59798
20100 0.897761
20200 0.871898
20300 0.657749
20400 0.919185
20500 0.820666
20600 0.719642
20700 0.705069
20800 1.0014
20900 1.07981
21000 0.878381
21100 0.865007
21200 0.546695
21300 0.832892
21400 0.769175
21500 0.785785
21600 0.726661
21700 0.692502
21800 0.971453
21900 0.918634
22000 0.510755
22100 0.608424
22200 0.820097
22300 0.638762
22400 0.726736
22500 0.712399
22600 0.855765
22700 0.655398
22800 0.642315
22900 0.721861
23000 0.927602
23100 0.783883
23200 0.59568
23300 0.946883
23400 0.877873
23500 0.828077
23600 0.864447
23700 0.880988
23800 0.878
23900 0.544381
24000 1.03992
24100 0.77739
24200 0.839932
24300 0.895988
24400 0.609679
24500 0.694197
24600 0.67174
24700 0.835704
24800 0.656792
24900 0.749132
25000 0.514201
