0 10.0
100 7.58696
200 6.01965
300 5.56283
400 5.91269
500 4.99303
600 5.18663
700 5.57039
800 5.8773
900 5.85587
1000 5.46415
1100 5.36973
1200 5.02018
1300 4.54544
1400 5.14805
1500 5.05603
1600 4.88149
1700 4.57508
1800 4.93722
1900 4.67616
2000 5.33062
2100 4.76002
2200 4.68274
2300 4.58999
2400 4.91143
2500 4.72664
2600 4.74824
2700 4.78344
2800 5.00364
2900 4.16681
3000 4.53856
3100 4.23652
3200 4.3719
3300 5.15838
3400 4.98002
3500 4.78044
3600 4.35969
3700 4.29546
3800 3.91438
3900 5.16704
4000 4.55865
4100 4.18889
4200 4.19883
4300 4.45549
4400 3.89772
4500 4.45944
4600 4.71347
4700 4.36189
4800 4.73505
4900 4.55961
5000 4.12812
5100 4.84923
5200 4.46293
5300 4.52155
5400 3.96129
5500 4.51841
5600 4.64728
5700 4.42163
5800 4.38182
5900 3.6707
6000 4.16418
6100 3.95153
6200 4.24899
6300 3.69302
6400 3.97815
6500 4.38485
6600 4.42249
6700 3.75162
6800 4.63635
6900 3.41911
7000 4.09263
7100 4.01258
7200 3.51084
7300 4.17915
7400 3.59319
7500 3.49006
7600 3.84986
7700 3.93319
7800 4.30879
7900 4.3167
8000 3.70268
8100 3.90427
8200 3.70183
8300 3.68289
8400 3.87108
8500 3.77371
8600 4.02245
8700 4.00021
8800 4.16662
8900 4.30398
9000 4.00894
9100 3.95699
9200 4.04936
9300 3.51287
9400 3.62911
9500 3.55233
9600 3.70798
9700 3.26151
9800 3.88333
9900 3.28122
10000 3.45029
10100 3.52457
10200 3.67585
10300 3.69983
10400 3.73455
10500 3.98914
10600 3.34919
10700 3.60196
10800 4.22697
10900 3.42097
11000 4.0454
11100 3.36347
11200 3.59902
11300 3.14277
11400 3.25324
11500 3.80063
11600 3.90005
11700 3.83351
11800 4.47442
11900 3.45999
12000 3.41513
12100 3.42927
12200 3.65438
12300 3.31506
12400 3.75748
12500 3.53913
12600 3.88502
12700 3.76967
12800 3.93436
12900 4.01104
13000 3.23424
13100 3.56008
13200 3.21349
13300 4.10912
13400 3.99323
13500 3.62234
13600 3.57613
13700 3.57525
13800 3.21057
13900 3.38729
14000 2.61987
14100 3.59168
14200 3.37803
14300 3.5622
14400 3.64799
14500 3.60662
14600 3.33643
14700 3.33723
14800 3.59875
14900 3.26572
15000 3.09303
15100 3.45414
15200 2.94748
15300 3.86503
15400 2.92292
15500 3.69901
15600 3.01539
15700 3.75539
15800 2.79955
15900 3.23841
16000 3.15086
16100 3.07135
16200 3.46095
16300 3.47381
16400 3.88755
16500 3.23583
16600 3.12704
16700 3.22566
16800 3.64385
16900 3.37823
17000 3.16689
17100 3.08337
17200 2.90724
17300 3.51017
17400 3.40943
17500 3.33077
17600 3.17942
17700 2.76192
17800 3.37011
17900 3.00685
18000 3.04091
18100 3.51415
18200 3.39517
18300 3.23017
18400 2.92992
18500 3.25411
18600 3.38908
18700 2.83449
18800 2.99221
18900 3.40116
19000 2.87712
19100 3.14599
19200 3.28993
19300 2.86188
19400 2.78523
19500 3.24986
19600 3.12423
19700 3.43267
19800 3.08422
19900 3.7536
20000 2.91437
20100 3.02701
20200 3.59211
20300 2.98341
20400 3.34346
20500 3.23416
20600 3.30116
20700 3.49352
20800 3.18773
20900 3.37968
21000 3.37778
21100 3.24992
21200 2.69385
21300 3.13881
21400 3.2395
21500 3.05225
21600 2.9843
21700 3.15282
21800 3.02965
21900 2.80181
22000 3.02107
22100 2.95502
22200 3.37685
22300 3.12424
22400 3.05215
22500 3.36368
22600 3.38843
22700 2.67902
22800 2.83966
22900 3.19339
23000 3.36621
23100 3.3547
23200 2.79313
23300 3.70891
23400 3.03083
23500 3.35455
23600 3.60051
23700 3.45659
23800 3.03646
23900 3.18367
24000 3.24876
24100 3.14986
24200 3.18748
24300 3.25576
24400 2.79537
24500 3.36236
24600 3.24152
24700 3.49837
24800 3.10101
24900 3.48992
25000 2.82714
