0 0.09375
100 0.40625
200 0.375
300 0.4375
400 0.375
500 0.46875
600 0.46875
700 0.46875
800 0.4375
900 0.40625
1000 0.46875
1100 0.34375
1200 0.4375
1300 0.46875
1400 0.53125
1500 0.53125
1600 0.40625
1700 0.46875
1800 0.59375
1900 0.40625
2000 0.40625
2100 0.5
2200 0.5
2300 0.46875
2400 0.4375
2500 0.40625
2600 0.4375
2700 0.53125
2800 0.3125
2900 0.4375
3000 0.53125
3100 0.75
3200 0.4375
3300 0.5625
3400 0.375
3500 0.40625
3600 0.4375
3700 0.53125
3800 0.46875
3900 0.53125
4000 0.40625
4100 0.3125
4200 0.5
4300 0.46875
4400 0.59375
4500 0.625
4600 0.625
4700 0.40625
4800 0.46875
4900 0.71875
5000 0.59375
5100 0.59375
5200 0.6875
5300 0.59375
5400 0.5625
5500 0.46875
5600 0.6875
5700 0.375
5800 0.5625
5900 0.78125
6000 0.59375
6100 0.28125
6200 0.75
6300 0.4375
6400 0.78125
6500 0.75
6600 0.65625
6700 0.6875
6800 0.46875
6900 0.65625
7000 0.5
7100 0.65625
7200 0.6875
7300 0.75
7400 0.59375
7500 0.46875
7600 0.625
7700 0.71875
7800 0.75
7900 0.65625
8000 0.78125
8100 0.8125
8200 0.8125
8300 0.65625
8400 0.71875
8500 0.75
8600 0.75
8700 0.71875
8800 0.6875
8900 0.65625
9000 0.6875
9100 0.78125
9200 0.90625
9300 0.84375
9400 0.59375
9500 0.84375
9600 0.71875
9700 0.875
9800 0.75
9900 0.84375
10000 0.6875
10100 0.78125
10200 0.8125
10300 0.78125
10400 0.65625
10500 0.78125
10600 0.71875
10700 0.8125
10800 0.8125
10900 0.75
11000 0.875
11100 0.78125
11200 0.6875
11300 0.71875
11400 0.6875
11500 0.78125
11600 0.84375
11700 0.65625
11800 0.75
11900 0.75
12000 0.78125
12100 0.71875
12200 0.78125
12300 0.84375
12400 0.71875
12500 0.9375
12600 0.84375
12700 0.90625
12800 0.71875
12900 0.8125
13000 0.71875
13100 0.875
13200 0.71875
13300 0.84375
13400 0.78125
13500 0.96875
13600 0.71875
13700 0.875
13800 0.8125
13900 0.875
14000 0.75
14100 0.84375
14200 0.875
14300 0.9375
14400 0.6875
14500 0.84375
14600 0.75
14700 0.75
14800 0.9375
14900 0.875
15000 0.84375
15100 0.84375
15200 0.8125
15300 0.75
15400 0.8125
15500 0.875
15600 0.84375
15700 0.75
15800 0.8125
15900 0.84375
16000 0.875
16100 0.90625
16200 0.78125
16300 0.78125
16400 0.75
16500 0.78125
16600 0.875
16700 0.75
16800 0.875
16900 0.75
17000 0.96875
17100 0.90625
17200 0.8125
17300 0.8125
17400 0.9375
17500 0.8125
17600 0.84375
17700 0.875
17800 0.8125
17900 0.875
18000 0.71875
18100 0.65625
18200 0.875
18300 0.875
18400 0.8125
18500 0.8125
18600 0.75
18700 0.84375
18800 0.75
18900 0.84375
19000 0.78125
19100 0.9375
19200 0.75
19300 0.875
19400 0.8125
