0 4.384134
100 2.7157083
200 2.6966531
300 2.5599642
400 2.9570887
500 2.1611423
600 2.628675
700 2.113886
800 2.2595003
900 2.3158054
1000 1.9987743
1100 2.274077
1200 2.5946906
1300 2.4245636
1400 2.0964687
1500 2.2357473
1600 2.2591012
1700 2.0270262
1800 1.526756
1900 2.290084
2000 2.3934264
2100 2.1635091
2200 2.2262712
2300 1.7814891
2400 1.929897
2500 1.8858768
2600 2.1553712
2700 2.4234102
2800 3.2787664
2900 2.6398194
3000 1.8435612
3100 1.5736524
3200 2.042925
3300 1.7767339
3400 2.3714967
3500 1.9566522
3600 2.23029
3700 1.6929995
3800 2.2378645
3900 1.7675512
4000 2.5006511
4100 2.4538522
4200 1.7936208
4300 2.2496872
4400 1.7698201
4500 1.9407905
4600 2.4259667
4700 2.0591853
4800 1.9890497
4900 1.2624449
5000 1.9203681
5100 1.7784891
5200 1.118435
5300 1.526088
5400 1.4245019
5500 1.9077693
5600 1.5182288
5700 2.0861144
5800 1.7499235
5900 1.1256438
6000 1.7904048
6100 2.158299
6200 1.0703706
6300 1.8992859
6400 1.1836703
6500 1.4365845
6600 1.7177848
6700 1.4577692
6800 1.9247259
6900 1.2765055
7000 1.8517712
7100 1.3092301
7200 1.3465395
7300 1.3411946
7400 1.446657
7500 1.7836764
7600 1.7455071
7700 1.0229657
7800 1.2069135
7900 1.3906125
8000 0.9233702
8100 1.3351516
8200 0.9834439
8300 1.3526753
8400 1.3826082
8500 1.0377022
8600 1.0711174
8700 1.335756
8800 1.2662463
8900 1.4587293
9000 1.4009918
9100 1.0974718
9200 0.7814723
9300 0.82124054
9400 1.3645397
9500 0.7846074
9600 1.2105671
9700 0.7604415
9800 1.158688
9900 1.083293
10000 1.2310566
10100 0.9527283
10200 1.0885594
10300 0.78285617
10400 1.3208917
10500 1.1022211
10600 1.206752
10700 0.94398713
10800 0.9628233
10900 1.1300067
11000 0.6870055
11100 1.2407545
11200 1.1908181
11300 1.0579251
11400 1.0083919
11500 1.0748369
11600 0.66166276
11700 1.256982
11800 1.3387076
11900 0.922775
12000 0.84796596
12100 1.3456473
12200 0.8405848
12300 0.7660515
12400 1.2529231
12500 0.6967609
12600 0.96042824
12700 0.72302824
12800 1.1309392
12900 0.8873949
13000 1.5735207
13100 0.76337343
13200 0.9864144
13300 0.7170623
13400 1.1617931
13500 0.38569894
13600 1.2281516
13700 0.7951671
13800 1.0955255
13900 0.68723965
14000 1.3195444
14100 0.81252086
14200 0.6640087
14300 0.6446018
14400 1.2054884
14500 1.0223802
14600 1.441762
14700 1.1407603
14800 0.6070593
14900 0.8174839
15000 0.6733833
15100 1.0579681
15200 0.9639126
15300 1.176954
15400 0.72885394
15500 0.6829478
15600 0.9352337
15700 1.1375582
15800 0.8729993
15900 1.0682673
16000 0.67033577
16100 0.75815713
16200 0.796263
16300 0.9751757
16400 1.1101233
16500 1.1628901
16600 0.81873596
16700 0.8697505
16800 0.82957834
16900 1.1806841
17000 0.57803226
17100 0.63896406
17200 0.79087126
17300 0.8972446
17400 0.5115026
17500 0.98059136
17600 0.6944288
17700 0.73368084
17800 0.9376592
17900 0.64216506
18000 1.3080202
18100 1.1487606
18200 0.8095159
18300 0.7244039
18400 0.9808348
18500 0.82287204
18600 1.203993
18700 0.72027177
18800 0.97019464
18900 0.85476977
19000 0.64023
19100 0.67071265
19200 0.98814917
19300 0.7778298
19400 0.8712734
