0 3.03885
100 1.8823855
200 1.8691775
300 1.774432
400 2.0496976
500 1.4979897
600 1.8220587
700 1.4652343
800 1.5661663
900 1.605194
1000 1.3854448
1100 1.5762701
1200 1.7985024
1300 1.6805794
1400 1.4531614
1500 1.549702
1600 1.5658896
1700 1.4050275
1800 1.0582666
1900 1.5873652
2000 1.6589968
2100 1.4996302
2200 1.5431335
2300 1.2348342
2400 1.3377026
2500 1.3071902
2600 1.4939895
2700 1.6797799
2800 2.2726676
2900 1.8297834
3000 1.2778592
3100 1.0907727
3200 1.4160477
3300 1.231538
3400 1.6437962
3500 1.3562479
3600 1.5459192
3700 1.1734978
3800 1.5511694
3900 1.2251731
4000 1.7333193
4100 1.7008808
4200 1.2432432
4300 1.5593643
4400 1.2267458
4500 1.3452535
4600 1.6815519
4700 1.4273185
4800 1.3787042
4900 0.8750601
5000 1.3310977
5100 1.2327547
5200 0.77524006
5300 1.0578036
5400 0.9873895
5500 1.3223649
5600 1.052356
5700 1.4459842
5800 1.2129545
5900 0.78023684
6000 1.241014
6100 1.4960189
6200 0.74192435
6300 1.3164847
6400 0.8204577
6500 0.9957645
6600 1.1906776
6700 1.0104486
6800 1.3341184
6900 0.88480616
7000 1.28355
7100 0.9074891
7200 0.9333501
7300 0.9296453
7400 1.0027462
7500 1.2363503
7600 1.2098933
7700 0.7090658
7800 0.83656865
7900 0.96389914
8000 0.64003146
8100 0.9254565
8200 0.6816714
8300 0.93760306
8400 0.95835096
8500 0.71928036
8600 0.742442
8700 0.9258755
8800 0.8776951
8900 1.0111141
9000 0.97109354
9100 0.7607095
9200 0.5416753
9300 0.56924057
9400 0.9458269
9500 0.5438484
9600 0.8391012
9700 0.5270979
9800 0.8031413
9900 0.75088143
10000 0.85330343
10100 0.6603809
10200 0.75453186
10300 0.54263455
10400 0.9155724
10500 0.7640015
10600 0.8364567
10700 0.654322
10800 0.66737825
10900 0.78326094
11000 0.47619593
11100 0.86002547
11200 0.8254122
11300 0.7332978
11400 0.69896394
11500 0.74502015
11600 0.45862967
11700 0.8712735
11800 0.9279214
11900 0.6396189
12000 0.5877652
12100 0.9327316
12200 0.582649
12300 0.5309864
12400 0.8684602
12500 0.48295784
12600 0.66571814
12700 0.501165
12800 0.78390735
12900 0.61509526
13000 1.0906814
13100 0.52913016
13200 0.68373036
13300 0.49702972
13400 0.8052936
13500 0.26734614
13600 0.8512898
13700 0.55116785
13800 0.75936043
13900 0.47635823
14000 0.9146385
14100 0.56319654
14200 0.46025574
14300 0.44680393
14400 0.8355809
14500 0.70865995
14600 0.99935323
14700 0.7907148
14800 0.42078143
14900 0.5666367
15000 0.46675372
15100 0.7333276
15200 0.6681333
15300 0.81580234
15400 0.50520307
15500 0.47338334
15600 0.64825463
15700 0.78849524
15800 0.605117
15900 0.74046654
16000 0.46464133
16100 0.5255145
16200 0.55192745
16300 0.6759403
16400 0.7694788
16500 0.806054
16600 0.5675045
16700 0.6028651
16800 0.5750199
16900 0.81838787
17000 0.4006614
17100 0.44289613
17200 0.5481902
17300 0.62192255
17400 0.3545466
17500 0.6796941
17600 0.48134136
17700 0.5085488
17800 0.64993584
17900 0.4451149
18000 0.90665054
18100 0.7962601
18200 0.56111366
18300 0.5021185
18400 0.67986286
18500 0.57037145
18600 0.8345443
18700 0.49925435
18800 0.6724877
18900 0.59248126
19000 0.44377363
19100 0.46490258
19200 0.6849328
19300 0.53915054
19400 0.6039207
