0 6.1780868
100 3.8200827
200 4.6074147
300 4.0409727
400 4.706464
500 4.5644073
600 4.336792
700 3.8911972
800 4.449795
900 4.0041313
1000 4.093092
1100 4.7646103
1200 4.565804
1300 4.248438
1400 4.1246185
1500 4.384948
1600 4.497747
1700 3.8049219
1800 4.028531
1900 4.040352
2000 3.9598262
2100 3.8376586
2200 3.7056775
2300 4.1971736
2400 4.694895
2500 3.6264448
2600 3.5670097
2700 3.6174965
2800 3.640922
2900 4.9389243
3000 4.190857
3100 3.6202207
3200 3.8721237
3300 3.1310468
3400 3.69311
3500 3.8374298
3600 4.3200703
3700 3.0417633
3800 3.5599785
3900 3.4395719
4000 3.3890362
4100 3.3942506
4200 3.4414096
4300 3.9704201
4400 2.9504902
4500 2.8770208
4600 3.8579926
4700 3.6746795
4800 3.9787192
4900 3.15411
5000 2.8536649
5100 3.649393
5200 3.1024458
5300 2.9904318
5400 3.4258168
5500 3.6479845
5600 3.0735312
5700 3.3827446
5800 3.5036619
5900 2.9457567
6000 3.6679568
6100 4.6488
6200 3.4355993
6300 3.5627327
6400 2.9985566
6500 2.9428284
6600 2.8788981
6700 3.3978505
6800 3.8234332
6900 3.078021
7000 3.311284
7100 3.0855932
7200 3.514072
7300 3.1817234
7400 2.971952
7500 3.4937038
7600 3.1829314
7700 3.2200718
7800 3.0934541
7900 3.6558483
8000 3.0633097
8100 3.2045436
8200 2.8986232
8300 3.188496
8400 3.1307526
8500 3.009109
8600 3.0789838
8700 2.7983975
8800 3.0684078
8900 3.1602345
9000 3.1401966
9100 3.2602525
9200 2.910384
9300 2.6960373
9400 2.6741652
9500 2.58356
9600 3.0430422
9700 3.0292659
9800 3.1112237
9900 3.017396
10000 3.1623602
10100 2.7066991
10200 3.25063
10300 2.6472874
10400 3.0219145
10500 2.984003
10600 2.7406464
10700 2.9687262
10800 2.5437188
10900 2.978253
11000 2.2203412
11100 3.3310623
11200 3.4265165
11300 2.9831705
11400 2.9197412
11500 3.110096
11600 2.6708574
11700 3.0222633
11800 3.1252837
11900 2.5830936
12000 2.7983806
12100 2.6069593
12200 2.5497246
12300 2.6417646
12400 3.5238113
12500 2.7339497
12600 3.062624
12700 2.7076395
12800 3.1676316
12900 2.6676247
13000 3.2035518
13100 2.2777357
13200 2.6389246
13300 2.5445855
13400 2.9421353
13500 2.1158824
13600 2.9490974
13700 2.7744486
13800 2.8158736
13900 2.3228087
14000 3.4272811
14100 2.4017503
14200 2.3041577
14300 2.5501146
14400 3.2562099
14500 2.7474742
14600 3.3061302
14700 2.402614
14800 2.6696453
14900 2.834673
15000 2.5682745
15100 2.534196
15200 2.9654076
15300 2.9076881
15400 2.436199
15500 2.8247614
15600 2.6653347
15700 3.0118735
15800 2.9317398
15900 3.6851468
16000 2.4393783
16100 2.7455952
16200 2.6110938
16300 2.9665627
16400 3.1333137
16500 2.7576692
16600 2.8507838
16700 2.625421
16800 2.2461543
16900 3.0737474
17000 2.6130881
17100 2.616519
17200 2.6506267
17300 2.9942355
17400 2.3900568
17500 2.9621902
17600 2.575903
17700 2.713891
17800 2.6828544
17900 2.6080167
18000 3.3325996
18100 3.0756695
18200 3.0239425
18300 2.4680874
18400 2.8879743
18500 2.906556
18600 2.8979292
18700 2.457638
18800 3.1676116
18900 2.664984
19000 2.1553156
19100 2.7040148
19200 2.9396915
19300 2.882934
19400 2.3225994
