0 3.3486052
100 0.2322936
200 0.49414727
300 0.2032643
400 0.37621143
500 0.11337579
600 0.23873712
700 0.20787479
800 0.21663563
900 0.07200711
1000 0.38296843
1100 0.0030371572
1200 0.067769915
1300 0.033670608
1400 0.2514941
1500 0.05988107
1600 0.027410146
1700 0.39370102
1800 0.010355356
1900 0.048190303
2000 0.03492564
2100 0.1176934
2200 0.09165514
2300 0.11581653
2400 0.16013353
2500 0.37878644
2600 0.22810811
2700 0.55032176
2800 0.03577279
2900 0.25790343
3000 0.004842951
3100 0.030850412
3200 0.17185661
3300 0.09566749
3400 0.25012872
3500 0.35229748
3600 0.13977936
3700 0.06228746
3800 0.04208289
3900 0.07617309
4000 0.03135736
4100 0.091176175
4200 0.03650022
4300 0.056623835
4400 0.08027107
4500 0.013192437
4600 0.031929284
4700 0.023298481
4800 0.320615
4900 0.15552628
5000 0.22730121
5100 0.100673825
5200 0.162373
5300 0.02880723
5400 0.024323951
5500 0.22983095
5600 0.0020563693
5700 0.0013169599
5800 0.011856745
5900 0.02956751
6000 0.007216149
6100 0.028087059
6200 0.30072868
6300 0.0956767
6400 0.03583538
6500 0.003897314
6600 0.015896888
6700 0.0017908984
6800 0.21146353
6900 0.12124808
7000 0.023508407
7100 0.004369663
7200 0.53548855
7300 0.11268731
7400 0.005525258
7500 0.023253586
7600 0.2777196
7700 0.014313088
7800 0.0043638637
7900 0.004527219
8000 0.23380491
8100 8.686376e-05
8200 0.016631328
8300 0.057126213
8400 0.0001727892
8500 0.0028281505
8600 0.030532563
8700 0.018245125
8800 7.683306e-05
8900 0.034805078
9000 0.00016669992
9100 0.037057266
9200 0.00028666368
9300 0.012885115
9400 0.00012992957
9500 0.01281354
9600 0.13471314
9700 0.00024030446
9800 0.06848123
9900 0.022725683
10000 0.025265345
10100 0.0025801687
10200 0.03919535
10300 0.006977823
10400 0.0015747268
10500 0.0096826805
10600 0.0005341874
10700 5.266948e-05
10800 0.0006681363
10900 0.0017563677
11000 0.000182952
11100 0.004874638
11200 0.0016083783
11300 0.00148111
11400 0.001369032
11500 0.0007424219
11600 0.0012260377
11700 0.003168355
11800 0.004520352
11900 0.000893657
12000 0.0019527099
12100 0.00013778437
12200 0.0011082826
12300 0.014282834
12400 0.00073771965
12500 0.0032736773
12600 0.00011646576
12700 0.004138652
12800 0.0005006515
12900 0.00022830686
13000 0.00013678824
13100 1.9072324e-05
13200 4.3378863e-05
13300 0.00056284154
13400 0.00017439079
13500 6.509373e-05
13600 0.00015454467
13700 0.0011611732
13800 0.0016892359
13900 7.568006e-05
14000 0.0003100323
14100 8.538527e-05
14200 0.00068697636
14300 5.4189633e-05
14400 0.0010604946
14500 0.00040561403
14600 0.00043666814
14700 0.00898755
14800 0.00041901527
14900 0.00088777865
15000 5.1755437e-06
15100 0.00012278283
15200 0.00030909028
15300 7.8891e-05
15400 2.1103671e-05
15500 0.000100315745
15600 0.0022386604
15700 0.0008930441
15800 0.00028126925
15900 0.0029479153
16000 0.00028182092
16100 0.0023506158
16200 8.150448e-05
16300 0.00023389905
16400 0.0011513523
16500 0.00026409762
16600 0.0014846036
16700 0.00015416963
16800 0.023915254
16900 0.00011145454
17000 9.200328e-05
17100 0.0009058919
17200 0.0013559281
17300 0.007621821
