0 2.3210762
100 0.16101366
200 0.34251678
300 0.14089207
400 0.2607699
500 0.07858611
600 0.16547996
700 0.14408782
800 0.15016037
900 0.04991153
1000 0.2654535
1100 0.002105197
1200 0.046974525
1300 0.023338687
1400 0.17432243
1500 0.041506395
1600 0.018999266
1700 0.27289274
1800 0.007177786
1900 0.033402972
2000 0.024208609
2100 0.08157885
2200 0.063530505
2300 0.080277905
2400 0.110996105
2500 0.26255476
2600 0.1581125
2700 0.381454
2800 0.024795808
2900 0.17876504
3000 0.003356878
3100 0.021383876
3200 0.11912193
3300 0.06631165
3400 0.17337601
3500 0.244194
3600 0.09688767
3700 0.04317438
3800 0.029169638
3900 0.05279916
4000 0.021735266
4100 0.06319851
4200 0.025300024
4300 0.039248653
4400 0.055639666
4500 0.009144301
4600 0.022131694
4700 0.016149277
4800 0.22223337
4900 0.10780261
5000 0.1575532
5100 0.06978178
5200 0.11254839
5300 0.019967651
5400 0.016860079
5500 0.15930668
5600 0.0014253666
5700 0.000912847
5800 0.008218469
5900 0.020494636
6000 0.005001853
6100 0.019468466
6200 0.20844923
6300 0.066318035
6400 0.024839194
6500 0.0027014122
6600 0.011018883
6700 0.0012413561
6800 0.14657535
6900 0.084042765
7000 0.016294787
7100 0.0030288196
7200 0.37117237
7300 0.07810889
7400 0.0038298168
7500 0.016118158
7600 0.19250055
7700 0.009921077
7800 0.0030248
7900 0.003138029
8000 0.16206121
8100 6.020937e-05
8200 0.011527957
8300 0.039596874
8400 0.000119768345
8500 0.0019603246
8600 0.02116356
8700 0.012646558
8800 5.325662e-05
8900 0.024125041
9000 0.00011554758
9100 0.02568614
9200 0.00019870013
9300 0.008931281
9400 9.006032e-05
9500 0.0088816695
9600 0.09337604
9700 0.00016656636
9800 0.04746757
9900 0.015752243
10000 0.017512603
10100 0.0017884367
10200 0.027168147
10300 0.0048366585
10400 0.0010915174
10500 0.0067115226
10600 0.0003702705
10700 3.65077e-05
10800 0.0004631168
10900 0.0012174214
11000 0.00012681267
11100 0.0033788416
11200 0.0011148428
11300 0.0010266273
11400 0.00094894064
11500 0.00051460764
11600 0.00084982463
11700 0.0021961364
11800 0.0031332693
11900 0.0006194358
12000 0.0013535153
12100 9.550485e-05
12200 0.000768203
12300 0.009900106
12400 0.0005113483
12500 0.0022691402
12600 8.0727914e-05
12700 0.002868695
12800 0.00034702517
12900 0.00015825026
13000 9.481438e-05
13100 1.32199275e-05
13200 3.0067937e-05
13300 0.00039013202
13400 0.00012087848
13500 4.5119537e-05
13600 0.0001071222
13700 0.0008048639
13800 0.0011708891
13900 5.245742e-05
14000 0.00021489803
14100 5.918456e-05
14200 0.00047617572
14300 3.7561393e-05
14400 0.0007350788
14500 0.00028115022
14600 0.0003026753
14700 0.0062296945
14800 0.00029043926
14900 0.00061536126
15000 3.5874134e-06
15100 8.510657e-05
15200 0.00021424505
15300 5.4683074e-05
15400 1.4627951e-05
15500 6.953358e-05
15600 0.0015517211
15700 0.000619011
15800 0.000194961
15900 0.0020433392
16000 0.00019534337
16100 0.0016293228
16200 5.64946e-05
16300 0.00016212647
16400 0.0007980566
16500 0.00018305852
16600 0.0010290488
16700 0.00010686224
16800 0.016576791
16900 7.72544e-05
17000 6.377182e-05
17100 0.0006279164
17200 0.0009398578
17300 0.0052830437
