0 9.642403
100 1.4952885
200 1.3133564
300 1.3189726
400 1.4804739
500 1.1741469
600 1.384772
700 1.3779504
800 1.1357005
900 1.1634355
1000 1.159245
1100 1.0152221
1200 1.1567572
1300 1.090084
1400 1.1794173
1500 1.1149695
1600 1.0830054
1700 1.169486
1800 1.0453818
1900 1.1305196
2000 1.0939776
2100 1.0931584
2200 1.1100028
2300 1.0442531
2400 1.0827198
2500 1.1495337
2600 1.0769001
2700 1.114208
2800 1.0948776
2900 1.1157575
3000 1.0152161
3100 1.0943432
3200 1.0736148
3300 1.2291387
3400 1.1193625
3500 1.0759033
3600 1.1122739
3700 1.0846336
3800 1.0929093
3900 1.0278145
4000 1.093653
4100 1.0805094
4200 1.0711236
4300 1.1064146
4400 1.1267095
4500 1.03887
4600 1.0370188
4700 1.060988
4800 1.0764638
4900 1.0219641
5000 1.0419011
5100 1.0826902
5200 1.0282365
5300 1.0478368
5400 1.0616293
5500 1.0376688
5600 1.0087471
5700 1.006278
5800 1.0389386
5900 1.0689361
6000 1.0243804
6100 1.0354095
6200 1.0621629
6300 1.0443146
6400 1.0519052
6500 1.0150304
6600 1.0489405
6700 1.007036
6800 1.1756294
6900 1.019746
7000 1.0492083
7100 1.0151694
7200 1.0059377
7300 1.0589182
7400 1.015976
7500 1.0501016
7600 1.0430024
7700 1.0426079
7800 1.0158
7900 1.0169821
8000 1.0343223
8100 1.000577
8200 1.033667
8300 1.1240232
8400 1.0011016
8500 1.0117513
8600 1.0460224
8700 1.048115
8800 1.0005091
8900 1.0856786
9000 1.0010324
9100 1.0464394
9200 1.0015185
9300 1.0249896
9400 1.0007515
9500 1.0282102
9600 1.0979812
9700 1.0014446
9800 1.0332359
9900 1.0321331
10000 1.0553823
10100 1.0102361
10200 1.0765262
10300 1.0176035
10400 1.0063009
10500 1.023249
10600 1.0028353
10700 1.0003715
10800 1.0033878
10900 1.006714
11000 1.0010812
11100 1.0147886
11200 1.005477
11300 1.0054474
11400 1.0057836
11500 1.0030733
11600 1.0051944
11700 1.0095967
11800 1.0125628
11900 1.0034451
12000 1.0064511
12100 1.0007851
12200 1.0052719
12300 1.0254217
12400 1.0031887
12500 1.0117064
12600 1.000717
12700 1.0174124
12800 1.0023093
12900 1.0011458
13000 1.0007625
13100 1.0001366
13200 1.0002778
13300 1.002814
13400 1.0009508
13500 1.0004117
13600 1.0007856
13700 1.0048664
13800 1.006341
13900 1.0004814
14000 1.0016121
14100 1.0004672
14200 1.0033257
14300 1.0003396
14400 1.0046289
14500 1.0021677
14600 1.002327
14700 1.0199823
14800 1.0020194
14900 1.0034655
15000 1.0000446
15100 1.000756
15200 1.0014904
15300 1.0004783
15400 1.0001454
15500 1.0005319
15600 1.0074623
15700 1.0039332
15800 1.0015882
15900 1.0099337
16000 1.0015986
16100 1.0090833
16200 1.0005275
16300 1.0013058
16400 1.0052744
16500 1.0013305
16600 1.0058725
16700 1.0008581
16800 1.0322376
16900 1.0007132
17000 1.0004996
17100 1.0042622
17200 1.0058527
17300 1.0174631
