0 3.322378
100 0.50109017
200 0.22111912
300 0.36613262
400 0.6492072
500 0.5213673
600 0.13766299
700 0.39855543
800 0.31446466
900 0.39313492
1000 0.3371716
1100 0.08505433
1200 0.10733106
1300 0.022986013
1400 0.106220216
1500 0.17143854
1600 0.029720789
1700 0.38356107
1800 0.052278724
1900 0.09367123
2000 0.073391035
2100 0.015335056
2200 0.13095419
2300 0.048923172
2400 0.127163
2500 0.012399473
2600 0.124410205
2700 0.06199814
2800 0.2108465
2900 0.09543371
3000 0.4890696
3100 0.05119115
3200 0.044136457
3300 0.6154622
3400 0.14699778
3500 0.11935553
3600 0.2546975
3700 0.18916467
3800 0.002398402
3900 0.14042357
4000 0.21893348
4100 0.33872846
4200 0.06704544
4300 0.17620705
4400 0.0128296735
4500 0.022501223
4600 0.012349096
4700 0.021445258
4800 0.002867574
4900 0.001769458
5000 0.00029704123
5100 0.004595003
5200 0.5493392
5300 0.021548256
5400 0.0075454363
5500 0.0029361402
5600 0.022556081
5700 0.011475412
5800 0.122438416
5900 0.0027345144
6000 0.055262644
6100 0.03144586
6200 0.035751965
6300 0.0182618
6400 0.24205624
6500 0.0074686054
6600 0.0033121675
6700 0.015798073
6800 0.008994386
6900 0.02199627
7000 0.0070840414
7100 0.02099516
7200 0.0012035966
7300 0.0017547007
7400 0.08731751
7500 0.0007195275
7600 0.009615458
7700 0.040842295
7800 0.095521465
7900 0.07722117
8000 0.45059437
8100 0.17359664
8200 0.014822146
8300 0.00043426076
8400 0.0045722295
8500 0.0016218686
8600 0.00053157774
8700 0.06320653
8800 0.0033888682
8900 0.0009611183
9000 0.0037769547
9100 0.018135307
9200 0.0013017973
9300 0.0017007908
9400 2.0593792e-05
9500 0.00011134871
9600 0.011467834
9700 0.0037198833
9800 0.008802494
9900 0.0046875393
10000 0.0047587813
10100 0.016726337
10200 0.008403493
10300 0.0002933052
10400 0.0012126269
10500 0.004491632
10600 0.049603455
10700 0.0055031455
10800 0.001744096
10900 0.0019506892
11000 7.756298e-05
11100 0.00047873385
11200 0.00023022195
11300 0.011514908
11400 5.901939e-05
11500 0.0006365911
11600 0.06497333
11700 0.0004950812
11800 5.7870493e-05
11900 0.0003237143
12000 0.0014447571
12100 0.00016311574
12200 0.0029805624
12300 2.370188e-05
12400 0.00015589721
12500 0.0011803886
12600 8.7548515e-06
12700 0.002073939
12800 8.2670675e-05
12900 0.0017822814
13000 0.0022455438
13100 0.011147303
13200 0.0014965743
13300 0.00085562194
13400 0.0012110162
13500 0.0037201967
13600 0.00015777195
13700 7.672389e-05
13800 4.9251892e-05
13900 0.00031310596
14000 0.0025696657
14100 0.0008685642
14200 0.00018167202
14300 0.0014748285
14400 6.57498e-05
14500 0.00023537749
14600 0.0004253764
14700 0.0010360312
14800 0.003489227
14900 0.00012893323
15000 0.000107712796
15100 0.0033515573
15200 0.0006643487
15300 0.0004164401
15400 0.00031972723
15500 0.002872536
15600 0.0010638079
15700 0.0034864775
15800 0.0005268825
15900 0.00024713314
16000 0.00064344425
16100 0.00015698685
16200 3.1803975e-05
16300 0.005003322
16400 7.970928e-05
16500 0.0005561092
16600 0.0003889583
16700 4.238436e-05
16800 0.0014311647
16900 0.002273245
17000 0.004633882
17100 0.002104409
17200 0.00020080704
17300 0.00027436335
17400 0.00029773588
17500 0.00014674566
17600 3.4606164e-05
17700 0.001883755
17800 0.000395417
17900 0.00017991874
18000 0.00013119816
18100 0.003601805
18200 0.00044678224
18300 0.0013831588
18400 0.0001969403
18500 0.0001973527
18600 5.39052e-06
18700 0.0007160713
18800 0.0002533358
18900 7.440536e-05
19000 3.2234104e-05
19100 0.0018840476
19200 0.00042748282
19300 0.0034268282
19400 0.00011273341
19500 0.00063057244
19600 0.07239799
19700 0.0037631118
19800 0.0009670576
19900 6.13664e-05
20000 2.2196405e-06
20100 0.0018620649
20200 0.0001311666
20300 0.00018697168
20400 0.00043476207
20500 0.0006357032
20600 0.0007183107
20700 0.00027756178
20800 0.0001366522
20900 0.0003509962
21000 0.5518736
21100 0.0008566642
21200 0.00029922722
21300 7.737206e-05
