0 2.302897
100 0.34732926
200 0.1532681
300 0.2537838
400 0.4499961
500 0.3613843
600 0.09542072
700 0.27625757
800 0.2179703
900 0.27250037
1000 0.23370956
1100 0.05895517
1200 0.07439622
1300 0.01593269
1400 0.07362624
1500 0.11883214
1600 0.020600881
1700 0.26586428
1800 0.03623685
1900 0.06492795
2000 0.05087079
2100 0.010629451
2200 0.09077053
2300 0.03391096
2400 0.08814267
2500 0.00859466
2600 0.086234584
2700 0.042973835
2800 0.14614765
2900 0.06614961
3000 0.33899722
3100 0.035483003
3200 0.03059306
3300 0.42660588
3400 0.10189109
3500 0.08273095
3600 0.17654285
3700 0.13111895
3800 0.0016624455
3900 0.0973342
4000 0.15175313
4100 0.23478869
4200 0.04647236
4300 0.12213742
4400 0.008892852
4500 0.015596659
4600 0.008559741
4700 0.0148647195
4800 0.001987651
4900 0.0012264948
5000 0.0002058933
5100 0.0031850133
5200 0.3807729
5300 0.014936113
5400 0.005230098
5500 0.0020351773
5600 0.015634684
5700 0.0079541495
5800 0.08486784
5900 0.001895421
6000 0.038305145
6100 0.02179661
6200 0.024781374
6300 0.0126581155
6400 0.1677806
6500 0.0051768427
6600 0.0022958196
6700 0.01095039
6800 0.006234433
6900 0.015246653
7000 0.0049102833
7100 0.014552737
7200 0.00083426957
7300 0.0012162658
7400 0.060523886
7500 0.00049873843
7600 0.006664927
7700 0.028309721
7800 0.066210434
7900 0.053525634
8000 0.31232822
8100 0.12032802
8200 0.010273929
8300 0.00030100663
8400 0.0031692279
8500 0.0011241937
8600 0.00036846162
8700 0.04381143
8800 0.0023489844
8900 0.00066619646
9000 0.0026179855
9100 0.012570437
9200 0.0009023372
9300 0.0011788984
9400 1.4274528e-05
9500 7.7181045e-05
9600 0.007948897
9700 0.0025784266
9800 0.006101424
9900 0.0032491547
10000 0.0032985357
10100 0.011593813
10200 0.005824858
10300 0.00020330367
10400 0.0008405289
10500 0.003113362
10600 0.034382496
10700 0.0038144898
10800 0.0012089153
10900 0.0013521147
11000 5.3762564e-05
11100 0.00033183303
11200 0.0001595777
11300 0.007981526
11400 4.0909123e-05
11500 0.00044125135
11600 0.04503608
11700 0.00034316414
11800 4.011277e-05
11900 0.00022438166
12000 0.0010014293
12100 0.000113063215
12200 0.0020659685
12300 1.642889e-05
12400 0.000108059714
12500 0.00081818306
12600 6.0684006e-06
12700 0.0014375449
12800 5.7302943e-05
12900 0.0012353833
13000 0.0015564923
13100 0.0077267215
13200 0.0010373462
13300 0.0005930719
13400 0.00083941245
13500 0.0025786438
13600 0.000109359185
13700 5.3180946e-05
13800 3.413881e-05
13900 0.00021702852
14000 0.0017811565
14100 0.0006020428
14200 0.00012592545
14300 0.0010222732
14400 4.557429e-05
14500 0.00016315124
14600 0.00029484846
14700 0.0007181221
14800 0.0024185479
14900 8.936971e-05
15000 7.466082e-05
15100 0.0023231225
15200 0.00046049146
15300 0.0002886543
15400 0.00022161803
15500 0.0019910901
15600 0.00073737546
15700 0.0024166421
15800 0.0003652071
15900 0.00017129963
16000 0.00044600156
16100 0.00010881499
16200 2.2044835e-05
16300 0.0034680385
16400 5.525026e-05
16500 0.0003854655
16600 0.00026960534
16700 2.93786e-05
16800 0.0009920078
16900 0.0015756934
17000 0.0032119623
17100 0.0014586651
17200 0.00013918884
17300 0.00019017418
17400 0.0002063748
17500 0.000101716345
17600 2.3987166e-05
17700 0.0013057195
17800 0.00027408218
17900 0.00012471018
18000 9.093963e-05
18100 0.002496581
18200 0.00030968586
18300 0.0009587326
18400 0.0001365086
18500 0.00013679446
18600 3.7364237e-06
18700 0.0004963428
18800 0.000175599
18900 5.1573865e-05
19000 2.2342978e-05
19100 0.0013059223
19200 0.0002963085
19300 0.0023752963
19400 7.8140845e-05
19500 0.00043707952
19600 0.050182465
19700 0.0026083903
19800 0.00067031325
19900 4.2535947e-05
20000 1.5385375e-06
20100 0.001290685
20200 9.0917754e-05
20300 0.00012959889
20400 0.0003013541
20500 0.0004406359
20600 0.00049789506
20700 0.00019239116
20800 9.472009e-05
20900 0.00024329204
21000 0.38252965
21100 0.0005937944
21200 0.0002074085
21300 5.3630225e-05
