0 9.999994
100 1.5768311
200 1.302289
300 1.18348
400 1.194828
500 1.2353586
600 1.2451113
700 1.324806
800 1.2990327
900 1.0804317
1000 1.3061453
1100 1.1995147
1200 1.1383781
1300 1.0758128
1400 1.094604
1500 1.0619817
1600 1.0895894
1700 1.2571694
1800 1.1228139
1900 1.134747
2000 1.0904064
2100 1.0467293
2200 1.0806117
2300 1.10338
2400 1.1211008
2500 1.036819
2600 1.0924056
2700 1.1326022
2800 1.1334505
2900 1.1157339
3000 1.056267
3100 1.0719247
3200 1.1056868
3300 1.052052
3400 1.0574443
3500 1.0512507
3600 1.0847857
3700 1.0353782
3800 1.0091438
3900 1.0444317
4000 1.086525
4100 1.0521538
4200 1.0972683
4300 1.0454494
4400 1.0367136
4500 1.0648994
4600 1.0422217
4700 1.05052
4800 1.0121846
4900 1.0077829
5000 1.0017564
5100 1.0137523
5200 1.0229933
5300 1.048177
5400 1.025872
5500 1.010215
5600 1.0639708
5700 1.0331464
5800 1.1076598
5900 1.0111959
6000 1.058225
6100 1.0782698
6200 1.0877016
6300 1.0433133
6400 1.1045911
6500 1.0196815
6600 1.0120871
6700 1.0436862
6800 1.0263748
6900 1.0336947
7000 1.0174645
7100 1.0600369
7200 1.0044447
7300 1.0069659
7400 1.0967153
7500 1.003584
7600 1.0268853
7700 1.0611715
7800 1.0836046
7900 1.1024604
8000 1.0391078
8100 1.0358505
8200 1.0336004
8300 1.0020947
8400 1.0150052
8500 1.0067528
8600 1.0025365
8700 1.0515112
8800 1.0096977
8900 1.0038174
9000 1.0117748
9100 1.0404019
9200 1.0047826
9300 1.0062841
9400 1.0001566
9500 1.000597
9600 1.0248052
9700 1.0131843
9800 1.0268617
9900 1.0143816
10000 1.0128367
10100 1.0373671
10200 1.0260795
10300 1.0015962
10400 1.0046507
10500 1.0164144
10600 1.0312353
10700 1.0135424
10800 1.0072572
10900 1.0074241
11000 1.0004939
11100 1.002352
11200 1.0010737
11300 1.0350035
11400 1.0003572
11500 1.0024405
11600 1.0314097
11700 1.0024658
11800 1.0003656
11900 1.0017679
12000 1.0059611
12100 1.0008698
12200 1.0102241
12300 1.0001507
12400 1.0007437
12500 1.0052133
12600 1.000073
12700 1.0069795
12800 1.000485
12900 1.00609
13000 1.0070367
13100 1.023717
13200 1.0055761
13300 1.0039186
13400 1.0051048
13500 1.011704
13600 1.0009706
13700 1.0004821
13800 1.0003189
13900 1.001545
14000 1.0108579
14100 1.0039053
14200 1.0010033
14300 1.0052527
14400 1.000428
14500 1.001324
14600 1.0020272
14700 1.004004
14800 1.0105247
14900 1.000724
15000 1.0006578
15100 1.0100316
15200 1.0030339
15300 1.0017712
15400 1.001712
15500 1.0108495
15600 1.0050159
15700 1.0115228
15800 1.0024626
15900 1.0011669
16000 1.0030074
16100 1.0009423
16200 1.0002298
16300 1.0178733
16400 1.0005089
16500 1.00283
16600 1.0016448
16700 1.0002925
16800 1.006022
16900 1.0086588
17000 1.0125948
17100 1.0067424
17200 1.0010785
17300 1.0014338
17400 1.0013583
17500 1.0008812
17600 1.0002321
17700 1.0074112
17800 1.0020379
17900 1.0009539
18000 1.0008047
18100 1.0127618
18200 1.0019336
18300 1.005783
18400 1.0009507
18500 1.0010247
18600 1.0000453
18700 1.0030414
18800 1.0012906
18900 1.0004917
19000 1.0002179
19100 1.0064616
19200 1.0021554
19300 1.0103228
19400 1.0006552
19500 1.0028458
19600 1.0295308
19700 1.012301
19800 1.0040269
19900 1.0003824
20000 1.0000207
20100 1.0073963
20200 1.0008132
20300 1.0010566
20400 1.0021001
20500 1.0027432
20600 1.0032245
20700 1.0014778
20800 1.000823
20900 1.0018036
21000 1.0010002
21100 1.0043365
21200 1.0013965
21300 1.000497
