0 5.050969
100 0.18454671
200 0.6275406
300 0.37698177
400 0.28605303
500 0.044623982
600 0.36110663
700 0.43302092
800 0.18051746
900 0.14248414
1000 0.03454013
1100 0.055505246
1200 0.22914152
1300 0.184044
1400 0.03122366
1500 0.13773745
1600 0.050249718
1700 0.046430275
1800 0.16799279
1900 0.11256723
2000 0.060597204
2100 0.2571808
2200 0.0464957
2300 0.017566316
2400 0.03236735
2500 0.03932208
2600 0.031675193
2700 0.044391688
2800 0.33304027
2900 0.0057506845
3000 0.010398995
3100 0.11414172
3200 0.07097203
3300 0.0062920456
3400 0.031355605
3500 0.06275313
3600 0.08200931
3700 0.1580459
3800 0.06400276
3900 0.016245425
4000 0.06579891
4100 0.027332406
4200 0.13237868
4300 0.048986115
4400 0.04365439
4500 0.0073468746
4600 0.028548263
4700 0.059911985
4800 0.04902867
4900 0.018598769
5000 0.0040587615
5100 0.05390554
5200 0.032002732
5300 0.06388327
5400 0.044974755
5500 0.009249018
5600 0.013427703
5700 0.026262527
5800 0.009636722
5900 0.0052161245
6000 0.0024679683
6100 0.02419323
6200 0.0034211436
6300 0.012942667
6400 0.1101084
6500 0.019113522
6600 0.017751891
6700 0.0104674455
6800 0.010296037
6900 0.0032503859
7000 0.0017285133
7100 0.013325332
7200 0.012798671
7300 0.011491526
7400 0.014502164
7500 0.079297826
7600 0.036388665
7700 0.004672373
7800 0.042380087
7900 0.00366511
8000 0.03290123
8100 0.014231185
8200 0.0039338875
8300 0.012782205
8400 0.0004153617
8500 0.017615933
8600 0.006784658
8700 0.0021038535
8800 0.0069065974
8900 0.00852661
9000 0.006015788
9100 0.0076730386
9200 0.003472715
9300 0.015349443
9400 0.0025016214
9500 0.0067702383
9600 0.01021262
9700 0.010717811
9800 0.0042846114
9900 0.009075989
10000 0.00071799656
10100 0.0123221455
10200 0.0070504798
10300 0.007948163
10400 0.004525688
10500 0.010717682
10600 0.039005596
10700 0.0019192923
10800 0.003036942
10900 0.0025614714
11000 0.009174702
11100 0.00598815
11200 0.007473891
11300 0.028385898
11400 0.0034234135
11500 0.00080748246
11600 0.0013323888
11700 0.002136916
11800 0.0017851938
11900 0.0015381116
12000 0.0023996995
12100 0.0009958427
12200 0.009394855
12300 0.003259936
12400 0.00038296237
12500 0.00034598188
12600 0.002739436
12700 0.0029307026
12800 0.001148232
12900 0.0017955311
13000 0.0031200293
13100 0.004938782
13200 0.0003830818
13300 0.0005740786
13400 0.0058590565
13500 0.0028564185
13600 0.0048967325
13700 0.0032668316
13800 0.00037696163
13900 0.00096656365
14000 0.0027027726
14100 0.0014851709
14200 0.0013413503
14300 0.0017777797
14400 0.0012827849
14500 0.0013189858
14600 0.0019772556
14700 0.0014148952
14800 0.0023078613
14900 0.026949042
15000 0.0031335608
15100 0.0028738966
15200 0.0007009212
15300 0.002144069
15400 0.008706813
15500 0.01415651
15600 0.0013905821
15700 0.007849943
15800 0.0032728019
15900 0.0022571287
16000 0.0037832481
16100 0.00027641995
16200 0.0031383939
16300 0.0028126652
16400 0.007766945
16500 0.0033396806
16600 0.0020143578
16700 0.0049556154
16800 0.0014278742
16900 0.004076542
