0 3.501065
100 0.12791803
200 0.434978
300 0.26130384
400 0.19827685
500 0.030930987
600 0.25030005
700 0.30014724
800 0.12512517
900 0.09876248
1000 0.023941394
1100 0.038473304
1200 0.1588288
1300 0.12756959
1400 0.021642592
1500 0.09547233
1600 0.03483045
1700 0.032183014
1800 0.11644372
1900 0.07802566
2000 0.042002782
2100 0.17826416
2200 0.03222836
2300 0.012176042
2400 0.022435337
2500 0.027255988
2600 0.021955572
2700 0.030769974
2800 0.23084591
2900 0.003986071
3000 0.0072080344
3100 0.07911701
3200 0.049194064
3300 0.004361314
3400 0.02173405
3500 0.04349716
3600 0.05684452
3700 0.10954907
3800 0.044363335
3900 0.01126047
4000 0.045608327
4100 0.018945381
4200 0.091757916
4300 0.033954587
4400 0.030258916
4500 0.0050924653
4600 0.019788148
4700 0.041527823
4800 0.033984084
4900 0.012891684
5000 0.0028133192
5100 0.03736447
5200 0.022182602
5300 0.044280507
5400 0.031174125
5500 0.0064109303
5600 0.009307374
5700 0.018203797
5800 0.006679666
5900 0.0036155418
6000 0.0017106652
6100 0.016769469
6200 0.0023713561
6300 0.008971173
6400 0.076321326
6500 0.013248485
6600 0.012304673
6700 0.00725548
6800 0.007136669
6900 0.0022529957
7000 0.0011981141
7100 0.009236416
7200 0.008871363
7300 0.007965319
7400 0.010052134
7500 0.054965064
7600 0.0252227
7700 0.0032386424
7800 0.029375639
7900 0.0025404608
8000 0.022805396
8100 0.009864306
8200 0.002726763
8300 0.008859949
8400 0.0002879068
8500 0.012210434
8600 0.0047027664
8700 0.0014582801
8800 0.0047872886
8900 0.005910196
9000 0.0041698264
9100 0.0053185453
9200 0.0024071026
9300 0.0106394235
9400 0.0017339918
9500 0.0046927715
9600 0.0070788483
9700 0.0074290205
9800 0.0029698664
9900 0.006290996
10000 0.0004976773
10100 0.008541061
10200 0.00488702
10300 0.0055092466
10400 0.0031369678
10500 0.007428931
10600 0.027036618
10700 0.001330352
10800 0.002105048
10900 0.0017754767
11000 0.006359419
11100 0.004150669
11200 0.0051805065
11300 0.019675605
11400 0.0023729294
11500 0.0005597042
11600 0.00092354155
11700 0.0014811973
11800 0.0012374021
11900 0.0010661377
12000 0.0016633449
12100 0.00069026556
12200 0.0065120175
12300 0.0022596156
12400 0.0002654493
12500 0.00023981638
12600 0.0018988324
12700 0.0020314083
12800 0.0007958938
12900 0.0012445673
13000 0.0021626395
13100 0.003423303
13200 0.00026553206
13300 0.00039792096
13400 0.0040611885
13500 0.0019799185
13600 0.0033941565
13700 0.0022643951
13800 0.00026128988
13900 0.0006699709
14000 0.0018734193
14100 0.0010294421
14200 0.0009297532
14300 0.0012322629
14400 0.0008891587
14500 0.0009142513
14600 0.0013705291
14700 0.0009807306
14800 0.0015996876
14900 0.018679652
15000 0.0021720189
15100 0.0019920333
15200 0.0004858416
15300 0.0014861553
15400 0.0060351025
15500 0.009812545
15600 0.000963878
15700 0.0054411655
15800 0.0022685335
15900 0.0015645224
16000 0.0026223478
16100 0.00019159971
16200 0.0021753688
16300 0.001949591
16400 0.005383636
16500 0.0023148903
16600 0.0013962465
16700 0.003434971
16800 0.000989727
16900 0.0028256434
