0 3.9684148
100 1.4771783
200 1.6058738
300 1.5149266
400 1.3599751
500 1.1366196
600 1.2497829
700 1.5540684
800 1.2105527
900 1.2346816
1000 1.0916502
1100 1.1266708
1200 1.2517767
1300 1.3269889
1400 1.1007544
1500 1.1800125
1600 1.1063716
1700 1.1202765
1800 1.166535
1900 1.0934702
2000 1.1506644
2100 1.1646781
2200 1.1001396
2300 1.0658213
2400 1.0868669
2500 1.1173971
2600 1.0941807
2700 1.1128802
2800 1.2508363
2900 1.0224042
3000 1.0391483
3100 1.1278619
3200 1.1904166
3300 1.0263608
3400 1.0939021
3500 1.204011
3600 1.103369
3700 1.0725331
3800 1.0929062
3900 1.0375363
4000 1.0492531
4100 1.0867069
4200 1.1294289
4300 1.1089784
4400 1.0839736
4500 1.0249379
4600 1.0766641
4700 1.0822797
4800 1.1337222
4900 1.0615611
5000 1.0179797
5100 1.0806289
5200 1.0762337
5300 1.0642564
5400 1.05616
5500 1.0306522
5600 1.039874
5700 1.0689878
5800 1.0285624
5900 1.017106
6000 1.0110959
6100 1.0791292
6200 1.0128999
6300 1.0394218
6400 1.1644264
6500 1.0600464
6600 1.0567544
6700 1.0357068
6800 1.0364922
6900 1.0126419
7000 1.0085542
7100 1.040276
7200 1.0429627
7300 1.037285
7400 1.0476851
7500 1.1490709
7600 1.0934973
7700 1.0195756
7800 1.0484059
7900 1.0162508
8000 1.0633049
8100 1.0446856
8200 1.0165802
8300 1.0427974
8400 1.0024917
8500 1.0519888
8600 1.025316
8700 1.009829
8800 1.0191243
8900 1.0224726
9000 1.0240595
9100 1.028594
9200 1.0126157
9300 1.0465958
9400 1.0103445
9500 1.0261192
9600 1.0311425
9700 1.0371737
9800 1.0162202
9900 1.0279534
10000 1.0039659
10100 1.0449266
10200 1.026396
10300 1.0266966
10400 1.0197616
10500 1.0356555
10600 1.0642487
10700 1.0074112
10800 1.0129337
10900 1.010853
11000 1.0326695
11100 1.02408
11200 1.0274765
11300 1.0576589
11400 1.0138645
11500 1.0042056
11600 1.0066608
11700 1.0090188
11800 1.0076215
11900 1.0071481
12000 1.0097361
12100 1.0049429
12200 1.0271223
12300 1.0115222
12400 1.0022752
12500 1.0019357
12600 1.0108061
12700 1.0117929
12800 1.0055923
12900 1.0081419
13000 1.0141298
13100 1.0175159
13200 1.0020655
13300 1.0031737
13400 1.0189025
13500 1.0115815
13600 1.0167482
13700 1.0144317
13800 1.0021249
13900 1.0044165
14000 1.009977
14100 1.0069296
14200 1.0060345
14300 1.0080463
14400 1.0060151
14500 1.0057755
14600 1.0075144
14700 1.0065289
14800 1.009092
14900 1.0708055
15000 1.0134535
15100 1.0117164
15200 1.0035114
15300 1.0096378
15400 1.028697
15500 1.0450819
15600 1.0054023
15700 1.0261645
15800 1.0136718
15900 1.0094249
16000 1.0133669
16100 1.0015689
16200 1.0126443
16300 1.0121584
16400 1.0254889
16500 1.0122465
16600 1.0089072
16700 1.0175927
16800 1.0068707
16900 1.0157444
