0 7.026843
100 0.19733414
200 0.3715979
300 0.109041214
400 0.47505435
500 0.15983187
600 0.35007226
700 0.068995796
800 0.10253174
900 0.11522955
1000 0.5614049
1100 0.24467395
1200 0.064180106
1300 0.1191302
1400 0.035431873
1500 0.13276841
1600 0.21921717
1700 0.6800386
1800 0.1757011
1900 0.010359404
2000 0.1417669
2100 0.026892172
2200 0.01189042
2300 0.11592356
2400 0.046641715
2500 0.121614315
2600 0.08432162
2700 0.1898429
2800 0.058235742
2900 0.05342811
3000 0.026815567
3100 0.28994235
3200 0.09030922
3300 0.10979958
3400 0.037366465
3500 0.03156782
3600 0.011960669
3700 0.049723867
3800 0.013466054
3900 0.060029395
4000 0.03715107
4100 0.017806416
4200 0.020229772
4300 0.051434807
4400 0.009334092
4500 0.1351129
4600 0.013557708
4700 0.00762819
4800 0.014451976
4900 0.019252965
5000 0.089378916
5100 0.03473275
5200 0.039814506
5300 0.028282702
5400 0.0031246825
5500 0.10153617
5600 0.020721288
5700 0.0056979847
5800 0.00260438
5900 0.0128528895
6000 0.008937036
6100 0.013095364
6200 0.022176128
6300 0.18103974
6400 0.017684868
6500 0.002649787
6600 0.007242463
6700 0.006989291
6800 0.023689458
6900 0.0053852466
7000 0.0056017074
7100 0.0050279777
7200 0.044533882
7300 0.0117568895
7400 0.023804452
7500 0.004751429
7600 0.027930357
7700 0.021965783
7800 0.026207713
7900 0.00222608
8000 0.013742933
8100 0.007611569
8200 0.032480955
8300 0.01947841
8400 0.0056096166
8500 0.015465206
8600 0.0061084926
8700 0.01127672
8800 0.0073459568
8900 0.009019324
9000 0.0070664473
9100 0.0043768063
9200 0.008496533
9300 0.020252714
9400 0.0036889117
9500 0.0032928316
9600 0.012173119
9700 0.0040058005
9800 0.0093367705
9900 0.0016693036
10000 0.0019983468
10100 0.0074127144
10200 0.033543345
10300 0.002695664
10400 0.0065843975
10500 0.003833014
10600 0.019486392
10700 0.0025235373
10800 0.008817926
10900 0.0021585682
11000 0.009436464
11100 0.0034376523
11200 0.0036538255
11300 0.0073339
11400 0.0015176891
