0 2.7748313
100 1.3416731
200 1.3457325
300 1.3611941
400 1.3390402
500 1.4757429
600 1.4663285
700 1.1435972
800 1.2836215
900 1.1697708
1000 1.2599087
1100 1.1175826
1200 1.1227767
1300 1.3359004
1400 1.0960467
1500 1.0707444
1600 1.2296065
1700 1.1581876
1800 1.2420421
1900 1.0434042
2000 1.158364
2100 1.0726697
2200 1.0472659
2300 1.1753659
2400 1.131706
2500 1.165916
2600 1.1310036
2700 1.1224382
2800 1.1111753
2900 1.0909097
3000 1.057441
3100 1.2476461
3200 1.2026058
3300 1.2354041
3400 1.1136651
3500 1.0763211
3600 1.0448012
3700 1.1403265
3800 1.0523138
3900 1.1399267
4000 1.0880091
4100 1.063185
4200 1.059514
4300 1.0804716
4400 1.0298517
4500 1.1446234
4600 1.0481994
4700 1.0314994
4800 1.0433106
4900 1.0644996
5000 1.1094842
5100 1.0856693
5200 1.097275
5300 1.0714059
5400 1.0148135
5500 1.062917
5600 1.0550009
5700 1.0247698
5800 1.0120959
5900 1.0495198
6000 1.0309901
6100 1.0384161
6200 1.0683331
6300 1.1635396
6400 1.0532417
6500 1.0122381
6600 1.0307112
6700 1.0263093
6800 1.0587206
6900 1.0196534
7000 1.0227811
7100 1.0210958
7200 1.0963384
7300 1.0371263
7400 1.05413
7500 1.0173306
7600 1.0826274
7700 1.0487971
7800 1.0886496
7900 1.0098258
8000 1.0405991
8100 1.0247474
8200 1.0704036
8300 1.0342584
8400 1.0214543
8500 1.047607
8600 1.0203815
8700 1.032249
8800 1.0245864
8900 1.0330452
9000 1.0199052
9100 1.0166281
9200 1.027346
9300 1.0614445
9400 1.0138415
9500 1.0124507
9600 1.042541
9700 1.01512
9800 1.0290058
9900 1.0086538
10000 1.0100006
10100 1.029049
10200 1.0829201
10300 1.0110533
10400 1.0261793
10500 1.0162599
10600 1.0544326
10700 1.0109209
10800 1.0292
10900 1.0091422
11000 1.0332215
11100 1.0145068
11200 1.0139211
11300 1.0272335
11400 1.006808
