0 0.09375
100 0.28125
200 0.46875
300 0.53125
400 0.5625
500 0.375
600 0.4375
700 0.5
800 0.375
900 0.46875
1000 0.46875
1100 0.6875
1200 0.4375
1300 0.59375
1400 0.25
1500 0.40625
1600 0.6875
1700 0.65625
1800 0.46875
1900 0.5
2000 0.5
2100 0.5
2200 0.5
2300 0.5
2400 0.5
2500 0.59375
2600 0.46875
2700 0.53125
2800 0.40625
2900 0.5625
3000 0.75
3100 0.65625
3200 0.53125
3300 0.6875
3400 0.5
3500 0.65625
3600 0.46875
3700 0.5625
3800 0.625
3900 0.65625
4000 0.40625
4100 0.6875
4200 0.53125
4300 0.46875
4400 0.5
4500 0.53125
4600 0.59375
4700 0.59375
4800 0.625
4900 0.6875
5000 0.59375
5100 0.53125
5200 0.5
5300 0.5625
5400 0.5
5500 0.40625
5600 0.4375
5700 0.46875
5800 0.59375
5900 0.5625
6000 0.59375
6100 0.5625
6200 0.5
6300 0.46875
6400 0.65625
6500 0.5
6600 0.53125
6700 0.75
6800 0.6875
6900 0.46875
7000 0.625
7100 0.53125
7200 0.5625
7300 0.71875
7400 0.46875
7500 0.4375
7600 0.5
7700 0.71875
7800 0.875
7900 0.53125
8000 0.59375
8100 0.625
8200 0.59375
8300 0.6875
8400 0.625
8500 0.75
8600 0.59375
8700 0.6875
8800 0.625
8900 0.53125
9000 0.5625
9100 0.78125
9200 0.6875
9300 0.625
9400 0.71875
9500 0.5625
9600 0.90625
9700 0.71875
9800 0.71875
9900 0.6875
10000 0.8125
10100 0.75
10200 0.65625
10300 0.78125
10400 0.78125
10500 0.6875
10600 0.71875
10700 0.71875
10800 0.75
10900 0.8125
11000 0.8125
11100 0.625
11200 0.78125
11300 0.8125
11400 0.59375
11500 0.875
11600 0.84375
11700 0.6875
11800 0.78125
11900 0.71875
12000 0.6875
12100 0.75
12200 0.71875
12300 0.8125
12400 0.8125
12500 0.84375
12600 0.90625
12700 0.625
12800 0.8125
12900 0.84375
13000 0.84375
13100 0.875
13200 0.71875
13300 0.8125
13400 0.75
13500 0.6875
13600 0.71875
13700 0.84375
13800 0.875
13900 0.875
14000 0.875
14100 0.90625
14200 0.75
14300 0.875
14400 0.78125
14500 0.78125
14600 0.6875
14700 0.71875
14800 0.75
14900 0.75
15000 0.8125
15100 0.8125
15200 0.78125
15300 0.90625
15400 0.84375
15500 0.8125
15600 0.78125
15700 0.78125
15800 0.78125
15900 0.90625
16000 0.90625
16100 0.875
16200 0.78125
16300 0.90625
16400 0.875
16500 0.84375
16600 0.84375
16700 0.90625
16800 0.78125
16900 0.84375
17000 0.8125
17100 0.875
17200 0.84375
17300 0.71875
17400 0.84375
17500 0.78125
17600 0.875
17700 0.8125
17800 0.84375
17900 0.71875
18000 0.78125
18100 0.6875
18200 0.84375
18300 0.875
18400 0.84375
18500 0.84375
18600 0.75
18700 0.9375
18800 0.9375
18900 0.75
19000 0.8125
19100 0.9375
19200 0.90625
19300 0.84375
19400 0.78125
19500 0.8125
19600 0.90625
19700 0.9375
19800 0.78125
19900 1.0
20000 0.84375
20100 0.84375
20200 0.90625
20300 0.9375
20400 0.9375
20500 0.875
20600 0.84375
20700 0.96875
20800 0.90625
20900 0.90625
21000 0.8125
21100 0.75
21200 0.84375
21300 0.90625
21400 0.875
21500 0.90625
21600 0.96875
21700 0.90625
21800 0.875
21900 0.90625
22000 0.78125
22100 0.78125
22200 0.84375
22300 0.8125
22400 0.90625
22500 0.875
22600 0.9375
22700 0.875
22800 0.90625
22900 1.0
23000 0.875
23100 0.90625
23200 0.9375
23300 0.90625
23400 0.78125
23500 0.875
23600 0.875
23700 0.90625
23800 0.84375
23900 0.75
24000 0.90625
24100 0.875
24200 0.875
24300 0.78125
24400 0.875
