0 4.2408175
100 3.279939
200 2.7512534
300 2.0929108
400 1.9732621
500 2.8108778
600 2.332576
700 2.2747147
800 2.393347
900 2.4008937
1000 2.0373461
1100 1.7458079
1200 2.2023249
1300 1.8724405
1400 2.6994267
1500 2.275616
1600 1.5414442
1700 1.7021605
1800 2.0651069
1900 2.119362
2000 1.7963582
2100 2.329031
2200 2.6220539
2300 2.2029445
2400 2.298617
2500 1.5748645
2600 2.2384124
2700 1.9515824
2800 2.4353235
2900 2.1597378
3000 1.2848684
3100 1.653903
3200 1.6542321
3300 1.4813141
3400 2.0389867
3500 1.3768991
3600 2.0479023
3700 1.5386791
3800 1.7535609
3900 1.7865686
4000 2.164745
4100 1.463593
4200 2.0374668
4300 2.1217217
4400 2.5571215
4500 2.0512636
4600 1.6177651
4700 1.748859
4800 1.5250915
4900 1.3603966
5000 1.6997321
5100 1.9178958
5200 2.2801805
5300 1.6904584
5400 1.877753
5500 2.5953445
5600 2.1704717
5700 2.1340792
5800 1.7643284
5900 1.8288945
6000 1.8318619
6100 1.9075744
6200 1.6907786
6300 2.2238567
6400 1.5269732
6500 1.673279
6600 1.8767487
6700 1.0787995
6800 1.345004
6900 2.0780556
7000 1.7253712
7100 1.7303921
7200 1.9174062
7300 1.2817869
7400 1.7388417
7500 2.6332586
7600 1.7461641
7700 1.0877334
7800 0.8921693
7900 1.7330347
8000 1.7276843
8100 1.7341639
8200 1.3308944
8300 1.1697224
8400 1.4446394
8500 1.028087
8600 1.7696688
8700 1.4022375
8800 1.3214278
8900 2.0508485
9000 1.8148293
9100 1.0615851
9200 1.3925343
9300 1.4780071
9400 1.1637908
9500 1.8735057
9600 0.80736995
9700 1.3691425
9800 1.369126
9900 1.3557221
10000 1.0740085
10100 1.2975025
10200 1.5634757
10300 1.269742
10400 0.9835676
10500 1.0087464
10600 1.2398196
10700 0.9279685
10800 1.196187
10900 0.9345113
11000 0.88524914
11100 1.208866
11200 1.3297136
11300 0.8850648
11400 1.2635175
11500 0.8110726
11600 0.7445545
11700 1.0655835
11800 1.0578719
11900 1.1219974
12000 1.2684274
12100 1.1946446
12200 0.9502689
12300 0.84189403
12400 0.9853504
12500 0.80724674
12600 0.6443377
12700 1.5962535
12800 1.0857387
12900 0.6515754
13000 0.7575252
13100 0.72274554
13200 1.3140854
13300 1.2164124
13400 0.763695
13500 1.4654524
13600 1.3587316
13700 1.0372279
13800 0.72409606
13900 0.73267096
14000 0.69791704
14100 0.75291836
14200 1.2203338
14300 0.6233682
14400 0.91333985
14500 0.71918875
14600 1.106296
14700 0.9842325
14800 1.2008665
14900 1.0329725
15000 1.0275763
15100 1.0561439
15200 0.81710196
15300 0.65414864
15400 1.1446953
15500 0.74518293
15600 0.78310186
15700 0.922585
15800 0.94366986
15900 0.6651283
16000 0.7015054
16100 0.6394239
16200 0.8683228
16300 0.62595767
16400 0.8876192
16500 0.77186036
16600 0.7125486
16700 0.7237542
16800 0.7496428
16900 0.8086767
17000 1.0682502
17100 0.75760204
17200 0.79234946
17300 1.1257713
17400 0.8639172
17500 0.9158684
17600 0.77343315
17700 0.80211127
17800 0.9014536
17900 1.0041162
18000 1.1343194
18100 1.296809
18200 0.85172015
18300 0.657377
18400 0.7846693
18500 0.6363546
18600 0.98180836
18700 0.5000542
18800 0.61590695
18900 0.8653348
19000 0.8171196
19100 0.53853357
19200 0.7476688
19300 0.5644339
19400 0.731168
19500 0.956736
19600 0.7416053
19700 0.5461457
19800 0.734149
19900 0.446721
20000 0.7834346
20100 0.84149134
20200 0.5943401
20300 0.618415
20400 0.48055634
20500 0.6204452
20600 0.72048926
20700 0.45600215
20800 0.6825678
20900 0.65702367
21000 0.9845804
21100 1.2045077
21200 0.82039875
21300 0.5374739
21400 0.7157366
21500 0.8375734
21600 0.6367343
21700 0.69449306
21800 0.67807263
21900 0.58436406
22000 0.9023044
22100 0.8385685
22200 0.9628794
22300 1.0980383
22400 0.71077317
22500 0.83608353
22600 0.527351
22700 0.68119264
22800 0.7693353
22900 0.46554297
23000 0.77584463
23100 0.5110367
23200 0.6526875
23300 0.63524026
23400 1.0408462
23500 0.6893825
23600 0.85606426
23700 0.6111118
23800 0.68420315
23900 1.1952955
24000 0.55742735
24100 0.86012816
24200 0.70066017
24300 0.9038417
24400 0.66361374
