0 2.9395108
100 2.2734804
200 1.9070235
300 1.4506953
400 1.367761
500 1.9483521
600 1.6168184
700 1.5767121
800 1.6589417
900 1.6641726
1000 1.4121807
1100 1.2101018
1200 1.5265353
1300 1.2978768
1400 1.8711
1500 1.5773368
1600 1.0684477
1700 1.1798477
1800 1.4314231
1900 1.4690299
2000 1.2451407
2100 1.6143613
2200 1.8174692
2300 1.5269648
2400 1.5932798
2500 1.0916129
2600 1.5515493
2700 1.3527339
2800 1.6880376
2900 1.4970162
3000 0.8906029
3100 1.1463982
3200 1.1466264
3300 1.0267687
3400 1.4133179
3500 0.95439374
3600 1.4194977
3700 1.0665311
3800 1.2154758
3900 1.238355
4000 1.500487
4100 1.0144854
4200 1.4122643
4300 1.4706655
4400 1.7724615
4500 1.4218276
4600 1.1213493
4700 1.2122167
4800 1.0571129
4900 0.9429551
5000 1.1781645
5100 1.3293841
5200 1.5805006
5300 1.1717365
5400 1.3015592
5500 1.7989557
5600 1.5044564
5700 1.479231
5800 1.2229393
5900 1.267693
6000 1.2697499
6100 1.3222299
6200 1.1719584
6300 1.54146
6400 1.0584172
6500 1.1598287
6600 1.300863
6700 0.74776685
6800 0.9322857
6900 1.4403983
7000 1.1959362
7100 1.1994164
7200 1.3290447
7300 0.88846695
7400 1.2052732
7500 1.8252357
7600 1.2103487
7700 0.7539593
7800 0.6184046
7900 1.2012482
8000 1.1975394
8100 1.2020308
8200 0.9225057
8300 0.8107898
8400 1.0013478
8500 0.7126156
8600 1.2266409
8700 0.971957
8800 0.915944
8900 1.4215398
9000 1.2579439
9100 0.7358347
9200 0.9652312
9300 1.0244764
9400 0.8066783
9500 1.2986152
9600 0.5596262
9700 0.9490173
9800 0.94900584
9900 0.9397149
10000 0.7444459
10100 0.89936024
10200 1.0837188
10300 0.88011813
10400 0.6817571
10500 0.69920975
10600 0.8593775
10700 0.64321876
10800 0.8291337
10900 0.6477539
11000 0.61360794
11100 0.83792204
11200 0.9216872
11300 0.61348015
11400 0.8758036
11500 0.5621927
11600 0.51608586
11700 0.7386062
11800 0.733261
11900 0.7777093
12000 0.87920684
12100 0.8280645
12200 0.6586762
12300 0.5835565
12400 0.6829928
12500 0.5595408
12600 0.44662085
12700 1.1064386
12800 0.7525767
12900 0.45163763
13000 0.52507645
13100 0.50096905
13200 0.9108546
13300 0.8431529
13400 0.529353
13500 1.0157743
13600 0.941801
13700 0.7189516
13800 0.50190514
13900 0.5078488
14000 0.48375922
14100 0.52188325
14200 0.845871
14300 0.4320859
14400 0.63307893
14500 0.49850366
14600 0.7668259
14700 0.68221796
14800 0.8323772
14900 0.716002
15000 0.7122617
15100 0.7320632
15200 0.5663719
15300 0.4534213
15400 0.7934423
15500 0.51652145
15600 0.54280484
15700 0.6394872
15800 0.6541021
15900 0.4610318
16000 0.48624653
16100 0.4432149
16200 0.6018755
16300 0.4338808
16400 0.61525077
16500 0.53501284
16600 0.49390104
16700 0.5016682
16800 0.5196128
16900 0.560532
17000 0.7404546
17100 0.52512974
17200 0.5492148
17300 0.78032523
17400 0.59882176
17500 0.6348316
17600 0.536103
17700 0.55598116
17800 0.62484
17900 0.6960003
18000 0.78625035
18100 0.89887947
18200 0.59036744
18300 0.45565903
18400 0.5438913
18500 0.44108742
18600 0.6805377
18700 0.34661114
18800 0.42691416
18900 0.5998044
19000 0.56638414
19100 0.37328303
19200 0.5182445
19300 0.39123577
19400 0.506807
19500 0.6631589
19600 0.5140416
19700 0.37855935
19800 0.5088733
19900 0.3096434
20000 0.5430355
20100 0.58327734
20200 0.41196516
20300 0.4286526
20400 0.33309627
20500 0.43005985
20600 0.49940512
20700 0.3160766
20800 0.47311994
20900 0.45541412
21000 0.6824591
21100 0.83490115
21200 0.5686571
21300 0.37254855
21400 0.49611083
21500 0.58056164
21600 0.44135058
21700 0.48138592
21800 0.47000414
21900 0.4050503
22000 0.62542975
22100 0.5812514
22200 0.66741717
22300 0.7611022
22400 0.49267042
22500 0.5795289
22600 0.36553186
22700 0.47216675
22800 0.5332626
22900 0.3226898
23000 0.5377745
23100 0.35422364
23200 0.4524085
23300 0.440315
23400 0.7214596
23500 0.47784352
23600 0.59337854
23700 0.42359042
23800 0.47425348
23900 0.82851565
24000 0.3863792
24100 0.5961954
24200 0.4856606
24300 0.6264953
24400 0.459982
