0 6.7511444
100 3.8851137
200 3.929048
300 3.9893928
400 4.593281
500 4.7487698
600 4.912655
700 4.4774065
800 4.8855615
900 4.326434
1000 4.2277017
1100 4.5093174
1200 4.3172636
1300 3.9736817
1400 4.9827785
1500 4.3798018
1600 3.8181238
1700 4.4257584
1800 4.0136566
1900 5.1500106
2000 4.154344
2100 4.058427
2200 3.949711
2300 4.400917
2400 3.9013543
2500 3.648982
2600 3.4986749
2700 4.1192236
2800 4.170046
2900 4.3974304
3000 4.1664104
3100 3.6546688
3200 4.0305014
3300 3.6763613
3400 3.5052826
3500 3.6289535
3600 4.119778
3700 3.6564221
3800 3.4256186
3900 3.4439852
4000 4.575454
4100 2.7970753
4200 4.5341406
4300 3.8503852
4400 3.6952274
4500 3.7854
4600 3.0374012
4700 4.0893393
4800 3.531342
4900 3.3383713
5000 3.4308522
5100 3.927865
5200 3.407642
5300 3.4801466
5400 3.641825
5500 3.4616632
5600 3.0782278
5700 3.8324652
5800 3.1342795
5900 3.6612034
6000 3.406393
6100 3.8053546
6200 3.591651
6300 3.52974
6400 3.1266112
6500 3.6335862
6600 3.502277
6700 3.605651
6800 2.969366
6900 3.3904152
7000 3.4977245
7100 3.2629752
7200 2.9627247
7300 3.3567183
7400 2.938548
7500 4.1079154
7600 3.7238836
7700 3.1241732
7800 3.041127
7900 3.3505201
8000 3.3035212
8100 3.349235
8200 3.2015352
8300 3.1943278
8400 3.4666593
8500 2.4522147
8600 3.143746
8700 3.018859
8800 3.4522538
8900 3.5601695
9000 3.3724065
9100 2.9752617
9200 3.2083278
9300 3.3350163
9400 3.3719554
9500 3.027559
9600 3.0864177
9700 3.3731022
9800 2.8944938
9900 3.0109544
10000 3.1734736
10100 3.174953
10200 3.3198276
10300 3.242814
10400 2.5143688
10500 2.6938233
10600 3.0840383
10700 2.6754522
10800 2.9370198
10900 3.0544972
11000 2.8676958
11100 3.197843
11200 3.5122592
11300 2.3309197
11400 2.607626
11500 3.1049385
11600 2.3524675
11700 2.8273811
11800 3.2297945
11900 2.615116
12000 3.1715884
12100 3.0139413
12200 3.024736
12300 2.7781498
12400 3.1603496
12500 2.9734945
12600 2.7990646
12700 3.2555552
12800 2.664062
12900 2.2630005
13000 2.8086653
13100 2.5660615
13200 3.5352256
13300 2.95724
13400 2.7759023
13500 2.868795
13600 2.796377
13700 3.212843
13800 2.7425227
13900 2.4850729
14000 2.555112
14100 2.3504705
14200 2.5985425
14300 2.5785038
14400 2.5753467
14500 2.518735
14600 3.1427855
14700 2.5135074
14800 3.1668997
14900 2.7015576
15000 3.1636345
15100 2.768925
15200 2.5078328
15300 2.5580893
15400 3.0391235
15500 2.508463
15600 2.7573714
15700 2.7894604
15800 2.8211074
15900 2.3949387
16000 2.7508843
16100 2.465643
16200 2.718152
16300 2.6533804
16400 2.9640892
16500 2.659316
16600 2.367045
16700 2.7024121
16800 2.6041813
16900 2.8419843
17000 3.1050615
17100 2.4802313
17200 2.6000717
17300 2.8173454
17400 2.7990203
17500 2.7307343
17600 2.787436
17700 2.614255
17800 2.8735728
17900 2.6879544
18000 2.8231819
18100 2.678637
18200 2.6397135
18300 2.7377555
18400 2.3754988
18500 2.4465933
18600 2.8865862
18700 2.3721213
18800 2.5464802
18900 2.5158584
19000 2.729291
19100 2.2133043
19200 2.738342
19300 2.208445
19400 2.497133
19500 2.901254
19600 2.2957559
19700 2.3821268
19800 2.6198192
19900 2.3186636
20000 2.6946778
20100 2.8508656
20200 2.5435805
20300 2.5710948
20400 2.1796105
20500 2.3912778
20600 2.710587
20700 2.2750196
20800 2.7268739
20900 2.7717
21000 3.1011217
21100 3.1536841
21200 2.7412481
21300 2.4462304
21400 2.891694
21500 2.8813486
21600 2.8040981
21700 2.6290207
21800 2.5241246
21900 2.4188583
22000 2.7711327
22100 2.76472
22200 2.7553396
22300 2.5983295
22400 2.9350183
22500 2.76331
22600 2.3745189
22700 2.6643658
22800 2.5803177
22900 2.554224
23000 2.6322858
23100 2.2988906
23200 2.819901
23300 2.8129401
23400 3.1717653
23500 2.4705346
23600 2.8619108
23700 2.4839234
23800 2.4222937
23900 2.7968316
24000 2.428419
24100 3.2602887
24200 2.7305038
24300 2.9636245
24400 2.6100903
