0 4.8270473
100 0.67706895
200 0.4075116
300 0.301239
400 0.14368173
500 0.39278278
600 0.48989773
700 0.41397384
800 0.38558868
900 0.57437587
1000 0.08570849
1100 0.09047988
1200 0.09479084
1300 0.23325832
1400 0.15418181
1500 0.10434327
1600 0.08305708
1700 0.53309184
1800 0.14043982
1900 0.009822529
2000 0.06437196
2100 0.024614098
2200 0.034852132
2300 0.19348289
2400 0.01354665
2500 0.04372585
2600 0.013452142
2700 0.013382836
2800 0.11282555
2900 0.06578174
3000 0.42586005
3100 0.06266291
3200 0.1371743
3300 0.03809175
3400 0.32009345
3500 0.060412463
3600 0.0781542
3700 0.00614916
3800 0.09749082
3900 0.016574258
4000 0.0058522513
4100 0.09334991
4200 0.016864743
4300 0.16104476
4400 0.016161742
4500 0.0030503226
4600 0.004483464
4700 0.05474253
4800 0.027190698
4900 0.00813582
5000 0.18902248
5100 0.004407277
5200 0.039024413
5300 0.041478157
5400 0.011060806
5500 0.008326669
5600 0.09407046
5700 0.011258728
5800 0.009997084
5900 0.006587912
6000 0.0052451007
6100 0.0052527315
6200 0.0038627821
6300 0.038616806
6400 0.06625163
6500 0.004342209
6600 0.0046850783
6700 0.032318775
6800 0.0016424108
6900 0.0100551015
7000 0.032053005
7100 0.01317852
7200 0.010302737
7300 0.03789384
7400 0.005707521
7500 0.008436407
7600 0.003221174
7700 0.010502279
7800 0.32232848
7900 0.010407339
8000 0.0037983228
8100 0.24456328
8200 0.0026801708
8300 0.01763722
8400 0.019911936
8500 0.009201861
8600 0.01654857
8700 0.007605678
8800 0.0034196451
8900 0.009211739
9000 0.021413377
9100 0.005234376
9200 0.0014037634
9300 0.048421662
9400 0.007579147
9500 0.011701624
9600 0.013979399
9700 0.003201435
9800 0.006859957
9900 0.0028259612
10000 0.003873521
10100 0.0027834696
10200 0.002742566
10300 0.004214449
10400 0.0053189946
10500 0.0052706664
10600 0.005303975
10700 0.016302368
10800 0.0081158485
10900 0.0074480996
11000 0.003918937
11100 0.0022197901
11200 0.0061225225
11300 0.010879292
11400 0.0017373357
11500 0.0031888238
11600 0.0009539595
11700 0.010315354
11800 0.0015430581
11900 0.005557864
12000 0.008277256
12100 0.010135412
12200 0.0010104711
12300 0.0033800227
12400 0.004020797
12500 0.001533251
12600 0.00086427137
12700 0.0034866517
12800 0.00090838247
12900 0.0077121407
13000 0.00042433888
13100 0.0016723076
13200 0.0001958906
13300 0.0011668324
13400 0.0017849794
13500 0.016255943
13600 0.0005350577
13700 0.0055403225
13800 0.0035570809
13900 0.0026149983
14000 0.0024859542
14100 0.0021471474
14200 0.0037176874
14300 0.0008076598
14400 0.0024947685
14500 0.00887259
14600 0.0019400233
14700 0.003600047
14800 0.0019726125
14900 0.0025582449
15000 0.00032409487
15100 0.001899398
15200 0.0017365693
15300 0.0034291537
15400 0.009034084
15500 0.00315613
15600 0.0032310905
15700 0.0019390014
15800 0.0006046268
15900 0.0009816489
16000 0.0026353055
16100 0.0025849633
16200 0.0017677041
16300 0.00029012922
16400 0.0063666156
