0 3.3458543
100 0.46930844
200 0.28246552
300 0.20880297
400 0.09959259
500 0.27225628
600 0.33957124
700 0.2869448
800 0.2672697
900 0.39812702
1000 0.059408598
1100 0.06271587
1200 0.065704
1300 0.16168235
1400 0.10687068
1500 0.072325245
1600 0.05757078
1700 0.3695111
1800 0.09734547
1900 0.0068084584
2000 0.044619244
2100 0.017061193
2200 0.024157658
2300 0.13411212
2400 0.009389822
2500 0.03030845
2600 0.009324314
2700 0.0092762755
2800 0.078204714
2900 0.04559643
3000 0.2951837
3100 0.04343462
3200 0.09508197
3300 0.026403189
3400 0.22187188
3500 0.04187473
3600 0.054172363
3700 0.004262273
3800 0.067575485
3900 0.0114884
4000 0.0040564714
4100 0.06470523
4200 0.011689749
4300 0.11162772
4400 0.011202466
4500 0.0021143225
4600 0.0031077005
4700 0.03794463
4800 0.018847156
4900 0.0056393207
5000 0.1310204
5100 0.0030548915
5200 0.02704966
5300 0.028750468
5400 0.0076667666
5500 0.005771607
5600 0.06520467
5700 0.0078039556
5800 0.0069294507
5900 0.0045663924
6000 0.0036356268
6100 0.003640916
6200 0.0026774765
6300 0.026767131
6400 0.04592213
6500 0.00300979
6600 0.003247449
6700 0.022401668
6800 0.0011384324
6900 0.006969665
7000 0.02221745
7100 0.009134654
7200 0.007141313
7300 0.026266009
7400 0.003956152
7500 0.005847672
7600 0.0022327476
7700 0.007279625
7800 0.22342107
7900 0.007213818
8000 0.0026327968
8100 0.16951835
8200 0.0018577528
8300 0.012225189
8400 0.0138019025
8500 0.006378244
8600 0.011470595
8700 0.0052718543
8800 0.0023703175
8900 0.0063850908
9000 0.014842622
9100 0.0036281932
9200 0.0009730146
9300 0.03356334
9400 0.0052534644
9500 0.008110948
9600 0.009689781
9700 0.0022190658
9800 0.0047549596
9900 0.001958807
10000 0.00268492
10100 0.0019293542
10200 0.0019010019
10300 0.0029212334
10400 0.0036868462
10500 0.0036533475
10600 0.0036764354
10700 0.011299941
10800 0.0056254775
10900 0.0051626293
11000 0.0027164002
11100 0.0015386413
11200 0.0042438093
11300 0.0075409506
11400 0.0012042293
11500 0.0022103242
11600 0.0006612343
11700 0.0071500586
11800 0.0010695664
11900 0.0038524177
12000 0.005737357
12100 0.007025332
12200 0.0007004052
12300 0.0023428532
12400 0.0027870042
12500 0.0010627686
12600 0.00059906725
12700 0.0024167628
12800 0.00062964275
12900 0.0053456486
13000 0.0002941293
13100 0.0011591553
13200 0.00013578103
13300 0.0008087866
13400 0.0012372534
13500 0.011267761
13600 0.00037087372
13700 0.003840259
13800 0.0024655806
13900 0.0018125786
14000 0.0017231322
14100 0.0014882892
14200 0.0025769046
14300 0.00055982714
14400 0.0017292417
14500 0.006150011
14600 0.0013447216
14700 0.0024953624
14800 0.0013673108
14900 0.0017732402
15000 0.00022464544
15100 0.0013165624
15200 0.0012036981
15300 0.0023769082
15400 0.00626195
15500 0.0021876625
15600 0.0022396212
15700 0.0013440134
15800 0.00041909533
15900 0.0006804272
16000 0.0018266547
16100 0.00179176
16200 0.0012252792
16300 0.00020110224
16400 0.0044130017
