0 5.0777087
100 1.6314716
200 1.1790009
300 1.3899794
400 1.3571271
500 1.4143875
600 1.2802799
700 1.3717971
800 1.1918021
900 1.3714256
1000 1.2279791
1100 1.1978581
1200 1.2461056
1300 1.1427217
1400 1.2129244
1500 1.2772623
1600 1.2142497
1700 1.4203628
1800 1.1732154
1900 1.0366025
2000 1.1360359
2100 1.0713751
2200 1.0958805
2300 1.2280471
2400 1.0465851
2500 1.1103914
2600 1.0518453
2700 1.0458605
2800 1.2011256
2900 1.1129305
3000 1.1226122
3100 1.1063123
3200 1.1852163
3300 1.0995613
3400 1.1389714
3500 1.0781065
3600 1.1720524
3700 1.0270427
3800 1.1072576
3900 1.0530446
4000 1.0234005
4100 1.1616266
4200 1.0587107
4300 1.0806816
4400 1.0588565
4500 1.0141714
4600 1.0185809
4700 1.0776424
4800 1.0870788
4900 1.0331426
5000 1.0867426
5100 1.0191326
5200 1.0659347
5300 1.1171405
5400 1.0336889
5500 1.0328069
5600 1.1067443
5700 1.0381047
5800 1.0370429
5900 1.0233836
6000 1.0227709
6100 1.0225298
6200 1.015885
6300 1.0514814
6400 1.066597
6500 1.0184556
6600 1.0184212
6700 1.0826015
6800 1.0081375
6900 1.0323591
7000 1.0635839
7100 1.0369189
7200 1.0330236
7300 1.0972602
7400 1.0205202
7500 1.0276016
7600 1.0128586
7700 1.0386832
7800 1.0266508
7900 1.0356836
8000 1.0132642
8100 1.0602252
8200 1.0111388
8300 1.0587857
8400 1.0508816
8500 1.0350703
8600 1.055074
8700 1.0273442
8800 1.0146079
8900 1.026637
9000 1.0494024
9100 1.0209707
9200 1.0071414
9300 1.0686107
9400 1.0218803
9500 1.0401332
9600 1.0389526
9700 1.0136452
9800 1.0260482
9900 1.011308
10000 1.0139573
10100 1.0125817
10200 1.0112369
10300 1.0176067
10400 1.0184621
10500 1.0201056
10600 1.02143
10700 1.0451823
10800 1.0303563
10900 1.0268166
11000 1.0152613
11100 1.008655
11200 1.0253615
11300 1.0371141
11400 1.007894
11500 1.0130124
11600 1.0048797
11700 1.0362077
11800 1.0068613
11900 1.0206151
12000 1.0288353
12100 1.0319313
12200 1.0049258
12300 1.0134758
12400 1.0160332
12500 1.0068835
12600 1.004565
12700 1.0125415
12800 1.0045171
12900 1.0220094
13000 1.0022244
13100 1.0079753
13200 1.0012608
13300 1.0061285
13400 1.0084271
13500 1.0459871
13600 1.0024983
13700 1.0158824
13800 1.0139191
13900 1.0106275
14000 1.0098301
14100 1.0082853
14200 1.01485
14300 1.0037628
14400 1.0109735
14500 1.0335815
14600 1.0077147
14700 1.0153017
14800 1.008609
14900 1.0112026
15000 1.001904
15100 1.0084883
15200 1.007456
15300 1.0111232
15400 1.0309384
15500 1.0124311
15600 1.0134934
15700 1.0081313
15800 1.0033299
15900 1.0048037
16000 1.01207
16100 1.0113534
16200 1.0078139
16300 1.0017369
16400 1.0239699
