0 0.021875
100 0.359375
200 0.42187503
300 0.421875
400 0.45625
500 0.5
600 0.49687502
700 0.45312497
800 0.45312503
900 0.48125
1000 0.453125
1100 0.409375
1200 0.45937502
1300 0.49062502
1400 0.5125
1500 0.525
1600 0.50625
1700 0.41875
1800 0.51875
1900 0.51875
2000 0.515625
2100 0.503125
2200 0.47812507
2300 0.54062504
2400 0.546875
2500 0.46249998
2600 0.521875
2700 0.5125
2800 0.53749996
2900 0.56874996
3000 0.46562502
3100 0.44687504
3200 0.48125005
3300 0.590625
3400 0.521875
3500 0.47812504
3600 0.54375005
3700 0.50625
3800 0.48437497
3900 0.42499998
4000 0.5187501
4100 0.54375005
4200 0.55625
4300 0.5875
4400 0.53125006
4500 0.5375
4600 0.54999995
4700 0.56562495
4800 0.596875
4900 0.528125
5000 0.625
5100 0.5
5200 0.45937502
5300 0.509375
5400 0.540625
5500 0.60625
5600 0.54375005
5700 0.51875
5800 0.49062502
5900 0.509375
6000 0.48437506
6100 0.50624996
6200 0.52812505
6300 0.5375
6400 0.525
6500 0.53125
6600 0.57500005
6700 0.51562506
6800 0.46562502
6900 0.584375
7000 0.51875
7100 0.54062504
7200 0.565625
7300 0.565625
7400 0.50937504
7500 0.515625
7600 0.490625
7700 0.546875
7800 0.578125
7900 0.52187496
8000 0.571875
8100 0.565625
8200 0.565625
8300 0.534375
8400 0.55312496
8500 0.5
8600 0.578125
8700 0.55625
8800 0.5125
8900 0.49062502
9000 0.559375
9100 0.521875
9200 0.528125
9300 0.51562506
9400 0.48437497
9500 0.58125
9600 0.5625
9700 0.58124995
9800 0.52500004
9900 0.4875
10000 0.48125005
10100 0.52500004
10200 0.571875
10300 0.575
10400 0.49374998
10500 0.5
10600 0.515625
10700 0.5125
10800 0.61875004
10900 0.58750004
11000 0.565625
11100 0.5531251
11200 0.52500004
11300 0.503125
11400 0.515625
11500 0.525
11600 0.528125
11700 0.521875
11800 0.484375
11900 0.55625004
12000 0.528125
12100 0.534375
12200 0.54375
12300 0.5625
12400 0.54062504
12500 0.48437503
12600 0.575
12700 0.55937505
12800 0.525
12900 0.51875
13000 0.47500002
13100 0.540625
13200 0.58437496
13300 0.50625
13400 0.53125
13500 0.5625
13600 0.55625004
13700 0.52187496
13800 0.50624996
13900 0.53125
14000 0.534375
14100 0.54687494
14200 0.478125
14300 0.59375
14400 0.540625
14500 0.50624996
14600 0.5343751
14700 0.546875
14800 0.5625
14900 0.565625
15000 0.53125
15100 0.53125
15200 0.575
15300 0.56875
15400 0.51875
15500 0.521875
15600 0.565625
15700 0.57500005
15800 0.49375
15900 0.5125
16000 0.58437496
16100 0.5625
16200 0.55625004
16300 0.46562505
16400 0.5625
16500 0.571875
16600 0.56250006
16700 0.51875
16800 0.5625
16900 0.49062502
17000 0.559375
17100 0.603125
17200 0.540625
17300 0.56562495
17400 0.509375
17500 0.565625
17600 0.59687495
17700 0.571875
17800 0.55625004
17900 0.525
18000 0.559375
18100 0.50937504
18200 0.55937505
18300 0.49062496
18400 0.54375
18500 0.628125
18600 0.515625
18700 0.5375
18800 0.60625
18900 0.615625
19000 0.578125
19100 0.51875
19200 0.590625
19300 0.534375
19400 0.503125
19500 0.5687501
19600 0.56562495
19700 0.57500005
19800 0.6
19900 0.625
20000 0.51562494
20100 0.584375
20200 0.51250005
20300 0.5625
20400 0.56875
20500 0.58437496
20600 0.528125
20700 0.584375
20800 0.56250006
20900 0.525
21000 0.590625
21100 0.55625
21200 0.54375
21300 0.521875
21400 0.559375
21500 0.59375006
21600 0.528125
21700 0.60312504
21800 0.575
21900 0.5812501
22000 0.565625
22100 0.55625
22200 0.575
22300 0.53437495
22400 0.5375001
22500 0.578125
22600 0.58437496
22700 0.56875
22800 0.59687495
22900 0.553125
23000 0.47812504
23100 0.60625005
23200 0.55
23300 0.55937505
23400 0.63750005
23500 0.6125
23600 0.521875
23700 0.55625004
23800 0.584375
23900 0.58437496
24000 0.534375
24100 0.546875
24200 0.590625
24300 0.571875
24400 0.52500004
24500 0.628125
24600 0.584375
24700 0.54062504
24800 0.553125
24900 0.50625
25000 0.584375
25100 0.5375
25200 0.56874996
25300 0.59375
25400 0.59375
25500 0.56874996
25600 0.5875
25700 0.503125
25800 0.534375
25900 0.55625
26000 0.5375
26100 0.5625
26200 0.559375
26300 0.54999995
26400 0.55
26500 0.565625
26600 0.55625004
26700 0.56250006
26800 0.59687495
26900 0.534375
27000 0.553125
27100 0.640625
27200 0.590625
27300 0.628125
27400 0.55312496
27500 0.571875
27600 0.55312496
27700 0.571875
27800 0.5875001
27900 0.59375006
28000 0.59999996
28100 0.540625
28200 0.50625
28300 0.565625
28400 0.49375
28500 0.565625
28600 0.546875
28700 0.6
28800 0.55312496
28900 0.471875
29000 0.5625
29100 0.546875
29200 0.578125
29300 0.5375
29400 0.5874999
29500 0.5625
29600 0.534375
29700 0.609375
29800 0.58750004
29900 0.56875
30000 0.52500004
30100 0.58437496
30200 0.54062504
30300 0.59375
30400 0.534375
30500 0.54062504
30600 0.546875
30700 0.55
30800 0.503125
30900 0.565625
31000 0.534375
31100 0.553125
31200 0.5375
31300 0.534375
31400 0.58125
31500 0.5875
31600 0.55625004
31700 0.584375
31800 0.53125006
31900 0.56874996
32000 0.553125
32100 0.525
32200 0.53749996
32300 0.60312504
32400 0.55937505
32500 0.6125
32600 0.57187504
32700 0.49375004
32800 0.5375
32900 0.559375
33000 0.575
33100 0.53125
33200 0.56875
33300 0.55312496
33400 0.54687506
33500 0.53125
33600 0.54375
33700 0.515625
33800 0.56874996
33900 0.578125
34000 0.57500005
34100 0.59062505
34200 0.546875
34300 0.559375
34400 0.5875
34500 0.603125
34600 0.55312496
34700 0.54375005
34800 0.57187504
34900 0.5656251
35000 0.565625
35100 0.59687495
35200 0.56875
35300 0.565625
35400 0.5656251
35500 0.628125
35600 0.584375
35700 0.578125
35800 0.59375006
35900 0.509375
36000 0.54999995
36100 0.60312504
36200 0.54062504
36300 0.5656251
36400 0.540625
36500 0.63125
36600 0.521875
36700 0.60625005
36800 0.60625005
36900 0.6
37000 0.61562496
37100 0.58125
37200 0.64375
37300 0.55312496
37400 0.565625
37500 0.578125
37600 0.60625
37700 0.528125
37800 0.621875
37900 0.578125
38000 0.559375
38100 0.51875
38200 0.553125
38300 0.571875
38400 0.596875
38500 0.54687494
38600 0.53749996
38700 0.54062504
38800 0.5125
38900 0.49999997
39000 0.54375
39100 0.60625005
39200 0.528125
39300 0.47812504
39400 0.53125
39500 0.57500005
39600 0.553125
39700 0.6125001
39800 0.57187504
39900 0.53125
40000 0.58437496
40100 0.525
40200 0.5625
40300 0.56875
40400 0.525
40500 0.5625
40600 0.56874996
