0 4.761177
100 3.215606
200 2.9129276
300 2.6054082
400 2.53983
500 2.3580678
600 2.330525
700 2.5788836
800 2.5441008
900 2.5862913
1000 2.4007568
1100 2.6212595
1200 2.5641372
1300 2.5288649
1400 2.342664
1500 2.2761421
1600 2.3615632
1700 2.5880365
1800 2.2888882
1900 2.3172326
2000 2.3179529
2100 2.4631412
2200 2.4702058
2300 2.097615
2400 2.1929271
2500 2.5238664
2600 2.31921
2700 2.2432134
2800 2.3596663
2900 2.1872349
3000 2.4377017
3100 2.413719
3200 2.375125
3300 1.9114177
3400 2.31609
3500 2.2883828
3600 2.3050923
3700 2.278045
3800 2.4019449
3900 2.564056
4000 2.323127
4100 2.2295322
4200 2.1439917
4300 1.959244
4400 2.222497
4500 2.2861617
4600 1.955495
4700 2.0756812
4800 1.856839
4900 2.1232793
5000 1.9059435
5100 2.2604623
5200 2.5847883
5300 2.349134
5400 2.1850276
5500 1.903825
5600 2.2135541
5700 2.063761
5800 2.3133695
5900 2.2817562
6000 2.4028594
6100 2.270107
6200 2.2074912
6300 2.2002835
6400 2.2822154
6500 2.1598058
6600 1.9040309
6700 2.177009
6800 2.364255
6900 2.051286
7000 2.3598099
7100 2.1180282
7200 2.145325
7300 2.325759
7400 2.3653274
7500 2.3170955
7600 2.512072
7700 2.0294254
7800 1.948755
7900 2.1963396
8000 2.0900216
8100 2.1170192
8200 2.2300181
8300 2.1314323
8400 2.0485735
8500 2.4387608
8600 2.0449326
8700 2.141015
8800 2.40909
8900 2.2929251
9000 2.0826392
9100 2.2548335
9200 2.2091787
9300 2.267346
9400 2.4877207
9500 2.1155837
9600 2.1063495
9700 1.9791695
9800 2.1017861
9900 2.3583436
10000 2.311381
10100 2.1855302
10200 1.9359691
10300 1.9219798
10400 2.224689
10500 2.5304492
10600 2.3288932
10700 2.2889311
10800 1.9092937
10900 2.039303
11000 2.0925581
11100 2.1791792
11200 2.190786
11300 2.4166193
11400 2.2900217
11500 2.3432064
11600 2.3061657
11700 2.2496445
11800 2.3346555
11900 2.232703
12000 2.0854774
12100 2.1078067
12200 2.1405952
12300 2.0740814
12400 2.2789886
12500 2.433587
12600 2.1759844
12700 2.0118623
12800 2.2244806
12900 2.3878524
13000 2.4320776
13100 2.2715285
13200 1.8880807
13300 2.3142195
13400 2.3256311
13500 2.135323
13600 2.0994077
13700 2.2531168
13800 2.2344198
13900 2.1989894
14000 2.0595372
14100 2.092959
14200 2.4286225
14300 2.008564
14400 2.2348912
14500 2.4804263
14600 2.1984236
14700 2.0835805
14800 2.0578763
14900 2.2170732
15000 2.1882663
15100 2.1551018
15200 1.8347903
15300 2.1203642
15400 2.2152207
15500 2.3513463
15600 2.1407983
15700 2.0777938
15800 2.5097036
15900 2.2766254
16000 1.9292638
16100 2.085068
16200 2.2168553
16300 2.6707587
16400 2.1574929
16500 2.0871203
16600 2.0122967
16700 2.3684173
16800 2.0655549
16900 2.2520704
17000 2.0861526
17100 1.9880933
17200 2.0994425
17300 2.1246998
17400 2.1730022
17500 1.8636202
17600 1.872801
17700 2.0545597
17800 2.1445625
17900 2.2638292
18000 2.1253603
18100 2.3656533
18200 2.0853207
18300 2.347406
18400 2.2012024
18500 1.8618264
18600 2.1900601
18700 2.217107
18800 1.9231484
18900 1.9134309
19000 1.999038
19100 2.1725166
19200 2.0152318
19300 2.1762364
19400 2.119127
19500 2.1115403
19600 2.1258087
19700 1.9767643
19800 1.829853
19900 1.8763801
20000 2.247002
20100 2.011003
20200 2.1543798
20300 1.9685384
20400 1.952134
20500 1.975834
20600 2.221103
20700 1.8820788
20800 2.0598662
20900 2.2393508
21000 1.9743624
21100 2.1716394
21200 2.1644185
21300 2.2261016
21400 2.0722435
21500 1.8972747
21600 2.1649075
21700 1.8262354
21800 1.9776068
21900 1.9464302
22000 2.155719
22100 2.092981
22200 2.1092596
22300 2.111982
22400 2.1667647
22500 1.9280263
22600 1.9172624
22700 2.1004405
22800 1.8524544
22900 2.2102787
23000 2.4667864
23100 1.8678523
23200 2.2018907
23300 2.087177
23400 1.8215852
23500 1.7911882
23600 2.2258902
23700 2.0464
23800 2.0700068
23900 2.0084167
24000 2.1997254
24100 2.1394498
24200 1.8911792
24300 2.1000423
24400 2.3077288
24500 1.8078649
24600 2.0718515
24700 1.9847187
24800 1.994276
24900 2.1870403
25000 2.0029974
25100 2.1248136
25200 1.994736
25300 1.8899838
25400 1.9954057
25500 2.0994194
25600 2.0178792
25700 2.2848268
25800 2.0802948
25900 2.1254919
26000 2.1334698
26100 2.090555
26200 1.9715279
26300 2.0447803
26400 2.0475428
26500 2.0422978
26600 2.1776123
26700 2.1490786
26800 1.9107583
26900 2.2373946
27000 2.139612
27100 1.9078206
27200 2.050813
27300 1.9721056
27400 2.1846368
27500 2.0296476
27600 2.1957104
27700 1.9069653
27800 2.0801363
27900 2.0385368
28000 1.894519
28100 2.129812
28200 2.2935193
28300 1.9010146
28400 2.4889126
28500 1.9804722
28600 2.1319578
28700 1.9099787
28800 2.2901285
28900 2.4713979
29000 1.9573734
29100 2.2245617
29200 1.9653074
29300 2.0737138
29400 1.8298132
29500 2.076647
29600 2.173139
29700 1.8349239
29800 2.0060492
29900 1.9584192
30000 2.2129514
30100 1.8660363
30200 2.086604
30300 1.9037127
30400 2.26158
30500 2.120861
30600 2.0759764
30700 2.220268
30800 2.401203
30900 1.9555005
31000 2.242455
31100 2.0109742
31200 2.191858
31300 2.2202864
31400 2.1298277
31500 2.018681
31600 2.1243563
31700 1.9193875
31800 2.1992886
31900 1.9570673
32000 2.148586
32100 2.249776
32200 2.1246672
32300 1.8622663
32400 1.9604281
32500 1.8562762
32600 1.929933
32700 2.3254826
32800 2.1299965
32900 2.164099
33000 1.8849832
33100 2.1917686
33200 1.8704385
33300 2.1139867
33400 2.0364962
33500 2.2211442
33600 2.1489089
33700 2.2162077
33800 1.9631176
33900 1.9860302
34000 2.092566
34100 1.9487804
34200 1.9887636
34300 2.0093079
34400 1.9416624
34500 1.9158748
34600 2.1502554
34700 2.0867012
34800 2.0709398
34900 2.0401561
35000 2.0032947
35100 1.869192
35200 1.8772607
35300 1.8570623
35400 2.0577357
35500 1.7916695
35600 1.8506314
35700 1.9091872
35800 2.0253139
35900 2.2766895
36000 2.07216
36100 1.8344316
36200 2.0383532
36300 2.0402732
36400 2.2070892
36500 1.8521276
36600 2.271044
36700 1.8802065
36800 1.8107027
36900 1.8898727
37000 1.8760115
37100 1.9409696
37200 1.6683067
37300 2.039104
37400 2.0324273
37500 1.9746919
37600 1.876869
37700 2.118158
37800 1.7872334
37900 1.9696815
38000 2.0854335
38100 2.3626437
38200 2.1772418
38300 2.0582874
38400 1.9428291
38500 2.2863543
38600 2.2424161
38700 2.2238028
38800 2.3660192
38900 2.2752683
39000 2.1817093
39100 1.8496956
39200 2.2175105
39300 2.2153587
39400 2.1512055
39500 2.1421363
39600 2.098036
39700 1.8355012
39800 2.0443308
39900 2.1499915
40000 1.9540862
40100 2.2797291
40200 2.143011
40300 2.0944848
40400 2.1491787
40500 1.9125384
40600 2.0888734
