0 3.3001964
100 2.2288883
200 2.0190876
300 1.8059313
400 1.760476
500 1.634488
600 1.6153967
700 1.7875459
800 1.7634363
900 1.7926805
1000 1.6640778
1100 1.8169186
1200 1.7773244
1300 1.7528756
1400 1.623811
1500 1.5777016
1600 1.6369109
1700 1.7938902
1800 1.5865364
1900 1.6061832
2000 1.6066825
2100 1.7073194
2200 1.7122161
2300 1.453956
2400 1.5200212
2500 1.7494109
2600 1.607554
2700 1.554877
2800 1.6355962
2900 1.5160757
3000 1.6896861
3100 1.6730624
3200 1.6463112
3300 1.3248938
3400 1.6053914
3500 1.586186
3600 1.5977683
3700 1.5790204
3800 1.6649014
3900 1.7772682
4000 1.610269
4100 1.545394
4200 1.4861019
4300 1.3580445
4400 1.5405174
4500 1.5846466
4600 1.3554459
4700 1.4387527
4800 1.2870626
4900 1.471745
5000 1.3210994
5100 1.5668331
5200 1.7916387
5300 1.6282957
5400 1.5145457
5500 1.319631
5600 1.5343188
5700 1.4304901
5800 1.6035055
5900 1.5815928
6000 1.6655352
6100 1.5735183
6200 1.5301162
6300 1.5251203
6400 1.5819111
6500 1.4970633
6600 1.3197737
6700 1.5089877
6800 1.6387767
6900 1.4218432
7000 1.6356956
7100 1.4681053
7200 1.487026
7300 1.6120933
7400 1.63952
7500 1.6060883
7600 1.7412357
7700 1.4066905
7800 1.350774
7900 1.5223867
8000 1.4486926
8100 1.4674059
8200 1.5457308
8300 1.4773964
8400 1.4199629
8500 1.6904202
8600 1.4174392
8700 1.4840386
8800 1.6698539
8900 1.5893346
9000 1.4435755
9100 1.5629315
9200 1.531286
9300 1.5716045
9400 1.7243565
9500 1.4664109
9600 1.4600102
9700 1.3718557
9800 1.4568472
9900 1.6346792
10000 1.6021273
10100 1.5148941
10200 1.3419116
10300 1.3322148
10400 1.5420369
10500 1.7539737
10600 1.6142658
10700 1.5865662
10800 1.3234215
10900 1.4135371
11000 1.4504508
11100 1.5104918
11200 1.518537
11300 1.6750728
11400 1.5873221
11500 1.6241869
11600 1.5985122
11700 1.5593348
11800 1.6182599
11900 1.5475918
12000 1.4455428
12100 1.4610202
12200 1.4837475
12300 1.4376438
12400 1.5796745
12500 1.6868341
12600 1.5082774
12700 1.3945167
12800 1.5418924
12900 1.6551332
13000 1.6857878
13100 1.5745035
13200 1.3087178
13300 1.6040947
13400 1.6120046
13500 1.4800931
13600 1.4551985
13700 1.5617416
13800 1.5487819
13900 1.5242233
14000 1.4275624
14100 1.4507287
14200 1.6833928
14300 1.3922305
14400 1.5491085
14500 1.7193005
14600 1.5238311
14700 1.4442279
14800 1.4264112
14900 1.5367581
15000 1.5167906
15100 1.4938028
15200 1.2717798
15300 1.4697245
15400 1.5354741
15500 1.629829
15600 1.4838884
15700 1.440217
15800 1.739594
15900 1.5780365
16000 1.3372638
16100 1.445259
16200 1.536607
16300 1.851229
16400 1.49546
16500 1.4466815
16600 1.3948178
16700 1.6416618
16800 1.4317336
16900 1.5610162
17000 1.4460108
17100 1.3780413
17200 1.4552226
17300 1.4727297
17400 1.5062103
17500 1.2917631
17600 1.2981267
17700 1.4241122
17800 1.4864974
17900 1.5691668
18000 1.4731874
18100 1.639746
18200 1.4454342
18300 1.6270977
18400 1.5257573
18500 1.2905197
18600 1.518034
18700 1.5367814
18800 1.3330249
18900 1.3262893
19000 1.3856275
19100 1.5058738
19200 1.3968523
19300 1.508452
19400 1.468867
19500 1.4636081
19600 1.4734983
19700 1.3701886
19800 1.2683575
19900 1.3006076
20000 1.557503
20100 1.393921
20200 1.4933023
20300 1.3644868
20400 1.3531162
20500 1.3695438
20600 1.5395513
20700 1.3045576
20800 1.4277904
20900 1.5521997
21000 1.3685237
21100 1.5052658
21200 1.5002606
21300 1.5430161
21400 1.4363697
21500 1.3150907
21600 1.5005995
21700 1.26585
21800 1.3707726
21900 1.3491626
22000 1.4942305
22100 1.450744
22200 1.4620273
22300 1.4639144
22400 1.5018868
22500 1.336406
22600 1.328945
22700 1.4559144
22800 1.2840235
22900 1.5320485
23000 1.709846
23100 1.2946966
23200 1.5262343
23300 1.446721
23400 1.2626266
23500 1.2415571
23600 1.5428696
23700 1.4184564
23800 1.4348195
23900 1.3921283
24000 1.5247334
24100 1.4829535
24200 1.3108655
24300 1.4556384
24400 1.5995957
24500 1.2531165
24600 1.436098
24700 1.3757021
24800 1.3823268
24900 1.5159408
25000 1.388372
25100 1.4728086
25200 1.3826456
25300 1.3100369
25400 1.3831098
25500 1.4552066
25600 1.3986874
25700 1.5837213
25800 1.4419504
25900 1.4732786
26000 1.4788085
26100 1.4490623
26200 1.366559
26300 1.4173336
26400 1.4192485
26500 1.4156129
26600 1.5094059
26700 1.4896278
26800 1.3244367
26900 1.5508437
27000 1.4830661
27100 1.3224005
27200 1.4215152
27300 1.3669595
27400 1.5142748
27500 1.4068445
27600 1.5219505
27700 1.3218076
27800 1.4418406
27900 1.4130061
28000 1.3131804
28100 1.4762732
28200 1.5897465
28300 1.3176829
28400 1.7251828
28500 1.3727587
28600 1.4777606
28700 1.3238964
28800 1.587396
28900 1.7130425
29000 1.3567479
29100 1.5419487
29200 1.3622472
29300 1.4373889
29400 1.2683299
29500 1.439422
29600 1.5063052
29700 1.2718723
29800 1.3904873
29900 1.3574728
30000 1.533901
30100 1.2934378
30200 1.4463238
30300 1.3195531
30400 1.5676078
30500 1.4700688
30600 1.4389572
30700 1.5389725
30800 1.664387
30900 1.3554497
31000 1.5543513
31100 1.3939011
31200 1.5192803
31300 1.5389853
31400 1.476284
31500 1.3992431
31600 1.4724915
31700 1.330418
31800 1.5244306
31900 1.3565357
32000 1.4892864
32100 1.5594258
32200 1.472707
32300 1.2908247
32400 1.3588653
32500 1.2866726
32600 1.3377275
32700 1.6119018
32800 1.4764011
32900 1.5000391
33000 1.3065708
33100 1.5192182
33200 1.2964891
33300 1.4653039
33400 1.4115916
33500 1.5395799
33600 1.4895102
33700 1.5361582
33800 1.3607295
33900 1.3766112
34000 1.4504563
34100 1.3507917
34200 1.3785058
34300 1.3927461
34400 1.3458579
34500 1.3279833
34600 1.4904435
34700 1.446391
34800 1.435466
34900 1.4141285
35000 1.388578
35100 1.2956252
35200 1.3012179
35300 1.2872175
35400 1.4263136
35500 1.2418907
35600 1.2827599
35700 1.3233477
35800 1.4038407
35900 1.578081
36000 1.4363118
36100 1.2715311
36200 1.4128788
36300 1.4142096
36400 1.5298376
36500 1.283797
36600 1.5741677
36700 1.3032598
36800 1.2550834
36900 1.3099599
37000 1.3003521
37100 1.3453776
37200 1.1563821
37300 1.4133992
37400 1.4087713
37500 1.3687521
37600 1.3009465
37700 1.4681953
37800 1.2388158
37900 1.3652792
38000 1.4455124
38100 1.6376598
38200 1.509149
38300 1.4266961
38400 1.3466666
38500 1.58478
38600 1.5543245
38700 1.5414227
38800 1.6399995
38900 1.5770957
39000 1.5122457
39100 1.2821113
39200 1.5370611
39300 1.5355697
39400 1.4911021
39500 1.4848158
39600 1.4542477
39700 1.2722725
39800 1.4170222
39900 1.4902605
40000 1.3544693
40100 1.5801878
40200 1.4854221
40300 1.4517863
40400 1.4896972
40500 1.3256706
40600 1.4478967
