0 26.40617
100 10.782062
200 9.352999
300 8.51282
400 8.345573
500 7.2603693
600 7.023995
700 7.601734
800 7.7810063
900 7.523801
1000 6.8512373
1100 7.6863804
1200 7.397577
1300 7.119954
1400 7.276465
1500 7.119962
1600 7.0181704
1700 7.193431
1800 6.7994823
1900 6.599723
2000 6.831161
2100 6.7123446
2200 6.961953
2300 5.9585814
2400 6.2271395
2500 7.354701
2600 6.4197984
2700 6.611557
2800 6.6330333
2900 6.1813664
3000 6.676246
3100 6.8875685
3200 6.333906
3300 5.884717
3400 6.483192
3500 6.805302
3600 5.993813
3700 6.3457403
3800 6.632187
3900 6.420063
4000 6.6820836
4100 6.718322
4200 6.278125
4300 6.161928
4400 6.529497
4500 6.2296624
4600 5.6388664
4700 5.9890494
4800 6.1668744
4900 6.0104575
5000 6.3560033
5100 6.6372747
5200 6.766253
5300 6.446748
5400 6.2076664
5500 6.216265
5600 6.1739316
5700 6.3912005
5800 6.005889
5900 5.884718
6000 7.0077586
6100 6.3923817
6200 6.32427
6300 6.0823236
6400 6.6417527
6500 6.1821604
6600 5.7834363
6700 6.64254
6800 6.562043
6900 6.4174957
7000 6.3891406
7100 6.3008904
7200 6.41281
7300 6.3144097
7400 6.638765
7500 6.1523466
7600 6.6778994
7700 6.247385
7800 5.9272428
7900 6.017684
8000 6.0756907
8100 6.0905128
8200 5.9729924
8300 6.189874
8400 5.8677692
8500 6.428551
8600 6.257645
8700 6.4179363
8800 6.4962597
8900 6.29628
9000 6.2809143
9100 5.9650707
9200 6.1521883
9300 6.755926
9400 6.3990483
9500 6.0383234
9600 6.0740542
9700 6.121054
9800 5.943605
9900 6.653299
10000 6.7170906
10100 6.1621714
10200 6.233004
10300 5.673063
10400 6.296447
10500 6.461959
10600 6.7771263
10700 6.5040503
10800 5.555539
10900 6.570651
11000 6.2247486
11100 6.521724
11200 6.4920564
11300 6.5014915
11400 6.188518
11500 6.45931
11600 6.096262
11700 6.4566383
11800 6.22136
11900 6.151991
12000 6.1366196
12100 6.260346
12200 5.9160748
12300 6.2184105
12400 6.3587027
12500 6.704089
12600 5.780464
12700 5.6977844
12800 6.021726
12900 6.171822
13000 6.803853
13100 6.3786006
13200 6.0317564
13300 6.7050037
13400 6.2229333
13500 6.4393463
13600 6.1348495
13700 6.2553773
13800 6.352961
13900 6.000838
14000 5.987892
14100 6.139804
14200 6.818001
14300 6.278154
14400 5.551575
14500 6.391142
14600 6.2114844
14700 5.9092927
14800 6.2412515
14900 6.3798466
15000 6.3685365
15100 5.506994
15200 5.9929876
15300 5.745844
15400 6.569585
15500 6.544315
15600 6.12558
15700 6.259931
15800 6.816928
15900 6.704618
16000 5.9657164
16100 6.0043983
16200 6.1431813
16300 7.5282626
16400 6.1806097
16500 6.5317483
16600 6.0106297
16700 6.2712398
16800 6.501819
16900 7.007406
17000 6.0574636
17100 6.217889
17200 5.9580693
17300 6.5362344
17400 6.6184397
17500 5.9896812
17600 5.828748
17700 6.2279696
17800 6.436092
17900 5.989414
18000 5.876861
18100 6.319682
18200 6.128442
18300 6.502717
18400 6.0621924
18500 6.0368967
18600 6.3835187
18700 6.1618357
18800 6.0100317
18900 5.632475
19000 6.103302
19100 6.254427
19200 6.182805
19300 6.1529074
19400 6.3665977
19500 6.5157094
19600 5.6000347
19700 6.269642
19800 5.7218943
19900 6.347874
20000 6.518458
20100 6.3666687
20200 6.27822
20300 6.0803685
20400 5.930354
20500 6.183746
20600 6.3493624
20700 6.150769
20800 6.079901
20900 6.333786
21000 6.245209
21100 6.053111
21200 6.2265105
21300 6.090205
21400 6.1914706
21500 6.0609016
21600 6.411564
21700 5.7888823
21800 6.4023776
21900 5.960151
22000 6.3724184
22100 6.3764853
22200 6.22444
22300 6.1489754
22400 6.2767744
22500 5.859389
22600 6.032844
22700 6.062335
22800 6.041507
22900 6.388962
23000 6.3201256
23100 6.117611
23200 6.7121634
23300 5.913007
23400 5.6038103
23500 5.98126
23600 6.2197366
23700 6.1677613
23800 5.9473624
23900 5.962914
24000 6.3475084
24100 6.1441755
24200 6.0883217
24300 6.493171
24400 6.0299926
24500 5.8333864
24600 5.898125
24700 6.140846
24800 6.3359666
24900 6.376212
25000 5.583373
25100 6.389655
25200 5.60682
25300 5.634453
25400 5.868859
25500 6.3528943
25600 5.8274994
25700 6.181386
25800 6.314599
25900 6.3226676
26000 6.132812
26100 6.0785623
26200 5.6858807
26300 5.9648933
26400 6.2471704
26500 6.036067
26600 6.009819
26700 6.383442
26800 6.099865
26900 6.21259
27000 6.4059644
27100 5.7571735
27200 5.844698
27300 6.266805
27400 6.211814
27500 5.9721837
27600 6.5265927
27700 5.9476914
27800 5.799171
27900 5.97766
28000 6.3145247
28100 6.524729
28200 6.5604525
28300 5.9548597
28400 6.929763
28500 6.2856693
28600 6.3272557
28700 5.9334097
28800 6.775195
28900 6.741599
29000 5.97231
29100 6.2835627
29200 6.345109
29300 6.1203814
29400 6.0320573
29500 5.9920406
29600 5.856652
29700 5.9511538
29800 6.196805
29900 6.2188587
30000 6.3068314
30100 5.8889575
30200 6.0433044
30300 5.930653
30400 6.337022
30500 6.1914167
30600 6.2093673
30700 6.4342885
30800 6.413709
30900 5.867496
31000 6.2550325
31100 5.9987526
31200 6.421221
31300 6.611957
31400 5.9867277
31500 6.19666
31600 5.852663
31700 5.718094
31800 5.888402
31900 6.4419594
32000 6.398305
32100 6.1100745
32200 5.96593
32300 5.6589956
32400 6.049696
32500 5.600601
32600 5.899588
32700 6.399837
32800 6.1316004
32900 5.8727584
33000 5.9218416
33100 6.587229
33200 5.715435
33300 5.743019
33400 6.227865
33500 6.1492143
33600 6.1936088
33700 6.4929495
33800 5.7467594
33900 5.777542
34000 5.897681
34100 5.851115
34200 5.7891264
34300 5.9286723
34400 5.599175
34500 5.884372
34600 6.1848445
34700 5.9336653
34800 6.0390387
34900 6.2349424
35000 5.856518
35100 5.7836676
35200 5.8324513
35300 5.7753315
35400 6.2293024
35500 5.6501737
35600 6.0144186
35700 5.4929357
35800 6.234796
35900 5.6028185
36000 5.7894254
36100 6.022124
36200 5.793845
36300 5.9737287
36400 6.532614
36500 6.014325
36600 6.5956316
36700 5.72539
36800 5.496087
36900 5.958391
37000 6.021634
37100 5.9043913
37200 5.417159
37300 6.0413003
37400 5.821652
37500 6.1831183
37600 6.066664
37700 5.9762015
37800 5.6804447
37900 5.820937
38000 5.868984
38100 6.1194224
38200 6.05627
38300 5.935317
38400 6.0114017
38500 6.2683177
38600 6.1127105
38700 6.337545
38800 6.153748
38900 6.438085
39000 5.810332
39100 5.562841
39200 6.271476
39300 6.2220917
39400 5.94138
39500 5.776202
39600 6.056714
39700 5.82856
39800 5.9280663
39900 6.196094
40000 5.8360987
40100 5.82057
40200 5.888173
40300 6.2315364
40400 6.3208485
40500 6.079083
40600 6.2980776
