0 0.01875
100 0.15625
200 0.38125002
300 0.45
400 0.46875
500 0.5375
600 0.49687502
700 0.47499996
800 0.44687504
900 0.503125
1000 0.50000006
1100 0.434375
1200 0.49375004
1300 0.475
1400 0.49062505
1500 0.525
1600 0.490625
1700 0.484375
1800 0.55
1900 0.496875
2000 0.515625
2100 0.534375
2200 0.51250005
2300 0.565625
2400 0.5625
2500 0.478125
2600 0.528125
2700 0.51874995
2800 0.54375
2900 0.55312496
3000 0.49375004
3100 0.5
3200 0.51562506
3300 0.59375
3400 0.515625
3500 0.515625
3600 0.534375
3700 0.53125
3800 0.50937504
3900 0.44375
4000 0.53125
4100 0.55625
4200 0.553125
4300 0.59062505
4400 0.53749996
4500 0.5125
4600 0.571875
4700 0.53125
4800 0.609375
4900 0.52500004
5000 0.65312505
5100 0.490625
5200 0.47812498
5300 0.4625
5400 0.54062504
5500 0.603125
5600 0.5125
5700 0.528125
5800 0.48437497
5900 0.525
6000 0.49375004
6100 0.515625
6200 0.503125
6300 0.51875
6400 0.5
6500 0.546875
6600 0.546875
6700 0.51562506
6800 0.471875
6900 0.57812494
7000 0.5
7100 0.54375005
7200 0.521875
7300 0.53749996
7400 0.51875
7500 0.496875
7600 0.47500002
7700 0.54375005
7800 0.54375005
7900 0.51875
8000 0.5375
8100 0.5625
8200 0.55937505
8300 0.553125
8400 0.565625
8500 0.52500004
8600 0.6
8700 0.56875
8800 0.53125
8900 0.50937504
9000 0.54375
9100 0.53125
9200 0.559375
9300 0.525
9400 0.48125002
9500 0.565625
9600 0.59375006
9700 0.5687501
9800 0.6
9900 0.53125
10000 0.528125
10100 0.5625
10200 0.603125
10300 0.6
10400 0.52812505
10500 0.521875
10600 0.5562501
10700 0.534375
10800 0.6187499
10900 0.603125
11000 0.540625
11100 0.55937505
11200 0.50624996
11300 0.50312495
11400 0.52500004
11500 0.51250005
11600 0.55312496
11700 0.51875
11800 0.5
11900 0.56874996
12000 0.5656251
12100 0.509375
12200 0.52500004
12300 0.57812506
12400 0.53437495
12500 0.47187498
12600 0.55937505
12700 0.578125
12800 0.534375
12900 0.55
13000 0.49062496
13100 0.540625
13200 0.61249995
13300 0.51874995
13400 0.5500001
13500 0.55312496
13600 0.553125
13700 0.5375
13800 0.515625
13900 0.51875
14000 0.584375
14100 0.534375
14200 0.528125
14300 0.58125
14400 0.52812505
14500 0.521875
14600 0.571875
14700 0.578125
14800 0.559375
14900 0.55312496
15000 0.5375
15100 0.5375
15200 0.60625005
15300 0.590625
15400 0.540625
15500 0.51875
15600 0.57187504
15700 0.55
15800 0.503125
15900 0.53125
16000 0.584375
16100 0.58750004
16200 0.534375
16300 0.46875
16400 0.565625
16500 0.571875
16600 0.584375
16700 0.53125
16800 0.54999995
16900 0.49062502
17000 0.565625
17100 0.58125
17200 0.553125
17300 0.525
17400 0.546875
17500 0.56250006
17600 0.62812495
17700 0.5875
17800 0.50625
17900 0.540625
18000 0.60312504
18100 0.51562506
18200 0.571875
18300 0.51874995
18400 0.54687494
18500 0.6125
18600 0.50937504
18700 0.55
18800 0.58125
18900 0.60312504
19000 0.55625
19100 0.55
19200 0.59062505
19300 0.55937505
19400 0.53749996
19500 0.546875
19600 0.559375
19700 0.571875
19800 0.596875
19900 0.621875
20000 0.546875
20100 0.56875
20200 0.528125
20300 0.56875
20400 0.57812494
20500 0.55
20600 0.53125006
20700 0.58125
20800 0.54375
20900 0.5375
21000 0.59375
21100 0.59062505
21200 0.53749996
21300 0.54687506
21400 0.5500001
21500 0.615625
21600 0.509375
21700 0.603125
21800 0.5625
21900 0.584375
22000 0.57187504
22100 0.54375005
22200 0.58125
22300 0.55625
22400 0.546875
22500 0.56562495
22600 0.6
22700 0.540625
22800 0.55625
22900 0.534375
23000 0.471875
23100 0.59375
23200 0.55625
23300 0.55
23400 0.625
23500 0.590625
23600 0.521875
23700 0.54062504
23800 0.546875
23900 0.553125
24000 0.53125
24100 0.57812494
24200 0.5812501
24300 0.58125
24400 0.521875
24500 0.63125
24600 0.5625
24700 0.546875
24800 0.525
24900 0.528125
25000 0.5875
25100 0.55625004
25200 0.565625
25300 0.609375
25400 0.59062505
25500 0.55625004
25600 0.565625
25700 0.51250005
25800 0.56875
25900 0.546875
26000 0.534375
26100 0.58125
26200 0.55625
26300 0.559375
26400 0.53125
26500 0.55625004
26600 0.5500001
26700 0.55
26800 0.58125
26900 0.54375
27000 0.55625004
27100 0.65000004
27200 0.578125
27300 0.63437504
27400 0.55312496
27500 0.575
27600 0.525
27700 0.5812501
27800 0.578125
27900 0.571875
28000 0.578125
28100 0.575
28200 0.484375
28300 0.56562495
28400 0.49374998
28500 0.54999995
28600 0.515625
28700 0.609375
28800 0.559375
28900 0.46562502
29000 0.54375
29100 0.55625
29200 0.56874996
29300 0.53125
29400 0.5906249
29500 0.546875
29600 0.52500004
29700 0.64062494
29800 0.58750004
29900 0.575
30000 0.546875
30100 0.584375
30200 0.553125
30300 0.553125
30400 0.515625
30500 0.52187496
30600 0.54375
30700 0.54062504
30800 0.50625
30900 0.5375
31000 0.51874995
31100 0.553125
31200 0.546875
31300 0.55
31400 0.565625
31500 0.596875
31600 0.56562495
31700 0.58750004
31800 0.55937505
31900 0.540625
32000 0.51875
32100 0.5125
32200 0.53125
32300 0.58125
32400 0.578125
32500 0.62500006
32600 0.565625
32700 0.53749996
32800 0.51250005
32900 0.54375
33000 0.5875
33100 0.528125
33200 0.565625
33300 0.546875
33400 0.54062504
33500 0.55937505
33600 0.565625
33700 0.528125
33800 0.57812494
33900 0.55937505
34000 0.5375
34100 0.57187504
34200 0.603125
34300 0.571875
34400 0.59062505
34500 0.58125
34600 0.53437495
34700 0.56250006
34800 0.57812494
34900 0.59374994
35000 0.575
35100 0.59999996
35200 0.5843751
35300 0.59687495
35400 0.575
35500 0.603125
35600 0.58437496
35700 0.56875
35800 0.54375005
35900 0.521875
36000 0.55
36100 0.61875004
36200 0.54375
36300 0.56875
36400 0.528125
36500 0.596875
36600 0.51250005
36700 0.60625005
36800 0.59374994
36900 0.571875
37000 0.6
37100 0.56874996
37200 0.640625
37300 0.546875
37400 0.5749999
37500 0.5875
37600 0.6
37700 0.534375
37800 0.584375
37900 0.56250006
38000 0.559375
38100 0.5375
38200 0.584375
38300 0.571875
38400 0.5875
38500 0.5187501
38600 0.521875
38700 0.54375
38800 0.521875
38900 0.525
39000 0.54687506
39100 0.61875004
39200 0.53125
39300 0.503125
39400 0.565625
39500 0.5625
39600 0.546875
39700 0.59375
39800 0.53749996
39900 0.54062504
40000 0.57187504
40100 0.5125
40200 0.575
40300 0.553125
40400 0.54375
40500 0.56874996
40600 0.55625004
40700 0.596875
40800 0.51562506
40900 0.55625004
41000 0.5375
41100 0.565625
