0 4.756825
100 4.1621585
200 3.1354651
300 2.5290873
400 2.515333
500 2.2551427
600 2.2442455
700 2.4159582
800 2.4362102
900 2.525325
1000 2.370365
1100 2.630269
1200 2.4220748
1300 2.5631084
1400 2.3033783
1500 2.2577467
1600 2.3523767
1700 2.5215528
1800 2.2191584
1900 2.233541
2000 2.2436438
2100 2.3434567
2200 2.377635
2300 2.072211
2400 2.184743
2500 2.5997639
2600 2.271397
2700 2.2098567
2800 2.3199122
2900 2.1487467
3000 2.3754911
3100 2.3926919
3200 2.2777371
3300 1.8863797
3400 2.2688842
3500 2.2933116
3600 2.3573742
3700 2.2979774
3800 2.3861938
3900 2.5104837
4000 2.2498071
4100 2.247942
4200 2.1571043
4300 1.9410883
4400 2.1709254
4500 2.2630644
4600 1.97539
4700 2.1486855
4800 1.8699144
4900 2.1546545
5000 1.8039874
5100 2.2473402
5200 2.5140266
5300 2.3853202
5400 2.2594013
5500 1.8925247
5600 2.2534938
5700 2.0935497
5800 2.2694147
5900 2.3364928
6000 2.4142501
6100 2.3506582
6200 2.3072567
6300 2.338637
6400 2.3648884
6500 2.18157
6600 1.9629885
6700 2.2067084
6800 2.364659
6900 2.0831807
7000 2.3205962
7100 2.1191711
7200 2.1489077
7300 2.3089066
7400 2.3648684
7500 2.3337076
7600 2.5448527
7700 2.0404117
7800 2.0316541
7900 2.2846947
8000 2.0601017
8100 2.1092029
8200 2.2383032
8300 2.1264794
8400 2.0570445
8500 2.3017147
8600 1.9671664
8700 2.1468961
8800 2.4053776
8900 2.2430985
9000 2.1975753
9100 2.263281
9200 2.2535968
9300 2.209458
9400 2.4635668
9500 2.090835
9600 1.9939084
9700 1.9087635
9800 2.0113587
9900 2.3023498
10000 2.2586014
10100 2.1187568
10200 1.8721197
10300 1.8334174
10400 2.2175894
10500 2.4725873
10600 2.1366103
10700 2.2367032
10800 1.8899946
10900 2.0288396
11000 2.0766761
11100 2.1720412
11200 2.2054062
11300 2.3708167
11400 2.297228
11500 2.2577832
11600 2.2131095
11700 2.22659
11800 2.3378017
11900 2.1570263
12000 2.0371888
12100 2.1415303
12200 2.0268378
12300 1.9927512
12400 2.1963017
12500 2.349746
12600 2.167079
12700 1.919372
12800 2.2703755
12900 2.3288145
13000 2.4073977
13100 2.273675
13200 1.8633034
13300 2.3455544
13400 2.219108
13500 2.156783
13600 2.0962296
13700 2.226048
13800 2.186021
13900 2.1941159
14000 2.0162048
14100 2.1350863
14200 2.3071659
14300 2.0000093
14400 2.253258
14500 2.4754755
14600 2.141989
14700 2.0210578
14800 2.0784981
14900 2.0909662
15000 2.152016
15100 2.1145792
15200 1.808939
15300 2.0621376
15400 2.2527199
15500 2.3794572
15600 2.109293
15700 2.1068149
15800 2.5332844
15900 2.2319427
16000 1.988117
16100 2.1348727
16200 2.290711
16300 2.6291592
16400 2.1189215
16500 2.084341
16600 2.0345623
16700 2.2717917
16800 2.0702605
16900 2.2569005
17000 2.0675054
17100 2.051372
17200 2.1238132
17300 2.1300066
17400 2.1062357
17500 1.8980644
17600 1.7948112
17700 2.0055358
17800 2.1493328
17900 2.1722825
18000 2.0990338
18100 2.3178828
18200 2.0634184
18300 2.3085988
18400 2.200745
18500 1.8701943
18600 2.1921365
18700 2.2135541
18800 2.0017512
18900 1.8468089
19000 1.9817306
19100 2.1199298
19200 2.0270834
19300 2.2171443
19400 2.135445
19500 2.2066412
19600 2.0925412
19700 2.0007563
19800 1.8281152
19900 1.9195758
20000 2.3206875
20100 2.059804
20200 2.1455839
20300 1.9051743
20400 1.9438795
20500 2.0856242
20600 2.1672938
20700 1.8395197
20800 2.0760698
20900 2.1513948
21000 1.967504
21100 2.1118166
21200 2.1329253
21300 2.119699
21400 2.0633996
21500 1.815544
21600 2.2187636
21700 1.868648
21800 2.001175
21900 1.9443246
22000 2.1375592
22100 2.0606372
22200 2.0796034
22300 2.0518422
22400 2.1832056
22500 1.9562454
22600 1.9469001
22700 2.1183076
22800 1.967335
22900 2.2458396
23000 2.4478207
23100 1.8873129
23200 2.2023585
23300 2.1208408
23400 1.7927336
23500 1.8807472
23600 2.2445204
23700 2.0501146
23800 2.0879722
23900 2.0022655
24000 2.2374792
24100 2.1030557
24200 1.9716752
24300 2.0122101
24400 2.2936296
24500 1.752638
24600 2.0571005
24700 1.9822935
24800 2.0934737
24900 2.1406653
25000 1.9876415
25100 2.093755
25200 2.000807
25300 1.8525966
25400 1.912391
25500 2.1153202
25600 2.0897443
25700 2.2652476
25800 2.023894
25900 2.1007042
26000 2.191341
26100 2.011895
26200 2.067744
26300 2.059625
26400 2.1121364
26500 1.9887117
26600 2.2179725
26700 2.0814183
26800 1.9503512
26900 2.1531208
27000 2.1152058
27100 1.8479481
27200 2.08797
27300 1.9021506
27400 2.1698308
27500 2.002949
27600 2.2306106
27700 1.9829904
27800 2.1126513
27900 1.9952922
28000 1.950975
28100 2.0781987
28200 2.3231368
28300 1.9244401
28400 2.5261352
28500 2.0138075
28600 2.1516774
28700 1.9260062
28800 2.259395
28900 2.4923215
29000 1.9970385
29100 2.1432295
29200 1.9735109
29300 2.0997646
29400 1.8872508
29500 2.1841934
29600 2.1553566
29700 1.7430413
29800 2.0812967
29900 1.9698764
30000 2.1863184
30100 1.8599144
30200 2.1491945
30300 1.9459522
30400 2.351786
30500 2.1186323
30600 2.0677564
30700 2.2323778
30800 2.451822
30900 1.9809433
31000 2.308583
31100 2.01005
31200 2.1392584
31300 2.2035635
31400 2.0087197
31500 2.0041623
31600 2.1259444
31700 1.9426892
31800 2.095208
31900 2.0190222
32000 2.1974838
32100 2.272831
32200 2.1757252
32300 1.9632154
32400 1.9867063
32500 1.8307686
32600 1.8818916
32700 2.3142211
32800 2.2038639
32900 2.1235144
33000 1.8057845
33100 2.1691117
33200 1.8807393
33300 2.1212392
33400 2.070503
33500 2.166229
33600 2.1176224
33700 2.2381988
33800 1.9896635
33900 2.0167515
34000 2.0793777
34100 1.9782858
34200 1.9708601
34300 1.9803793
34400 1.8963288
34500 1.9785626
34600 2.1406953
34700 2.0648217
34800 2.0000541
34900 1.9677163
35000 2.0312688
35100 1.888579
35200 1.9524527
35300 1.8523897
35400 2.1006615
35500 1.8583527
35600 1.8693542
35700 1.988516
35800 2.0696483
35900 2.2893093
36000 2.079558
36100 1.828727
36200 2.031126
36300 1.9828382
36400 2.1888375
36500 1.9101907
36600 2.2848306
36700 1.8781338
36800 1.7978885
36900 1.8800493
37000 1.8600819
37100 1.9574203
37200 1.7312957
37300 2.0465279
37400 1.9545833
37500 1.979781
37600 1.8645914
37700 2.178333
37800 1.798212
37900 1.9611765
38000 2.07896
38100 2.3062513
38200 2.142334
38300 1.9913969
38400 2.0383396
38500 2.196587
38600 2.3112655
38700 2.2146459
38800 2.4316955
38900 2.2880335
39000 2.1053412
39100 1.8356766
39200 2.2394938
39300 2.239999
39400 2.22739
39500 2.182487
39600 2.092682
39700 1.9121231
39800 2.1789074
39900 2.1685898
40000 2.0598204
40100 2.2909837
40200 2.0649407
40300 2.0853283
40400 2.1251974
40500 1.9286059
40600 2.1361027
40700 1.9113158
40800 2.3231854
40900 2.085268
41000 2.1434531
41100 2.0478427
