0 3.2971797
100 2.8849883
200 2.173339
300 1.7530297
400 1.743496
500 1.5631459
600 1.5555925
700 1.6746147
800 1.6886523
900 1.750422
1000 1.6430117
1100 1.8231635
1200 1.6788543
1300 1.7766114
1400 1.5965803
1500 1.5649508
1600 1.6305434
1700 1.7478071
1800 1.5382035
1900 1.5481726
2000 1.5551753
2100 1.6243604
2200 1.648051
2300 1.4363472
2400 1.5143484
2500 1.802019
2600 1.5744126
2700 1.531756
2800 1.6080406
2900 1.4893978
3000 1.646565
3100 1.6584876
3200 1.5788071
3300 1.3075387
3400 1.5726707
3500 1.5896025
3600 1.6340073
3700 1.5928366
3800 1.6539835
3900 1.7401347
4000 1.5594475
4100 1.5581546
4200 1.4951907
4300 1.3454599
4400 1.5047708
4500 1.5686368
4600 1.369236
4700 1.4893553
4800 1.2961259
4900 1.4934927
5000 1.2504288
5100 1.5577376
5200 1.7425904
5300 1.6533779
5400 1.5660977
5500 1.3117982
5600 1.5620029
5700 1.4511381
5800 1.5730385
5900 1.6195334
6000 1.6734307
6100 1.6293521
6200 1.5992686
6300 1.6210197
6400 1.6392158
6500 1.5121491
6600 1.3606399
6700 1.5295737
6800 1.6390568
6900 1.4439509
7000 1.6085148
7100 1.4688976
7200 1.4895093
7300 1.600412
7400 1.6392019
7500 1.6176028
7600 1.7639575
7700 1.4143057
7800 1.4082353
7900 1.5836297
8000 1.4279537
8100 1.4619881
8200 1.5514735
8300 1.4739631
8400 1.4258347
8500 1.595427
8600 1.3635359
8700 1.4881151
8800 1.6672807
8900 1.5547974
9000 1.5232432
9100 1.5687869
9200 1.5620742
9300 1.5314796
9400 1.7076144
9500 1.4492564
9600 1.382072
9700 1.3230541
9800 1.3941677
9900 1.5958673
10000 1.5655432
10100 1.4686103
10200 1.2976545
10300 1.2708281
10400 1.5371158
10500 1.713867
10600 1.4809854
10700 1.5503645
10800 1.3100444
10900 1.4062845
11000 1.4394422
11100 1.5055442
11200 1.5286711
11300 1.6433249
11400 1.5923171
11500 1.564976
11600 1.5340106
11700 1.5433545
11800 1.6204407
11900 1.4951366
12000 1.4120716
12100 1.4843957
12200 1.404897
12300 1.3812699
12400 1.5223603
12500 1.6287198
12600 1.5021048
12700 1.3304073
12800 1.5737044
12900 1.6142112
13000 1.6686809
13100 1.5759914
13200 1.2915435
13300 1.6258144
13400 1.5381685
13500 1.4949682
13600 1.4529955
13700 1.5429789
13800 1.5152344
13900 1.5208452
14000 1.3975266
14100 1.4799291
14200 1.5992055
14300 1.3863008
14400 1.5618395
14500 1.715869
14600 1.4847136
14700 1.4008906
14800 1.4407051
14900 1.4493474
15000 1.4916637
15100 1.4657147
15200 1.253861
15300 1.4293649
15400 1.5614665
15500 1.649314
15600 1.4620504
15700 1.4603328
15800 1.755939
15900 1.5470648
16000 1.3780577
16100 1.4797809
16200 1.5877998
16300 1.8223944
16400 1.4687245
16500 1.4447551
16600 1.4102511
16700 1.574686
16800 1.4349953
16900 1.5643643
17000 1.4330854
17100 1.4219028
17200 1.4721152
17300 1.476408
17400 1.4599314
17500 1.315638
17600 1.2440684
17700 1.3901316
17800 1.489804
17900 1.5057114
18000 1.4549394
18100 1.6066339
18200 1.4302527
18300 1.6001987
18400 1.5254402
18500 1.29632
18600 1.5194732
18700 1.5343188
18800 1.3875082
18900 1.2801104
19000 1.373631
19100 1.4694234
19200 1.4050672
19300 1.5368073
19400 1.4801778
19500 1.5295272
19600 1.4504391
19700 1.3868186
19800 1.2671529
19900 1.3305485
20000 1.608578
20100 1.4277472
20200 1.4872054
20300 1.3205662
20400 1.3473946
20500 1.4456445
20600 1.5022537
20700 1.2750579
20800 1.439022
20900 1.4912333
21000 1.3637699
21100 1.4637997
21200 1.4784312
21300 1.4692633
21400 1.4302396
21500 1.2584392
21600 1.5379298
21700 1.2952482
21800 1.3871088
21900 1.3477031
22000 1.4816432
22100 1.4283248
22200 1.4414712
22300 1.4222287
22400 1.5132829
22500 1.355966
22600 1.3494884
22700 1.4682989
22800 1.3636527
22900 1.5566974
23000 1.6967
23100 1.3081856
23200 1.5265586
23300 1.4700549
23400 1.2426282
23500 1.3036346
23600 1.555783
23700 1.4210312
23800 1.4472721
23900 1.3878646
24000 1.5509024
24100 1.4577271
24200 1.3666611
24300 1.3947577
24400 1.5898229
24500 1.2148361
24600 1.4258734
24700 1.3740212
24800 1.4510854
24900 1.4837961
25000 1.3777281
25100 1.4512804
25200 1.3868538
25300 1.2841221
25400 1.3255684
25500 1.4662282
25600 1.4485004
25700 1.5701499
25800 1.4028565
25900 1.4560971
26000 1.5189219
26100 1.3945392
26200 1.4332509
26300 1.4276233
26400 1.4640214
26500 1.37847
26600 1.5373814
26700 1.4427292
26800 1.3518804
26900 1.4924296
27000 1.4661489
27100 1.2809
27200 1.4472705
27300 1.3184704
27400 1.5040121
27500 1.3883384
27600 1.5461414
27700 1.3745042
27800 1.4643784
27900 1.3830311
28000 1.3523128
28100 1.4404975
28200 1.6102757
28300 1.3339202
28400 1.7509835
28500 1.395865
28600 1.4914291
28700 1.3350058
28800 1.5660932
28900 1.7275456
29000 1.3842416
29100 1.4855734
29200 1.3679335
29300 1.4554459
29400 1.3081425
29500 1.5139675
29600 1.4939795
29700 1.2081841
29800 1.442645
29900 1.3654143
30000 1.5154405
30100 1.2891945
30200 1.4897081
30300 1.3488313
30400 1.6301337
30500 1.4685241
30600 1.4332595
30700 1.5473664
30800 1.6994736
30900 1.3730853
31000 1.6001878
31100 1.3932606
31200 1.482821
31300 1.5273938
31400 1.3923384
31500 1.3891795
31600 1.4735923
31700 1.3465695
31800 1.4522876
31900 1.3994796
32000 1.5231797
32100 1.5754063
32200 1.5080978
32300 1.3607972
32400 1.3770798
32500 1.2689921
32600 1.3044279
32700 1.6040958
32800 1.527602
32900 1.4719081
33000 1.2516744
33100 1.5035137
33200 1.3036292
33300 1.470331
33400 1.4351634
33500 1.5015155
33600 1.467824
33700 1.5514011
33800 1.3791296
33900 1.3979057
34000 1.4413147
34100 1.3712432
34200 1.3660961
34300 1.3726944
34400 1.314435
34500 1.371435
34600 1.483817
34700 1.4312253
34800 1.3863319
34900 1.363917
35000 1.4079683
35100 1.3090632
35200 1.353337
35300 1.2839787
35400 1.4560676
35500 1.2881119
35600 1.2957376
35700 1.3783343
35800 1.4345708
35900 1.5868282
36000 1.4414396
36100 1.2675769
36200 1.4078693
36300 1.3743987
36400 1.5171866
36500 1.3240433
36600 1.5837239
36700 1.3018231
36800 1.2462014
36900 1.3031509
37000 1.2893106
37100 1.3567804
37200 1.2000427
37300 1.418545
37400 1.3548139
37500 1.3722796
37600 1.2924362
37700 1.5099055
37800 1.2464256
37900 1.359384
38000 1.4410253
38100 1.5985715
38200 1.4849527
38300 1.3803312
38400 1.4128693
38500 1.5225582
38600 1.6020471
38700 1.5350755
38800 1.6855228
38900 1.5859439
39000 1.4593114
39100 1.2723941
39200 1.5522988
39300 1.552649
39400 1.5439092
39500 1.5127847
39600 1.4505365
39700 1.3253827
39800 1.5103035
39900 1.5031519
40000 1.4277587
40100 1.5879889
40200 1.4313078
40300 1.4454395
40400 1.4730747
40500 1.3368077
40600 1.4806336
40700 1.3248231
40800 1.6103095
40900 1.4453977
41000 1.4857285
41100 1.4194565
