0 26.998615
100 18.594473
200 9.910782
300 8.619352
400 7.8902087
500 7.080386
600 7.144404
700 7.565358
800 7.310211
900 7.5202074
1000 6.6211185
1100 7.390322
1200 7.493192
1300 6.8606067
1400 7.0474396
1500 6.8622303
1600 6.939945
1700 7.0327835
1800 6.7476296
1900 6.4965506
2000 6.8322825
2100 6.821422
2200 6.646229
2300 6.2040176
2400 6.58365
2500 7.4091873
2600 6.3665504
2700 6.8992934
2800 6.510169
2900 6.394501
3000 6.7708235
3100 6.637258
3200 6.4803185
3300 6.131522
3400 6.7585955
3500 6.6355844
3600 6.2111316
3700 6.3254433
3800 7.0573297
3900 6.630951
4000 6.703797
4100 6.644215
4200 6.4206967
4300 6.4785266
4400 6.450341
4500 6.5407515
4600 5.8056197
4700 6.2325315
4800 6.2244544
4900 6.262232
5000 6.256233
5100 6.5785794
5200 6.7586246
5300 6.726809
5400 6.2502866
5500 6.0210066
5600 6.4280796
5700 6.6879992
5800 6.3749733
5900 6.224926
6000 6.8544326
6100 6.7653193
6200 6.512075
6300 6.100785
6400 6.6363025
6500 6.2374196
6600 6.1449375
6700 6.6217375
6800 6.554578
6900 6.7440267
7000 6.7960277
7100 6.3821454
7200 6.491895
7300 6.5551805
7400 6.4584646
7500 6.2690234
7600 6.881249
7700 6.487462
7800 6.36531
7900 6.374054
8000 6.1761537
8100 6.2477326
8200 6.472236
8300 6.352566
8400 5.895669
8500 6.5213304
8600 6.4163857
8700 6.524193
8800 6.495868
8900 6.3531632
9000 6.431053
9100 6.030474
9200 6.347282
9300 6.7324624
9400 6.6211376
9500 6.1827416
9600 6.1642036
9700 6.058348
9800 6.034154
9900 6.624517
10000 6.5240226
10100 6.1315217
10200 6.248643
10300 5.689029
10400 6.576028
10500 6.6729937
10600 6.6829696
10700 6.638507
10800 5.893719
10900 6.670252
11000 6.1181407
11100 6.469148
11200 6.3850126
11300 6.4838133
11400 6.4595103
11500 6.610195
11600 6.102893
11700 6.63463
11800 6.3329897
11900 6.090597
12000 6.2850103
12100 6.276131
12200 5.815215
12300 6.235466
12400 6.227515
12500 6.80639
12600 6.087656
12700 5.7252617
12800 6.2502613
12900 6.282941
13000 6.8648868
13100 6.292365
13200 6.039871
13300 6.5325274
13400 6.256306
13500 6.4390836
13600 6.070126
13700 6.320671
13800 6.3142905
13900 6.1016965
14000 6.0265293
14100 6.216907
14200 6.81963
14300 6.2991953
14400 5.6225085
14500 6.4907827
14600 6.180663
14700 5.93392
14800 6.153904
14900 6.4701805
15000 6.469866
15100 5.6481676
15200 6.060897
15300 5.889828
15400 6.704884
15500 6.6992083
15600 6.139165
15700 6.3130007
15800 6.9171762
15900 6.8279476
16000 6.0206747
16100 6.083446
16200 6.166486
16300 7.266845
16400 6.169472
16500 6.6456017
16600 6.0202823
16700 6.440236
16800 6.6022377
16900 7.184972
17000 6.180222
17100 6.286642
17200 6.017564
17300 6.7045145
17400 6.652411
17500 5.9268537
17600 5.802701
17700 6.216012
17800 6.453541
17900 6.1576004
18000 6.0607386
18100 6.6317306
18200 6.100501
18300 6.5697527
18400 6.2843733
18500 6.0079494
18600 6.3365107
18700 6.1617494
18800 6.1756415
18900 5.745285
19000 6.175977
19100 6.402157
19200 6.3011003
19300 6.4059615
19400 6.6964626
19500 6.6850786
19600 5.7372794
19700 6.2618103
19800 5.826758
19900 6.542853
20000 6.829052
20100 6.4428144
20200 6.294332
20300 5.985262
20400 6.017767
20500 6.2888885
20600 6.461949
20700 6.2223487
20800 6.0900745
20900 6.6229973
21000 6.314182
21100 6.166063
21200 6.342866
21300 6.3492885
21400 6.4093547
21500 6.0542536
21600 6.6225443
21700 5.7875156
21800 6.286055
21900 5.96301
22000 6.4911995
22100 6.1264024
22200 6.218833
22300 6.3163533
22400 6.6215525
22500 6.141081
22600 6.1377907
22700 6.3633676
22800 6.2031455
22900 6.3305187
23000 6.2949023
23100 6.3010983
23200 6.7335725
23300 6.1495504
23400 5.6985598
23500 6.0256186
23600 6.469243
23700 6.2244987
23800 5.9733887
23900 6.298103
24000 6.2641754
24100 6.4275813
24200 6.27392
24300 6.414277
24400 6.1684833
24500 6.163082
24600 6.1633153
24700 6.182252
24800 6.383961
24900 6.4272375
25000 5.877031
25100 6.505005
25200 5.8283873
25300 5.685053
25400 5.878009
25500 6.35495
25600 6.163679
25700 6.2940326
25800 6.3777614
25900 6.490288
26000 6.400915
26100 6.156477
26200 5.8508887
26300 6.057543
26400 6.166338
26500 6.1287007
26600 6.195836
26700 6.3794456
26800 6.3249583
26900 6.1225257
27000 6.396657
27100 5.9105268
27200 6.1046824
27300 6.423607
27400 6.436248
27500 6.141693
27600 6.625799
27700 6.0753946
27800 5.7781153
27900 6.105364
28000 6.439795
28100 6.586255
28200 6.5461307
28300 6.026516
28400 7.1299706
28500 6.311747
28600 6.397169
28700 6.134498
28800 6.7615995
28900 7.002004
29000 6.0193543
29100 6.3297105
29200 6.560885
29300 6.2838135
29400 6.077425
29500 6.1503263
29600 5.953966
29700 6.095629
29800 6.3115106
29900 6.234009
30000 6.667933
30100 6.0018187
30200 6.0192475
30300 6.0719934
30400 6.4290247
30500 6.2044578
30600 6.347308
30700 6.681547
30800 6.511883
30900 5.983024
31000 6.267405
31100 6.008871
31200 6.4663033
31300 6.7683163
31400 6.1494617
31500 6.2065015
31600 6.0689487
31700 5.823532
31800 6.018135
31900 6.5763235
32000 6.362556
32100 6.147482
32200 6.256546
32300 5.8669443
32400 6.2922297
32500 5.6991215
32600 6.1811423
32700 6.6787457
32800 6.3390765
32900 6.064726
33000 5.9912686
33100 6.645159
33200 5.913982
33300 5.915691
33400 6.3519783
33500 6.2355223
33600 6.3009706
33700 6.714233
33800 5.900857
33900 5.8943663
34000 6.07218
34100 6.1557302
34200 6.0120316
34300 6.105822
34400 5.794977
34500 6.0147505
34600 6.3700323
34700 6.190942
34800 6.256476
34900 6.306322
35000 5.9837933
35100 5.8276625
35200 6.0894628
35300 6.0863233
35400 6.2733316
35500 5.7362504
35600 5.9515157
35700 5.61119
35800 6.449449
35900 5.800206
36000 5.9964967
36100 5.9258833
36200 6.04147
36300 6.0078425
36400 6.6879153
36500 6.0546255
36600 6.8045816
36700 5.762326
36800 5.677474
36900 6.0854373
37000 6.1239357
37100 6.0783463
37200 5.698672
37300 6.2252874
37400 5.9479322
37500 6.3733387
37600 6.087161
37700 6.0648527
37800 5.739136
37900 5.9645476
38000 6.0423665
38100 6.2813354
38200 6.1648474
38300 6.0924997
38400 6.122815
38500 6.474819
38600 6.428469
38700 6.364385
38800 6.428719
38900 6.404544
39000 6.004668
39100 5.6550097
39200 6.299016
39300 6.4077973
39400 6.022835
39500 5.885979
39600 6.391738
39700 5.9375224
39800 6.064256
39900 6.316579
40000 5.995293
40100 5.9277983
40200 6.02553
40300 6.378124
40400 6.523775
40500 6.1599765
40600 6.4745064
40700 6.051065
40800 6.2772117
40900 6.137225
41000 6.29275
41100 5.8552246
