0 0.1875
100 0.34375
200 0.46875
300 0.375
400 0.40625
500 0.5
600 0.4375
700 0.5
800 0.5
900 0.46875
1000 0.375
1100 0.53125
1200 0.53125
1300 0.53125
1400 0.4375
1500 0.28125
1600 0.5625
1700 0.59375
1800 0.5
1900 0.40625
2000 0.40625
2100 0.53125
2200 0.75
2300 0.6875
2400 0.59375
2500 0.5625
2600 0.5625
2700 0.5
2800 0.46875
2900 0.5
3000 0.59375
3100 0.65625
3200 0.5625
3300 0.40625
3400 0.4375
3500 0.65625
3600 0.71875
3700 0.5625
3800 0.71875
3900 0.5
4000 0.59375
4100 0.625
4200 0.5
4300 0.375
4400 0.71875
4500 0.5
4600 0.53125
4700 0.625
4800 0.5
4900 0.59375
5000 0.53125
5100 0.53125
5200 0.59375
5300 0.625
5400 0.625
5500 0.71875
5600 0.6875
5700 0.53125
5800 0.625
5900 0.5625
6000 0.53125
6100 0.6875
6200 0.65625
6300 0.65625
6400 0.6875
6500 0.4375
6600 0.59375
6700 0.46875
6800 0.75
6900 0.625
7000 0.65625
7100 0.65625
7200 0.75
7300 0.625
7400 0.625
7500 0.59375
7600 0.71875
7700 0.625
7800 0.59375
7900 0.59375
8000 0.59375
8100 0.875
8200 0.5625
8300 0.59375
8400 0.84375
8500 0.6875
8600 0.5625
8700 0.4375
8800 0.53125
8900 0.5625
9000 0.625
9100 0.5
9200 0.625
9300 0.78125
9400 0.71875
9500 0.71875
9600 0.75
9700 0.78125
9800 0.625
9900 0.46875
10000 0.75
10100 0.625
10200 0.71875
10300 0.59375
10400 0.71875
10500 0.6875
10600 0.65625
10700 0.53125
10800 0.625
10900 0.6875
11000 0.78125
11100 0.5625
11200 0.8125
11300 0.6875
11400 0.71875
11500 0.5625
11600 0.6875
11700 0.75
11800 0.65625
11900 0.78125
12000 0.65625
12100 0.71875
12200 0.6875
12300 0.75
12400 0.6875
12500 0.65625
12600 0.71875
12700 0.6875
12800 0.5625
12900 0.625
13000 0.71875
13100 0.75
13200 0.40625
13300 0.6875
13400 0.6875
13500 0.8125
13600 0.84375
13700 0.65625
13800 0.65625
13900 0.625
14000 0.65625
14100 0.625
14200 0.59375
14300 0.84375
14400 0.75
14500 0.65625
14600 0.59375
14700 0.71875
14800 0.625
14900 0.65625
15000 0.78125
15100 0.625
15200 0.71875
15300 0.75
15400 0.6875
15500 0.75
15600 0.6875
15700 0.59375
