0 2.343851
100 1.8546283
200 1.5393107
300 1.6348624
400 1.7387657
500 1.4280645
600 1.7271918
700 1.6414806
800 1.4050269
900 1.60056
1000 1.6446152
1100 1.2901602
1200 1.1722608
1300 1.2920718
1400 1.5514888
1500 1.9624081
1600 1.4740357
1700 1.0040954
1800 1.3342955
1900 1.6125507
2000 1.5369486
2100 1.1639265
2200 1.1528164
2300 0.96693534
2400 1.2309028
2500 1.2662737
2600 1.0763705
2700 1.3959112
2800 1.3411181
2900 1.2420638
3000 1.5915385
3100 1.017493
3200 1.3712764
3300 1.332306
3400 1.3574516
3500 1.1866868
3600 0.910501
3700 1.3004841
3800 0.95926154
3900 1.4162033
4000 1.0657881
4100 1.2427629
4200 1.4316242
4300 1.6407179
4400 0.98557
4500 1.6120944
4600 1.0593916
4700 1.1599708
4800 1.3124297
4900 1.2911352
5000 1.0653667
5100 1.6283258
5200 1.2774639
5300 1.0763861
5400 1.0414772
5500 0.90253097
5600 1.1374642
5700 1.2881577
5800 1.2783813
5900 1.138076
6000 1.8506314
6100 1.022536
6200 1.0826368
6300 0.9274324
6400 1.0464244
6500 1.5002552
6600 1.2831697
6700 1.2195418
6800 0.9645003
6900 1.1832576
7000 0.98737466
7100 1.1280794
7200 0.9894202
7300 1.0695666
7400 0.935844
7500 1.1837348
7600 0.90996027
7700 1.1092504
7800 1.0657818
7900 1.1420283
8000 1.0241858
8100 0.8554496
8200 1.0261714
8300 0.8849335
8400 0.8877784
8500 0.85719854
8600 1.2408657
8700 1.4439322
8800 1.1445794
8900 1.0490978
9000 0.85676193
9100 1.1255827
9200 1.3929348
9300 0.87227625
9400 1.0558126
9500 0.97246146
9600 0.8521801
9700 0.86910474
9800 1.13659
9900 1.2706254
10000 0.9351521
10100 1.0958712
10200 0.79141676
10300 1.0689578
10400 0.9647762
10500 0.85985684
10600 0.9284565
10700 1.4096142
10800 1.2558811
10900 0.8493201
11000 1.0144908
11100 1.202709
11200 0.77490497
11300 0.9488926
11400 0.89588785
11500 1.3014433
11600 0.84860045
11700 0.98263526
11800 0.79521364
11900 0.81235915
12000 0.7558929
12100 0.68935573
12200 0.9424683
12300 0.7180141
12400 0.7756842
12500 1.0166345
12600 0.781258
12700 1.0085318
12800 1.2553134
12900 1.1621892
13000 0.88733196
13100 1.0622125
13200 1.4032054
13300 0.99604356
13400 0.8967315
13500 0.809826
13600 0.7498949
13700 1.0273454
13800 0.8174069
13900 0.84468937
14000 0.93561447
14100 1.1011243
14200 0.9255428
14300 0.6043045
14400 0.69334275
14500 1.0408136
14600 0.91434026
14700 0.8042914
14800 0.889843
14900 1.20069
15000 0.803467
15100 1.2141448
15200 0.98332417
15300 0.69898295
15400 1.2650472
15500 0.7489222
15600 0.8655659
15700 1.1298449
