0 9.507889
100 5.6285014
200 5.3458576
300 4.667058
400 5.552804
500 5.2188077
600 4.808663
700 4.8218975
800 5.420966
900 4.2675653
1000 4.78297
1100 3.8745646
1200 4.088102
1300 4.952409
1400 4.4333763
1500 5.0279217
1600 4.8799253
1700 3.9357514
1800 4.217271
1900 4.258031
2000 4.316188
2100 4.128248
2200 4.4971213
2300 4.215741
2400 4.377803
2500 4.638556
2600 4.074545
2700 4.774479
2800 4.1325784
2900 4.1343412
3000 4.289174
3100 4.304529
3200 4.245234
3300 4.142299
3400 5.0174923
3500 4.509547
3600 4.059043
3700 4.027646
3800 3.90344
3900 4.69321
4000 4.0844064
4100 4.1267242
4200 4.2739735
4300 4.1171203
4400 3.7207727
4500 4.5590286
4600 3.9962273
4700 4.3256907
4800 4.081801
4900 3.9471297
5000 4.09397
5100 4.3822823
5200 4.067268
5300 4.264559
5400 3.740729
5500 3.4665802
5600 3.8794475
5700 4.011929
5800 4.418998
5900 3.7198982
6000 3.9526467
6100 3.7500935
6200 3.2956371
6300 3.8656726
6400 3.493482
6500 4.433074
6600 3.582601
6700 4.232588
6800 3.8825336
6900 3.7990973
7000 3.679955
7100 3.851076
7200 3.7491212
7300 3.6587605
7400 3.7565591
7500 3.9202392
7600 3.7134087
7700 3.5339122
7800 3.9809604
7900 3.3091211
8000 3.8069797
8100 3.327693
8200 3.4035213
8300 3.7341845
8400 3.9128907
8500 3.2973943
8600 4.156616
8700 3.2128673
8800 3.7862964
8900 3.4300303
9000 3.401528
9100 3.4176772
9200 3.753627
9300 3.9312468
9400 3.5925064
9500 3.5146003
9600 3.4015086
9700 3.7834327
9800 4.271892
9900 3.5873876
10000 3.679565
10100 3.9835963
10200 3.434719
10300 3.8350053
10400 3.9768882
10500 2.9160857
10600 2.9731317
10700 3.7441158
10800 3.3333855
10900 3.4091187
11000 3.3866386
11100 3.7133431
11200 3.5177536
11300 3.3891387
11400 3.7412078
11500 3.7828045
11600 3.4259489
11700 3.8615618
11800 3.6639814
11900 3.405356
12000 3.0768814
12100 2.8095732
12200 3.3130054
12300 2.9501839
12400 3.5115144
12500 3.8158937
12600 3.1290908
12700 3.6128063
12800 3.843402
12900 3.7989888
13000 3.2178879
13100 3.2544515
13200 4.044345
13300 3.556509
13400 3.7139087
13500 3.4888458
13600 3.3900788
13700 3.6891925
13800 3.1094286
13900 3.4722419
14000 3.7441876
14100 3.2928348
14200 3.411582
14300 3.0801852
14400 3.3673105
14500 3.704412
14600 3.2634366
14700 3.2054043
14800 3.737348
14900 3.231633
15000 3.735489
15100 3.0654354
15200 3.384105
15300 2.7950852
15400 3.3938322
15500 3.008454
15600 3.308246
15700 3.3465323
