0 0.03125
100 0.375
200 0.1875
300 0.375
400 0.46875
500 0.53125
600 0.53125
700 0.53125
800 0.40625
900 0.46875
1000 0.34375
1100 0.5
1200 0.46875
1300 0.46875
1400 0.40625
1500 0.59375
1600 0.625
1700 0.4375
1800 0.53125
1900 0.625
2000 0.6875
2100 0.375
2200 0.59375
2300 0.5625
2400 0.46875
2500 0.46875
2600 0.5625
2700 0.5625
2800 0.53125
2900 0.53125
3000 0.625
3100 0.65625
3200 0.6875
3300 0.5625
3400 0.46875
3500 0.65625
3600 0.46875
3700 0.59375
3800 0.625
3900 0.5
4000 0.5625
4100 0.78125
4200 0.625
4300 0.53125
4400 0.65625
4500 0.5625
4600 0.65625
4700 0.6875
4800 0.40625
4900 0.5
5000 0.59375
5100 0.65625
5200 0.71875
5300 0.65625
5400 0.5625
5500 0.53125
5600 0.625
5700 0.71875
5800 0.59375
5900 0.78125
6000 0.6875
6100 0.75
6200 0.53125
6300 0.5625
6400 0.53125
6500 0.71875
6600 0.6875
6700 0.6875
6800 0.78125
6900 0.71875
7000 0.5625
7100 0.59375
7200 0.53125
7300 0.625
7400 0.4375
7500 0.5
7600 0.59375
7700 0.65625
7800 0.71875
7900 0.65625
8000 0.78125
8100 0.78125
8200 0.46875
8300 0.625
8400 0.46875
8500 0.59375
8600 0.6875
8700 0.65625
8800 0.59375
8900 0.71875
9000 0.53125
9100 0.6875
9200 0.59375
9300 0.59375
9400 0.53125
9500 0.75
9600 0.65625
9700 0.625
9800 0.78125
9900 0.625
10000 0.625
10100 0.6875
10200 0.71875
10300 0.53125
10400 0.84375
10500 0.5
10600 0.59375
10700 0.5625
10800 0.84375
10900 0.65625
11000 0.625
11100 0.75
11200 0.6875
11300 0.5625
11400 0.75
11500 0.75
11600 0.625
11700 0.75
11800 0.6875
11900 0.625
12000 0.71875
12100 0.8125
12200 0.75
12300 0.6875
12400 0.53125
12500 0.84375
12600 0.78125
12700 0.625
12800 0.71875
12900 0.71875
13000 0.65625
13100 0.875
13200 0.65625
13300 0.625
13400 0.6875
13500 0.78125
13600 0.625
13700 0.75
13800 0.71875
13900 0.875
14000 0.71875
14100 0.75
14200 0.78125
14300 0.625
14400 0.59375
14500 0.78125
14600 0.8125
14700 0.71875
14800 0.53125
14900 0.8125
15000 0.65625
15100 0.71875
15200 0.65625
15300 0.71875
15400 0.59375
15500 0.71875
15600 0.53125
15700 0.78125
15800 0.71875
15900 0.53125
16000 0.6875
16100 0.75
16200 0.625
16300 0.8125
16400 0.75
16500 0.8125
16600 0.625
16700 0.75
16800 0.75
16900 0.65625
17000 0.5625
17100 0.75
17200 0.65625
17300 0.78125
17400 0.71875
17500 0.71875
17600 0.875
17700 0.78125
17800 0.875
17900 0.625
18000 0.75
18100 0.6875
18200 0.75
18300 0.71875
18400 0.6875
18500 0.78125
18600 0.65625
18700 0.78125
18800 0.75
18900 0.8125
19000 0.71875
19100 0.71875
19200 0.84375
19300 0.75
19400 0.78125
19500 0.75
19600 0.71875
19700 0.8125
19800 0.75
19900 0.71875
20000 0.75
20100 0.65625
20200 0.53125
20300 0.75
20400 0.84375
20500 0.75
20600 0.78125
20700 0.75
20800 0.78125
20900 0.75
21000 0.78125
21100 0.84375
21200 0.65625
21300 0.75
21400 0.6875
21500 0.6875
21600 0.71875
21700 0.75
21800 0.90625
21900 0.6875
22000 0.6875
22100 0.78125
22200 0.84375
22300 0.8125
22400 0.8125
22500 0.875
22600 0.71875
22700 0.84375
22800 0.6875
22900 0.875
23000 0.8125
23100 0.90625
23200 0.71875
23300 0.78125
23400 0.90625
23500 0.84375
23600 0.75
23700 0.8125
23800 0.75
23900 0.875
24000 0.75
24100 0.84375
24200 0.875
24300 0.78125
24400 0.75
24500 0.75
24600 0.6875
24700 0.59375
24800 0.71875
24900 0.71875
25000 0.75
25100 0.78125
25200 0.6875
