0 3.4067972
100 2.6224785
200 3.4822283
300 2.2972813
400 2.4060075
500 1.9904653
600 2.0772793
700 2.0456593
800 2.1337159
900 2.0339553
1000 2.5993974
1100 1.7564822
1200 1.8400617
1300 1.937844
1400 2.51649
1500 1.9135901
1600 1.8630569
1700 2.2325256
1800 1.7763455
1900 2.0062492
2000 1.5419428
2100 2.5461116
2200 1.7769736
2300 1.8584788
2400 2.1704707
2500 1.9868798
2600 1.8856615
2700 1.8549169
2800 1.9224325
2900 1.8325871
3000 1.5793086
3100 1.5328686
3200 1.513869
3300 1.983326
3400 2.0668209
3500 1.873933
3600 2.2259612
3700 1.6240005
3800 1.8573763
3900 2.051312
4000 1.5876975
4100 1.600134
4200 1.8589156
4300 1.8838042
4400 1.700162
4500 1.5289509
4600 1.4921576
4700 1.847375
4800 2.196883
4900 2.074597
5000 1.780207
5100 1.9074986
5200 1.2534032
5300 1.6870754
5400 2.0010726
5500 1.5583043
5600 1.6761491
5700 1.3086388
5800 1.82948
5900 1.2932581
6000 1.3343033
6100 1.6646806
6200 1.8968062
6300 1.535166
6400 1.5092224
6500 1.4960704
6600 1.4095596
6700 1.482941
6800 1.2770175
6900 1.3280731
7000 1.7755915
7100 1.5296025
7200 1.676436
7300 1.7312865
7400 2.1819108
7500 2.0904825
7600 1.3167812
7700 1.3638499
7800 1.4312539
7900 1.7955264
8000 1.276438
8100 1.1647182
8200 1.7595533
8300 1.4903526
8400 1.9294649
8500 1.7795714
8600 1.5049769
8700 1.2125615
8800 1.4948245
8900 1.2605649
9000 1.8622061
9100 1.5025306
9200 1.8001486
9300 1.6801685
9400 1.7387502
9500 1.3381711
9600 1.6932211
9700 1.7717291
9800 1.048888
9900 1.5003259
10000 1.7675115
10100 1.3375514
10200 1.0994103
10300 1.7763722
10400 0.91864693
10500 1.8019207
10600 1.6509758
10700 1.7876788
10800 0.98695433
10900 1.6085485
11000 1.6667142
11100 1.1257665
11200 1.4515325
11300 1.8768553
11400 1.0390465
11500 1.245239
11600 1.5099406
11700 1.1356688
11800 1.3899754
11900 1.6072552
12000 1.4554464
12100 1.1044191
12200 1.1241145
12300 1.6203903
12400 1.904807
12500 0.9795291
12600 1.3305849
12700 1.4593744
12800 1.2608857
12900 1.4422884
13000 1.5890079
13100 0.874877
13200 1.8436208
13300 1.3864075
13400 1.5168837
13500 1.060988
13600 1.3225296
13700 1.5164701
13800 1.3783076
13900 0.77385604
14000 1.2002305
14100 1.1116424
14200 1.0744323
14300 1.4244008
14400 1.4541367
14500 1.0011636
14600 1.0578442
14700 1.375301
14800 1.7962518
14900 1.0127506
15000 1.2383264
15100 1.1594696
15200 1.1116151
15300 1.395516
15400 1.5614612
15500 1.3002955
15600 1.4502406
15700 1.3774992
15800 1.171617
15900 1.4800639
16000 1.3682177
16100 1.2884692
16200 1.6884465
16300 1.1365247
16400 1.4200236
16500 1.0690364
16600 1.4839238
16700 1.3105559
16800 1.3018901
16900 1.4017
17000 1.5753108
17100 1.2462773
17200 1.493734
17300 0.86703384
17400 1.2822975
17500 1.2601873
17600 0.89107513
17700 1.0955381
17800 0.7420532
17900 1.6488322
18000 1.1827761
18100 1.3053824
18200 1.4552114
18300 1.3376157
18400 1.849579
18500 1.0484339
18600 1.2845454
18700 1.039313
18800 1.1774058
18900 1.002252
19000 1.2462313
19100 0.89839375
19200 1.0895963
19300 1.2151068
19400 0.917384
19500 0.9877361
19600 1.1291604
19700 0.9087111
19800 1.1753972
19900 1.0809675
20000 1.1764321
20100 1.2338051
20200 1.6400255
20300 1.1727909
20400 0.9206061
20500 1.1243206
20600 0.8710054
20700 1.1247252
20800 1.1349243
20900 1.2727774
21000 0.9894272
21100 1.0623425
21200 1.4151474
21300 1.4584067
21400 1.3048306
21500 1.3725967
21600 1.192254
21700 1.0298458
21800 0.6321218
21900 1.18205
22000 1.6204813
22100 1.124574
22200 0.8075502
22300 0.86354744
22400 0.9897456
22500 0.8360687
22600 1.155374
22700 0.895706
22800 1.1352203
22900 0.86495817
23000 0.9858211
23100 0.84895504
23200 1.0181454
23300 0.90199053
23400 0.76207113
23500 0.7984548
23600 1.5265229
23700 1.0684571
23800 1.1084967
23900 0.93678916
24000 1.4747971
24100 1.1114155
24200 0.92700374
24300 1.0035194
24400 0.90514815
24500 1.4999495
24600 1.3169838
24700 1.3231277
24800 1.0694313
24900 1.0774424
25000 1.1209065
25100 0.94558746
25200 1.1415639
