0 2.3614118
100 1.8177636
200 2.4136968
300 1.592354
400 1.6677173
500 1.3796854
600 1.4398603
700 1.417943
800 1.4789791
900 1.4098303
1000 1.801765
1100 1.2175007
1200 1.2754335
1300 1.3432112
1400 1.744298
1500 1.3263996
1600 1.2913727
1700 1.5474688
1800 1.2312689
1900 1.390626
2000 1.0687933
2100 1.7648301
2200 1.2317042
2300 1.2881993
2400 1.5044557
2500 1.3772001
2600 1.3070409
2700 1.2857305
2800 1.3325287
2900 1.2702526
3000 1.0946933
3100 1.0625036
3200 1.049334
3300 1.3747368
3400 1.432611
3500 1.2989113
3600 1.5429187
3700 1.1256714
3800 1.2874352
3900 1.421861
4000 1.1005081
4100 1.1091284
4200 1.2885021
4300 1.3057536
4400 1.1784625
4500 1.059788
4600 1.0342848
4700 1.2805028
4800 1.5227633
4900 1.438001
5000 1.2339455
5100 1.3221773
5200 0.8687929
5300 1.1693915
5400 1.3870379
5500 1.0801343
5600 1.161818
5700 0.90707934
5800 1.268099
5900 0.8964182
6000 0.9248685
6100 1.1538687
6200 1.3147659
6300 1.064096
6400 1.0461133
6500 1.036997
6600 0.9770323
6700 1.0278964
6800 0.88516104
6900 0.92055017
7000 1.2307463
7100 1.0602397
7200 1.1620169
7300 1.2000364
7400 1.5123854
7500 1.449012
7600 0.9127231
7700 0.94534874
7800 0.9920696
7900 1.244564
8000 0.8847594
8100 0.8073211
8200 1.2196294
8300 1.0330337
8400 1.3374032
8500 1.2335049
8600 1.0431705
8700 0.84048355
8800 1.0361334
8900 0.873757
9000 1.2907829
9100 1.0414748
9200 1.2477679
9300 1.1646041
9400 1.2052099
9500 0.92754954
9600 1.1736515
9700 1.2280691
9800 0.72703373
9900 1.0399467
10000 1.2251456
10100 0.92712
10200 0.76205313
10300 1.2312874
10400 0.63675755
10500 1.2489963
10600 1.1443692
10700 1.2391245
10800 0.6841046
10900 1.1149609
11000 1.1552782
11100 0.7803219
11200 1.0061257
11300 1.3009369
11400 0.72021216
11500 0.8631339
11600 1.0466111
11700 0.7871856
11800 0.9634575
11900 1.1140645
12000 1.0088385
12100 0.765525
12200 0.77917683
12300 1.123169
12400 1.3203115
12500 0.6789578
12600 0.92229116
12700 1.0115613
12800 0.8739794
12900 0.9997181
13000 1.1014163
13100 0.6064185
13200 1.2779006
13300 0.96098447
13400 1.0514237
13500 0.7354208
13600 0.91670763
13700 1.051137
13800 0.95537
13900 0.53639615
14000 0.83193636
14100 0.7705318
14200 0.7447397
14300 0.9873194
14400 1.0079308
14500 0.69395375
14600 0.7332417
14700 0.953286
14800 1.2450669
14900 0.70198524
15000 0.85834247
15100 0.8036831
15200 0.7705128
15300 0.96729803
15400 1.0823225
15500 0.90129614
15600 1.0052302
15700 0.9548097
15800 0.81210303
15900 1.0259022
16000 0.94837624
16100 0.89309883
16200 1.170342
16300 0.7877789
16400 0.98428535
16500 0.7409996
16600 1.0285776
16700 0.90840816
16800 0.90240145
16900 0.97158444
17000 1.0919223
17100 0.86385363
17200 1.0353775
17300 0.60098207
17400 0.8888209
17500 0.8734952
17600 0.6176462
17700 0.75936913
17800 0.5143521
17900 1.1428834
18000 0.8198379
18100 0.9048221
18200 1.0086757
18300 0.9271646
18400 1.2820305
18500 0.726719
18600 0.8903791
18700 0.7203968
18800 0.8161155
18900 0.6947081
19000 0.8638217
19100 0.6227191
19200 0.7552506
19300 0.8422479
19400 0.63588214
19500 0.6846465
19600 0.7826743
19700 0.62987053
19800 0.81472325
19900 0.7492696
20000 0.8154406
20100 0.8552085
20200 1.1367791
20300 0.8129167
20400 0.6381155
20500 0.7793197
20600 0.60373497
20700 0.7796001
20800 0.78666955
20900 0.8822221
21000 0.6858187
21100 0.7363597
21200 0.9809054
21300 1.0108905
21400 0.9044396
21500 0.95141155
21600 0.82640743
21700 0.71383476
21800 0.43815345
21900 0.8193346
22000 1.123232
22100 0.77949524
22200 0.55975115
22300 0.59856546
22400 0.6860394
22500 0.5795187
22600 0.80084425
22700 0.6208561
22800 0.7868748
22900 0.59954333
23000 0.68331915
23100 0.5884508
23200 0.70572466
23300 0.6252122
23400 0.52822745
23500 0.5534467
23600 1.058105
23700 0.7405981
23800 0.7683513
23900 0.64933276
24000 1.0222515
24100 0.77037454
24200 0.64255005
24300 0.6955866
24400 0.6274009
24500 1.0396857
24600 0.9128636
24700 0.9171223
24800 0.7412733
24900 0.7468262
25000 0.77695316
25100 0.6554313
25200 0.7912718
