0 9.507846
100 4.8714952
200 5.046937
300 5.5574455
400 4.25148
500 4.6683207
600 4.882312
700 5.1061144
800 4.71381
900 4.746971
1000 5.0869093
1100 4.178341
1200 4.608659
1300 4.9247546
1400 4.6918435
1500 4.645316
1600 4.641831
1700 4.3879766
1800 4.7345943
1900 4.04109
2000 4.252806
2100 4.4894905
2200 4.6343164
2300 4.49633
2400 4.390225
2500 4.5194397
2600 4.449985
2700 4.4830503
2800 3.855609
2900 4.6678915
3000 3.5513434
3100 4.064986
3200 4.3783193
3300 4.8815637
3400 4.3043823
3500 3.9577703
3600 4.996468
3700 4.376044
3800 5.1855145
3900 4.293154
4000 4.1065173
4100 4.110805
4200 4.2341475
4300 3.9303253
4400 4.725478
4500 3.6123648
4600 4.1149864
4700 4.3593636
4800 4.7662983
4900 4.099778
5000 4.1205835
5100 3.5184526
5200 4.12359
5300 4.267027
5400 3.9652948
5500 3.9449027
5600 4.349042
5700 3.6381087
5800 3.8927093
5900 3.6849432
6000 3.7737393
6100 3.9599059
6200 4.0579643
6300 3.7403889
6400 3.8948236
6500 3.6880372
6600 3.9166546
6700 3.8848774
6800 3.9730067
6900 4.068502
7000 3.876409
7100 3.9752429
7200 4.223844
7300 3.8250556
7400 4.0973935
7500 4.3141146
7600 3.7533436
7700 3.5271244
7800 4.2253075
7900 3.535169
8000 4.1883583
8100 3.673057
8200 3.6782382
8300 3.7404423
8400 4.075693
8500 4.149666
8600 3.6010628
8700 3.4671564
8800 3.5697963
8900 3.632188
9000 4.4751997
9100 3.3241973
9200 3.6080298
9300 4.244725
9400 3.485626
9500 3.5699074
9600 3.629284
9700 3.9997063
9800 3.4868164
9900 3.7768507
10000 3.5642033
10100 3.802603
10200 3.60536
10300 3.624556
10400 3.559958
10500 3.5429502
10600 3.6138854
10700 4.017429
10800 3.2521777
10900 3.5409145
11000 3.5848908
11100 3.5852003
11200 3.8304024
11300 3.9974678
11400 3.2369955
11500 3.7524295
11600 3.7468925
11700 3.320778
11800 3.5295825
11900 3.7494254
12000 3.9470034
12100 3.504056
12200 3.6124794
12300 3.2455988
12400 3.3830564
12500 2.8725748
12600 3.6565573
12700 3.613585
12800 3.1232305
12900 3.393283
13000 3.4051085
13100 3.0847409
13200 3.5312548
13300 3.228315
13400 3.2148566
13500 2.7418978
13600 3.5759468
13700 3.4877396
13800 3.600548
13900 2.8671305
14000 3.0363407
14100 3.174969
14200 3.6687675
14300 3.7319117
14400 3.7192597
14500 3.2525628
14600 3.0037575
14700 3.5530338
14800 3.4836955
14900 3.0959625
15000 3.3023663
15100 3.5949955
15200 3.0486684
15300 3.252096
15400 3.8695886
15500 3.4006255
15600 3.9890661
15700 3.5577972
15800 3.4572446
15900 3.9730155
16000 3.4883513
16100 3.671052
16200 4.00842
16300 3.0814016
16400 4.007899
16500 3.4254124
16600 3.8404346
16700 3.2281504
16800 3.2052345
16900 3.1964846
17000 3.5669758
17100 3.4059
17200 3.7124996
17300 3.1871002
17400 3.4782708
17500 3.1520567
17600 2.9596014
17700 3.505652
17800 3.0037677
17900 3.7547216
18000 3.367229
18100 3.4939158
18200 3.094008
18300 3.6097512
18400 4.053701
18500 3.6284096
18600 3.8721323
18700 3.37602
18800 3.381559
18900 2.8376415
19000 3.7861066
19100 2.8367465
19200 3.179849
19300 3.297708
19400 3.1154833
19500 3.1529477
19600 2.9892163
19700 3.2032938
19800 3.555114
19900 3.7811692
20000 3.3384762
20100 3.2655022
20200 3.5474486
20300 3.401299
20400 3.1270173
20500 3.0359452
20600 3.0759196
20700 3.3640542
20800 3.3875737
20900 3.578445
21000 2.9075778
21100 3.389113
21200 3.3735127
21300 3.0489097
21400 3.6871734
21500 3.480394
21600 3.5948124
21700 3.2803402
21800 2.6840298
21900 3.4429297
22000 3.7347014
22100 3.4552646
22200 2.888116
22300 3.1140146
22400 2.8774848
22500 3.2881413
22600 3.0431197
22700 3.173871
22800 3.7036471
22900 3.229056
23000 3.151319
23100 2.6391687
23200 3.5217004
23300 2.7308042
23400 2.8103433
23500 2.8550491
23600 3.6218674
23700 3.6276906
23800 3.447227
23900 3.4849973
24000 3.405883
24100 3.5832682
24200 3.3600492
24300 3.3751078
24400 3.23609
24500 3.075451
24600 3.6277642
24700 3.555638
24800 3.3879483
24900 3.4805496
25000 3.2544265
25100 3.0118375
25200 3.3901925
