0 0.053125
100 0.36562502
200 0.409375
300 0.45625
400 0.453125
500 0.52187496
600 0.5
700 0.47812504
800 0.46249998
900 0.47187504
1000 0.5
1100 0.42812496
1200 0.47187498
1300 0.46562502
1400 0.515625
1500 0.534375
1600 0.47812498
1700 0.44375
1800 0.5
1900 0.5125
2000 0.5
2100 0.509375
2200 0.5
2300 0.52187496
2400 0.54375005
2500 0.47187504
2600 0.528125
2700 0.53437495
2800 0.5562501
2900 0.55
3000 0.49062502
3100 0.471875
3200 0.503125
3300 0.571875
3400 0.509375
3500 0.50937504
3600 0.51874995
3700 0.5125
3800 0.4875
3900 0.471875
4000 0.528125
4100 0.5625
4200 0.553125
4300 0.584375
4400 0.52812505
4500 0.515625
4600 0.584375
4700 0.55
4800 0.61562496
4900 0.55625
5000 0.621875
5100 0.5125
5200 0.5
5300 0.48125
5400 0.50624996
5500 0.6187501
5600 0.54375
5700 0.540625
5800 0.49687502
5900 0.484375
6000 0.496875
6100 0.5031251
6200 0.5375
6300 0.54687506
6400 0.50625
6500 0.553125
6600 0.59687495
6700 0.503125
6800 0.5343751
6900 0.578125
7000 0.49687505
7100 0.5375
7200 0.565625
7300 0.54375005
7400 0.54375
7500 0.53437495
7600 0.49374998
7700 0.55
7800 0.57500005
7900 0.52500004
8000 0.56250006
8100 0.534375
8200 0.56875
8300 0.5875
8400 0.54375
8500 0.5281249
8600 0.57812506
8700 0.571875
8800 0.51562494
8900 0.528125
9000 0.59062505
9100 0.53125
9200 0.53437495
9300 0.565625
9400 0.50000006
9500 0.5625
9600 0.6
9700 0.6
9800 0.56874996
9900 0.51875
10000 0.546875
10100 0.559375
10200 0.59062505
10300 0.58437496
10400 0.5375
10500 0.540625
10600 0.5375
10700 0.52500004
10800 0.62187505
10900 0.59999996
11000 0.565625
11100 0.57812506
11200 0.53437495
11300 0.496875
11400 0.5
11500 0.52500004
11600 0.55
11700 0.525
11800 0.49687502
11900 0.55
12000 0.54375005
12100 0.521875
12200 0.5500001
12300 0.55937505
12400 0.5187501
12500 0.496875
12600 0.559375
12700 0.55625
12800 0.528125
12900 0.50625
13000 0.496875
13100 0.521875
13200 0.590625
13300 0.49999997
13400 0.521875
13500 0.565625
13600 0.559375
13700 0.53125
13800 0.52812505
13900 0.528125
14000 0.5625
14100 0.553125
14200 0.478125
14300 0.57500005
14400 0.56562495
14500 0.5
14600 0.57812506
14700 0.56562495
14800 0.571875
14900 0.5625
15000 0.528125
15100 0.5500001
15200 0.578125
15300 0.578125
15400 0.53125
15500 0.521875
15600 0.596875
15700 0.559375
15800 0.48437503
15900 0.5125
16000 0.596875
16100 0.55625
16200 0.55625
16300 0.471875
16400 0.56875
16500 0.521875
16600 0.57812506
16700 0.534375
16800 0.53125
16900 0.503125
17000 0.55
17100 0.603125
17200 0.546875
17300 0.55312496
17400 0.521875
17500 0.55625004
17600 0.625
17700 0.571875
17800 0.55
17900 0.540625
18000 0.57187504
18100 0.525
18200 0.56875
18300 0.51562506
18400 0.52500004
18500 0.60625
18600 0.51562506
18700 0.55625
18800 0.565625
18900 0.61249995
19000 0.584375
19100 0.53125
19200 0.596875
19300 0.5812501
19400 0.5
19500 0.54375
19600 0.5875
19700 0.571875
19800 0.628125
19900 0.603125
20000 0.559375
20100 0.58125
20200 0.540625
20300 0.5875
20400 0.58437496
20500 0.559375
20600 0.559375
20700 0.55312496
20800 0.54375
20900 0.521875
21000 0.60937506
21100 0.54375
21200 0.540625
21300 0.546875
21400 0.559375
21500 0.59062505
21600 0.51875
21700 0.621875
21800 0.578125
21900 0.58124995
22000 0.54687506
22100 0.5343751
22200 0.553125
22300 0.55
22400 0.503125
22500 0.553125
22600 0.59375
22700 0.528125
22800 0.584375
22900 0.521875
23000 0.48124996
23100 0.58750004
23200 0.546875
23300 0.54999995
23400 0.615625
23500 0.59999996
23600 0.534375
23700 0.5375
23800 0.578125
23900 0.565625
24000 0.521875
24100 0.56562495
24200 0.565625
24300 0.571875
24400 0.49687505
24500 0.609375
24600 0.55312496
24700 0.57187504
24800 0.55937505
24900 0.52500004
25000 0.58124995
25100 0.5625
25200 0.584375
25300 0.5875
25400 0.584375
25500 0.5625
25600 0.584375
25700 0.50937504
25800 0.578125
25900 0.528125
26000 0.521875
26100 0.57187504
26200 0.54375
26300 0.553125
26400 0.54375
26500 0.578125
26600 0.575
26700 0.54375
26800 0.6
26900 0.58125
27000 0.57500005
27100 0.603125
27200 0.57812506
27300 0.61875004
27400 0.54375005
27500 0.56875
27600 0.5625
27700 0.5625
27800 0.565625
27900 0.56875
28000 0.59374994
28100 0.55
28200 0.5
28300 0.575
28400 0.47812504
28500 0.56875
28600 0.51250005
28700 0.5625
28800 0.54375
28900 0.49687502
29000 0.5625
29100 0.57187504
29200 0.5875
29300 0.540625
29400 0.5875
29500 0.546875
29600 0.49687502
29700 0.62500006
29800 0.59375
29900 0.57500005
30000 0.534375
30100 0.58125
30200 0.55
30300 0.58437496
30400 0.50625
30500 0.546875
30600 0.546875
30700 0.521875
30800 0.5
30900 0.55
31000 0.521875
31100 0.565625
31200 0.55625
31300 0.53125
31400 0.5625
31500 0.584375
31600 0.54062504
31700 0.56562495
31800 0.54687494
31900 0.53125006
32000 0.534375
32100 0.515625
32200 0.528125
32300 0.571875
32400 0.559375
32500 0.609375
32600 0.57187504
32700 0.5
32800 0.503125
32900 0.56875
33000 0.59999996
33100 0.515625
33200 0.59375
33300 0.534375
33400 0.54375005
33500 0.496875
33600 0.525
33700 0.546875
33800 0.5625
33900 0.56875
34000 0.55
34100 0.57187504
34200 0.5843751
34300 0.57187504
34400 0.55312496
34500 0.58750004
34600 0.546875
34700 0.53125
34800 0.55
34900 0.571875
35000 0.5812501
35100 0.609375
35200 0.578125
35300 0.559375
35400 0.56874996
35500 0.590625
35600 0.5625
35700 0.59375
35800 0.57500005
35900 0.540625
36000 0.54375
36100 0.6281251
36200 0.56249994
36300 0.5875
36400 0.53125
36500 0.584375
36600 0.50625
36700 0.59375006
36800 0.59375
36900 0.60625005
37000 0.61875004
37100 0.58125
37200 0.634375
37300 0.565625
37400 0.57187504
37500 0.58437496
37600 0.59999996
37700 0.525
37800 0.59999996
37900 0.578125
38000 0.5625
38100 0.49062502
38200 0.559375
38300 0.55
38400 0.565625
38500 0.5375
38600 0.52187496
38700 0.55625004
38800 0.5
38900 0.5
39000 0.553125
39100 0.6125
39200 0.54062504
39300 0.5062501
39400 0.56874996
39500 0.584375
39600 0.54687506
39700 0.59687495
39800 0.55625
39900 0.521875
40000 0.55937505
40100 0.50312495
40200 0.5875
40300 0.54999995
40400 0.534375
40500 0.57187504
40600 0.55625
40700 0.596875
40800 0.48749998
40900 0.56562495
