0 4.7778025
100 3.1938689
200 2.8617854
300 2.5421455
400 2.5589917
500 2.3353312
600 2.3536694
700 2.5535684
800 2.6209748
900 2.5756853
1000 2.3204894
1100 2.6005507
1200 2.4969382
1300 2.5422857
1400 2.3102825
1500 2.2758083
1600 2.3963454
1700 2.5863411
1800 2.3414955
1900 2.2658415
2000 2.2719545
2100 2.3768945
2200 2.4606204
2300 2.143801
2400 2.140507
2500 2.5877507
2600 2.2795963
2700 2.165578
2800 2.3072095
2900 2.1592112
3000 2.3959963
3100 2.447922
3200 2.3457227
3300 1.9248062
3400 2.245177
3500 2.3252666
3600 2.4078214
3700 2.2717543
3800 2.3864806
3900 2.5117567
4000 2.2801735
4100 2.2229683
4200 2.0762618
4300 1.9292532
4400 2.2098866
4500 2.3220265
4600 1.8803078
4700 2.0925233
4800 1.8394862
4900 2.0446496
5000 1.8589455
5100 2.229893
5200 2.4413524
5300 2.3126516
5400 2.1700058
5500 1.8904916
5600 2.1971042
5700 2.0688505
5800 2.3434577
5900 2.2816598
6000 2.3495092
6100 2.3573792
6200 2.2026188
6300 2.22107
6400 2.3281848
6500 2.1041765
6600 1.8561764
6700 2.2303221
6800 2.3127418
6900 2.0507615
7000 2.4094703
7100 2.1206348
7200 2.152812
7300 2.3262804
7400 2.2990577
7500 2.1945126
7600 2.476411
7700 2.0337293
7800 1.978431
7900 2.2494006
8000 2.0578196
8100 2.1895523
8200 2.1918778
8300 2.0897274
8400 2.0482635
8500 2.309958
8600 1.9617655
8700 2.0941775
8800 2.3912363
8900 2.2575338
9000 2.078957
9100 2.2131882
9200 2.174481
9300 2.1572506
9400 2.4638608
9500 2.0686085
9600 1.997498
9700 1.9075117
9800 2.114576
9900 2.2569957
10000 2.2425234
10100 2.120369
10200 1.8492881
10300 1.8349221
10400 2.1814475
10500 2.41454
10600 2.2232838
10700 2.2208138
10800 1.8091434
10900 2.031118
11000 1.974843
11100 2.1096737
11200 2.1219175
11300 2.3322966
11400 2.2914212
11500 2.242759
11600 2.1992724
11700 2.2671394
11800 2.3505814
11900 2.1524606
12000 2.0168905
12100 2.1309981
12200 2.0705845
12300 2.0749319
12400 2.2609825
12500 2.3371983
12600 2.2180996
12700 1.991033
12800 2.238063
12900 2.4105604
13000 2.3046827
13100 2.2458189
13200 1.9009144
13300 2.373436
13400 2.2214487
13500 2.1541064
13600 2.1176357
13700 2.2560828
13800 2.205248
13900 2.106983
14000 2.030191
14100 2.0856507
14200 2.4238021
14300 1.9814464
14400 2.1908784
14500 2.375769
14600 2.1492085
14700 2.0590417
14800 2.0163057
14900 2.1564605
15000 2.1959484
15100 2.0931911
15200 1.7970579
15300 2.050757
15400 2.1972332
15500 2.42921
15600 2.1105175
15700 2.0941305
15800 2.551195
15900 2.2555118
16000 1.8693637
16100 2.1250122
16200 2.2455134
16300 2.6668074
16400 2.1466987
16500 2.1525817
16600 1.9814202
16700 2.278044
16800 2.136783
16900 2.2765596
17000 2.0792277
17100 1.9804375
17200 2.1727479
17300 2.198662
17400 2.115829
17500 1.9225696
17600 1.8241976
17700 1.9903136
17800 2.157301
17900 2.2244034
18000 2.1594472
18100 2.2952898
18200 2.0554621
18300 2.3231847
18400 2.2053716
18500 1.8942021
18600 2.1729274
18700 2.210014
18800 2.057833
18900 1.8185717
19000 1.9463073
19100 2.1261647
19200 2.0137756
19300 2.1805677
19400 2.146432
19500 2.2233555
19600 2.0346348
19700 2.058019
19800 1.7935909
19900 1.9290074
20000 2.304428
20100 2.0482125
20200 2.1087832
20300 1.9102758
20400 1.8839452
20500 2.069617
20600 2.2050216
20700 1.9774913
20800 2.084511
20900 2.2200022
21000 1.9703583
21100 2.167394
21200 2.1475997
21300 2.2005289
21400 2.0199778
21500 1.8783191
21600 2.2411659
21700 1.8728011
21800 2.0033689
21900 1.9972926
22000 2.3216813
22100 2.1152928
22200 2.079127
22300 2.0052106
22400 2.2370842
22500 1.914872
22600 1.9633677
22700 2.1312885
22800 1.9191947
22900 2.2691016
23000 2.5205114
23100 1.8927033
23200 2.208743
23300 2.158006
23400 1.7995648
23500 1.843472
23600 2.1862478
23700 2.0492578
23800 2.1585321
23900 2.0143216
24000 2.1750154
24100 2.1436985
24200 1.9381773
24300 2.0293863
24400 2.3793294
24500 1.8173813
24600 2.1007812
24700 1.9905413
24800 2.053195
24900 2.1993892
25000 2.0024068
25100 2.1632593
25200 1.9159081
25300 1.9522898
25400 1.9867067
25500 2.1689641
25600 2.0380077
25700 2.2609525
25800 2.053753
25900 2.1520002
26000 2.1886044
26100 2.0680628
26200 2.0083282
26300 2.0592794
26400 2.074657
26500 2.0435982
26600 2.1446042
26700 2.169391
26800 1.9165955
26900 2.128429
27000 2.1286561
27100 1.9671183
27200 2.118976
27300 1.9241438
27400 2.1420178
27500 2.0053532
27600 2.2275312
27700 1.9498371
27800 2.1747553
27900 2.0619497
28000 1.9649147
28100 2.1021938
28200 2.3484004
28300 1.9256357
28400 2.5038679
28500 2.0625377
28600 2.2245967
28700 1.888267
28800 2.258277
28900 2.4446404
29000 2.0061035
29100 2.118223
29200 2.0169632
29300 2.1273441
29400 1.8633574
29500 2.1706457
29600 2.2958868
29700 1.7927709
29800 2.0279648
29900 1.9883944
30000 2.2459936
30100 1.8981891
30200 2.1138058
30300 1.867504
30400 2.3153305
30500 2.0889115
30600 2.054262
30700 2.229322
30800 2.4178994
30900 1.9780698
31000 2.3520377
31100 1.9793258
31200 2.1620033
31300 2.1951632
31400 2.0529242
31500 2.0562947
31600 2.1475456
31700 1.99271
31800 2.1131697
31900 2.0541437
32000 2.2222502
32100 2.2927406
32200 2.1588285
32300 1.8574382
32400 2.049116
32500 1.8885802
32600 1.9234787
32700 2.3773305
32800 2.2149081
32900 2.0702052
33000 1.8340561
33100 2.2641056
33200 1.9208916
33300 2.1502144
33400 2.075978
33500 2.306034
33600 2.1459734
33700 2.199503
33800 2.0404937
33900 2.0795555
34000 2.1324444
34100 1.9492095
34200 1.9633074
34300 1.9966455
34400 1.963099
34500 2.0460732
34600 2.1641748
34700 2.1199198
34800 2.0700862
34900 2.0527203
35000 1.9954267
35100 1.8814125
35200 1.9182462
35300 1.908083
35400 2.1676981
35500 1.8274256
35600 1.8773758
35700 1.947962
35800 1.96932
35900 2.305228
36000 2.0920331
36100 1.8746157
36200 2.0436928
36300 2.021298
36400 2.17559
36500 1.9385557
36600 2.3288205
36700 1.9259498
36800 1.8040583
36900 1.8603328
37000 1.8459466
37100 1.9887083
37200 1.7400279
37300 2.0379713
37400 2.0761275
37500 1.986507
37600 1.946174
37700 2.220082
37800 1.8389238
37900 1.9384702
38000 2.128813
38100 2.278765
38200 2.239819
38300 2.012936
38400 2.0109649
38500 2.2554743
38600 2.3770373
38700 2.2100518
38800 2.4556696
38900 2.2299144
39000 2.0973134
39100 1.8013296
39200 2.227719
39300 2.3183317
39400 2.1928875
39500 2.1463976
39600 2.107464
39700 1.8834611
39800 2.0872943
39900 2.2001317
40000 2.06088
40100 2.3366964
40200 2.0906935
40300 2.0939853
40400 2.1090312
40500 1.9729596
40600 2.16487
40700 1.927789
40800 2.3652327
40900 2.0509703
