0 3.3117204
100 2.2138212
200 1.9836385
300 1.7620809
400 1.7737579
500 1.6187283
600 1.6314393
700 1.7699987
800 1.8167212
900 1.785329
1000 1.6084408
1100 1.8025644
1200 1.7307457
1300 1.7621782
1400 1.6013658
1500 1.5774702
1600 1.66102
1700 1.7927151
1800 1.6230011
1900 1.5705616
2000 1.574799
2100 1.6475377
2200 1.7055721
2300 1.4859695
2400 1.4836863
2500 1.7936921
2600 1.5800958
2700 1.5010642
2800 1.5992358
2900 1.4966512
3000 1.6607782
3100 1.6967702
3200 1.6259311
3300 1.334174
3400 1.5562382
3500 1.611752
3600 1.6689746
3700 1.5746601
3800 1.6541823
3900 1.7410171
4000 1.5804958
4100 1.5408442
4200 1.439155
4300 1.3372564
4400 1.5317767
4500 1.6095061
4600 1.3033301
4700 1.4504266
4800 1.2750347
4900 1.4172431
5000 1.2885228
5100 1.545644
5200 1.6922165
5300 1.6030079
5400 1.5041333
5500 1.3103889
5600 1.5229166
5700 1.4340179
5800 1.624361
5900 1.5815262
6000 1.6285558
6100 1.6340108
6200 1.5267391
6300 1.5395284
6400 1.6137748
6500 1.458504
6600 1.2866035
6700 1.5459415
6800 1.6030705
6900 1.4214795
7000 1.6701176
7100 1.469912
7200 1.4922156
7300 1.6124547
7400 1.5935854
7500 1.5211202
7600 1.7165174
7700 1.4096738
7800 1.3713439
7900 1.5591657
8000 1.4263718
8100 1.5176821
8200 1.5192939
8300 1.4484886
8400 1.4197481
8500 1.6011409
8600 1.3597922
8700 1.4515733
8800 1.6574787
8900 1.5648032
9000 1.4410232
9100 1.5340651
9200 1.5072353
9300 1.4952922
9400 1.7078182
9500 1.4338502
9600 1.3845601
9700 1.3221864
9800 1.4657125
9900 1.5644302
10000 1.5543988
10100 1.4697278
10200 1.2818289
10300 1.2718711
10400 1.5120642
10500 1.6736317
10600 1.541063
10700 1.5393509
10800 1.2540027
10900 1.4078636
11000 1.3688569
11100 1.4623145
11200 1.4708011
11300 1.6166248
11400 1.5882921
11500 1.5545621
11600 1.5244194
11700 1.5714613
11800 1.6292989
11900 1.491972
12000 1.3980019
12100 1.4770954
12200 1.4352199
12300 1.4382331
12400 1.5671936
12500 1.6200224
12600 1.5374695
12700 1.3800789
12800 1.5513072
12900 1.6708732
13000 1.5974844
13100 1.556683
13200 1.3176135
13300 1.6451405
13400 1.5397909
13500 1.4931128
13600 1.4678333
13700 1.5637974
13800 1.5285615
13900 1.4604493
14000 1.4072211
14100 1.445663
14200 1.6800516
14300 1.373434
14400 1.5186012
14500 1.6467575
14600 1.4897178
14700 1.427219
14800 1.3975966
14900 1.4947445
15000 1.5221155
15100 1.4508895
15200 1.2456256
15300 1.4214764
15400 1.5230061
15500 1.6838001
15600 1.4628993
15700 1.4515407
15800 1.7683536
15900 1.5634017
16000 1.2957442
16100 1.4729462
16200 1.5564713
16300 1.84849
16400 1.4879781
16500 1.492056
16600 1.3734158
16700 1.5790198
16800 1.4811051
16900 1.5779909
17000 1.4412107
17100 1.3727347
17200 1.506034
17300 1.5239964
17400 1.4665809
17500 1.3326237
17600 1.2644374
17700 1.3795803
17800 1.4953271
17900 1.541839
18000 1.4968147
18100 1.5909736
18200 1.4247378
18300 1.6103089
18400 1.5286472
18500 1.3129609
18600 1.5061585
18700 1.531865
18800 1.4263811
18900 1.2605379
19000 1.3490775
19100 1.473745
19200 1.3958429
19300 1.5114543
19400 1.4877932
19500 1.5411127
19600 1.4103013
19700 1.42651
19800 1.2432225
19900 1.3370861
20000 1.5973079
20100 1.4197128
20200 1.4616971
20300 1.3241023
20400 1.3058513
20500 1.4345492
20600 1.5284045
20700 1.3706925
20800 1.444873
20900 1.5387883
21000 1.3657483
21100 1.502323
21200 1.4886026
21300 1.5252904
21400 1.400142
21500 1.3019516
21600 1.5534579
21700 1.2981268
21800 1.3886294
21900 1.3844178
22000 1.6092669
22100 1.4662093
22200 1.441141
22300 1.389906
22400 1.5506285
22500 1.3272882
22600 1.3609028
22700 1.4772966
22800 1.3302844
22900 1.5728214
23000 1.7470853
23100 1.311922
23200 1.530984
23300 1.4958158
23400 1.2473633
23500 1.2777975
23600 1.5153916
23700 1.4204372
23800 1.4961804
23900 1.3962214
24000 1.5076058
24100 1.4858985
24200 1.3434422
24300 1.4066634
24400 1.6492255
24500 1.2597127
24600 1.4561505
24700 1.3797381
24800 1.4231663
24900 1.5245005
25000 1.3879627
25100 1.499457
25200 1.3280063
25300 1.3532242
25400 1.3770802
25500 1.5034114
25600 1.4126393
25700 1.5671728
25800 1.423553
25900 1.4916528
26000 1.517025
26100 1.4334719
26200 1.3920671
26300 1.4273838
26400 1.4380426
26500 1.4165143
26600 1.4865264
26700 1.5037072
26800 1.3284827
26900 1.4753145
27000 1.475472
27100 1.3635025
27200 1.4687624
27300 1.3337148
27400 1.4847336
27500 1.3900049
27600 1.544007
27700 1.3515241
27800 1.5074255
27900 1.4292346
28000 1.3619751
28100 1.4571297
28200 1.6277871
28300 1.334749
28400 1.735549
28500 1.4296422
28600 1.541973
28700 1.308847
28800 1.5653183
28900 1.6944957
29000 1.390525
29100 1.4682403
29200 1.3980525
29300 1.4745625
29400 1.2915809
29500 1.504577
29600 1.5913874
29700 1.2426541
29800 1.4056782
29900 1.37825
30000 1.5568042
30100 1.3157244
30200 1.4651785
30300 1.2944552
30400 1.6048648
30500 1.4479232
30600 1.4239058
30700 1.5452482
30800 1.6759601
30900 1.3710935
31000 1.6303083
31100 1.3719641
31200 1.4985865
31300 1.5215712
31400 1.4229785
31500 1.4253148
31600 1.4885652
31700 1.3812413
31800 1.4647377
31900 1.4238238
32000 1.5403465
32100 1.5892067
32200 1.4963858
32300 1.2874781
32400 1.4203389
32500 1.309064
32600 1.3332539
32700 1.6478399
32800 1.5352573
32900 1.4349569
33000 1.2712709
33100 1.5693583
33200 1.3314606
33300 1.4904151
33400 1.4389584
33500 1.5984211
33600 1.4874755
33700 1.5245793
33800 1.4143625
33900 1.4414381
34000 1.4780978
34100 1.351089
34200 1.360861
34300 1.3839692
34400 1.3607166
34500 1.4182299
34600 1.5000917
34700 1.4694165
34800 1.4348744
34900 1.4228373
35000 1.3831244
35100 1.3040957
35200 1.3296269
35300 1.3225824
35400 1.5025339
35500 1.2666749
35600 1.3012978
35700 1.3502244
35800 1.3650286
35900 1.5978624
36000 1.450087
36100 1.2993846
36200 1.4165798
36300 1.401057
36400 1.5080041
36500 1.3437045
36600 1.6142154
36700 1.3349667
36800 1.2504779
36900 1.2894845
37000 1.2795126
37100 1.3784676
37200 1.2060955
37300 1.4126141
37400 1.439062
37500 1.3769418
37600 1.3489851
37700 1.5388436
37800 1.2746449
37900 1.3436452
38000 1.4755808
38100 1.5795195
38200 1.5525243
38300 1.395261
38400 1.3938946
38500 1.5633757
38600 1.6476367
38700 1.5318911
38800 1.7021406
38900 1.545659
39000 1.4537469
39100 1.2485865
39200 1.5441372
39300 1.606945
39400 1.5199938
39500 1.4877695
39600 1.4607828
39700 1.3055158
39800 1.4468023
39900 1.5250151
40000 1.4284931
40100 1.6196746
40200 1.4491583
40300 1.4514401
40400 1.461869
40500 1.3675514
40600 1.5005735
40700 1.3362415
40800 1.6394544
40900 1.4216243
