0 26.430023
100 10.650331
200 9.173083
300 8.319581
400 8.122629
500 7.5122876
600 7.2847557
700 7.452917
800 7.646925
900 7.3301086
1000 6.796389
1100 7.653182
1200 7.4635463
1300 7.0447955
1400 7.2355647
1500 7.0652885
1600 7.1107764
1700 7.400772
1800 6.798511
1900 6.579432
2000 6.727772
2100 6.6465945
2200 6.884315
2300 6.1254535
2400 6.343092
2500 7.3547726
2600 6.396513
2700 6.3167644
2800 6.4671154
2900 6.2851315
3000 6.7608852
3100 6.57679
3200 6.4168396
3300 5.8147993
3400 6.5895567
3500 6.772311
3600 6.019861
3700 6.279671
3800 7.055433
3900 6.449531
4000 6.561125
4100 6.729953
4200 6.226432
4300 6.1399903
4400 6.5126624
4500 6.3220835
4600 5.608534
4700 6.1011486
4800 5.8667827
4900 5.942869
5000 6.1549664
5100 6.2975926
5200 6.638646
5300 6.583426
5400 6.085148
5500 5.8795304
5600 6.3789864
5700 6.3776464
5800 6.1659174
5900 5.873376
6000 6.919771
6100 6.471332
6200 6.321626
6300 6.059893
6400 6.587219
6500 5.9901047
6600 5.737146
6700 6.790247
6800 6.5103936
6900 6.6427803
7000 6.459327
7100 6.2112546
7200 6.467741
7300 6.21196
7400 6.438519
7500 6.2102146
7600 6.691266
7700 6.3195643
7800 5.971743
7900 5.9713144
8000 6.116642
8100 6.239791
8200 6.2724705
8300 6.279146
8400 6.022751
8500 6.4266243
8600 6.2343607
8700 6.305373
8800 6.616923
8900 6.3031106
9000 6.231678
9100 5.953419
9200 6.0897827
9300 6.60986
9400 6.3363924
9500 6.127195
9600 5.967103
9700 6.0436144
9800 5.7456694
9900 6.481509
10000 6.408804
10100 6.3796663
10200 6.1321254
10300 5.650792
10400 6.3385677
10500 6.4403896
10600 6.6343403
10700 6.532266
10800 5.683913
10900 6.4842887
11000 6.2234898
11100 6.4609094
11200 6.352421
11300 6.4024444
11400 6.433285
11500 6.453069
11600 6.087996
11700 6.5115876
11800 6.3291273
11900 6.0651646
12000 6.159248
12100 6.2389736
12200 5.854658
12300 6.21238
12400 6.166299
12500 6.7115126
12600 5.8186946
12700 5.5580263
12800 5.9866085
12900 6.357624
13000 6.7946196
13100 6.1215034
13200 5.9912367
13300 6.718818
13400 6.2899485
13500 6.3873205
13600 6.109741
13700 6.3424582
13800 6.302408
13900 6.0648365
14000 5.9136987
14100 6.129305
14200 6.706825
14300 6.494022
14400 5.4783883
14500 6.4933558
14600 6.193213
14700 5.8892655
14800 6.159135
14900 6.451121
15000 6.5892487
15100 5.6269555
15200 6.0132003
15300 5.897443
15400 6.679963
15500 6.5714893
15600 6.1382604
15700 6.2157845
15800 6.761361
15900 6.7293625
16000 5.9594393
16100 6.116068
16200 6.2327266
16300 7.397728
16400 6.186192
16500 6.6268396
16600 6.1062045
16700 6.229527
16800 6.4829874
16900 6.969843
17000 6.0820985
17100 6.320105
17200 6.0301957
17300 6.557756
17400 6.536164
17500 5.954281
17600 5.771345
17700 6.2795215
17800 6.308702
17900 6.1885786
18000 6.0453143
18100 6.588727
18200 6.1024446
18300 6.616789
18400 6.21805
18500 6.0699873
18600 6.2037697
18700 6.212725
18800 6.063642
18900 5.8194895
19000 6.1354065
19100 6.4773226
19200 6.411767
19300 6.3930864
19400 6.6261687
19500 6.620596
19600 5.6728487
19700 6.3015428
19800 5.76647
19900 6.566836
20000 6.6467614
20100 6.555119
20200 6.402822
20300 5.9786944
20400 6.1105843
20500 6.3035336
20600 6.35341
20700 6.2524557
20800 6.0724034
20900 6.6172237
21000 6.3061466
21100 6.150957
21200 6.4163437
21300 6.322258
21400 6.300089
21500 6.1456013
21600 6.6441674
21700 5.736909
21800 6.245144
21900 5.9906955
22000 6.5362444
22100 6.2989364
22200 6.360203
22300 6.1739726
22400 6.4872127
22500 6.1137385
22600 6.1793
22700 6.2546
22800 6.115428
22900 6.368669
23000 6.3215766
23100 6.180235
23200 6.72307
23300 6.207899
23400 5.738308
23500 5.980986
23600 6.453311
23700 6.300115
23800 5.982086
23900 6.304491
24000 6.405974
24100 6.2563467
24200 6.3185153
24300 6.652372
24400 6.230403
24500 6.119574
24600 6.1853604
24700 6.1558094
24800 6.302082
24900 6.374679
25000 5.7969127
25100 6.3917418
25200 5.632388
25300 5.8344193
25400 5.9276924
25500 6.368072
25600 6.069624
25700 6.2945027
25800 6.326646
25900 6.4857283
26000 6.3604136
26100 6.199685
26200 5.7709303
26300 6.055967
26400 6.2524595
26500 6.0203986
26600 6.1847863
26700 6.3136277
26800 6.3203163
26900 6.109638
27000 6.2589498
27100 5.9258223
27200 6.027339
27300 6.3948574
27400 6.6035624
27500 6.1335936
27600 6.568313
27700 6.053695
27800 5.9410553
27900 6.1070986
28000 6.248068
28100 6.6177974
28200 6.690358
28300 6.0718904
28400 7.1627917
28500 6.3117085
28600 6.2766514
28700 6.033624
28800 6.730322
28900 6.81843
29000 6.05689
29100 6.2379813
29200 6.558696
29300 6.256802
29400 6.067663
29500 6.219151
29600 5.9640694
29700 6.134399
29800 6.2147856
29900 6.3352146
30000 6.5570817
30100 6.0724335
30200 6.1672363
30300 6.0422816
30400 6.5439463
30500 6.336187
30600 6.4737
30700 6.6977897
30800 6.652628
30900 6.068973
31000 6.2612543
31100 6.058075
31200 6.4835944
31300 6.7036133
31400 6.2673097
31500 6.38007
31600 6.204773
31700 5.9454126
31800 6.047509
31900 6.6068444
32000 6.4605703
32100 6.08503
32200 6.3173494
32300 5.7909737
32400 6.274401
32500 5.6161156
32600 6.145776
32700 6.6318884
32800 6.358869
32900 6.0932302
33000 6.041663
33100 6.6425843
33200 5.9013405
33300 5.9547114
33400 6.2931604
33500 6.255225
33600 6.2617235
33700 6.63437
33800 5.846391
33900 5.844453
34000 6.109873
34100 6.2046556
34200 5.9001393
34300 6.2331347
34400 5.6885977
34500 5.943734
34600 6.361453
34700 6.1641994
34800 6.2744846
34900 6.266881
35000 6.1172104
35100 5.9087467
35200 6.0715113
35300 6.0652113
35400 6.394325
35500 5.7468843
35600 6.0148125
35700 5.7020445
35800 6.2897277
35900 5.8219743
36000 6.040971
36100 6.072662
36200 6.2017145
36300 6.054202
36400 6.5332956
36500 6.192267
36600 6.707506
36700 5.7700577
36800 5.7278776
36900 6.0903826
37000 6.1815524
37100 6.120082
37200 5.674327
37300 6.3183107
37400 5.9951286
37500 6.411727
37600 6.30085
37700 6.145773
37800 5.7285333
37900 6.0486727
38000 6.0789366
38100 6.2092085
38200 6.1724195
38300 5.9155846
38400 6.030532
38500 6.700415
38600 6.2980876
38700 6.2607913
38800 6.2893662
38900 6.5070176
39000 5.969368
39100 5.660301
39200 6.422309
39300 6.278018
39400 6.1443586
39500 6.009899
39600 6.3190675
39700 5.950465
39800 6.095014
39900 6.316702
40000 6.033525
40100 5.967801
40200 6.071544
40300 6.447864
40400 6.4060035
40500 6.2493105
40600 6.4684496
40700 6.186236
40800 6.2722325
40900 6.0998178
