0 0.015625
100 0.38437504
200 0.44687498
300 0.48437497
400 0.484375
500 0.53125
600 0.55
700 0.45937505
800 0.47812504
900 0.5
1000 0.50625
1100 0.48125002
1200 0.47500002
1300 0.48125
1400 0.534375
1500 0.53125
1600 0.48437503
1700 0.46562502
1800 0.5375
1900 0.534375
2000 0.54375005
2100 0.52187496
2200 0.490625
2300 0.57187504
2400 0.528125
2500 0.465625
2600 0.534375
2700 0.52187496
2800 0.528125
2900 0.559375
3000 0.484375
3100 0.50625
3200 0.515625
3300 0.590625
3400 0.540625
3500 0.48125
3600 0.54062504
3700 0.50625
3800 0.5
3900 0.48125005
4000 0.55
4100 0.55625
4200 0.56874996
4300 0.58750004
4400 0.559375
4500 0.52187496
4600 0.56875
4700 0.565625
4800 0.62812495
4900 0.553125
5000 0.65
5100 0.50625
5200 0.5
5300 0.521875
5400 0.54375005
5500 0.6125
5600 0.5625
5700 0.55625004
5800 0.49687502
5900 0.55
6000 0.471875
6100 0.521875
6200 0.534375
6300 0.54375
6400 0.509375
6500 0.525
6600 0.55625
6700 0.54375
6800 0.49062502
6900 0.58750004
7000 0.49999997
7100 0.540625
7200 0.5625
7300 0.54999995
7400 0.50937504
7500 0.528125
7600 0.4875
7700 0.56249994
7800 0.5875
7900 0.528125
8000 0.578125
8100 0.5625
8200 0.571875
8300 0.565625
8400 0.553125
8500 0.4875
8600 0.57500005
8700 0.55
8800 0.503125
8900 0.52500004
9000 0.59375
9100 0.54062504
9200 0.515625
9300 0.53749996
9400 0.50625
9500 0.559375
9600 0.5875
9700 0.58125
9800 0.56875
9900 0.515625
10000 0.50937504
10100 0.55625
10200 0.6
10300 0.56874996
10400 0.52500004
10500 0.51562506
10600 0.53125
10700 0.4875
10800 0.60625005
10900 0.5968751
11000 0.55937505
11100 0.55625004
11200 0.503125
11300 0.5
11400 0.521875
11500 0.51562494
11600 0.565625
11700 0.496875
11800 0.50625
11900 0.53437495
12000 0.534375
12100 0.5375
12200 0.559375
12300 0.5625
12400 0.5343751
12500 0.50625
12600 0.55312496
12700 0.575
12800 0.55937505
12900 0.5187501
13000 0.49062502
13100 0.51250005
13200 0.58125
13300 0.496875
13400 0.51875
13500 0.559375
13600 0.528125
13700 0.528125
13800 0.509375
13900 0.540625
14000 0.54375005
14100 0.51875
14200 0.49062502
14300 0.571875
14400 0.553125
14500 0.49374998
14600 0.578125
14700 0.5625
14800 0.575
14900 0.56874996
15000 0.5375
15100 0.528125
15200 0.59375006
15300 0.571875
15400 0.51875
15500 0.54062504
15600 0.575
15700 0.54062504
15800 0.49374998
15900 0.5375
16000 0.590625
16100 0.578125
16200 0.5625
16300 0.459375
16400 0.578125
16500 0.58125
16600 0.578125
16700 0.528125
16800 0.546875
16900 0.509375
17000 0.571875
17100 0.596875
17200 0.521875
17300 0.565625
17400 0.525
17500 0.578125
17600 0.6
17700 0.559375
17800 0.525
17900 0.54062504
18000 0.575
18100 0.4875
18200 0.578125
18300 0.52500004
18400 0.50937504
18500 0.64375
18600 0.528125
18700 0.528125
18800 0.60625005
18900 0.596875
19000 0.5625
19100 0.559375
19200 0.6000001
19300 0.53125
19400 0.515625
19500 0.5593749
19600 0.57187504
19700 0.590625
19800 0.6
19900 0.615625
20000 0.540625
20100 0.59375
20200 0.51875
20300 0.590625
20400 0.55
20500 0.553125
20600 0.5125
20700 0.596875
20800 0.5375
20900 0.54687494
21000 0.6125
21100 0.57187504
21200 0.54062504
21300 0.534375
21400 0.58750004
21500 0.59999996
21600 0.515625
21700 0.609375
21800 0.54375005
21900 0.578125
22000 0.55625004
22100 0.53749996
22200 0.55625
22300 0.565625
22400 0.53125
22500 0.55
22600 0.596875
22700 0.5375
22800 0.58125
22900 0.53125
23000 0.48125002
23100 0.55625004
23200 0.575
23300 0.55
23400 0.61875
23500 0.584375
23600 0.53749996
23700 0.55937505
23800 0.5625
23900 0.59687495
24000 0.534375
24100 0.58437496
24200 0.575
24300 0.590625
24400 0.50625
24500 0.60312504
24600 0.540625
24700 0.56562495
24800 0.53749996
24900 0.521875
25000 0.565625
25100 0.55625
25200 0.57812506
25300 0.578125
25400 0.59062505
25500 0.54375
25600 0.575
25700 0.51875
25800 0.5625
25900 0.55625004
26000 0.503125
26100 0.559375
26200 0.54375
26300 0.56875
26400 0.521875
26500 0.5625
26600 0.534375
26700 0.534375
26800 0.59999996
26900 0.571875
27000 0.5625
27100 0.6
27200 0.53749996
27300 0.621875
27400 0.5625
27500 0.5875
27600 0.5375
27700 0.57500005
27800 0.56875
27900 0.55625
28000 0.578125
28100 0.53125
28200 0.484375
28300 0.553125
28400 0.49687505
28500 0.55
28600 0.50937504
28700 0.540625
28800 0.546875
28900 0.490625
29000 0.565625
29100 0.55625
29200 0.5875
29300 0.51250005
29400 0.584375
29500 0.54375005
29600 0.509375
29700 0.63125
29800 0.58125
29900 0.584375
30000 0.54375005
30100 0.596875
30200 0.55625004
30300 0.57187504
30400 0.50625
30500 0.528125
30600 0.528125
30700 0.5125
30800 0.503125
30900 0.5375
31000 0.51875
31100 0.559375
31200 0.546875
31300 0.521875
31400 0.55
31500 0.56875
31600 0.54375
31700 0.58437496
31800 0.54375
31900 0.5375
32000 0.553125
32100 0.540625
32200 0.528125
32300 0.571875
32400 0.58125
32500 0.58750004
32600 0.5875
32700 0.49687502
32800 0.515625
32900 0.559375
33000 0.590625
33100 0.503125
33200 0.59062505
33300 0.52187496
33400 0.55
33500 0.515625
33600 0.55
33700 0.51875
33800 0.55625004
33900 0.55312496
34000 0.55
34100 0.57187504
34200 0.55937505
34300 0.56250006
34400 0.559375
34500 0.578125
34600 0.534375
34700 0.5593749
34800 0.55
34900 0.57812506
35000 0.55625004
35100 0.61875004
35200 0.58750004
35300 0.575
35400 0.571875
35500 0.60625005
35600 0.56250006
35700 0.565625
35800 0.56875
35900 0.509375
36000 0.56874996
36100 0.59687495
36200 0.553125
36300 0.56875
36400 0.53749996
36500 0.603125
36600 0.5125
36700 0.59375
36800 0.596875
36900 0.60625
37000 0.60937494
37100 0.56875
37200 0.66562504
37300 0.528125
37400 0.58125
37500 0.58125
37600 0.575
37700 0.55937505
37800 0.590625
37900 0.57500005
38000 0.56875
38100 0.51875
38200 0.55
38300 0.53125
38400 0.58125
38500 0.528125
38600 0.52187496
38700 0.54999995
38800 0.49062502
38900 0.52500004
39000 0.52187496
39100 0.60625
39200 0.553125
39300 0.5125
39400 0.528125
39500 0.546875
39600 0.5375
39700 0.59375006
39800 0.540625
39900 0.5187501
40000 0.59375
40100 0.515625
40200 0.55937505
40300 0.5875
40400 0.5375
40500 0.57187504
40600 0.559375
40700 0.5875
40800 0.515625
40900 0.54062504
41000 0.525
