0 4.798442
100 2.9949992
200 2.7410903
300 2.4295216
400 2.4443638
500 2.2713547
600 2.1805203
700 2.5235486
800 2.4626164
900 2.492965
1000 2.2902634
1100 2.5508478
1200 2.4224627
1300 2.4896944
1400 2.2684255
1500 2.319737
1600 2.3255696
1700 2.5332904
1800 2.243822
1900 2.1624048
2000 2.1286292
2100 2.3637977
2200 2.4388075
2300 2.0168695
2400 2.09337
2500 2.4599583
2600 2.275391
2700 2.2088063
2800 2.2468014
2900 2.0824485
3000 2.3505325
3100 2.3406112
3200 2.2932968
3300 1.9053653
3400 2.2512572
3500 2.3297603
3600 2.2778153
3700 2.3035862
3800 2.3653345
3900 2.4660063
4000 2.1662884
4100 2.2586892
4200 2.0420134
4300 1.9048449
4400 2.0987597
4500 2.2514918
4600 1.887162
4700 2.0471292
4800 1.8590138
4900 2.0933423
5000 1.8138717
5100 2.2872224
5200 2.49077
5300 2.320642
5400 2.156639
5500 1.8574094
5600 2.1188397
5700 2.0151691
5800 2.2667658
5900 2.187834
6000 2.3928769
6100 2.196637
6200 2.1399899
6300 2.282737
6400 2.2563164
6500 2.2063346
6600 1.9152671
6700 2.1782641
6800 2.318472
6900 2.0118768
7000 2.3435097
7100 2.0561714
7200 2.0922432
7300 2.2991335
7400 2.2983139
7500 2.2058759
7600 2.433961
7700 1.9956521
7800 1.977072
7900 2.2256217
8000 2.0596616
8100 2.1219041
8200 2.134558
8300 2.1177979
8400 2.039348
8500 2.4245014
8600 2.0865798
8700 2.1298892
8800 2.4789736
8900 2.2889242
9000 2.074668
9100 2.2311237
9200 2.2671924
9300 2.2444525
9400 2.5540323
9500 2.164151
9600 2.0471542
9700 2.000436
9800 2.1051984
9900 2.3251097
10000 2.3030052
10100 2.146525
10200 1.9039152
10300 1.9335083
10400 2.2686865
10500 2.4704716
10600 2.2812188
10700 2.3825407
10800 1.8521588
10900 2.0528584
11000 2.0656307
11100 2.205806
11200 2.1920218
11300 2.4443023
11400 2.3313618
11500 2.2946804
11600 2.1757026
11700 2.2891765
11800 2.2927947
11900 2.275121
12000 2.046109
12100 2.088207
12200 2.0585766
12300 2.1182213
12400 2.215793
12500 2.3477678
12600 2.1856472
12700 1.9743555
12800 2.1547666
12900 2.4391382
13000 2.4111807
13100 2.266326
13200 1.8997031
13300 2.361397
13400 2.2450104
13500 2.1818972
13600 2.166249
13700 2.2954316
13800 2.1725986
13900 2.2137876
14000 2.0129309
14100 2.171758
14200 2.402872
14300 2.079397
14400 2.2191558
14500 2.4404607
14600 2.111627
14700 2.0788684
14800 2.0481238
14900 2.1506414
15000 2.188675
15100 2.1271577
15200 1.8016983
15300 2.0990233
15400 2.226442
15500 2.364714
15600 2.13937
15700 2.1151214
15800 2.5430334
15900 2.2293227
16000 2.0016773
16100 2.0284812
16200 2.2125719
16300 2.6519442
16400 2.1356614
16500 2.076457
16600 2.034303
16700 2.3309155
16800 2.0433753
16900 2.2879133
17000 2.0186512
17100 2.0337348
17200 2.1893566
17300 2.061288
17400 2.115531
17500 1.8850404
17600 1.8364903
17700 1.9950225
17800 2.1917312
17900 2.1743884
18000 2.1128714
18100 2.3067594
18200 2.0744832
18300 2.32132
18400 2.1543372
18500 1.823262
18600 2.1575642
18700 2.250573
18800 1.9188406
18900 1.8621918
19000 1.9600656
19100 2.1228578
19200 2.0295837
19300 2.1865175
19400 2.1394997
19500 2.1520805
19600 2.1275434
19700 2.0023015
19800 1.8283708
19900 1.9343032
20000 2.3309133
20100 2.0214522
20200 2.1217964
20300 1.9174769
20400 2.0538936
20500 2.0874455
20600 2.2546754
20700 1.8949143
20800 2.0705745
20900 2.1696382
21000 1.9632101
21100 2.1209471
21200 2.2455292
21300 2.1508188
21400 1.9649627
21500 1.8578701
21600 2.2937777
21700 1.9103749
21800 2.0493832
21900 1.9725055
22000 2.1739237
22100 1.9982148
22200 2.0788536
22300 2.0619936
22400 2.2057757
22500 1.9814122
22600 1.9034657
22700 2.1340375
22800 1.9144517
22900 2.2689424
23000 2.534581
23100 1.9514338
23200 2.1275914
23300 2.0992506
23400 1.7846086
23500 1.8813306
23600 2.1649241
23700 2.0734327
23800 2.121353
23900 1.9903041
24000 2.2250195
24100 2.0962763
24200 1.9307532
24300 2.0557377
24400 2.376609
24500 1.8233811
24600 2.0911803
24700 2.0047624
24800 2.0562675
24900 2.2430747
25000 1.9916468
25100 2.111452
25200 1.9876988
25300 1.8862772
25400 1.9463837
25500 2.1618164
25600 2.062493
25700 2.1953602
25800 2.0568764
25900 2.1335723
26000 2.2127116
26100 2.1215641
26200 2.0176575
26300 2.0646799
26400 2.100224
26500 2.1111045
26600 2.1632845
26700 2.2011135
26800 1.9486921
26900 2.1525385
27000 2.0847254
27100 1.992051
27200 2.1453204
27300 1.9120746
27400 2.1695237
27500 2.0365803
27600 2.237997
27700 1.9421663
27800 2.124125
27900 2.052616
28000 1.9769074
28100 2.0838456
28200 2.3816726
28300 1.9410452
28400 2.4770246
28500 2.1020968
28600 2.2452438
28700 1.9793425
28800 2.2876024
28900 2.412987
29000 1.9725461
29100 2.1446252
29200 1.9682682
29300 2.164571
29400 1.8679638
29500 2.1336665
29600 2.2904215
29700 1.8331213
29800 2.0753615
29900 1.923352
30000 2.1847045
30100 1.8932118
30200 2.0981746
30300 1.8904217
30400 2.3543937
30500 2.145228
30600 2.0743496
30700 2.2781432
30800 2.413527
30900 1.9819019
31000 2.3651924
31100 1.9763875
31200 2.182715
31300 2.203577
31400 2.0905983
31500 2.1162996
31600 2.212185
31700 1.9877825
31800 2.117616
31900 2.0175583
32000 2.18534
32100 2.2552679
32200 2.202199
32300 1.9142396
32400 1.9958047
32500 1.9168463
32600 1.9424261
32700 2.3973072
32800 2.1804729
32900 2.0753016
33000 1.8600546
33100 2.1646204
33200 1.9610848
33300 2.1790965
33400 1.9716475
33500 2.2805612
33600 2.113701
33700 2.2797198
33800 2.0370233
33900 2.0668392
34000 2.109159
34100 1.9811605
34200 2.035397
34300 1.9976107
34400 1.9901961
34500 2.035997
34600 2.2034767
34700 2.1253078
34800 2.0841095
34900 1.9952747
35000 2.007573
35100 1.8589656
35200 1.9538127
35300 1.9144533
35400 2.1228712
35500 1.8592057
35600 1.8697716
35700 1.9834446
35800 2.0265756
35900 2.3251534
36000 2.0822136
36100 1.9020027
36200 2.072382
36300 2.017997
36400 2.1712859
36500 1.9014442
36600 2.335629
36700 1.9184757
36800 1.8469377
36900 1.881408
37000 1.7782593
37100 2.031152
37200 1.7274457
37300 2.083228
37400 1.9825629
37500 2.0188398
37600 1.9248979
37700 2.2506633
37800 1.8258955
37900 1.9722066
38000 2.111818
38100 2.32915
38200 2.194394
38300 2.0850348
38400 2.0204418
38500 2.2573035
38600 2.423979
38700 2.1791205
38800 2.3695235
38900 2.289685
39000 2.1848764
39100 1.820384
39200 2.2450256
39300 2.200715
39400 2.1991076
39500 2.1692553
39600 2.134339
39700 1.8186862
39800 2.1305628
39900 2.1879082
40000 2.1075203
40100 2.3636825
40200 2.1238859
40300 2.0657136
40400 2.1015863
40500 1.9678135
40600 2.1352048
40700 1.8864741
40800 2.3384786
40900 2.1037004
41000 2.1476548
