0 3.3260264
100 2.0759752
200 1.899979
300 1.684016
400 1.6943039
500 1.5743831
600 1.5114214
700 1.7491906
800 1.7069557
900 1.7279916
1000 1.5874896
1100 1.7681129
1200 1.6791232
1300 1.7257247
1400 1.5723526
1500 1.6079192
1600 1.611962
1700 1.7559431
1800 1.555299
1900 1.4988648
2000 1.4754533
2100 1.6384597
2200 1.6904525
2300 1.3979875
2400 1.4510136
2500 1.7051132
2600 1.5771809
2700 1.5310278
2800 1.5573641
2900 1.4434433
3000 1.629265
3100 1.6223881
3200 1.5895922
3300 1.3206986
3400 1.5604526
3500 1.6148667
3600 1.5788614
3700 1.5967244
3800 1.6395249
3900 1.7093053
4000 1.5015566
4100 1.565604
4200 1.4154158
4300 1.3203379
4400 1.4547493
4500 1.5606152
4600 1.308081
4700 1.4189619
4800 1.2885702
4900 1.4509943
5000 1.2572801
5100 1.5853817
5200 1.7264704
5300 1.6085465
5400 1.4948684
5500 1.2874581
5600 1.4686677
5700 1.3968089
5800 1.5712024
5900 1.516491
6000 1.6586158
6100 1.5225927
6200 1.483328
6300 1.5822728
6400 1.5639594
6500 1.5293146
6600 1.327562
6700 1.5098577
6800 1.6070422
6900 1.3945267
7000 1.6243972
7100 1.4252294
7200 1.4502325
7300 1.593638
7400 1.5930698
7500 1.5289967
7600 1.6870931
7700 1.3832806
7800 1.3704019
7900 1.5426835
8000 1.4276487
8100 1.4707918
8200 1.4795628
8300 1.4679456
8400 1.4135683
8500 1.6805364
8600 1.446307
8700 1.4763267
8800 1.7182935
8900 1.5865613
9000 1.4380503
9100 1.5464971
9200 1.571498
9300 1.555736
9400 1.7703203
9500 1.5000751
9600 1.4189792
9700 1.3865966
9800 1.4592123
9900 1.6116432
10000 1.5963216
10100 1.4878577
10200 1.3196934
10300 1.3402058
10400 1.5725336
10500 1.7124004
10600 1.5812204
10700 1.6514513
10800 1.2838186
10900 1.422933
11000 1.4317861
11100 1.5289483
11200 1.5193938
11300 1.6942612
11400 1.6159768
11500 1.5905513
11600 1.508082
11700 1.5867362
11800 1.5892441
11900 1.5769937
12000 1.4182546
12100 1.4474348
12200 1.4268966
12300 1.4682391
12400 1.5358707
12500 1.6273487
12600 1.5149753
12700 1.368519
12800 1.4935704
12900 1.6906817
13000 1.6713032
13100 1.5708975
13200 1.3167739
13300 1.6367956
13400 1.5561227
13500 1.512376
13600 1.5015295
13700 1.591072
13800 1.5059307
13900 1.5344806
14000 1.3952574
14100 1.505348
14200 1.665544
14300 1.4413282
14400 1.5382016
14500 1.6915984
14600 1.4636683
14700 1.4409618
14800 1.4196513
14900 1.4907111
15000 1.5170739
15100 1.4744334
15200 1.2488421
15300 1.4549321
15400 1.543252
15500 1.6390948
15600 1.4828982
15700 1.4660904
15800 1.7626964
15900 1.5452487
16000 1.3874569
16100 1.4060361
16200 1.533638
16300 1.8381876
16400 1.4803276
16500 1.4392903
16600 1.4100714
16700 1.6156675
16800 1.4163598
16900 1.5858607
17000 1.3992225
17100 1.4096775
17200 1.5175464
17300 1.428776
17400 1.4663744
17500 1.3066105
17600 1.272958
17700 1.3828442
17800 1.5191923
17900 1.5071713
18000 1.4645308
18100 1.5989238
18200 1.4379221
18300 1.6090165
18400 1.4932728
18500 1.2637889
18600 1.4955095
18700 1.5599782
18800 1.330039
18900 1.290773
19000 1.358614
19100 1.4714528
19200 1.4068003
19300 1.5155784
19400 1.4829881
19500 1.4917086
19600 1.4747007
19700 1.3878896
19800 1.26733
19900 1.3407568
20000 1.615666
20100 1.4011638
20200 1.4707172
20300 1.3290937
20400 1.4236505
20500 1.4469069
20600 1.5628219
20700 1.3134545
20800 1.4352129
20900 1.5038786
21000 1.3607936
21100 1.4701285
21200 1.5564822
21300 1.490834
21400 1.3620083
21500 1.2877774
21600 1.5899255
21700 1.324171
21800 1.4205241
21900 1.3672366
22000 1.506849
22100 1.385057
22200 1.4409516
22300 1.429265
22400 1.5289272
22500 1.3734102
22600 1.319382
22700 1.4792022
22800 1.3269968
22900 1.572711
23000 1.7568376
23100 1.3526309
23200 1.474734
23300 1.4550896
23400 1.2369964
23500 1.304039
23600 1.5006111
23700 1.437194
23800 1.4704098
23900 1.3795737
24000 1.542266
24100 1.453028
24200 1.3382962
24300 1.4249288
24400 1.6473398
24500 1.2638714
24600 1.4494957
24700 1.3895954
24800 1.4252961
24900 1.5547808
25000 1.3805044
25100 1.4635471
25200 1.3777678
25300 1.3074677
25400 1.3491304
25500 1.4984568
25600 1.4296113
25700 1.5217077
25800 1.4257181
25900 1.4788797
26000 1.5337348
26100 1.4705561
26200 1.3985336
26300 1.431127
26400 1.4557644
26500 1.4633062
26600 1.4994746
26700 1.5256956
26800 1.3507304
26900 1.4920261
27000 1.4450215
27100 1.3807845
27200 1.4870229
27300 1.3253491
27400 1.5037992
27500 1.41165
27600 1.5512614
27700 1.3462071
27800 1.4723313
27900 1.4227649
28000 1.3702878
28100 1.4444118
28200 1.6508497
28300 1.34543
28400 1.7169427
28500 1.4570625
28600 1.5562844
28700 1.3719757
28800 1.5856452
28900 1.6725551
29000 1.3672647
29100 1.4865409
29200 1.3642995
29300 1.5003663
29400 1.2947738
29500 1.4789449
29600 1.5875992
29700 1.2706228
29800 1.4385309
29900 1.333166
30000 1.5143218
30100 1.3122745
30200 1.4543438
30300 1.3103405
30400 1.6319413
30500 1.4869587
30600 1.4378296
30700 1.5790884
30800 1.6729295
30900 1.3737497
31000 1.6394265
31100 1.3699274
31200 1.5129428
31300 1.5274032
31400 1.4490924
31500 1.4669071
31600 1.5333698
31700 1.3778259
31800 1.4678196
31900 1.3984648
32000 1.5147622
32100 1.5632325
32200 1.526448
32300 1.3268498
32400 1.3833864
32500 1.3286566
32600 1.3463871
32700 1.6616868
32800 1.5113885
32900 1.4384896
33000 1.2892916
33100 1.5004005
33200 1.3593204
33300 1.5104345
33400 1.3666419
33500 1.5807647
33600 1.465106
33700 1.5801814
33800 1.4119569
33900 1.4326239
34000 1.4619577
34100 1.3732358
34200 1.4108298
34300 1.3846382
34400 1.3794988
34500 1.4112456
34600 1.5273336
34700 1.4731511
34800 1.4445947
34900 1.383019
35000 1.3915435
35100 1.2885368
35200 1.3542798
35300 1.3269979
35400 1.4714621
35500 1.2887032
35600 1.296027
35700 1.374819
35800 1.4047151
35900 1.6116735
36000 1.4432805
36100 1.3183678
36200 1.4364657
36300 1.3987689
36400 1.5050206
36500 1.3179806
36600 1.6189346
36700 1.3297861
36800 1.2801996
36900 1.3040926
37000 1.2325954
37100 1.4078872
37200 1.1973741
37300 1.4439837
37400 1.3742079
37500 1.3993531
37600 1.3342376
37700 1.5600408
37800 1.2656144
37900 1.3670294
38000 1.4638007
38100 1.6144438
38200 1.521038
38300 1.445236
38400 1.4004635
38500 1.5646436
38600 1.6801742
38700 1.5104513
38800 1.6424286
38900 1.5870887
39000 1.5144409
39100 1.2617941
39200 1.5561332
39300 1.5254195
39400 1.5243053
39500 1.5036132
39600 1.4794111
39700 1.2606173
39800 1.4767935
39900 1.5165424
40000 1.4608219
40100 1.6383799
40200 1.4721656
40300 1.4318435
40400 1.4567087
40500 1.3639843
40600 1.4800111
40700 1.3076042
40800 1.6209098
40900 1.458174
41000 1.4886409
