0 26.828426
100 10.111247
200 9.048535
300 8.255628
400 7.8590484
500 7.530202
600 7.294163
700 7.7737265
800 7.573213
900 7.411027
1000 6.948472
1100 7.6149
1200 7.343773
1300 6.9599657
1400 7.072341
1500 7.053664
1600 7.096712
1700 7.2686915
1800 6.6934495
1900 6.4444504
2000 6.73163
2100 6.8357406
2200 6.9548573
2300 6.132508
2400 6.314493
2500 7.386151
2600 6.2976055
2700 6.488618
2800 6.515542
2900 6.1821823
3000 6.656262
3100 6.8731027
3200 6.252073
3300 6.0115786
3400 6.5775976
3500 6.6313367
3600 6.117136
3700 6.2639956
3800 6.9032707
3900 6.4724965
4000 6.702404
4100 6.8532
4200 6.4167604
4300 6.427126
4400 6.4577746
4500 6.3386393
4600 5.6425276
4700 6.286995
4800 6.0813046
4900 6.130704
5000 5.9869823
5100 6.7808495
5200 6.6640005
5300 6.642809
5400 6.407416
5500 6.074718
5600 6.228489
5700 6.576452
5800 6.3374386
5900 6.163245
6000 7.100687
6100 6.4674644
6200 6.5601535
6300 6.1171103
6400 6.645835
6500 6.135155
6600 5.9285593
6700 6.6435833
6800 6.6448216
6900 6.5243645
7000 6.4953814
7100 6.1906023
7200 6.4382095
7300 6.3285146
7400 6.3711104
7500 6.2958736
7600 6.8654056
7700 6.2526765
7800 6.135485
7900 5.943502
8000 6.040951
8100 6.168079
8200 6.207176
8300 6.311146
8400 5.9510274
8500 6.598252
8600 6.2454457
8700 6.3862133
8800 6.6057744
8900 6.364974
9000 6.2576385
9100 6.141129
9200 6.2668004
9300 6.714976
9400 6.529494
9500 6.2200937
9600 6.1030025
9700 5.9814444
9800 5.8903923
9900 6.7506375
10000 6.5492287
10100 6.1927586
10200 6.1711874
10300 5.8812437
10400 6.439003
10500 6.7384567
10600 6.835328
10700 6.60011
10800 5.8504157
10900 6.3755045
11000 6.191741
11100 6.5923233
11200 6.3840094
11300 6.675802
11400 6.5895586
11500 6.5203953
11600 6.0794735
11700 6.6074333
11800 6.4879766
11900 6.3364687
12000 6.0957336
12100 6.144863
12200 5.7023625
12300 6.101428
12400 6.275922
12500 6.73627
12600 6.12192
12700 5.6556087
12800 6.1811857
12900 6.296728
13000 6.8695726
13100 6.486075
13200 5.9971175
13300 6.5369864
13400 6.193243
13500 6.5183554
13600 6.2263265
13700 6.2258396
13800 6.3783894
13900 6.229434
14000 6.1200705
14100 6.2191095
14200 6.7466817
14300 6.3492575
14400 5.69144
14500 6.38379
14600 6.326533
14700 5.8974457
14800 6.2431602
14900 6.401661
15000 6.3888726
15100 5.5761337
15200 5.932424
15300 5.9043846
15400 6.6596575
15500 6.5676517
15600 6.220183
15700 6.126364
15800 6.685673
15900 6.6228485
16000 6.0277658
16100 6.1036015
16200 6.22447
16300 7.305645
16400 6.102419
16500 6.5250416
16600 6.155581
16700 6.257721
16800 6.5006537
16900 7.1400514
17000 6.087537
17100 6.278614
17200 6.1075306
17300 6.6452546
17400 6.5819316
17500 6.0679817
17600 5.714529
17700 6.229251
17800 6.4130516
17900 6.116581
18000 5.8642197
18100 6.5717006
18200 6.1256156
18300 6.533149
18400 6.182049
18500 5.9509287
18600 6.2744465
18700 6.1632643
18800 5.979806
18900 5.8676
19000 6.097655
19100 6.287208
19200 6.4027658
19300 6.3667645
19400 6.700251
19500 6.525878
19600 5.672343
19700 6.217619
19800 5.676944
19900 6.6389112
20000 6.873439
20100 6.4743586
20200 6.363688
20300 6.0165377
20400 6.1172533
20500 6.2954345
20600 6.3555126
20700 6.18397
20800 6.056645
20900 6.5161552
21000 6.36023
21100 6.111267
21200 6.324153
21300 6.436613
21400 6.1569343
21500 6.204319
21600 6.658255
21700 5.6887574
21800 6.15073
21900 6.0682354
22000 6.443017
22100 6.2797666
22200 6.2946215
22300 6.195986
22400 6.5714054
22500 6.1206574
22600 6.105503
22700 6.2315946
22800 6.1258655
22900 6.434166
23000 6.327505
23100 6.1700478
23200 6.752219
23300 6.0484085
23400 5.676976
23500 6.055054
23600 6.541818
23700 6.334242
23800 5.9296513
23900 6.254009
24000 6.2854495
24100 6.308637
24200 6.352565
24300 6.5477138
24400 6.084976
24500 6.027317
24600 6.1690497
24700 6.138735
24800 6.3746433
24900 6.5240436
25000 5.9772353
25100 6.5112567
25200 5.8615804
25300 5.8292003
25400 5.730337
25500 6.389178
25600 6.2455697
25700 6.3437767
25800 6.189727
25900 6.6055717
26000 6.418565
26100 6.189809
26200 5.975456
26300 6.06826
26400 6.288142
26500 6.069201
26600 6.2342887
26700 6.3437805
26800 6.304422
26900 6.0997944
27000 6.2865543
27100 5.88971
27200 6.0700645
27300 6.205625
27400 6.5097218
27500 6.2752004
27600 6.5968237
27700 5.990961
27800 5.9265103
27900 6.0674305
28000 6.3436995
28100 6.6029544
28200 6.557621
28300 6.1430655
28400 7.0756574
28500 6.183022
28600 6.3317585
28700 6.0354156
28800 6.8072357
28900 6.8215675
29000 6.1483827
29100 6.3228006
29200 6.409528
29300 6.372496
29400 6.031153
29500 6.2893257
29600 5.8672433
29700 6.1946654
29800 6.236751
29900 6.309753
30000 6.554217
30100 5.8884807
30200 6.0472984
30300 5.999934
30400 6.6301317
30500 6.3312745
30600 6.4467964
30700 6.6580925
30800 6.544039
30900 6.0379076
31000 6.291813
31100 6.106398
31200 6.422953
31300 6.7141953
31400 6.209533
31500 6.2324677
31600 6.034968
31700 5.8263936
31800 6.009042
31900 6.6108704
32000 6.40563
32100 6.1743746
32200 6.200411
32300 5.8545446
32400 6.2898097
32500 5.64608
32600 6.17641
32700 6.7357354
32800 6.292704
32900 6.116975
33000 6.0285606
33100 6.6179714
33200 5.869853
33300 5.961395
33400 6.3478813
33500 6.3189154
33600 6.3170757
33700 6.7018814
33800 5.9758644
33900 5.9249673
34000 6.037065
34100 6.1476507
34200 6.1917477
34300 6.093019
34400 5.700879
34500 6.004562
34600 6.49081
34700 6.2447176
34800 6.3324695
34900 6.2458663
35000 6.0031347
35100 5.9827185
35200 6.057348
35300 5.9728875
35400 6.3615804
35500 5.7656326
35600 6.0647097
35700 5.6824565
35800 6.326943
35900 5.901347
36000 6.0357466
36100 6.1454325
36200 6.1576295
36300 6.1284957
36400 6.603726
36500 6.10686
36600 6.7739177
36700 5.8573294
36800 5.785394
36900 6.078175
37000 6.0193577
37100 6.0909967
37200 5.681403
37300 6.4056444
37400 5.970949
37500 6.410288
37600 6.199131
37700 6.1245937
37800 5.8457856
37900 6.0426416
38000 6.1410866
38100 6.1401777
38200 6.138239
38300 5.982541
38400 6.1029716
38500 6.480168
38600 6.355271
38700 6.315075
38800 6.3155456
38900 6.385141
39000 5.966363
39100 5.65001
39200 6.404452
39300 6.2817607
39400 6.1392603
39500 6.012585
39600 6.365122
39700 6.0028462
39800 6.163085
39900 6.4278545
40000 6.1113777
40100 5.983941
40200 6.1117883
40300 6.4330935
40400 6.474903
40500 6.2241755
40600 6.5357037
40700 6.053997
40800 6.3579893
40900 6.1196895
41000 6.3162756
