0 3.4694893
100 3.201276
200 2.6922228
300 2.5762017
400 2.7390954
500 2.3486905
600 2.5022821
700 2.153152
800 2.8355646
900 2.2550445
1000 2.5365229
1100 1.9968152
1200 2.1897166
1300 2.0059967
1400 2.8389616
1500 1.9145839
1600 1.8788838
1700 1.8614247
1800 1.7634382
1900 1.8694892
2000 1.6157755
2100 2.3912709
2200 2.4017642
2300 1.8413488
2400 1.5946864
2500 2.1001422
2600 1.6982772
2700 1.7262045
2800 1.9079748
2900 2.0964677
3000 2.4000444
3100 1.9095198
3200 2.2828379
3300 2.046253
3400 1.6139853
3500 1.597153
3600 2.0558074
3700 1.5497128
3800 1.558606
3900 1.749105
4000 1.8627403
4100 2.069688
4200 1.8404393
4300 1.8214829
4400 1.9133046
4500 1.5077904
4600 2.166559
4700 1.5883055
4800 1.5510396
4900 1.5538867
5000 1.9799496
5100 1.4354255
5200 1.9136016
5300 1.846036
5400 1.335151
5500 1.9727778
5600 1.9353565
5700 1.4703329
5800 1.5340978
5900 1.9573992
6000 1.3523321
6100 1.4037746
6200 1.461674
6300 1.5753394
6400 1.5850207
6500 1.9615903
6600 1.2978424
6700 2.0489566
6800 1.6933527
6900 1.6207851
7000 1.7682201
7100 1.7476488
7200 1.659889
7300 1.665243
7400 1.9134896
7500 1.5302246
7600 1.7779217
7700 1.3716078
7800 1.5411018
7900 1.6788845
8000 1.7292254
8100 1.4746264
8200 1.3722354
8300 1.5155778
8400 1.922304
8500 1.8603809
8600 1.702309
8700 1.5334187
8800 1.4113367
8900 1.617272
9000 1.8695517
9100 1.4878725
9200 1.3628138
9300 1.7977278
9400 1.4837242
9500 1.6625434
9600 1.1998414
9700 1.0581459
9800 1.4239384
9900 1.4943401
10000 1.2029266
10100 1.2420014
10200 1.6855336
10300 1.3147911
10400 1.2874641
10500 1.4765103
10600 1.7798038
10700 1.4575819
10800 1.4712988
10900 1.768075
11000 1.3181022
11100 1.372313
11200 1.3633934
11300 1.5362971
11400 1.7182794
11500 1.1451082
11600 1.2843763
11700 1.5198069
11800 1.5483114
11900 1.4286746
12000 1.26197
12100 1.6890911
12200 1.0759913
12300 1.1607925
12400 0.9032382
12500 1.1509444
12600 1.2945966
12700 1.6902527
12800 1.4088598
12900 1.2193186
13000 1.5389532
13100 1.2098119
13200 1.4288895
13300 1.3152338
13400 1.3503686
13500 1.3132266
13600 1.0866905
13700 1.4715986
13800 1.5545787
13900 1.4233333
14000 1.1564832
14100 1.2809751
14200 1.8422496
14300 1.4228592
14400 1.2988937
14500 1.7127223
14600 1.3783017
14700 1.3851048
14800 1.0584556
14900 1.252073
15000 1.1102922
15100 1.4168946
15200 1.4730053
15300 1.3769721
15400 1.3108749
15500 1.357344
15600 0.9990601
15700 1.3082335
15800 0.8679414
15900 1.4569083
16000 1.2033455
16100 1.6072198
16200 0.74148494
16300 1.884558
16400 1.53879
16500 1.7715368
16600 1.3768647
16700 1.079811
16800 1.2416133
16900 1.15998
17000 1.2429193
