0 9.66788
100 5.0470037
200 5.294963
300 5.0073385
400 5.3420577
500 5.115225
600 4.9022403
700 5.6298294
800 5.331005
900 4.3497653
1000 5.2756596
1100 4.982934
1200 5.5250607
1300 4.554199
1400 5.691524
1500 4.4427733
1600 4.409898
1700 4.422888
1800 4.2356052
1900 4.326569
2000 3.9777231
2100 4.759182
2200 4.598841
2300 4.3897266
2400 4.5844316
2500 4.701519
2600 4.314662
2700 4.1253157
2800 4.5958176
2900 4.8910637
3000 4.877865
3100 4.8450613
3200 3.9887388
3300 4.2729793
3400 4.185402
3500 4.016191
3600 4.3748007
3700 4.166691
3800 4.440394
3900 4.2706833
4000 4.3152075
4100 4.02533
4200 4.418337
4300 4.196172
4400 4.213628
4500 4.047698
4600 3.8524477
4700 3.9285936
4800 3.9989336
4900 4.4082766
5000 4.485917
5100 3.9309096
5200 3.5026937
5300 3.4396718
5400 3.4557402
5500 4.330583
5600 4.4114137
5700 4.0227804
5800 3.6678286
5900 3.502205
6000 3.8662226
6100 4.06386
6200 3.8771875
6300 4.039525
6400 3.8403945
6500 3.9597745
6600 3.897799
6700 4.130012
6800 3.749786
6900 3.7580564
7000 3.6049306
7100 4.511265
7200 4.756364
7300 4.4412184
7400 4.067053
7500 3.8421187
7600 3.6227264
7700 3.941225
7800 3.566105
7900 3.8909144
8000 3.8004074
8100 3.7140317
8200 3.9220638
8300 3.910191
8400 4.209135
8500 3.4600923
8600 3.9371207
8700 3.6096733
8800 4.0949545
8900 3.6320333
9000 3.745811
9100 3.6032505
9200 3.549096
9300 3.6402912
9400 3.6154394
9500 4.0238314
9600 3.7611995
9700 3.7661471
9800 3.734478
9900 3.5969164
10000 3.6791084
10100 4.233041
10200 3.7239332
10300 3.552819
10400 3.239556
10500 3.5169291
10600 3.8104246
10700 3.6597044
10800 3.7730474
10900 3.6707573
11000 3.655664
11100 3.3205693
11200 3.512443
11300 3.4388273
11400 3.7698183
11500 3.3633142
11600 3.4225054
11700 3.7645535
11800 3.317822
11900 3.1454148
12000 3.534789
12100 4.1429415
12200 3.4800153
12300 3.3765767
12400 3.0750628
12500 3.2199755
12600 3.0081003
12700 3.1008012
12800 3.805199
12900 3.2980256
13000 3.6981888
13100 3.1289034
13200 3.7128549
13300 3.627666
13400 3.0456047
13500 3.267859
13600 2.9948564
13700 3.575635
13800 3.2348492
13900 3.7308948
14000 3.2832584
14100 3.3109894
14200 4.1117887
14300 3.7553995
14400 2.9989276
14500 2.9166796
14600 3.3221047
14700 3.6482806
14800 3.3932343
14900 3.5966964
15000 3.9506216
15100 3.1763527
15200 3.511581
15300 3.3066216
15400 2.998332
15500 3.5931606
15600 3.2935936
15700 3.1307921
15800 2.9648244
15900 3.650974
16000 3.2467458
16100 3.7294736
16200 2.7170246
16300 3.0419338
16400 3.551702
16500 3.6083453
16600 3.578933
16700 3.383325
16800 2.9722881
16900 3.1783628
17000 3.5729594
