0 4.7949967
100 3.0922165
200 2.8528633
300 2.5410566
400 2.5683117
500 2.367611
600 2.3039103
700 2.4493399
800 2.5415084
900 2.5525746
1000 2.4279096
1100 2.6060622
1200 2.4571664
1300 2.5888736
1400 2.3703835
1500 2.2876735
1600 2.398644
1700 2.567417
1800 2.3081672
1900 2.252513
2000 2.3162036
2100 2.3385963
2200 2.433328
2300 2.0306659
2400 2.121261
2500 2.559711
2600 2.2783997
2700 2.2474926
2800 2.3122396
2900 2.1695445
3000 2.379284
3100 2.453587
3200 2.4080255
3300 1.9486345
3400 2.265322
3500 2.4000187
3600 2.3616512
3700 2.3137913
3800 2.39521
3900 2.4577343
4000 2.2891316
4100 2.309848
4200 2.0968986
4300 1.9851232
4400 2.1229453
4500 2.2112787
4600 2.0156412
4700 2.1883972
4800 1.864339
4900 2.090547
5000 1.8151515
5100 2.2705579
5200 2.4990726
5300 2.4015102
5400 2.1321805
5500 1.8857797
5600 2.2337427
5700 2.1401355
5800 2.2992277
5900 2.3267982
6000 2.3590105
6100 2.3585467
6200 2.2704868
6300 2.3229742
6400 2.4567776
6500 2.1714716
6600 1.9019934
6700 2.1702275
6800 2.347576
6900 2.0208752
7000 2.309177
7100 2.1149528
7200 2.1668596
7300 2.2453332
7400 2.3210907
7500 2.2547476
7600 2.5115108
7700 2.00969
7800 2.0553243
7900 2.1481545
8000 2.0207634
8100 2.084718
8200 2.1651728
8300 2.1503675
8400 2.0752897
8500 2.416588
8600 2.0478578
8700 2.1306667
8800 2.5256212
8900 2.2769692
9000 2.1257863
9100 2.2331219
9200 2.2452874
9300 2.2495399
9400 2.5738835
9500 2.156286
9600 1.9744583
9700 1.8765767
9800 2.1105332
9900 2.274045
10000 2.3441162
10100 2.1407785
10200 1.8369305
10300 1.921389
10400 2.2119071
10500 2.3742278
10600 2.293589
10700 2.320617
10800 1.9015554
10900 2.083873
11000 2.0451744
11100 2.2495608
11200 2.187668
11300 2.529072
11400 2.357714
11500 2.3516917
11600 2.253907
11700 2.37549
11800 2.3367786
11900 2.1806889
12000 2.1315892
12100 2.1776917
12200 2.1097453
12300 2.159001
12400 2.327629
12500 2.383145
12600 2.2528443
12700 2.0231786
12800 2.423569
12900 2.4671166
13000 2.493805
13100 2.397572
13200 2.0001206
13300 2.4524002
13400 2.249573
13500 2.224854
13600 2.1784902
13700 2.25553
13800 2.2004137
13900 2.3309224
14000 2.1591442
14100 2.2547503
14200 2.4915614
14300 2.1112354
14400 2.2473204
14500 2.5410566
14600 2.2491922
14700 2.0472753
14800 2.1203156
14900 2.1818156
15000 2.1984754
15100 2.2188427
15200 1.9055958
15300 2.0187345
15400 2.2833672
15500 2.4381275
15600 2.1903083
15700 2.215639
15800 2.505854
15900 2.284174
16000 2.0756474
16100 2.172583
16200 2.229116
16300 2.7881277
16400 2.2742205
16500 2.1813967
16600 2.1672854
16700 2.3239536
16800 2.2164435
16900 2.371256
17000 2.1605394
17100 2.151347
17200 2.187726
17300 2.2020147
17400 2.1562538
17500 2.050769
17600 1.8150027
17700 2.0771444
