0 26.43819
100 10.152004
200 8.41251
300 8.027241
400 7.4914417
500 7.1396575
600 7.275511
700 7.3070865
800 7.25846
900 7.5139165
1000 6.6544127
1100 7.2891135
1200 7.6283803
1300 7.0614157
1400 7.3455114
1500 6.5896044
1600 7.139033
1700 6.938492
1800 6.420165
1900 6.346976
2000 6.8194156
2100 6.9787884
2200 6.60177
2300 6.2109823
2400 6.491276
2500 7.1617074
2600 6.305949
2700 6.6705832
2800 6.505519
2900 6.138243
3000 6.5144067
3100 6.51661
3200 6.3148413
3300 6.09445
3400 6.696792
3500 6.5966773
3600 6.2316003
3700 6.207648
3800 6.724025
3900 6.4878573
4000 6.7100344
4100 6.5168476
4200 6.165283
4300 6.2880034
4400 6.2784214
4500 6.4430714
4600 5.585649
4700 5.892104
4800 6.0784273
4900 6.1415176
5000 6.1206474
5100 6.5821333
5200 6.4960227
5300 6.5636635
5400 6.173407
5500 6.117102
5600 6.3352184
5700 6.637934
5800 6.2221394
5900 5.8617043
6000 7.025548
6100 6.5471306
6200 6.434903
6300 6.0499763
6400 6.5451465
6500 6.1648607
6600 6.0075884
6700 6.590767
6800 6.4784102
6900 6.3809767
7000 6.417521
7100 6.2902694
7200 6.478094
7300 6.279414
7400 6.1988044
7500 6.3405375
7600 6.968013
7700 6.023423
7800 6.031077
7900 6.265844
8000 5.931753
8100 6.0189843
8200 6.101686
8300 6.300645
8400 5.983085
8500 6.460896
8600 6.293858
8700 6.3223457
8800 6.1853733
8900 6.316785
9000 6.550125
9100 5.8178787
9200 6.2765994
9300 6.477026
9400 6.4727025
9500 5.9382625
9600 5.870237
9700 6.1131196
9800 5.7742844
9900 6.6376185
10000 6.4332514
10100 6.1055512
10200 6.0493298
10300 5.5105586
10400 6.4286866
10500 6.7799697
10600 6.5233502
10700 6.4888616
10800 5.7960815
10900 6.5570326
11000 6.279675
11100 6.3483324
11200 6.548188
11300 6.5202236
11400 6.4621816
11500 6.4428353
11600 6.0585227
11700 6.71015
11800 6.2490673
11900 6.0521317
12000 6.238143
12100 6.2007275
12200 5.832103
12300 6.2565713
12400 6.009882
12500 6.5598416
12600 6.128839
12700 5.5479193
12800 6.27439
12900 6.183385
13000 6.767744
13100 6.2470026
13200 5.9824176
13300 6.6755404
13400 6.484894
13500 6.4567056
13600 6.209936
13700 6.273767
13800 6.2198215
13900 5.8949723
14000 6.10152
14100 6.1915913
14200 6.653642
14300 6.340157
14400 5.7570744
14500 6.8179917
14600 6.251321
14700 6.086213
14800 6.2102404
14900 6.448194
15000 6.337382
15100 5.513408
15200 6.043318
15300 5.845255
15400 6.7147713
15500 6.6505885
15600 6.0804663
15700 6.2628517
15800 6.819438
15900 6.488846
16000 6.085661
16100 6.32621
16200 6.436348
16300 7.163999
16400 6.174222
16500 6.4040937
16600 6.0005927
16700 6.240617
16800 6.791014
16900 7.058443
17000 6.1109815
17100 6.2682786
17200 6.0653343
17300 6.560765
17400 6.473109
17500 6.020589
17600 6.00725
17700 6.2437634
