0 0.03125
100 0.4375
200 0.25
300 0.46875
400 0.40625
500 0.34375
600 0.34375
700 0.53125
800 0.4375
900 0.53125
1000 0.3125
1100 0.6875
1200 0.40625
1300 0.5
1400 0.34375
1500 0.5
1600 0.40625
1700 0.3125
1800 0.5625
1900 0.46875
2000 0.59375
2100 0.53125
2200 0.5625
2300 0.5
2400 0.53125
2500 0.5
2600 0.46875
2700 0.5
2800 0.53125
2900 0.53125
3000 0.46875
3100 0.59375
3200 0.5625
3300 0.625
3400 0.59375
3500 0.5
3600 0.59375
3700 0.5625
3800 0.4375
3900 0.5
4000 0.53125
4100 0.46875
4200 0.53125
4300 0.5625
4400 0.53125
4500 0.5
4600 0.59375
4700 0.6875
4800 0.5
4900 0.75
5000 0.53125
5100 0.5625
5200 0.65625
5300 0.53125
5400 0.71875
5500 0.5625
5600 0.65625
5700 0.5625
5800 0.75
5900 0.625
6000 0.5625
6100 0.5625
6200 0.625
6300 0.6875
6400 0.5
6500 0.59375
6600 0.625
6700 0.65625
6800 0.5625
6900 0.53125
7000 0.53125
7100 0.625
7200 0.6875
7300 0.59375
7400 0.59375
7500 0.5
7600 0.6875
7700 0.625
7800 0.75
7900 0.53125
8000 0.5625
8100 0.5
8200 0.53125
8300 0.6875
8400 0.53125
8500 0.71875
8600 0.71875
8700 0.625
8800 0.625
8900 0.59375
9000 0.59375
9100 0.625
9200 0.6875
9300 0.625
9400 0.78125
9500 0.78125
9600 0.75
9700 0.6875
9800 0.75
9900 0.6875
10000 0.65625
10100 0.6875
10200 0.65625
10300 0.71875
10400 0.75
10500 0.6875
10600 0.5625
10700 0.6875
10800 0.8125
10900 0.65625
11000 0.8125
11100 0.65625
11200 0.8125
11300 0.8125
11400 0.71875
11500 0.65625
11600 0.8125
11700 0.65625
11800 0.625
11900 0.8125
12000 0.625
12100 0.71875
12200 0.78125
12300 0.71875
12400 0.875
12500 0.875
12600 0.78125
12700 0.78125
12800 0.9375
12900 0.75
13000 0.875
13100 0.75
13200 0.875
13300 0.78125
13400 0.71875
13500 0.78125
13600 0.6875
13700 0.75
13800 0.84375
13900 0.78125
14000 0.71875
14100 0.875
14200 0.78125
14300 0.8125
14400 0.8125
14500 0.75
14600 0.84375
14700 0.78125
14800 0.75
14900 0.75
15000 0.75
15100 0.875
15200 0.8125
15300 0.75
15400 0.875
15500 0.90625
15600 0.84375
15700 0.78125
15800 0.8125
15900 0.875
16000 0.84375
16100 0.90625
16200 0.84375
16300 0.78125
16400 0.8125
16500 0.75
16600 0.78125
16700 0.8125
16800 0.90625
16900 0.78125
17000 0.90625
17100 0.90625
17200 0.84375
17300 0.84375
17400 0.90625
17500 0.875
17600 0.84375
17700 0.71875
17800 0.6875
17900 0.9375
18000 0.78125
18100 0.78125
18200 0.84375
18300 0.84375
18400 0.875
18500 0.9375
