0 4.465943
100 2.8927917
200 3.0892541
300 2.4527938
400 2.769436
500 2.635091
600 2.2023277
700 2.4742734
800 2.490573
900 2.2502837
1000 2.576496
1100 1.4469385
1200 2.3001301
1300 2.0961387
1400 2.6243637
1500 2.0740316
1600 2.003954
1700 2.5703692
1800 1.7219347
1900 2.0947888
2000 1.755182
2100 2.354464
2200 2.0297234
2300 2.2306619
2400 1.8635472
2500 1.8014956
2600 2.150618
2700 1.6600813
2800 2.0761237
2900 2.0472775
3000 2.0133245
3100 1.7642086
3200 1.5509675
3300 1.8454137
3400 1.6207731
3500 1.8136665
3600 1.8069713
3700 2.0928843
3800 2.0516615
3900 2.20431
4000 2.0793602
4100 2.4335604
4200 1.6897717
4300 1.9612322
4400 1.9419352
4500 1.7130666
4600 1.5375184
4700 1.4139158
4800 1.5279192
4900 1.2747372
5000 1.8143942
5100 1.8573642
5200 1.5002762
5300 1.6136181
5400 1.5471067
5500 1.546556
5600 1.5129508
5700 1.8612527
5800 1.208982
5900 1.5813684
6000 1.3890262
6100 1.4765453
6200 1.4616843
6300 1.3464693
6400 1.6918652
6500 1.998772
6600 1.4468417
6700 1.6022086
6800 1.5707161
6900 1.9278268
7000 1.6758434
7100 1.451744
7200 1.2656237
7300 1.6780765
7400 1.6572644
7500 2.1528676
7600 1.2071916
7700 1.4896204
7800 1.2070742
7900 1.5454528
8000 2.1215956
8100 2.0057917
8200 1.7354673
8300 1.5870128
8400 1.6678196
8500 0.9726023
8600 1.8063657
8700 1.3813931
8800 1.6625801
8900 1.5627497
9000 1.3007787
9100 1.3112595
9200 1.1166048
9300 1.5006437
9400 1.0674239
9500 1.0869969
9600 0.97915846
9700 1.4831764
9800 0.85477424
9900 1.3995461
10000 1.3019149
10100 1.2999804
10200 1.1250755
10300 1.239065
10400 1.1753117
10500 1.3687384
10600 1.5281229
10700 1.4367982
10800 0.95787543
10900 1.46159
11000 0.9139961
11100 1.2505726
11200 0.89434797
11300 1.151912
11400 1.0560284
11500 1.391287
11600 0.80620927
11700 1.4510428
11800 1.7300619
11900 0.8239893
12000 1.4764628
12100 1.0850506
12200 1.0678234
12300 1.1603171
12400 0.7501832
12500 0.91053516
12600 1.0396228
12700 1.0173726
12800 0.57036734
12900 1.0693219
13000 0.9486778
13100 0.8607582
13200 0.7174253
13300 0.89006466
13400 1.4254973
13500 1.3272393
13600 1.2645383
13700 1.1576062
13800 0.84585726
13900 0.9929621
14000 1.3374127
14100 1.0601926
14200 0.6782067
14300 0.7343102
14400 0.9781536
14500 1.4253547
14600 0.80662185
14700 0.91904074
14800 1.0411947
14900 1.170009
15000 1.2866507
15100 0.67557484
15200 0.769211
15300 1.0447131
15400 0.7039301
15500 0.5682375
15600 0.842733
15700 0.99353904
15800 0.8252187
15900 0.64555687
16000 0.7347216
16100 0.5349546
16200 0.8181711
16300 1.0166966
16400 1.0001493
16500 0.82885164
16600 1.0165112
16700 0.992872
16800 0.77601665
16900 1.0422851
17000 0.8014324
17100 0.7692753
17200 0.8013255
17300 0.7715942
17400 0.70374894
17500 0.8287027
17600 1.1029867
17700 1.0224524
17800 1.2440846
17900 0.7345802
18000 0.991243
18100 0.9369617
18200 0.6315417
18300 0.82715726
18400 0.63225275
18500 0.56934834
