0 3.0955558
100 2.0051305
200 2.1413078
300 1.7001472
400 1.9196267
500 1.8265059
600 1.5265372
700 1.7150357
800 1.7263336
900 1.5597779
1000 1.7858908
1100 1.0029414
1200 1.5943286
1300 1.4529326
1400 1.8190703
1500 1.4376091
1600 1.389035
1700 1.7816442
1800 1.1935542
1900 1.4519969
2000 1.2165995
2100 1.6319902
2200 1.4068971
2300 1.5461769
2400 1.2917125
2500 1.2487016
2600 1.4906949
2700 1.1506807
2800 1.4390593
2900 1.4190645
3000 1.3955302
3100 1.2228562
3200 1.0750487
3300 1.2791433
3400 1.1234343
3500 1.2571378
3600 1.2524971
3700 1.4506769
3800 1.4221034
3900 1.5279112
4000 1.4413028
4100 1.6868155
4200 1.1712605
4300 1.3594226
4400 1.3460469
4500 1.1874073
4600 1.0657265
4700 0.98005176
4800 1.0590729
4900 0.88358057
5000 1.2576423
5100 1.2874267
5200 1.0399122
5300 1.1184748
5400 1.0723727
5500 1.071991
5600 1.0486976
5700 1.290122
5800 0.83800244
5900 1.0961211
6000 0.9627996
6100 1.0234632
6200 1.0131624
6300 0.9333014
6400 1.1727116
6500 1.3854432
6600 1.0028743
6700 1.1105664
6800 1.0887375
6900 1.3362677
7000 1.1616061
7100 1.0062722
7200 0.8772635
7300 1.163154
7400 1.1487281
7500 1.492254
7600 0.8367615
7700 1.0325263
7800 0.83668005
7900 1.0712262
8000 1.4705781
8100 1.3903089
8200 1.2029343
8300 1.1000334
8400 1.1560445
8500 0.67415655
8600 1.2520773
8700 0.9575087
8800 1.1524128
8900 1.0832156
9000 0.9016311
9100 0.90889585
9200 0.77397144
9300 1.040167
9400 0.7398819
9500 0.75344884
9600 0.6787009
9700 1.0280595
9800 0.59248435
9900 0.97009146
10000 0.9024187
10100 0.90107775
10200 0.7798429
10300 0.8588545
10400 0.81466395
10500 0.94873714
10600 1.0592141
10700 0.9959127
10800 0.66394866
10900 1.013097
11000 0.63353384
11100 0.8668308
11200 0.61991477
11300 0.7984445
11400 0.73198307
11500 0.9643667
11600 0.5588217
11700 1.0057862
11800 1.1991875
11900 0.57114583
12000 1.023406
12100 0.75209975
12200 0.7401588
12300 0.8042705
12400 0.5199874
12500 0.63113487
12600 0.7206116
12700 0.705189
12800 0.39534852
12900 0.74119747
13000 0.65757334
13100 0.5966321
13200 0.4972813
13300 0.6169458
13400 0.9880794
13500 0.9199722
13600 0.87651116
13700 0.80239147
13800 0.5863036
13900 0.6882689
14000 0.9270239
14100 0.7348695
14200 0.47009704
14300 0.50898504
14400 0.6780044
14500 0.9879806
14600 0.55910766
14700 0.6370305
14800 0.72170115
14900 0.8109884
15000 0.8918383
15100 0.4682728
15200 0.5331764
15300 0.7241399
15400 0.48792714
15500 0.3938722
15600 0.58413804
15700 0.6886688
15800 0.571998
15900 0.44746593
16000 0.5092702
16100 0.37080228
16200 0.567113
16300 0.7047204
16400 0.6932506
16500 0.5745162
16600 0.7045919
16700 0.68820643
16800 0.5378938
16900 0.722457
17000 0.5555106
17100 0.533221
17200 0.5554365
17300 0.53482836
17400 0.48780158
17500 0.57441294
17600 0.7645321
17700 0.70870996
17800 0.8623337
17900 0.5091722
18000 0.6870773
18100 0.6494524
18200 0.43775135
18300 0.5733417
18400 0.4382442
18500 0.39464217
