0 6.545622
100 4.5828466
200 5.564494
300 3.8653686
400 4.671724
500 4.967968
600 4.73814
700 4.5086303
800 4.8046527
900 4.4098396
1000 4.881683
1100 4.128189
1200 3.85213
1300 4.5577755
1400 4.7265186
1500 4.66757
1600 4.596797
1700 3.916814
1800 4.6174593
1900 4.2921753
2000 4.195924
2100 3.8102164
2200 4.5151696
2300 4.530389
2400 4.174485
2500 4.133677
2600 4.200677
2700 4.1200833
2800 4.197441
2900 4.3066163
3000 4.386249
3100 4.0110016
3200 4.422971
3300 3.645729
3400 4.0327816
3500 3.554153
3600 3.826487
3700 3.144348
3800 3.527574
3900 3.2991118
4000 3.935142
4100 3.7146573
4200 4.0351653
4300 4.4314356
4400 3.538525
4500 3.5241332
4600 3.80717
4700 3.6313896
4800 3.714857
4900 4.065714
5000 3.6576986
5100 3.5678132
5200 2.7310548
5300 3.6128507
5400 3.2428362
5500 3.5632753
5600 3.3573208
5700 3.6805072
5800 3.3290608
5900 3.4894836
6000 3.1943257
6100 3.6866226
6200 3.238238
6300 3.1867452
6400 3.6930099
6500 3.3498945
6600 3.4498355
6700 3.1025546
6800 3.096147
6900 2.9361377
7000 3.785952
7100 3.0717354
7200 3.0956922
7300 3.3899593
7400 3.080578
7500 3.038015
7600 2.9443243
7700 2.9168744
7800 2.900398
7900 2.946206
8000 3.5104842
8100 3.5558157
8200 3.0159578
8300 3.325683
8400 3.9212873
8500 2.8464012
8600 3.543015
8700 3.4099023
8800 3.5228791
8900 3.7669663
9000 3.0096345
9100 2.8816676
9200 3.5495713
9300 3.8073065
9400 2.8562517
9500 3.1999524
9600 2.7519197
9700 3.1496592
9800 2.8524623
9900 2.9846191
10000 2.8974302
10100 2.8689785
10200 3.0434556
10300 3.024994
10400 2.827367
10500 3.390408
10600 2.9721422
10700 3.0894775
10800 2.8490129
10900 3.2221096
11000 3.1407325
11100 2.8434932
11200 2.692734
11300 3.3738008
11400 3.0254676
11500 3.0496585
11600 2.5246546
11700 2.997675
11800 3.5279279
11900 2.748723
12000 3.2328568
12100 3.3502116
12200 3.0687919
12300 3.2794218
12400 2.4973364
12500 3.3087678
12600 3.018642
12700 3.175672
12800 2.6471803
12900 3.2444596
13000 2.839979
13100 2.93963
13200 2.7282717
13300 2.5166194
13400 2.9739227
13500 3.0078204
13600 2.5530925
13700 2.7785592
13800 2.987309
13900 2.9671998
14000 2.5274863
14100 2.6423817
14200 2.5326905
14300 2.6561291
14400 2.7876596
14500 3.1442094
14600 2.5404584
14700 2.6522717
14800 2.9112806
14900 3.352201
15000 2.7977839
15100 2.4713993
15200 2.4692767
15300 2.3862681
15400 2.8097844
15500 2.4669414
15600 3.096747
15700 3.1148114
15800 2.9582963
15900 2.5497565
16000 2.8221169
16100 2.261278
16200 2.453444
16300 2.8210993
16400 3.0175369
16500 2.7131786
16600 3.0179453
16700 2.8290586
16800 3.0118575
16900 2.9075375
17000 2.860073
17100 2.5413358
17200 2.7392423
17300 2.792252
17400 2.7566545
17500 2.4989905
17600 2.8667545
17700 3.1372247
17800 3.1430159
17900 2.9681387
18000 2.8238642
18100 2.758078
18200 2.2124174
18300 2.9465585
18400 2.6007133
18500 2.52285
