0 5.6574974
100 0.22451076
200 0.20932148
300 0.40376925
400 0.45444554
500 0.18918686
600 0.048582193
700 0.19685425
800 0.7804728
900 0.12554237
1000 0.12340745
1100 0.5487061
1200 0.27683026
1300 0.14538202
1400 0.18934107
1500 0.44470766
1600 0.17036016
1700 0.30167872
1800 0.11728961
1900 0.108786315
2000 0.33368793
2100 0.021892142
2200 0.03810032
2300 0.24580874
2400 0.0057962616
2500 0.1356517
2600 0.13469283
2700 0.05319915
2800 0.18402229
2900 0.11565627
3000 0.019616991
3100 0.1250579
3200 0.07076755
3300 0.04241431
3400 0.018255504
3500 0.017927408
3600 0.15484561
3700 0.0065035764
3800 0.011425726
3900 0.025603734
4000 0.032873888
4100 0.056821316
4200 0.0006970957
4300 0.021282466
4400 0.09366628
4500 0.01598444
4600 0.01948853
4700 0.017264752
4800 0.26829633
4900 0.13473766
5000 0.026383968
5100 0.025674274
5200 0.07116879
5300 0.011692664
5400 0.009003801
5500 0.009587506
5600 0.0370649
5700 0.027786817
5800 0.0070347865
5900 0.20415807
6000 0.020154243
6100 0.21924342
6200 0.019029604
6300 0.020095494
6400 0.07622902
6500 0.06114656
6600 0.0042678546
6700 0.06345244
6800 0.005051471
6900 0.0077324584
7000 0.015671138
7100 0.0030715708
7200 0.0045685484
7300 0.0044043064
7400 0.008415116
7500 0.008787629
7600 0.014901185
7700 0.003249637
7800 0.019101841
7900 0.006966463
8000 0.051919606
8100 0.0018283714
8200 0.0025164045
8300 0.0039406796
8400 0.037085414
8500 0.010291693
8600 0.08796455
8700 0.006910358
8800 0.0015129449
8900 0.0022379288
9000 0.010133596
9100 0.02318125
9200 0.009511946
9300 0.00044872257
9400 0.019819748
9500 0.017346898
9600 0.019424057
9700 0.0026036666
9800 0.00994921
9900 0.001313725
10000 0.007384589
10100 0.0053368546
10200 0.0066405255
10300 0.0074869194
10400 0.0028388149
10500 0.0016161166
10600 0.0023354064
10700 0.020435235
10800 0.009117021
10900 0.0203516
11000 0.005910964
11100 0.0007768564
11200 0.0042072376
11300 0.0030309607
11400 0.0125755975
11500 0.040473398
11600 0.007043645
11700 0.00018462795
11800 0.0019933975
11900 0.0035302863
12000 0.0009702151
12100 0.00072375505
12200 0.0037059353
12300 0.0027404134
12400 0.004069649
12500 0.0036260255
12600 0.0077882893
12700 0.0011487143
12800 0.013341731
12900 0.002649738
13000 0.001814463
13100 0.0030423405
13200 0.0019656476
13300 0.0008479357
13400 0.0017865415
13500 0.008444618
13600 0.019875403
13700 0.0038677999
13800 0.0024594963
13900 0.0015822528
14000 0.0004856447
14100 0.009050681
14200 0.0040812297
14300 0.0044920268
14400 0.0022704923
14500 0.0014509803
14600 0.0016185477
14700 0.0037253303
14800 0.0005338358
14900 0.0011570742
15000 0.0032589664
15100 0.0074429954
15200 0.0009343263
15300 0.0016467824
15400 0.0007636374
15500 0.003970872
15600 0.0023621302
15700 0.0046850224
15800 0.00040542637
15900 0.00073658995
16000 0.0021637608
16100 0.0033649628
16200 0.002692848
16300 0.0019024513
16400 0.0033346503
16500 0.0043450673
16600 0.004919686
16700 0.0013886192
16800 0.0005162398
16900 0.004742578
17000 0.00992575
17100 0.001355412
17200 0.0012500107
17300 0.0010598926
17400 0.0006324817
17500 0.0034556915
17600 0.002287652
17700 0.00039045428
17800 0.0013773185
17900 0.0010388758
18000 0.0011610201
18100 0.0013688739
