0 3.9214785
100 0.155619
200 0.1450906
300 0.27987152
400 0.31499764
500 0.13113433
600 0.03367461
700 0.13644896
800 0.54098254
900 0.08701935
1000 0.08553953
1100 0.38033408
1200 0.19188412
1300 0.10077114
1400 0.13124123
1500 0.30824786
1600 0.11808467
1700 0.20910776
1800 0.08129896
1900 0.07540493
2000 0.23129484
2100 0.015174476
2200 0.02640913
2300 0.17038164
2400 0.0040176623
2500 0.09402659
2600 0.09336196
2700 0.036874842
2800 0.12755454
2900 0.08016682
3000 0.013597462
3100 0.086683534
3200 0.049052328
3300 0.029399361
3400 0.012653751
3500 0.012426333
3600 0.1073308
3700 0.0045079356
3800 0.00791971
3900 0.017747156
4000 0.022786442
4100 0.039385535
4200 0.00048318994
4300 0.014751881
4400 0.064924516
4500 0.01107957
4600 0.0135084195
4700 0.0119670145
4800 0.18596885
4900 0.09339303
5000 0.018287973
5100 0.01779605
5200 0.049330447
5300 0.008104737
5400 0.0062409593
5500 0.0066455523
5600 0.025691431
5700 0.019260354
5800 0.0048761424
5900 0.14151159
6000 0.013969857
6100 0.15196796
6200 0.013190317
6300 0.013929135
6400 0.05283793
6500 0.042383566
6600 0.0029582514
6700 0.043981876
6800 0.0035014127
6900 0.0053597316
7000 0.0108624045
7100 0.0021290507
7200 0.0031666765
7300 0.0030528326
7400 0.0058329143
7500 0.00609112
7600 0.010328715
7700 0.0022524768
7800 0.013240388
7900 0.004828784
8000 0.03598793
8100 0.0012673305
8200 0.0017442387
8300 0.0027314709
8400 0.02570565
8500 0.007133658
8600 0.06097238
8700 0.0047898954
8800 0.0010486935
8900 0.001551214
9000 0.0070240735
9100 0.016068019
9200 0.0065931785
9300 0.00031103077
9400 0.013738003
9500 0.012023954
9600 0.01346373
9700 0.0018047242
9800 0.0068962667
9900 0.0009106048
10000 0.005118607
10100 0.0036992258
10200 0.0046028616
10300 0.005189537
10400 0.0019677165
10500 0.0011202067
10600 0.0016187804
10700 0.014164626
10800 0.0063194376
10900 0.014106654
11000 0.0040971683
11100 0.0005384758
11200 0.0029162348
11300 0.002100902
11400 0.00871674
11500 0.028054021
11600 0.0048822826
11700 0.00012797434
11800 0.0013817179
11900 0.002447008
12000 0.00067250186
12100 0.0005016688
12200 0.0025687586
12300 0.0018995098
12400 0.0028208657
12500 0.0025133693
12600 0.005398431
12700 0.00079622807
12800 0.009247784
12900 0.0018366585
13000 0.0012576899
13100 0.0021087897
13200 0.0013624831
13300 0.00058774423
13400 0.0012383362
13500 0.0058533633
13600 0.01377658
13700 0.0026809545
13800 0.001704793
13900 0.0010967341
14000 0.00033662326
14100 0.0062734545
14200 0.0028288928
14300 0.0031136358
14400 0.0015737853
14500 0.0010057429
14600 0.0011218918
14700 0.0025822022
14800 0.00037002677
14900 0.00080202275
15000 0.0022589434
15100 0.005159091
15200 0.00064762565
15300 0.0011414626
15400 0.0005293131
15500 0.0027523988
15600 0.001637304
15700 0.00324741
15800 0.00028102015
15900 0.00051056524
16000 0.0014998048
16100 0.0023324145
16200 0.0018665399
16300 0.0013186787
16400 0.0023114034
16500 0.003011771
16600 0.0034100665
16700 0.0009625175
16800 0.00035783014
16900 0.0032873047
17000 0.006880006
17100 0.0009395
17200 0.0008664414
17300 0.0007346616
17400 0.00043840293
17500 0.0023953028
17600 0.0015856796
17700 0.00027064228
17800 0.00095468445
17900 0.00072009384
18000 0.0008047579
18100 0.0009488311
