0 5.246191
100 1.4480102
200 1.2544434
300 1.4317665
400 1.2398748
500 1.332566
600 1.1163378
700 1.2338259
800 1.3949339
900 1.2999542
1000 1.1622455
1100 1.1295153
1200 1.277545
1300 1.2873366
1400 1.2769742
1500 1.233894
1600 1.1602099
1700 1.2043502
1800 1.2521544
1900 1.1183437
2000 1.1275176
2100 1.0738422
2200 1.068486
2300 1.0932568
2400 1.0256116
2500 1.1384308
2600 1.1014879
2700 1.0800319
2800 1.0962455
2900 1.0913558
3000 1.0758414
3100 1.1869829
3200 1.1427572
3300 1.1082613
3400 1.057796
3500 1.058955
3600 1.0998856
3700 1.0274103
3800 1.03433
3900 1.0796335
4000 1.0816257
4100 1.1227634
4200 1.0040361
4300 1.0566144
4400 1.1196891
4500 1.0554802
4600 1.0591128
4700 1.0612761
4800 1.0921355
4900 1.168829
5000 1.0970895
5100 1.0759921
5200 1.0964208
5300 1.0423687
5400 1.0324895
5500 1.0309279
5600 1.1133442
5700 1.0762825
5800 1.0273052
5900 1.185396
6000 1.0596989
6100 1.0650489
6200 1.0474107
6300 1.055741
6400 1.1720355
6500 1.1658428
6600 1.0169477
6700 1.0899681
6800 1.0210363
6900 1.0265851
7000 1.0415573
7100 1.0106331
7200 1.0179896
7300 1.0154495
7400 1.0291444
7500 1.0224543
7600 1.0367312
7700 1.0113276
7800 1.0406202
7900 1.0228732
8000 1.1304625
8100 1.0083692
8200 1.0111681
8300 1.0165039
8400 1.0987931
8500 1.0365307
8600 1.038115
8700 1.0216665
8800 1.0071698
8900 1.009345
9000 1.0335836
9100 1.0361781
9200 1.0330837
9300 1.0023115
9400 1.0385852
9500 1.0544246
9600 1.0510082
9700 1.0114954
9800 1.033961
9900 1.0064032
10000 1.0191994
10100 1.0175829
10200 1.0196065
10300 1.0281112
10400 1.0121863
10500 1.0072151
10600 1.0106187
10700 1.0316949
10800 1.0220578
10900 1.0356838
11000 1.0221817
11100 1.0038912
11200 1.0160401
11300 1.0125506
11400 1.0327401
11500 1.0854093
11600 1.0250309
11700 1.001187
11800 1.0090781
11900 1.0135045
12000 1.004745
12100 1.0037761
12200 1.016593
12300 1.0119091
12400 1.0151582
12500 1.0143774
12600 1.023581
12700 1.0052139
12800 1.0436711
12900 1.0095925
13000 1.0081245
13100 1.0111191
13200 1.00881
13300 1.0046718
13400 1.0077076
13500 1.0255821
13600 1.043004
13700 1.0157135
13800 1.0103887
13900 1.0078511
14000 1.0026811
14100 1.0277023
14200 1.0155352
14300 1.0165815
14400 1.0097077
14500 1.0069019
14600 1.0071316
14700 1.0126884
14800 1.0028973
14900 1.0055451
15000 1.0128821
15100 1.025816
15200 1.0045257
15300 1.0076869
15400 1.0037568
15500 1.0166014
15600 1.0099459
15700 1.0145109
15800 1.0022883
15900 1.00326
16000 1.0092218
16100 1.0134706
16200 1.0110097
16300 1.0070868
16400 1.012914
16500 1.0157845
16600 1.0191092
16700 1.0055447
16800 1.0028445
16900 1.017471
17000 1.0302147
17100 1.0059559
17200 1.0057015
17300 1.0045106
17400 1.0031193
17500 1.0134413
17600 1.00924
17700 1.0019753
17800 1.0060356
17900 1.0041776
18000 1.0054557
18100 1.0063756
