0 0.09375
100 0.25
200 0.34375
300 0.34375
400 0.3125
500 0.375
600 0.46875
700 0.28125
800 0.40625
900 0.375
1000 0.46875
1100 0.5
1200 0.6875
1300 0.5
1400 0.40625
1500 0.5625
1600 0.59375
1700 0.5
1800 0.4375
1900 0.5
2000 0.59375
2100 0.59375
2200 0.5625
2300 0.53125
2400 0.5625
2500 0.40625
2600 0.5625
2700 0.34375
2800 0.65625
2900 0.625
3000 0.3125
3100 0.5625
3200 0.65625
3300 0.5625
3400 0.5625
3500 0.59375
3600 0.625
3700 0.4375
3800 0.53125
3900 0.4375
4000 0.46875
4100 0.46875
4200 0.625
4300 0.40625
4400 0.53125
4500 0.5625
4600 0.5625
4700 0.5625
4800 0.625
4900 0.71875
5000 0.53125
5100 0.5625
5200 0.5
5300 0.625
5400 0.5
5500 0.4375
5600 0.5
5700 0.65625
5800 0.65625
5900 0.625
6000 0.78125
6100 0.71875
6200 0.6875
6300 0.46875
6400 0.46875
6500 0.5625
6600 0.625
6700 0.75
6800 0.59375
6900 0.6875
7000 0.59375
7100 0.71875
7200 0.46875
7300 0.59375
7400 0.59375
7500 0.4375
7600 0.625
7700 0.625
7800 0.65625
7900 0.625
8000 0.6875
8100 0.625
8200 0.78125
8300 0.625
8400 0.65625
8500 0.8125
8600 0.59375
8700 0.71875
8800 0.71875
8900 0.65625
9000 0.53125
9100 0.53125
9200 0.8125
9300 0.5
9400 0.53125
9500 0.84375
9600 0.75
9700 0.65625
9800 0.53125
9900 0.5625
10000 0.625
10100 0.625
10200 0.65625
10300 0.5625
10400 0.59375
10500 0.75
10600 0.5
10700 0.6875
10800 0.53125
10900 0.71875
11000 0.71875
11100 0.71875
11200 0.6875
11300 0.625
11400 0.78125
11500 0.71875
11600 0.59375
11700 0.6875
11800 0.5625
11900 0.6875
12000 0.65625
12100 0.65625
12200 0.6875
12300 0.59375
12400 0.71875
12500 0.65625
12600 0.78125
12700 0.59375
12800 0.8125
12900 0.78125
13000 0.59375
13100 0.71875
13200 0.78125
13300 0.65625
13400 0.65625
13500 0.78125
13600 0.65625
13700 0.625
13800 0.75
13900 0.75
14000 0.625
14100 0.65625
14200 0.65625
14300 0.78125
14400 0.75
14500 0.75
14600 0.6875
14700 0.75
14800 0.75
14900 0.59375
15000 0.6875
15100 0.8125
15200 0.59375
15300 0.71875
15400 0.78125
15500 0.625
15600 0.625
15700 0.75
15800 0.6875
15900 0.59375
16000 0.875
16100 0.71875
16200 0.5625
16300 0.59375
16400 0.6875
16500 0.65625
16600 0.71875
16700 0.65625
16800 0.75
16900 0.5625
17000 0.78125
17100 0.90625
17200 0.78125
17300 0.75
17400 0.71875
17500 0.78125
17600 0.53125
17700 0.84375
17800 0.65625
17900 0.90625
18000 0.71875
18100 0.71875
18200 0.625
18300 0.6875
18400 0.84375
18500 0.78125
18600 0.78125
18700 0.71875
18800 0.65625
18900 0.84375
19000 0.875
19100 0.75
19200 0.65625
19300 0.8125
19400 0.71875
19500 0.8125
19600 0.84375
19700 0.78125
19800 0.78125
19900 0.75
20000 0.71875
20100 0.75
20200 0.8125
20300 0.8125
20400 0.78125
20500 0.78125
20600 0.78125
20700 0.6875
20800 0.65625
20900 0.75
21000 0.78125
21100 0.65625
21200 0.625
21300 0.875
21400 0.90625
21500 0.84375
21600 0.78125
21700 0.96875
21800 0.78125
21900 0.6875
22000 0.84375
22100 0.625
22200 0.84375
22300 0.84375
22400 0.625
22500 0.78125
22600 0.8125
22700 0.6875
22800 0.75
22900 0.75
23000 0.6875
23100 0.71875
23200 0.75
23300 0.90625
23400 0.75
23500 0.75
23600 0.90625
23700 0.90625
23800 0.875
23900 0.6875
24000 0.75
24100 0.84375
24200 0.875
24300 0.6875
24400 0.8125
24500 0.90625
24600 0.75
24700 0.75
24800 0.8125
24900 0.8125
25000 0.8125
25100 0.8125
25200 0.8125
25300 0.875
25400 0.875
25500 0.71875
25600 0.78125
25700 0.9375
25800 0.8125
25900 0.90625
26000 0.78125
26100 0.875
26200 0.875
26300 0.71875
26400 0.96875
26500 0.8125
26600 0.78125
26700 0.90625
26800 0.90625
26900 0.8125
27000 0.78125
27100 0.71875
27200 0.6875
27300 0.71875
27400 0.78125
27500 0.875
27600 0.84375
27700 0.84375
27800 0.90625
27900 0.8125
28000 0.875
28100 0.75
28200 0.75
28300 0.8125
28400 0.75
28500 0.71875
28600 0.625
28700 0.875
