0 3.2874794
100 2.6387107
200 2.149857
300 2.3191693
400 2.3163388
500 2.4679773
600 2.4045157
700 2.7458868
800 2.1621575
900 2.235543
1000 2.2133112
1100 2.0352993
1200 1.70677
1300 2.2324474
1400 2.1731894
1500 2.0550387
1600 1.5886332
1700 2.272003
1800 2.0186334
1900 2.0126743
2000 1.6351604
2100 1.8847287
2200 1.8804682
2300 1.7405306
2400 1.8459094
2500 2.2699492
2600 1.7441038
2700 2.5444386
2800 1.8493261
2900 2.0266323
3000 2.3365102
3100 1.6284927
3200 1.6356052
3300 1.7181196
3400 1.7435744
3500 1.5296546
3600 1.7175493
3700 1.9997735
3800 1.6483058
3900 1.8428627
4000 1.8640851
4100 2.2216365
4200 1.8501298
4300 2.2451153
4400 1.675432
4500 1.7940361
4600 1.8729144
4700 1.5184851
4800 1.455563
4900 1.6471635
5000 2.0456977
5100 1.8964399
5200 2.059093
5300 1.4173366
5400 2.0856178
5500 1.8827859
5600 2.433119
5700 1.7424852
5800 1.7380497
5900 1.8068712
6000 1.0666897
6100 1.5755069
6200 1.4395522
6300 1.8425356
6400 1.7447499
6500 1.7390776
6600 1.6578547
6700 1.200718
6800 2.02003
6900 1.4574974
7000 1.4181235
7100 1.2815095
7200 2.1548011
7300 1.6525215
7400 1.9164191
7500 2.3606668
7600 1.5787042
7700 1.5214894
7800 1.65804
7900 1.5070056
8000 1.3094851
8100 1.6934537
8200 1.0394108
8300 1.5926818
8400 1.6564783
8500 1.2281458
8600 1.4518609
8700 1.1890533
8800 1.5063103
8900 1.521061
9000 1.6899185
9100 2.0371017
9200 1.0499022
9300 1.9371525
9400 1.4954411
9500 1.0862972
9600 1.7384629
9700 1.3192589
9800 1.7350528
9900 1.7066056
10000 1.6454755
10100 1.6200889
10200 1.6946118
10300 1.9661168
10400 1.6341072
10500 1.3594136
10600 2.0102057
10700 1.4968201
10800 1.5671866
10900 1.2874578
11000 1.0666046
11100 1.6015403
11200 1.3794177
11300 1.6746577
11400 1.1219754
11500 1.2928853
11600 1.6664902
11700 1.1763884
11800 1.9264717
11900 1.3616836
12000 1.4389085
12100 1.4598907
12200 1.3733501
12300 1.804041
12400 1.252158
12500 1.3984598
12600 1.1799943
12700 1.4014739
12800 1.0079321
12900 1.2045953
13000 1.326068
13100 1.1644481
13200 1.3438668
13300 1.4178509
13400 1.1838105
13500 0.9707587
13600 1.3670517
13700 1.4028171
13800 1.3125472
13900 1.2447009
14000 1.1218308
14100 1.4746681
14200 1.540417
14300 1.0674864
14400 1.1314746
14500 1.4846975
14600 1.4516575
14700 1.059252
14800 1.1110071
14900 1.4122732
15000 1.3208933
15100 1.1606599
15200 1.820389
15300 1.3870499
15400 0.8651526
15500 1.4988451
15600 1.3743335
15700 1.0824848
15800 1.3254179
15900 1.3399779
16000 0.7548961
16100 1.0690593
16200 1.5273236
16300 1.3845383
16400 1.4837817
16500 1.4289483
16600 1.2473836
16700 1.4346548
16800 1.1330144
16900 1.6687058
17000 1.174569
17100 0.81087273
17200 1.3658527
17300 1.1734889
17400 1.1878076
17500 1.0152988
17600 1.5605252
17700 0.87818563
17800 1.371876
17900 0.7733343
18000 1.1377954
18100 1.2167566
18200 1.4816971
18300 1.1195253
18400 1.0863984
18500 0.84388626
18600 1.078634
18700 1.294684
18800 1.2434554
18900 1.1057404
19000 0.69761586
19100 1.0222493
19200 1.2826979
19300 1.0217596
19400 1.2368973
19500 0.996408
19600 0.9887658
19700 1.1698074
19800 1.0259761
19900 1.1931131
20000 0.9749987
20100 1.2344654
20200 0.9490394
20300 0.8582631
20400 0.92319244
20500 1.034109
20600 0.99524814
20700 1.0987003
20800 1.4732784
20900 1.077405
21000 0.9035262
21100 1.3003175
21200 1.5072181
21300 1.0396694
21400 0.58195436
21500 0.8637449
21600 0.9953651
21700 0.62840605
21800 1.1644047
21900 1.2810533
22000 1.0327805
22100 1.219657
22200 1.0472999
22300 0.84011185
22400 1.2912463
22500 0.7721014
22600 1.0483702
22700 1.3162414
22800 1.0720156
22900 0.98621535
23000 1.4085805
23100 1.132263
23200 1.0959266
23300 0.59405583
23400 1.2628834
23500 1.2034811
23600 0.7756752
23700 0.7788485
23800 0.811411
23900 1.146658
24000 0.9945211
24100 0.7876408
24200 0.74701697
24300 1.0909269
24400 0.96294916
24500 0.64314216
24600 0.95726436
24700 1.0361192
24800 0.99919134
24900 0.7523332
25000 0.8771268
25100 0.7447029
25200 1.0094179
25300 0.8393585
25400 0.86298025
25500 1.1041566
25600 1.0710887
25700 0.7719283
25800 1.0325658
25900 0.83792937
26000 1.0838537
26100 0.6789109
26200 0.711662
26300 1.1743174
26400 0.6166107
26500 0.92686045
26600 1.1246957
26700 0.7614678
26800 0.802552
26900 0.79886526
27000 0.84796184
27100 1.158869
27200 1.1181879
27300 1.01844
27400 1.0120239
27500 0.8419142
27600 1.0458466
27700 0.65484047
27800 0.74395895
27900 1.1069301
28000 1.0152088
28100 1.2217221
28200 1.0389527
28300 1.1491045
28400 1.1509669
28500 0.99024326
28600 1.1721159
28700 0.81253326
