0 2.278707
100 1.8290149
200 1.4901674
300 1.6075256
400 1.6055638
500 1.7106714
600 1.6666833
700 1.9033036
800 1.4986935
900 1.5495603
1000 1.5341505
1100 1.410762
1200 1.1830428
1300 1.5474145
1400 1.5063401
1500 1.4244442
1600 1.1011566
1700 1.5748324
1800 1.39921
1900 1.3950796
2000 1.1334069
2100 1.3063943
2200 1.3034413
2300 1.2064439
2400 1.2794869
2500 1.573409
2600 1.2089206
2700 1.7636704
2800 1.2818552
2900 1.4047544
3000 1.6195455
3100 1.1287851
3200 1.1337152
3300 1.1909097
3400 1.2085537
3500 1.0602758
3600 1.1905144
3700 1.3861374
3800 1.1425185
3900 1.2773751
4000 1.2920853
4100 1.539921
4200 1.2824123
4300 1.5561953
4400 1.1613209
4500 1.2435311
4600 1.2982054
4700 1.0525336
4800 1.0089194
4900 1.1417267
5000 1.4179696
5100 1.314512
5200 1.4272546
5300 0.9824229
5400 1.4456401
5500 1.3050478
5600 1.6865096
5700 1.2077987
5800 1.2047243
5900 1.2524277
6000 0.73937297
6100 1.0920582
6200 0.9978215
6300 1.2771484
6400 1.2093685
6500 1.2054367
6600 1.1491373
6700 0.8322743
6800 1.4001782
6900 1.0102602
7000 0.9829683
7100 0.8882747
7200 1.4935944
7300 1.1454406
7400 1.3283606
7500 1.6362895
7600 1.0942744
7700 1.0546161
7800 1.1492658
7900 1.0445766
8000 0.9076659
8100 1.1738126
8200 0.72046465
8300 1.1039629
8400 1.1481832
8500 0.8512858
8600 1.0063533
8700 0.82418895
8800 1.0440948
8900 1.0543191
9000 1.1713623
9100 1.4120114
9200 0.7277367
9300 1.3427318
9400 1.0365608
9500 0.7529638
9600 1.2050107
9700 0.91444063
9800 1.202647
9900 1.1829288
10000 1.1405567
10100 1.1229601
10200 1.1746154
10300 1.3628083
10400 1.1326768
10500 0.94227374
10600 1.3933685
10700 1.0375166
10800 1.086291
10900 0.89239776
11000 0.739314
11100 1.1101031
11200 0.95613945
11300 1.1607842
11400 0.7776941
11500 0.89615977
11600 1.155123
11700 0.81541026
11800 1.3353285
11900 0.9438472
12000 0.9973753
12100 1.0119191
12200 0.95193374
12300 1.250466
12400 0.8679298
12500 0.9693385
12600 0.8179097
12700 0.9714277
12800 0.69864523
12900 0.8349619
13000 0.91916037
13100 0.807134
13200 0.9314975
13300 0.9827793
13400 0.82055485
13500 0.6728786
13600 0.94756806
13700 0.9723587
13800 0.90978837
13900 0.8627609
14000 0.77759385
14100 1.0221621
14200 1.0677357
14300 0.7399252
14400 0.78427845
14500 1.0291139
14600 1.0062124
14700 0.7342176
14800 0.7700914
14900 0.9789132
15000 0.9155735
15100 0.80450815
15200 1.2617975
15300 0.9614297
15400 0.5996781
15500 1.0389203
15600 0.9526154
15700 0.7503213
15800 0.91870964
15900 0.9288019
16000 0.5232541
16100 0.74101543
16200 1.05866
16300 0.95968884
16400 1.0284791
16500 0.9904715
16600 0.86462045
16700 0.99442697
16800 0.7853458
16900 1.1566588
17000 0.8141492
17100 0.56205416
17200 0.946737
17300 0.8134005
17400 0.82332546
17500 0.7037515
17600 1.0816736
17700 0.6087119
17800 0.950912
17900 0.5360345
18000 0.7886597
18100 0.8433914
18200 1.0270342
18300 0.77599585
18400 0.753034
18500 0.5849374
18600 0.7476521
18700 0.89740664
18800 0.86189765
18900 0.76644087
19000 0.4835505
19100 0.7085693
19200 0.8890984
19300 0.7082298
19400 0.8573519
19500 0.6906574
19600 0.6853602
19700 0.8108487
19800 0.71115243
19900 0.82700294
20000 0.6758176
20100 0.85566616
20200 0.657824
20300 0.59490263
20400 0.63990825
20500 0.7167897
20600 0.6898534
20700 0.76156104
20800 1.0211987
20900 0.7468002
21000 0.6262766
21100 0.90131146
21200 1.044724
21300 0.7206439
21400 0.40338004
21500 0.5987024
21600 0.6899345
21700 0.4355779
21800 0.8071039
21900 0.88795847
22000 0.7158689
22100 0.84540176
22200 0.72593296
22300 0.58232117
22400 0.8950237
22500 0.5351799
22600 0.7266749
22700 0.912349
22800 0.74306464
22900 0.6835924
23000 0.97635365
23100 0.78482485
23200 0.7596384
23300 0.4117681
23400 0.87536407
23500 0.83418953
23600 0.5376571
23700 0.5398567
23800 0.5624273
23900 0.7948027
24000 0.6893495
24100 0.545951
24200 0.5177927
24300 0.7561729
24400 0.6674655
24500 0.44579217
24600 0.6635251
24700 0.71818316
24800 0.69258666
24900 0.52147764
25000 0.607978
25100 0.5161887
25200 0.69967514
25300 0.581799
25400 0.5981723
25500 0.76534307
25600 0.7424221
25700 0.5350599
25800 0.71572006
25900 0.5808084
26000 0.7512702
26100 0.4705852
26200 0.49328652
26300 0.81397474
26400 0.42740196
26500 0.6424507
26600 0.77957964
26700 0.52780926
26800 0.55628663
26900 0.5537312
27000 0.58776236
27100 0.80326676
27200 0.77506876
27300 0.7059288
27400 0.7014815
27500 0.5835704
27600 0.72492564
27700 0.4539008
27800 0.51567304
27900 0.7672655
28000 0.70368916
28100 0.8468332
28200 0.72014713
28300 0.79649854
28400 0.79778945
28500 0.6863843
28600 0.81244886
28700 0.5632051
