0 9.632063
100 5.6087127
200 5.252857
300 4.473569
400 4.9969845
500 5.47813
600 5.3615513
700 4.505066
800 4.986763
900 4.80538
1000 4.4564004
1100 4.545924
1200 4.768615
1300 4.9210215
1400 4.031539
1500 4.622727
1600 4.1477394
1700 4.486288
1800 4.722875
1900 4.8109384
2000 4.220307
2100 4.9347963
2200 5.051421
2300 4.1529136
2400 4.6438293
2500 4.6188307
2600 3.9826534
2700 3.7858949
2800 4.301487
2900 4.109828
3000 4.9495554
3100 3.9393218
3200 4.165578
3300 4.1270294
3400 4.441312
3500 3.5846872
3600 4.1226053
3700 3.9483085
3800 4.4285355
3900 4.4690075
4000 4.2847033
4100 4.1563745
4200 4.3217354
4300 3.958374
4400 4.099406
4500 4.3292704
4600 4.288789
4700 3.9852238
4800 4.2716513
4900 3.9723742
5000 4.255169
5100 4.3907003
5200 4.001486
5300 3.613354
5400 4.517906
5500 4.354561
5600 4.510774
5700 3.879329
5800 4.43948
5900 4.1588354
6000 3.32981
6100 3.6408143
6200 3.8472664
6300 4.594064
6400 4.301073
6500 4.2393913
6600 4.009906
6700 3.6114032
6800 4.230597
6900 3.9257488
7000 3.7459154
7100 3.7437558
7200 4.374593
7300 3.502536
7400 4.07217
7500 3.9430869
7600 3.7637997
7700 3.6140354
7800 3.852969
7900 4.098711
8000 3.9196534
8100 3.7352138
8200 3.221434
8300 4.2071056
8400 4.125003
8500 3.7324247
8600 3.7103763
8700 3.4881182
8800 3.4432251
8900 3.7126305
9000 3.5839415
9100 4.11467
9200 3.2047145
9300 4.3373556
9400 3.8652823
9500 3.3718805
9600 3.851551
9700 3.6448455
9800 4.215141
9900 4.278509
10000 3.6968565
10100 3.8201332
10200 3.8442647
10300 3.7911336
10400 3.3901513
10500 3.5044794
10600 4.288229
10700 3.6912382
10800 3.5998693
10900 3.2508028
11000 3.59803
11100 3.5228188
11200 3.2463822
11300 3.758116
11400 3.0331807
11500 3.3677344
11600 3.6666384
11700 3.0292077
11800 3.8505197
11900 3.4428177
12000 3.5240886
12100 3.6497972
12200 3.430192
12300 3.8559425
12400 3.139733
12500 3.572688
12600 3.3303459
12700 3.4601228
12800 3.2105553
12900 3.7017379
13000 3.3686597
13100 3.6092906
13200 3.080902
13300 3.9097912
13400 3.3473349
13500 2.920769
13600 3.7896848
13700 3.1777134
13800 3.9179053
13900 3.3919973
14000 3.3168578
14100 3.935884
14200 3.0749552
14300 2.968399
14400 3.4475458
14500 3.2930138
14600 3.1125858
14700 3.2769957
14800 2.8898325
14900 2.72451
15000 3.3331554
15100 3.4280577
15200 3.3187656
15300 3.6156394
15400 2.7785888
15500 3.2946696
15600 2.8798952
15700 2.9340403
15800 3.1527991
15900 3.3971395
16000 2.8469462
16100 3.3030086
16200 3.422508
16300 3.191367
16400 3.1559422
16500 3.0975986
16600 3.171629
16700 3.2926683
16800 3.1002731
16900 3.3294258
17000 2.9568386
17100 3.0961509
17200 3.4343605
17300 3.0029063
17400 3.088162
17500 2.8500433
17600 3.4674263
17700 2.6519032
17800 3.5526032
17900 2.8042681
18000 3.2309232
18100 3.0684612
18200 3.4528847
18300 3.4173331
18400 3.1572328
18500 3.2129974
18600 3.432478
18700 3.2537913
18800 2.9226363
18900 2.972758
19000 2.7313092
19100 3.2649126
19200 3.3412297
19300 3.3506632
19400 3.5595937
19500 2.467585
19600 3.466499
19700 3.4629796
19800 3.1382923
19900 3.2445333
20000 2.8055196
20100 3.7591553
20200 3.1103568
20300 2.5646384
20400 2.7361963
20500 2.9615304
20600 2.7058065
20700 3.166401
20800 3.567944
20900 3.4199567
21000 2.7888322
21100 3.1064458
21200 3.1634293
21300 3.1654959
21400 2.558178
21500 3.2114806
21600 3.249074
21700 2.8300154
21800 3.0008354
21900 3.387337
22000 3.0752501
22100 3.7429247
22200 3.2571845
22300 3.1109052
22400 2.9194822
22500 2.8037627
22600 3.4325085
22700 3.623405
22800 3.2965424
22900 3.110185
23000 3.243588
23100 3.2789118
23200 3.237349
23300 2.4501143
23400 3.022688
23500 3.660563
23600 2.9208226
23700 3.1864996
23800 3.105902
23900 3.1755486
24000 3.063814
24100 2.5924306
24200 2.8580651
24300 3.3036504
24400 2.9350328
24500 2.6029634
24600 2.8687153
24700 2.976089
24800 2.9834468
24900 2.5923474
25000 3.0592382
25100 2.8282728
25200 3.1947527
25300 3.2867854
25400 3.2062047
25500 3.739696
25600 3.559772
25700 3.050854
25800 3.1397166
25900 3.030425
26000 3.4265225
26100 2.7263227
26200 2.943066
26300 3.3860164
26400 2.9057217
26500 3.0681443
26600 3.2852063
26700 3.0107718
26800 3.250383
26900 2.9483953
27000 3.049603
27100 2.8943815
27200 3.5771174
27300 3.2974916
27400 3.0675826
27500 2.825917
27600 3.355221
27700 2.7311437
27800 2.9811122
27900 3.1083708
28000 3.0833113
28100 3.1578975
28200 3.2273502
28300 3.3320107
28400 3.6021862
28500 3.076116
28600 3.0390139
28700 2.855999
