0 0.09375
100 0.53125
200 0.40625
300 0.46875
400 0.28125
500 0.53125
600 0.34375
700 0.375
800 0.375
900 0.4375
1000 0.46875
1100 0.40625
1200 0.40625
1300 0.46875
1400 0.375
1500 0.3125
1600 0.5
1700 0.59375
1800 0.5
1900 0.625
2000 0.40625
2100 0.34375
2200 0.40625
2300 0.53125
2400 0.46875
2500 0.4375
2600 0.40625
2700 0.53125
2800 0.46875
2900 0.5
3000 0.59375
3100 0.53125
3200 0.59375
3300 0.375
3400 0.59375
3500 0.46875
3600 0.3125
3700 0.5625
3800 0.5625
3900 0.34375
4000 0.5
4100 0.65625
4200 0.59375
4300 0.59375
4400 0.46875
4500 0.65625
4600 0.46875
4700 0.5
4800 0.59375
4900 0.6875
5000 0.53125
5100 0.59375
5200 0.6875
5300 0.59375
5400 0.625
5500 0.75
5600 0.71875
5700 0.5625
5800 0.6875
5900 0.46875
6000 0.65625
6100 0.53125
6200 0.625
6300 0.65625
6400 0.59375
6500 0.625
6600 0.5625
6700 0.65625
6800 0.59375
6900 0.78125
7000 0.625
7100 0.6875
7200 0.75
7300 0.6875
7400 0.59375
7500 0.5
7600 0.6875
7700 0.8125
7800 0.59375
7900 0.75
8000 0.8125
8100 0.59375
8200 0.625
8300 0.75
8400 0.75
8500 0.6875
8600 0.78125
8700 0.8125
8800 0.65625
8900 0.71875
9000 0.6875
9100 0.71875
9200 0.65625
9300 0.6875
9400 0.6875
9500 0.6875
9600 0.625
9700 0.78125
9800 0.8125
9900 0.75
10000 0.71875
10100 0.6875
10200 0.84375
10300 0.6875
10400 0.84375
10500 0.71875
10600 0.75
10700 0.75
10800 0.78125
10900 0.6875
11000 0.71875
11100 0.8125
11200 0.8125
11300 0.71875
11400 0.6875
11500 0.78125
11600 0.84375
11700 0.78125
11800 0.75
11900 0.75
12000 0.75
12100 0.65625
12200 0.71875
12300 0.84375
12400 0.6875
12500 0.8125
12600 0.9375
12700 0.84375
12800 0.875
12900 0.84375
13000 0.78125
13100 0.90625
13200 0.75
13300 0.84375
13400 0.6875
13500 0.8125
13600 0.75
13700 0.875
13800 0.875
13900 0.78125
14000 0.8125
14100 0.78125
14200 0.75
14300 0.875
14400 0.75
14500 0.8125
14600 0.875
14700 0.84375
14800 0.75
14900 0.75
15000 0.875
15100 0.71875
15200 0.9375
15300 0.78125
15400 0.84375
15500 0.78125
15600 0.9375
15700 0.84375
15800 0.8125
15900 0.78125
16000 0.84375
16100 0.875
16200 0.8125
16300 0.90625
16400 0.75
16500 0.78125
16600 0.84375
16700 0.875
16800 0.875
16900 0.875
17000 0.84375
17100 0.8125
17200 0.875
17300 0.90625
17400 0.8125
17500 0.78125
17600 0.84375
17700 0.84375
17800 0.875
17900 0.875
18000 0.875
18100 0.84375
18200 0.90625
18300 0.84375
18400 0.84375
18500 0.84375
18600 0.96875
18700 0.90625
18800 0.875
18900 0.875
19000 0.96875
19100 0.96875
19200 0.8125
19300 0.875
19400 0.84375
19500 0.75
19600 0.84375
19700 0.75
19800 0.96875
19900 0.84375
20000 0.96875
20100 0.84375
20200 0.84375
20300 0.84375
20400 0.875
20500 0.875
20600 0.875
