0 4.115246
100 2.2390077
200 2.2741492
300 2.7058876
400 2.767027
500 2.2679503
600 3.2198
700 2.8757362
800 2.6616967
900 2.4268863
1000 2.652358
1100 2.3359685
1200 2.2396123
1300 1.9510747
1400 2.488128
1500 2.4402504
1600 2.430368
1700 1.7016164
1800 2.3592215
1900 1.8205217
2000 2.7003362
2100 2.15924
2200 2.908481
2300 1.6165098
2400 1.9635693
2500 1.9688644
2600 2.0940008
2700 2.075122
2800 2.159489
2900 1.7169081
3000 1.8838904
3100 1.7657533
3200 1.8257661
3300 2.311022
3400 1.6601837
3500 2.2955627
3600 3.3098006
3700 2.0576138
3800 1.6596174
3900 2.1484528
4000 2.3612268
4100 1.5053394
4200 1.6425037
4300 2.0697415
4400 1.9394978
4500 1.5647719
4600 1.7328466
4700 2.0064383
4800 1.474984
4900 1.338908
5000 2.369592
5100 1.8457297
5200 1.6575366
5300 1.8027858
5400 1.3490816
5500 1.304398
5600 1.1383395
5700 1.6811922
5800 1.321253
5900 2.7539792
6000 1.6375122
6100 1.8217496
6200 1.4688492
6300 1.3117162
6400 1.3579357
6500 1.6857318
6600 1.6170572
6700 1.2587545
6800 1.8030083
6900 1.2484219
7000 1.4748596
7100 1.3251778
7200 1.5785612
7300 1.4470242
7400 1.3689486
7500 2.0691605
7600 1.3975329
7700 0.78865844
7800 1.6192957
7900 1.500991
8000 0.9622011
8100 1.3969966
8200 1.4314518
8300 1.0730349
8400 1.2427847
8500 1.2560391
8600 1.1337606
8700 1.0128065
8800 1.2881082
8900 0.93612915
9000 1.0503627
9100 1.1284447
9200 1.2741855
9300 0.9687021
9400 1.1376036
9500 1.4011502
9600 1.6241758
9700 1.183856
9800 0.9713833
9900 0.9544686
10000 1.5227433
10100 1.0779606
10200 0.95006365
10300 1.3417146
10400 0.88686275
10500 1.1278806
10600 1.058395
10700 1.0316261
10800 1.1125867
10900 1.0689924
11000 1.1486686
11100 0.9015892
11200 0.88272333
11300 1.8605591
11400 0.987513
11500 0.847038
11600 0.99337137
11700 0.94865835
11800 0.98738956
11900 0.94693804
12000 1.1270459
12100 1.2660291
12200 1.3795899
12300 0.7919256
12400 1.0447899
12500 0.9138778
12600 0.6406248
12700 1.0131971
12800 0.5575229
12900 1.0043943
13000 0.77327216
13100 0.9020923
13200 1.2534515
13300 0.8794579
13400 1.2412112
13500 1.2343735
13600 1.0043033
13700 0.8317485
13800 0.8228215
13900 0.89526594
14000 1.0471431
14100 0.9653401
14200 1.1485171
14300 0.7838416
14400 0.95565623
14500 0.87047833
14600 0.7176633
14700 0.92169905
14800 1.0228177
14900 1.2648159
15000 0.98575544
15100 1.2023797
15200 0.7166846
15300 0.81822115
15400 0.78627044
15500 0.840545
15600 0.61207485
15700 0.6483999
15800 0.8999151
15900 0.81142324
16000 0.7780892
16100 0.8451719
16200 1.0242788
16300 0.6766165
16400 1.0832543
16500 1.0666133
16600 0.7059068
16700 0.79497254
16800 0.639797
16900 0.6060341
17000 0.83301604
17100 0.843718
17200 0.71448696
17300 1.0425186
17400 0.96299314
17500 1.1018949
17600 0.9777533
17700 0.80207497
17800 0.83222026
17900 0.79559183
18000 0.6721588
18100 0.851401
18200 0.58161885
18300 0.78580904
18400 0.8941258
18500 0.7022979
18600 0.5095991
18700 0.6311164
18800 0.5795433
18900 0.7146515
19000 0.6933889
19100 0.34169462
19200 0.7608387
19300 0.74382955
19400 0.9103445
19500 0.80056524
19600 0.775197
19700 0.883195
19800 0.42851782
19900 0.67507267
20000 0.44563547
20100 0.7881056
20200 0.71017164
20300 0.9116716
20400 0.63483506
20500 0.8359669
20600 0.7383288
