0 2.852471
100 1.5519619
200 1.57632
300 1.8755783
400 1.9179568
500 1.5720234
600 2.2317953
700 1.9933085
800 1.8449476
900 1.6821895
1000 1.8384745
1100 1.61917
1200 1.552381
1300 1.352382
1400 1.7246388
1500 1.6914527
1600 1.6846027
1700 1.1794707
1800 1.6352878
1900 1.2618895
2000 1.8717304
2100 1.4966712
2200 2.0160053
2300 1.1204792
2400 1.3610425
2500 1.3647128
2600 1.4514508
2700 1.438365
2800 1.4968436
2900 1.19007
3000 1.3058133
3100 1.2239269
3200 1.2655246
3300 1.6018784
3400 1.1507516
3500 1.5911629
3600 2.294179
3700 1.4262292
3800 1.1503592
3900 1.4891939
4000 1.6366776
4100 1.0434217
4200 1.1384969
4300 1.4346355
4400 1.3443575
4500 1.0846173
4600 1.2011178
4700 1.3907571
4800 1.0223811
4900 0.9280603
5000 1.642476
5100 1.2793623
5200 1.1489168
5300 1.2495959
5400 0.9351121
5500 0.90413976
5600 0.78903687
5700 1.1653136
5800 0.91582274
5900 1.9089129
6000 1.135037
6100 1.2627406
6200 1.0181286
6300 0.90921235
6400 0.9412493
6500 1.1684602
6600 1.1208587
6700 0.8725021
6800 1.2497501
6900 0.8653401
7000 1.0222948
7100 0.9185432
7200 1.0941752
7300 1.0030007
7400 0.9488828
7500 1.4342327
7600 0.96869606
7700 0.54665637
7800 1.1224103
7900 1.0404077
8000 0.666947
8100 0.96832424
8200 0.99220675
8300 0.7437711
8400 0.86143273
8500 0.87062
8600 0.7858629
8700 0.702024
8800 0.89284855
8900 0.6488753
9000 0.72805595
9100 0.7821783
9200 0.88319814
9300 0.6714531
9400 0.7885268
9500 0.9712033
9600 1.1257929
9700 0.82058644
9800 0.6733116
9900 0.66158724
10000 1.0554852
10100 0.74718535
10200 0.65853393
10300 0.9300057
10400 0.6147264
10500 0.7817873
10600 0.7336235
10700 0.7150687
10800 0.77118635
10900 0.74096906
11000 0.79619646
11100 0.624934
11200 0.6118572
11300 1.2896413
11400 0.6844919
11500 0.58712196
11600 0.68855256
11700 0.6575599
11800 0.6844063
11900 0.6563674
12000 0.7812087
12100 0.8775445
12200 0.95625883
12300 0.548921
12400 0.7241932
12500 0.6334518
12600 0.4440473
12700 0.7022947
12800 0.38644543
12900 0.69619304
13000 0.53599143
13100 0.6252827
13200 0.8688263
13300 0.60959375
13400 0.860342
13500 0.8556025
13600 0.69613004
13700 0.57652414
13800 0.5703364
13900 0.62055105
14000 0.7258243
14100 0.66912276
14200 0.79609144
14300 0.5433176
14400 0.66241044
14500 0.6033696
14600 0.4974463
14700 0.6388731
14800 0.7089632
14900 0.87670356
15000 0.6832736
15100 0.8334261
15200 0.4967679
15300 0.5671477
15400 0.54500115
15500 0.5826214
15600 0.42425796
15700 0.44943655
15800 0.62377363
15900 0.56243575
16000 0.53933036
16100 0.58582854
16200 0.70997596
16300 0.46899483
16400 0.75085473
16500 0.73932
16600 0.48929733
16700 0.55103296
16800 0.44347346
16900 0.42007083
17000 0.5774027
17100 0.58482075
17200 0.49524462
17300 0.7226188
17400 0.66749597
17500 0.7637753
17600 0.6777269
17700 0.555956
17800 0.5768511
17900 0.55146223
18000 0.46590498
18100 0.5901462
18200 0.40314746
18300 0.5446813
18400 0.6197608
18500 0.48679584
18600 0.35322717
18700 0.43745655
18800 0.40170878
18900 0.4953587
19000 0.48062053
19100 0.23684466
19200 0.5273732
19300 0.51558334
19400 0.6310027
19500 0.5549095
19600 0.5373256
19700 0.6121841
19800 0.29702592
19900 0.4679247
20000 0.30889097
20100 0.5462732
20200 0.49225348
20300 0.6319226
20400 0.44003415
20500 0.5794481
20600 0.51177055
