0 6.5693684
100 4.1873055
200 4.333088
300 4.3192024
400 4.794011
500 4.485639
600 3.8866053
700 4.2448015
800 4.394187
900 4.4145284
1000 4.4009085
1100 3.7817695
1200 4.1144304
1300 4.5577173
1400 4.2895966
1500 4.882001
1600 4.149166
1700 3.1748118
1800 4.3794074
1900 3.885458
2000 4.112544
2100 3.7135427
2200 3.8274434
2300 3.7114902
2400 4.247244
2500 3.7092211
2600 3.6593862
2700 4.241094
2800 4.051545
2900 3.5756917
3000 3.0775485
3100 3.9731302
3200 3.9980378
3300 3.361856
3400 3.0593848
3500 3.484894
3600 3.641192
3700 3.9382563
3800 3.1460361
3900 3.7271128
4000 3.8712382
4100 3.6188304
4200 3.3427775
4300 3.10494
4400 4.2814674
4500 4.0037255
4600 3.647706
4700 3.7428434
4800 3.6256747
4900 3.4268315
5000 3.2695174
5100 3.060327
5200 3.2965827
5300 3.3002298
5400 3.2438307
5500 3.5468102
5600 3.4424696
5700 3.1455278
5800 3.3313546
5900 3.7546303
6000 3.390028
6100 3.3167582
6200 3.1077125
6300 3.2343702
6400 3.1265912
6500 3.2803402
6600 3.1527913
6700 3.1481714
6800 3.2260144
6900 3.1210334
7000 2.8310504
7100 2.8501382
7200 3.8306966
7300 2.7236948
7400 3.5231326
7500 2.80577
7600 2.7952702
7700 2.6836333
7800 3.1274939
7900 3.181345
8000 2.978812
8100 2.916542
8200 3.6098187
8300 3.0454729
8400 3.1368108
8500 3.4315457
8600 2.7113798
8700 2.7469206
8800 2.6117983
8900 2.9633
9000 3.1942637
9100 3.2837486
9200 2.9179983
9300 2.942583
9400 3.1286547
9500 3.3409848
9600 3.2200732
9700 2.7613578
9800 2.8204331
9900 3.0532603
10000 2.4814308
10100 3.2351906
10200 2.70615
10300 2.8004055
10400 2.9380507
10500 3.040348
10600 2.8138964
10700 2.98702
10800 3.2916758
10900 2.5967546
11000 2.6655526
11100 2.7378452
11200 2.516893
11300 3.5744305
11400 2.7157018
11500 2.8454041
11600 2.7542577
11700 3.0594268
11800 3.2377684
11900 2.645475
12000 2.8774738
12100 2.9581432
12200 3.1368423
12300 2.7711315
12400 2.8078063
12500 2.4288144
12600 2.6371572
12700 2.5504453
12800 2.066966
12900 3.138548
13000 2.411984
13100 2.9650755
13200 2.4434128
13300 2.8875184
13400 2.9539614
13500 2.756952
13600 2.5568275
13700 2.922389
13800 2.994645
13900 2.7249603
14000 2.7026417
14100 3.0590477
14200 2.785617
14300 2.8699017
14400 2.9860868
14500 2.6349118
14600 2.604953
14700 2.6952963
14800 2.8645277
14900 2.6828275
15000 2.8929799
15100 2.9784534
15200 2.3499873
15300 2.3473067
15400 3.1112027
15500 2.7759845
15600 2.32055
15700 2.3835135
15800 2.9903746
15900 2.8319197
16000 2.799563
16100 2.836134
16200 3.0208383
16300 2.4583979
16400 2.4306488
16500 2.8426304
16600 2.8832912
16700 2.5800629
16800 2.521787
16900 2.7116408
17000 2.87884
17100 2.9041204
17200 2.5152721
17300 3.2321048
17400 2.5090966
17500 2.9891992
17600 2.362464
17700 2.6362555
17800 2.5050292
17900 2.6370978
18000 2.3027654
18100 2.4495988
18200 2.712675
18300 2.983798
18400 2.835236
18500 2.734169
18600 2.4434772
18700 2.5112128
18800 2.212113
18900 2.5749276
19000 2.9144819
19100 1.9241046
19200 2.6097827
19300 2.727662
19400 3.0203018
19500 2.8271847
19600 2.643134
19700 2.663476
19800 2.3522763
19900 2.3882837
20000 2.32622
20100 2.6329334
20200 2.4614527
20300 2.7325351
20400 2.7015786
20500 2.6655622
20600 2.544802
