0 26.407806
100 10.35556
200 8.258397
300 7.938493
400 7.588768
500 7.0842285
600 6.8997636
700 7.375734
800 7.416715
900 7.476328
1000 6.5210257
1100 7.365924
1200 7.5556717
1300 6.8761024
1400 7.103446
1500 6.5632205
1600 7.051343
1700 7.1329117
1800 6.685498
1900 6.4850264
2000 6.832336
2100 6.8293657
2200 6.7450852
2300 6.0890927
2400 6.618158
2500 7.0170827
2600 6.5271497
2700 6.532499
2800 6.424215
2900 6.3549175
3000 6.6493845
3100 6.6136503
3200 6.2269344
3300 6.2179747
3400 6.467431
3500 6.5403967
3600 6.129418
3700 6.238675
3800 6.9345274
3900 6.3176494
4000 6.6645284
4100 6.6228695
4200 6.2403593
4300 6.2708874
4400 6.5980587
4500 6.268649
4600 5.509819
4700 6.1657686
4800 5.89843
4900 6.078677
5000 6.025787
5100 6.4521646
5200 6.439947
5300 6.5049357
5400 6.2048793
5500 6.0638714
5600 6.307596
5700 6.590996
5800 6.160981
5900 6.120005
6000 6.8622713
6100 6.357567
6200 6.360309
6300 6.1601796
6400 6.6303754
6500 6.4498324
6600 6.04198
6700 6.798531
6800 6.556974
6900 6.3124456
7000 6.5073094
7100 6.2168703
7200 6.4500084
7300 6.2001085
7400 6.162153
7500 6.1677885
7600 6.8134217
7700 6.2305617
7800 6.0411067
7900 6.3344507
8000 5.904129
8100 6.240072
8200 6.099608
8300 6.1419
8400 5.8418083
8500 6.589175
8600 6.365341
8700 6.3114853
8800 6.3440814
8900 6.2298884
9000 6.4059725
9100 5.9620934
9200 6.3649054
9300 6.6507854
9400 6.3889813
9500 6.282463
9600 5.9317822
9700 6.145375
9800 5.959203
9900 6.6163197
10000 6.603826
10100 6.1470714
10200 5.960567
10300 5.510118
10400 6.379503
10500 6.808493
10600 6.5953126
10700 6.7001266
10800 5.8253083
10900 6.5477858
11000 6.229141
11100 6.2894616
11200 6.4025254
11300 6.5999975
11400 6.32635
11500 6.523411
11600 6.1411824
11700 6.686483
11800 6.3174877
11900 5.9450407
12000 6.2316985
12100 6.3444643
12200 5.851559
12300 6.1391125
12400 6.1645794
12500 6.786422
12600 5.97104
12700 5.5785193
12800 6.240207
12900 6.17729
13000 6.750735
13100 6.3552117
13200 6.0505543
13300 6.631211
13400 6.4569435
13500 6.5053444
13600 6.068509
13700 6.3078246
13800 6.4063005
13900 6.1303887
14000 5.9668255
14100 6.144078
14200 6.792039
14300 6.487483
14400 5.73753
14500 6.7697
14600 6.2677913
14700 6.0694895
14800 6.1857853
14900 6.339568
15000 6.3221016
15100 5.6055236
15200 5.887666
15300 5.9719443
15400 6.750947
15500 6.7429047
15600 6.2026176
15700 6.395607
15800 6.8444643
15900 6.606767
16000 5.9584055
16100 6.2260094
16200 6.225004
16300 7.420798
16400 6.031241
16500 6.4375033
16600 6.079068
16700 6.289538
16800 6.7288523
16900 7.098018
17000 6.0581684
17100 6.2639465
17200 6.126955
17300 6.6405134
17400 6.5229797
17500 6.0538173
17600 5.9767
17700 6.33038
