0 3.3214438
100 0.66206443
200 0.38641164
300 0.61439496
400 0.4356884
500 0.10102946
600 0.13697043
700 0.48890325
800 0.11141265
900 0.36330768
1000 0.07900825
1100 0.44200203
1200 0.13754992
1300 0.51371795
1400 0.23440732
1500 0.13825472
1600 0.044157594
1700 0.028685097
1800 0.10795827
1900 0.1082634
2000 0.15126128
2100 0.13314843
2200 0.076189004
2300 0.032303255
2400 0.17305107
2500 0.25354666
2600 0.1291438
2700 0.18778452
2800 0.057259854
2900 0.02215292
3000 0.015639264
3100 0.11666984
3200 0.0032968514
3300 0.1270121
3400 0.09644049
3500 0.123203814
3600 0.023586627
3700 0.10673244
3800 0.075469136
3900 0.040465098
4000 0.0015403001
4100 0.016438628
4200 0.19475888
4300 0.14304103
4400 0.007794068
4500 0.0006821557
4600 0.062113367
4700 0.23994805
4800 0.0031951605
4900 0.00247881
5000 0.10382933
5100 0.0061866962
5200 0.036884055
5300 0.11671271
5400 0.017921163
5500 0.0066777933
5600 0.0068526072
5700 0.2775122
5800 0.028152447
5900 0.28477275
6000 0.035314165
6100 0.15041633
6200 0.20140585
6300 0.027351521
6400 0.0058292635
6500 0.23175071
6600 0.18361898
6700 0.0019146198
6800 0.020922758
6900 0.12355498
7000 0.20312113
7100 0.05916956
7200 0.0032996722
7300 0.002855516
7400 0.0058844876
7500 0.18359168
7600 0.037916694
7700 0.05860446
7800 0.001436089
7900 0.0015258446
8000 0.00052614324
8100 0.022278221
8200 0.18868417
8300 0.0013580963
8400 0.001440776
8500 0.0017277942
8600 0.0051783514
8700 0.0002056223
8800 0.007452975
8900 0.00018926887
9000 0.037977878
9100 0.003980818
9200 0.011077812
9300 0.0007650353
9400 0.023247978
9500 0.021017682
9600 0.0002944694
9700 0.057419825
9800 0.0012704597
9900 0.0016277668
10000 0.004032676
10100 0.00030927116
10200 0.0010484151
10300 7.325315e-05
10400 0.0013847966
10500 0.00015402207
10600 0.0028376426
10700 0.0033723083
10800 1.8770617e-05
10900 0.0008812916
11000 0.06327416
11100 0.037731234
11200 0.0033868325
11300 0.0085373875
11400 0.00055904244
11500 0.00049626146
11600 0.0015700923
11700 0.00047416982
11800 0.0034504253
11900 0.046361208
12000 0.010572928
12100 3.115222e-05
12200 0.00887714
12300 0.012561473
12400 0.00067487237
12500 0.0043314467
12600 0.004295512
12700 0.001589172
12800 0.026221987
12900 0.005781286
13000 0.00011204444
13100 0.0013906445
13200 0.00031414162
13300 0.0018051717
13400 0.011948948
13500 0.00016248539
13600 0.18547243
13700 0.0028192915
13800 0.0007844424
13900 7.23814e-05
14000 0.0020614131
14100 0.00021039922
14200 0.0013035039
14300 0.0033693044
14400 0.00015218992
14500 0.0010861309
14600 0.000326531
14700 0.0035816918
14800 0.00030733328
14900 0.0017870025
15000 6.001676e-05
15100 0.00060563814
15200 0.00022316395
15300 0.0015550076
15400 0.0016576922
15500 0.0013319703
15600 0.0022274149
15700 0.0023003186
15800 0.0008671276
15900 0.0018063049
16000 0.001367038
16100 0.00017371358
16200 0.0005934411
16300 0.0012629825
16400 0.005289581
16500 0.000409093
16600 0.0003152327
16700 0.0007111475
16800 0.001203801
16900 0.0003353751
17000 0.0012280475
17100 0.00020033384
17200 0.00012207929
17300 0.0016590633
17400 3.495763e-05
17500 0.0003402486
17600 0.00038204173
17700 0.00031333373
17800 0.0012719778
17900 0.00010939615
18000 0.00047618267
18100 0.0012288842
18200 3.4436547e-05
18300 0.00042995973
18400 0.00074821885
18500 0.0010697633
18600 0.000282843
18700 6.8560184e-05
18800 0.00039502815
18900 0.00047087518
19000 0.00045407296
19100 0.00035459967
19200 0.0007702327
19300 0.0011553727
19400 3.6947218e-05
19500 0.0018845701
19600 0.00047818763
19700 0.00016588764
19800 0.00048473428
19900 0.00089236407
20000 0.002310346
