0 2.3022494
100 0.45890808
200 0.26784015
300 0.42586616
400 0.3019962
500 0.07002829
600 0.09494067
700 0.3388819
800 0.077225365
900 0.2518257
1000 0.054764345
1100 0.30637246
1200 0.095342346
1300 0.35608214
1400 0.16247877
1500 0.09583087
1600 0.030607712
1700 0.019882994
1800 0.07483097
1900 0.07504247
2000 0.104846336
2100 0.09229146
2200 0.052810192
2300 0.02239091
2400 0.11994986
2500 0.17574516
2600 0.08951566
2700 0.13016231
2800 0.039689507
2900 0.015355233
3000 0.010840312
3100 0.08086937
3200 0.0022852032
3300 0.08803809
3400 0.06684745
3500 0.085398376
3600 0.016349005
3700 0.07398129
3800 0.05231122
3900 0.028048268
4000 0.0010676547
4100 0.011394388
4200 0.13499656
4300 0.09914848
4400 0.0054024365
4500 0.00047283433
4600 0.043053705
4700 0.16631931
4800 0.0022147165
4900 0.0017181803
5000 0.07196901
5100 0.004288291
5200 0.025566079
5300 0.08089909
5400 0.012422003
5500 0.0046286937
5600 0.0047498653
5700 0.1923568
5800 0.01951379
5900 0.19738942
6000 0.024477914
6100 0.10426065
6200 0.1396039
6300 0.01895863
6400 0.0040405374
6500 0.16063735
6600 0.12727498
6700 0.0013271134
6800 0.0145025505
6900 0.08564179
7000 0.14079283
7100 0.041013215
7200 0.0022871585
7300 0.0019792928
7400 0.004078816
7500 0.12725605
7600 0.026281849
7700 0.040621515
7800 0.0009954211
7900 0.0010576348
8000 0.0003646947
8100 0.015442086
8200 0.1307859
8300 0.0009413606
8400 0.0009986699
8500 0.0011976156
8600 0.0035893596
8700 0.00014252652
8800 0.0051660086
8900 0.00013119119
9000 0.02632426
9100 0.002759293
9200 0.007678554
9300 0.00053028204
9400 0.01611427
9500 0.014568347
9600 0.00020411065
9700 0.03980039
9800 0.00088061555
9900 0.0011282819
10000 0.002795238
10100 0.00021437043
10200 0.000726706
10300 5.0775212e-05
10400 0.00095986784
10500 0.000106759966
10600 0.001966904
10700 0.002337506
10800 1.30108e-05
10900 0.0006108648
11000 0.043858305
11100 0.026153298
11200 0.0023475734
11300 0.005917666
11400 0.0003874987
11500 0.00034398222
11600 0.001088305
11700 0.00032866947
11800 0.0023916527
11900 0.03213514
12000 0.007328595
12100 2.1593074e-05
12200 0.006153164
12300 0.00870695
12400 0.00046778587
12500 0.0030023302
12600 0.0029774222
12700 0.0011015302
12800 0.018175697
12900 0.004007282
13000 7.766329e-05
13100 0.0009639213
13200 0.00021774638
13300 0.0012512497
13400 0.008282379
13500 0.000112626294
13600 0.1285597
13700 0.001954184
13800 0.00054373406
13900 5.0170962e-05
14000 0.0014288627
14100 0.00014583762
14200 0.00090352003
14300 0.0023354238
14400 0.00010549001
14500 0.0007528485
14600 0.00022633406
14700 0.0024826396
14800 0.0002130272
14900 0.0012386558
15000 4.1600448e-05
15100 0.0004197964
15200 0.00015468546
15300 0.0010778492
15400 0.0011490247
15500 0.0009232515
15600 0.0015439263
15700 0.0015944594
15800 0.00060104707
15900 0.0012520351
16000 0.00094755855
16100 0.00012040907
16200 0.00041134201
16300 0.00087543274
16400 0.0036664584
16500 0.00028356165
16600 0.00021850265
16700 0.0004929299
16800 0.0008344113
16900 0.00023246431
17000 0.00085121766
17100 0.00013886084
17200 8.4618914e-05
17300 0.001149975
17400 2.4230783e-05
17500 0.00023584235
17600 0.00026481115
17700 0.00021718639
17800 0.00088166783
17900 7.582763e-05
18000 0.00033006468
18100 0.00085179764
18200 2.3869596e-05
18300 0.00029802538
18400 0.0005186258
18500 0.00074150343
18600 0.00019605181
18700 4.75223e-05
18800 0.00027381265
18900 0.0003263858
19000 0.0003147394
19100 0.00024578976
19200 0.0005338846
19300 0.00080084335
19400 2.5609861e-05
19500 0.0013062845
19600 0.00033145442
19700 0.00011498455
19800 0.0003359922
19900 0.00061853963
20000 0.0016014099
