0 9.999996
100 1.5330749
200 1.6093917
300 1.4178064
400 1.2762821
500 1.2947334
600 1.2108576
700 1.3427314
800 1.2023215
900 1.1964967
1000 1.1277981
1100 1.4556454
1200 1.1604037
1300 1.1078107
1400 1.2471488
1500 1.1091397
1600 1.089599
1700 1.0837513
1800 1.1938283
1900 1.2254856
2000 1.0817608
2100 1.14081
2200 1.0826793
2300 1.0697163
2400 1.1523544
2500 1.2041311
2600 1.0175858
2700 1.1177235
2800 1.0464901
2900 1.0631666
3000 1.0543756
3100 1.056032
3200 1.0152742
3300 1.0332907
3400 1.041502
3500 1.0930674
3600 1.0559092
3700 1.0378397
3800 1.0689334
3900 1.0498562
4000 1.0072958
4100 1.0534446
4200 1.0264344
4300 1.0765915
4400 1.0267725
4500 1.003788
4600 1.0525981
4700 1.0921155
4800 1.0124109
4900 1.0081687
5000 1.0432086
5100 1.0214438
5200 1.0489211
5300 1.0298356
5400 1.041572
5500 1.0239271
5600 1.0213708
5700 1.0095243
5800 1.0644202
5900 1.0066401
6000 1.0611305
6100 1.1371789
6200 1.0442476
6300 1.033489
6400 1.019711
6500 1.0383983
6600 1.0761944
6700 1.0083207
6800 1.044316
6900 1.0359802
7000 1.0288906
7100 1.0548601
7200 1.0126269
7300 1.0104928
7400 1.0157963
7500 1.1029586
7600 1.0806167
7700 1.0523034
7800 1.0062854
7900 1.00652
8000 1.002869
8100 1.0456233
8200 1.0130364
8300 1.0050244
8400 1.0051975
8500 1.0060673
8600 1.0161018
8700 1.0011177
8800 1.0175529
8900 1.0011448
9000 1.0461552
9100 1.0129281
9200 1.027631
9300 1.003699
9400 1.0328904
9500 1.0324385
9600 1.0014424
9700 1.0488133
9800 1.0058811
9900 1.0063909
10000 1.012501
10100 1.001647
10200 1.0045823
10300 1.0004433
10400 1.0047154
10500 1.0009087
10600 1.0096208
10700 1.0130676
10800 1.0001302
10900 1.0035974
11000 1.0367751
11100 1.0388033
11200 1.0106101
11300 1.0197594
11400 1.0029608
11500 1.0024655
11600 1.0054424
11700 1.0022765
11800 1.011345
11900 1.0707116
12000 1.0304451
12100 1.0002165
12200 1.0193919
12300 1.040942
12400 1.0029414
12500 1.0114379
12600 1.0125847
12700 1.0055013
12800 1.0319722
12900 1.0221579
13000 1.0006138
13100 1.0052644
13200 1.0016224
13300 1.0069222
13400 1.0311687
13500 1.0008667
13600 1.0217962
13700 1.00859
13800 1.0033607
13900 1.0004387
14000 1.0079561
14100 1.0011225
14200 1.0048358
14300 1.0113019
14400 1.0008786
14500 1.0041926
14600 1.0018638
14700 1.0133785
14800 1.0016348
14900 1.0076065
15000 1.0003948
15100 1.002993
15200 1.0012636
15300 1.0061921
15400 1.0062444
15500 1.005446
15600 1.0084994
15700 1.0084844
15800 1.0034056
15900 1.0076745
16000 1.0059462
16100 1.001056
16200 1.0028327
16300 1.0047541
16400 1.0146744
16500 1.0020205
16600 1.0014926
16700 1.0034359
16800 1.005275
16900 1.0015628
17000 1.0056987
17100 1.0011706
17200 1.0007143
17300 1.007521
17400 1.0002555
17500 1.0017438
17600 1.0016873
17700 1.0017159
17800 1.0052016
17900 1.0006828
18000 1.0020742
18100 1.0057079
18200 1.0002427
18300 1.0020167
18400 1.0034275
18500 1.0042517
18600 1.0015346
18700 1.0004191
18800 1.0018743
18900 1.0023332
19000 1.0021361
19100 1.0015299
19200 1.0030792
19300 1.0044197
19400 1.0002488
19500 1.0069143
19600 1.0022633
19700 1.0009207
19800 1.0022335
19900 1.0034099
20000 1.0082581
