0 0.059375003
100 0.15625
200 0.375
300 0.45937502
400 0.47812504
500 0.51875
600 0.5
700 0.47187504
800 0.45000002
900 0.521875
1000 0.465625
1100 0.45000002
1200 0.47812498
1300 0.48125005
1400 0.5
1500 0.53125
1600 0.4625
1700 0.44375
1800 0.5375
1900 0.50625
2000 0.54062504
2100 0.521875
2200 0.50625
2300 0.571875
2400 0.50625
2500 0.46250004
2600 0.509375
2700 0.5125
2800 0.50625
2900 0.534375
3000 0.475
3100 0.47187498
3200 0.50625
3300 0.5812501
3400 0.51250005
3500 0.52500004
3600 0.53125
3700 0.53125006
3800 0.49687502
3900 0.459375
4000 0.546875
4100 0.52500004
4200 0.5625
4300 0.584375
4400 0.571875
4500 0.5375
4600 0.58437496
4700 0.571875
4800 0.628125
4900 0.56562495
5000 0.65312505
5100 0.52500004
5200 0.503125
5300 0.53125006
5400 0.55
5500 0.615625
5600 0.55625
5700 0.540625
5800 0.503125
5900 0.50312495
6000 0.49687505
6100 0.509375
6200 0.52500004
6300 0.546875
6400 0.534375
6500 0.55
6600 0.571875
6700 0.54375005
6800 0.503125
6900 0.56875
7000 0.515625
7100 0.540625
7200 0.55625004
7300 0.55625004
7400 0.546875
7500 0.51562506
7600 0.50625
7700 0.575
7800 0.584375
7900 0.55
8000 0.58437496
8100 0.590625
8200 0.540625
8300 0.571875
8400 0.540625
8500 0.521875
8600 0.57500005
8700 0.57500005
8800 0.503125
8900 0.534375
9000 0.53125
9100 0.54375005
9200 0.534375
9300 0.53437495
9400 0.49374998
9500 0.54375
9600 0.59375006
9700 0.59062505
9800 0.5625
9900 0.534375
10000 0.47812504
10100 0.56874996
10200 0.61875
10300 0.59062505
10400 0.51250005
10500 0.521875
10600 0.540625
10700 0.509375
10800 0.625
10900 0.584375
11000 0.553125
11100 0.55312496
11200 0.50625
11300 0.4875
11400 0.55
11500 0.525
11600 0.58750004
11700 0.51250005
11800 0.521875
11900 0.565625
12000 0.534375
12100 0.50937504
12200 0.55312496
12300 0.578125
12400 0.53125
12500 0.47812504
12600 0.55625
12700 0.59374994
12800 0.525
12900 0.5375
13000 0.5
13100 0.553125
13200 0.58437496
13300 0.509375
13400 0.54062504
13500 0.58750004
13600 0.54687494
13700 0.52187496
13800 0.51875
13900 0.503125
14000 0.571875
14100 0.52812505
14200 0.496875
14300 0.590625
14400 0.5625
14500 0.525
14600 0.54375
14700 0.553125
14800 0.58125
14900 0.56874996
15000 0.51875
15100 0.54375005
15200 0.6
15300 0.559375
15400 0.53125
15500 0.528125
15600 0.57500005
15700 0.5625
15800 0.48750004
15900 0.51874995
16000 0.578125
16100 0.5625
16200 0.575
16300 0.45937502
16400 0.56874996
16500 0.5656251
16600 0.575
16700 0.534375
16800 0.55625
16900 0.503125
17000 0.5875
17100 0.603125
17200 0.56875
17300 0.540625
17400 0.53125
17500 0.565625
17600 0.6
17700 0.553125
17800 0.56875
17900 0.5625
18000 0.59375
18100 0.503125
18200 0.5625
18300 0.528125
18400 0.54375
18500 0.60312504
18600 0.50625
18700 0.54375
18800 0.578125
18900 0.615625
19000 0.60312504
19100 0.53749996
19200 0.59375
19300 0.578125
19400 0.51874995
19500 0.55
19600 0.59375006
19700 0.565625
19800 0.628125
19900 0.60937506
20000 0.534375
20100 0.57812506
20200 0.52500004
20300 0.59062505
20400 0.553125
20500 0.54999995
20600 0.534375
20700 0.59062505
20800 0.54062504
20900 0.534375
21000 0.5906249
21100 0.5875
21200 0.553125
21300 0.53749996
21400 0.54375
21500 0.5875
21600 0.54375
21700 0.59999996
21800 0.56874996
21900 0.5968751
22000 0.546875
22100 0.553125
22200 0.58125
22300 0.55625004
22400 0.525
22500 0.56250006
22600 0.603125
22700 0.534375
22800 0.584375
22900 0.54375005
23000 0.49687502
23100 0.60937506
23200 0.55625
23300 0.54375
23400 0.59374994
23500 0.6031251
23600 0.515625
23700 0.54687506
23800 0.571875
23900 0.55
24000 0.546875
24100 0.58437496
24200 0.5625
24300 0.56875
24400 0.51875
24500 0.61875004
24600 0.5625
24700 0.5625
24800 0.528125
24900 0.52500004
25000 0.578125
25100 0.54062504
25200 0.59375
25300 0.58437496
25400 0.60625005
25500 0.575
25600 0.5812501
25700 0.5375
25800 0.55937505
25900 0.52812505
26000 0.521875
26100 0.5968751
26200 0.559375
26300 0.565625
26400 0.54375
26500 0.546875
26600 0.571875
26700 0.534375
26800 0.58750004
26900 0.58750004
27000 0.534375
27100 0.625
27200 0.578125
27300 0.62187505
27400 0.553125
27500 0.58750004
27600 0.54375005
27700 0.59375006
27800 0.578125
27900 0.565625
28000 0.59062505
28100 0.54062504
28200 0.503125
28300 0.55937505
28400 0.484375
28500 0.5562501
28600 0.525
28700 0.56875
28800 0.5375
28900 0.47812498
29000 0.55625
29100 0.53125
29200 0.5875
29300 0.528125
29400 0.553125
29500 0.55
29600 0.52187496
29700 0.61249995
29800 0.596875
29900 0.58437496
30000 0.515625
30100 0.584375
30200 0.534375
30300 0.55625
30400 0.51875
30500 0.53749996
30600 0.546875
30700 0.55312496
30800 0.52500004
30900 0.54687506
31000 0.509375
31100 0.54062504
31200 0.55
31300 0.51875
31400 0.55625
31500 0.55312496
31600 0.55312496
31700 0.58125
31800 0.546875
31900 0.55
32000 0.52500004
32100 0.521875
32200 0.52812505
32300 0.603125
32400 0.571875
32500 0.59062505
32600 0.56875
32700 0.509375
32800 0.51875
32900 0.57500005
33000 0.54687494
33100 0.5125
33200 0.57187504
33300 0.546875
33400 0.58124995
33500 0.52500004
33600 0.55625004
33700 0.525
33800 0.55937505
33900 0.57187504
34000 0.55625004
34100 0.56875
34200 0.59375
34300 0.54375
34400 0.578125
34500 0.58750004
34600 0.540625
34700 0.540625
34800 0.546875
34900 0.596875
35000 0.584375
35100 0.61875004
35200 0.56874996
35300 0.56875
35400 0.571875
35500 0.609375
35600 0.57812506
35700 0.575
35800 0.578125
35900 0.521875
36000 0.54687506
36100 0.5875
36200 0.54062504
36300 0.56875
36400 0.53125
36500 0.61875004
36600 0.525
36700 0.596875
36800 0.615625
36900 0.590625
37000 0.59999996
37100 0.565625
37200 0.65000004
37300 0.56875
37400 0.57812494
37500 0.56249994
37600 0.60625005
37700 0.54375
37800 0.59062505
37900 0.56875
38000 0.578125
38100 0.503125
38200 0.55
38300 0.5625
38400 0.55937505
38500 0.515625
38600 0.51875
38700 0.54999995
38800 0.515625
38900 0.5125
39000 0.521875
39100 0.584375
39200 0.54062504
39300 0.50625
39400 0.53125
39500 0.56875
39600 0.534375
39700 0.59375
