0 4.7547803
100 4.1527047
200 3.0823243
300 2.5121305
400 2.4960854
500 2.2685494
600 2.2525141
700 2.4469779
800 2.5024455
900 2.446423
1000 2.3950248
1100 2.5658777
1200 2.403129
1300 2.4895742
1400 2.3341377
1500 2.278893
1600 2.36688
1700 2.5670767
1800 2.2492225
1900 2.240766
2000 2.169198
2100 2.3194137
2200 2.3565524
2300 2.0914636
2400 2.2007349
2500 2.5710824
2600 2.236383
2700 2.2604349
2800 2.2896943
2900 2.1587663
3000 2.4115398
3100 2.466902
3200 2.2877436
3300 1.9293877
3400 2.2672615
3500 2.2830338
3600 2.3378334
3700 2.2017183
3800 2.4167426
3900 2.547223
4000 2.2102902
4100 2.2085958
4200 2.0616577
4300 1.9137685
4400 2.1137986
4500 2.2193801
4600 1.869719
4700 2.0589287
4800 1.848263
4900 2.0117362
5000 1.8226396
5100 2.1566944
5200 2.3576927
5300 2.2806437
5400 2.130153
5500 1.8628654
5600 2.1752813
5700 2.0457723
5800 2.2547102
5900 2.2439058
6000 2.3267744
6100 2.3394184
6200 2.2029667
6300 2.2837033
6400 2.2353868
6500 2.127602
6600 1.8264066
6700 2.1248355
6800 2.2976255
6900 2.0780196
7000 2.256326
7100 2.103073
7200 2.0837739
7300 2.1597092
7400 2.291417
7500 2.206088
7600 2.4213097
7700 1.9542856
7800 1.9394695
7900 2.134993
8000 1.9908717
8100 1.9679041
8200 2.1677935
8300 2.0956018
8400 2.0291064
8500 2.355229
8600 2.0435202
8700 2.0662348
8800 2.3937774
8900 2.2259712
9000 2.1028605
9100 2.1254797
9200 2.1330779
9300 2.2127852
9400 2.4681895
9500 2.089712
9600 2.0268114
9700 1.9547001
9800 2.0348291
9900 2.1850338
10000 2.2827568
10100 2.1286528
10200 1.8399614
10300 1.8246421
10400 2.174628
10500 2.4352002
10600 2.1765826
10700 2.259
10800 1.8397334
10900 2.0989234
11000 2.0581362
11100 2.1913545
11200 2.1563869
11300 2.4042444
11400 2.2812471
11500 2.27221
11600 2.0806456
11700 2.2587702
11800 2.2656488
11900 2.1360996
12000 2.080111
12100 2.113591
12200 2.0413172
12300 2.0365443
12400 2.2474005
12500 2.31056
12600 2.1562178
12700 1.9354924
12800 2.2599397
12900 2.3420153
13000 2.3421168
13100 2.2091224
13200 1.886952
13300 2.345522
13400 2.2163079
13500 2.0750933
13600 2.0924027
13700 2.3186672
13800 2.2506793
13900 2.1949916
14000 2.010586
14100 2.1313977
14200 2.3923795
14300 1.9713205
14400 2.1929045
14500 2.3387585
14600 2.1236103
14700 2.038138
14800 1.9708838
14900 2.1566017
15000 2.0996456
15100 2.1114514
15200 1.8035516
15300 2.0411882
15400 2.1296241
15500 2.2631402
15600 2.0834887
15700 2.1032858
15800 2.5514286
15900 2.262819
16000 1.9544522
16100 2.0542228
16200 2.2619448
16300 2.692395
16400 2.2133167
16500 2.0707948
16600 1.969122
16700 2.3017569
16800 2.0581434
16900 2.2524269
17000 1.9935795
17100 2.0055451
17200 2.0284314
17300 2.150938
17400 2.128103
17500 1.858875
17600 1.8217808
17700 1.9800662
17800 2.1270041
17900 2.133004
18000 2.099022
18100 2.2768855
18200 2.1117525
18300 2.2679935
18400 2.1494915
18500 1.9253241
18600 2.1683407
18700 2.2079556
18800 1.9486151
18900 1.8437439
19000 1.941831
19100 2.1163538
19200 2.000512
19300 2.1821508
19400 2.183359
19500 2.1595988
19600 2.0704746
19700 1.9956129
19800 1.7734523
19900 1.917597
20000 2.2117548
20100 2.0439925
20200 2.1285884
20300 1.8991934
20400 1.9306748
20500 2.0596783
20600 2.2318645
20700 1.8684984
20800 2.0743845
20900 2.2327719
21000 1.9843326
21100 2.0948203
21200 2.168645
21300 2.1735804
21400 2.0152552
21500 1.8708032
21600 2.165572
21700 1.8570431
21800 2.0455782
21900 1.9728376
22000 2.2789288
22100 2.0773158
22200 2.2058463
22300 2.050145
22400 2.236198
22500 2.0049543
22600 1.9486403
22700 2.168157
22800 1.9254402
22900 2.3194432
23000 2.4384956
23100 1.871358
23200 2.0944655
23300 2.0696697
23400 1.8351794
23500 1.8734384
23600 2.2612276
23700 2.0736914
23800 2.11059
23900 2.0231075
24000 2.1860843
24100 2.077847
24200 1.9728531
24300 2.086276
24400 2.3265624
24500 1.79656
24600 2.1008797
24700 1.9795824
24800 2.0652337
24900 2.1754532
25000 1.9881102
25100 2.1556258
25200 2.0063074
25300 1.8747954
25400 1.9675075
25500 2.1155674
25600 2.0231845
25700 2.266549
25800 2.013284
25900 2.166673
26000 2.1935434
26100 2.1106997
26200 1.9867467
26300 1.9777578
26400 2.0242405
26500 2.1215146
26600 2.143793
26700 2.1079645
26800 1.9585983
26900 2.1544895
27000 2.1815295
27100 1.9994367
27200 2.124108
27300 1.9410541
27400 2.1663759
27500 2.0380583
27600 2.2443085
27700 1.8996669
27800 2.1122744
27900 2.0384307
28000 1.959948
28100 2.0791714
28200 2.3069835
28300 1.9447702
28400 2.5126882
28500 2.0400765
28600 2.2103477
28700 1.9733642
28800 2.3050027
28900 2.4939744
29000 1.9593092
29100 2.163861
29200 1.9693317
29300 2.1170583
29400 1.8973355
29500 2.1574728
29600 2.2762532
29700 1.85089
29800 2.0243142
29900 1.9620112
30000 2.2770066
30100 1.8513799
30200 2.138927
30300 1.9474566
30400 2.2684689
30500 2.1744645
30600 2.1128244
30700 2.2195983
30800 2.4807448
30900 1.9907418
31000 2.3468978
31100 2.0170813
31200 2.1423664
31300 2.2475324
31400 2.1259398
31500 2.1425183
31600 2.047016
31700 2.0144877
31800 2.148755
31900 2.0316412
32000 2.2029295
32100 2.2684722
32200 2.229009
32300 1.8621943
32400 1.9942238
32500 1.8868293
32600 1.8915342
32700 2.3783138
32800 2.2129188
32900 2.0805829
33000 1.912535
33100 2.2058666
33200 1.9352361
33300 2.1011887
33400 1.973811
33500 2.3154829
33600 2.0750906
33700 2.1794038
33800 2.058706
33900 2.0441983
34000 2.135773
34100 1.960655
34200 1.9677362
34300 2.0355723
34400 1.9430282
34500 2.014682
34600 2.1376398
34700 2.165726
34800 2.1168296
34900 2.0164194
35000 1.986547
35100 1.889787
35200 2.0052042
35300 1.9546974
35400 2.0582697
35500 1.8667514
35600 1.8714883
35700 1.961388
35800 1.9433771
35900 2.305992
36000 2.0710168
36100 1.9176075
36200 2.0679138
36300 2.0263126
36400 2.1655283
36500 1.896155
36600 2.3498561
36700 1.8958789
36800 1.770296
36900 1.8851008
37000 1.876962
37100 2.0523617
37200 1.7515216
37300 1.9802065
37400 2.0002928
37500 2.0102708
37600 1.904931
37700 2.177546
37800 1.885057
37900 1.95762
38000 2.0357318
38100 2.3616276
38200 2.2223008
38300 2.0069418
38400 2.0459838
38500 2.2507336
38600 2.2872071
38700 2.2718258
38800 2.3898191
38900 2.2421892
39000 2.1409016
39100 1.8547617
39200 2.2041748
39300 2.2501936
39400 2.2111387
39500 2.189919
39600 2.1481125
39700 1.8533604
