0 3.2957625
100 2.8784356
200 2.1365044
300 1.7412761
400 1.7301546
500 1.5724387
600 1.5613239
700 1.6961159
800 1.734563
900 1.6957313
1000 1.6601048
1100 1.778531
1200 1.6657221
1300 1.7256414
1400 1.617901
1500 1.5796082
1600 1.6405962
1700 1.779362
1800 1.5590422
1900 1.5531807
2000 1.5035735
2100 1.6076951
2200 1.6334376
2300 1.4496921
2400 1.5254332
2500 1.7821385
2600 1.5501425
2700 1.5668141
2800 1.5870951
2900 1.4963428
3000 1.6715521
3100 1.7099262
3200 1.5857431
3300 1.3373497
3400 1.571546
3500 1.5824784
3600 1.6204627
3700 1.5261148
3800 1.6751583
3900 1.7656004
4000 1.5320565
4100 1.5308819
4200 1.4290322
4300 1.3265233
4400 1.4651736
4500 1.538357
4600 1.2959905
4700 1.4271406
4800 1.2811183
4900 1.3944292
5000 1.2633575
5100 1.4949067
5200 1.634228
5300 1.5808218
5400 1.4765095
5500 1.29124
5600 1.5077901
5700 1.4180213
5800 1.5628461
5900 1.555357
6000 1.6127971
6100 1.6215613
6200 1.5269802
6300 1.5829425
6400 1.5494521
6500 1.4747415
6600 1.2659686
6700 1.4728237
6800 1.5925926
6900 1.4403734
7000 1.5639659
7100 1.457739
7200 1.4443619
7300 1.4969964
7400 1.5882891
7500 1.5291437
7600 1.678324
7700 1.3546076
7800 1.3443378
7900 1.4798645
8000 1.3799671
8100 1.3640472
8200 1.5026
8300 1.4525605
8400 1.4064693
8500 1.6325203
8600 1.4164603
8700 1.4322048
8800 1.65924
8900 1.5429257
9000 1.4575918
9100 1.4732703
9200 1.4785368
9300 1.5337859
9400 1.7108186
9500 1.448478
9600 1.4048786
9700 1.3548949
9800 1.410436
9900 1.51455
10000 1.5822865
10100 1.4754697
10200 1.275364
10300 1.2647455
10400 1.5073373
10500 1.6879522
10600 1.508692
10700 1.5658195
10800 1.275206
10900 1.454863
11000 1.4265913
11100 1.5189313
11200 1.4946935
11300 1.6664953
11400 1.58124
11500 1.5749758
11600 1.4421936
11700 1.5656602
11800 1.5704281
11900 1.4806315
12000 1.4418231
12100 1.4650296
12200 1.4149332
12300 1.4116249
12400 1.5577793
12500 1.6015582
12600 1.4945763
12700 1.3415811
12800 1.5664707
12900 1.6233613
13000 1.6234317
13100 1.5312469
13200 1.3079355
13300 1.6257919
13400 1.5362276
13500 1.4383451
13600 1.450343
13700 1.6071776
13800 1.5600519
13900 1.5214522
14000 1.393632
14100 1.4773724
14200 1.6582711
14300 1.3664153
14400 1.5200056
14500 1.6211038
14600 1.4719745
14700 1.4127296
14800 1.3661126
14900 1.4948423
15000 1.4553635
15100 1.4635465
15200 1.2501267
15300 1.4148439
15400 1.4761429
15500 1.5686892
15600 1.4441644
15700 1.4578866
15800 1.7685156
15900 1.5684667
16000 1.354723
16100 1.4238788
16200 1.5678607
16300 1.866226
16400 1.5341543
16500 1.4353656
16600 1.3648914
16700 1.5954564
16800 1.4265963
16900 1.5612633
17000 1.381844
17100 1.3901379
17200 1.4060014
17300 1.4909166
17400 1.4750886
17500 1.288474
17600 1.2627622
17700 1.3724773
17800 1.4743268
17900 1.4784857
18000 1.4549311
18100 1.5782168
18200 1.4637554
18300 1.5720532
18400 1.4899141
18500 1.334533
18600 1.5029793
18700 1.5304382
18800 1.350677
18900 1.2779859
19000 1.3459747
19100 1.4669447
19200 1.3866491
19300 1.5125518
19400 1.5133891
19500 1.4969199
19600 1.4351437
19700 1.3832535
19800 1.2292634
19900 1.329177
20000 1.5330716
20100 1.4167876
20200 1.475425
20300 1.3164206
20400 1.3382418
20500 1.4276602
20600 1.5470105
20700 1.2951444
20800 1.4378538
20900 1.5476395
21000 1.3754345
21100 1.4520187
21200 1.5031902
21300 1.5066111
21400 1.3968685
21500 1.296742
21600 1.50106
21700 1.2872043
21800 1.4178869
21900 1.3674668
22000 1.5796331
22100 1.4398856
22200 1.5289762
22300 1.4210521
22400 1.5500143
22500 1.3897284
22600 1.3506945
22700 1.502852
22800 1.3346134
22900 1.6077155
23000 1.6902363
23100 1.2971265
23200 1.4517729
23300 1.4345858
23400 1.2720494
23500 1.2985685
23600 1.5673635
23700 1.4373733
23800 1.4629495
23900 1.4023113
24000 1.5152781
24100 1.4402539
24200 1.3674775
24300 1.4460963
24400 1.6126502
24500 1.2452805
24600 1.4562188
24700 1.372142
24800 1.4315109
24900 1.5079092
25000 1.378053
25100 1.4941659
25200 1.3906664
25300 1.2995092
25400 1.3637723
25500 1.4663997
25600 1.4023647
25700 1.5710522
25800 1.3955021
25900 1.5018232
26000 1.5204484
26100 1.4630256
26200 1.3771079
26300 1.3708773
26400 1.4030966
26500 1.4705218
26600 1.4859642
26700 1.4611297
26800 1.3575969
26900 1.4933784
27000 1.5121211
27100 1.385904
27200 1.4723196
27300 1.3454362
27400 1.5016173
27500 1.4126744
27600 1.5556362
27700 1.3167487
27800 1.464117
27900 1.4129325
28000 1.3585324
28100 1.4411719
28200 1.5990791
28300 1.348012
28400 1.7416627
28500 1.4140733
28600 1.5320963
28700 1.3678318
28800 1.5977061
28900 1.7286913
29000 1.3580897
29100 1.4998741
29200 1.3650367
29300 1.467433
29400 1.3151327
29500 1.4954462
29600 1.5777786
29700 1.2829392
29800 1.4031477
29900 1.3599626
30000 1.5783007
30100 1.2832787
30200 1.4825912
30300 1.349874
30400 1.5723828
30500 1.507224
30600 1.4644983
30700 1.5385083
30800 1.7195213
30900 1.3798771
31000 1.6267457
31100 1.3981341
31200 1.4849752
31300 1.5578707
31400 1.4735892
31500 1.4850805
31600 1.4188833
31700 1.3963364
31800 1.4894035
31900 1.4082264
32000 1.5269544
32100 1.5723852
32200 1.5450312
32300 1.2907747
32400 1.3822906
32500 1.3078504
32600 1.3111116
32700 1.6485214
32800 1.5338784
32900 1.4421501
33000 1.3256682
33100 1.5289903
33200 1.3414035
33300 1.4564329
33400 1.3681415
33500 1.6049703
33600 1.4383433
33700 1.5106475
33800 1.4269863
33900 1.4169303
34000 1.480405
34100 1.3590225
34200 1.3639308
34300 1.4109511
34400 1.3468045
34500 1.3964713
34600 1.481699
34700 1.5011668
34800 1.4672744
34900 1.3976755
35000 1.3769695
35100 1.3099005
35200 1.3899016
35300 1.354893
35400 1.4266839
35500 1.2939335
35600 1.2972169
35700 1.3595306
35800 1.3470464
35900 1.5983918
36000 1.4355195
36100 1.3291843
36200 1.4333687
36300 1.4045328
36400 1.5010298
36500 1.3143145
36600 1.6287961
36700 1.3141232
36800 1.2270757
36900 1.3066523
37000 1.3010108
37100 1.4225887
37200 1.2140622
37300 1.3725746
37400 1.3864974
37500 1.3934135
37600 1.3203975
37700 1.5093598
37800 1.3066219
37900 1.3569188
38000 1.4110618
38100 1.6369555
38200 1.5403816
38300 1.391106
38400 1.4181678
38500 1.5600896
38600 1.5853713
38700 1.5747097
38800 1.6564964
38900 1.554167
39000 1.4839599
39100 1.2856228
39200 1.5278175
39300 1.5597153
39400 1.5326445
39500 1.5179362
39600 1.4889581
39700 1.2846515
