0 26.998415
100 18.603296
200 9.930985
300 8.501073
400 7.8211813
500 7.2072945
600 7.084849
700 7.4462004
800 7.3923707
900 7.600334
1000 6.6981235
1100 7.2403493
1200 7.378499
1300 6.8869133
1400 7.0406976
1500 6.7561617
1600 7.0515194
1700 6.961893
1800 6.6944857
1900 6.407983
2000 6.9437046
2100 6.852341
2200 6.623812
2300 6.3342094
2400 6.773504
2500 7.217345
2600 6.556028
2700 6.7247305
2800 6.516845
2900 6.2484665
3000 6.678801
3100 6.9516735
3200 6.3958874
3300 6.178179
3400 6.6845307
3500 6.6926594
3600 6.2159457
3700 6.2149625
3800 7.0137033
3900 6.3896766
4000 6.736268
4100 6.775685
4200 6.323948
4300 6.120741
4400 6.5137067
4500 6.438241
4600 5.9112973
4700 6.337934
4800 6.1139913
4900 6.117344
5000 6.1748776
5100 6.5208654
5200 6.5138755
5300 6.4604383
5400 6.066145
5500 5.9990854
5600 6.247048
5700 6.464924
5800 6.240302
5900 6.0360394
6000 6.9161825
6100 6.4930897
6200 6.586151
6300 6.0817585
6400 6.4418287
6500 6.0862637
6600 5.9502425
6700 6.6989527
6800 6.490489
6900 6.470345
7000 6.5734477
7100 6.2931085
7200 6.4026766
7300 6.3236027
7400 6.319297
7500 6.3286767
7600 6.7449794
7700 6.2596884
7800 6.1744328
7900 6.145576
8000 5.9035416
8100 6.0988154
8200 6.171486
8300 6.250059
8400 5.836981
8500 6.4610147
8600 6.233203
8700 6.4282374
8800 6.5343375
8900 6.1479096
9000 6.4559326
9100 6.00381
9200 6.266709
9300 6.727939
9400 6.4687896
9500 6.1630993
9600 5.9988194
9700 6.0893316
9800 5.9378257
9900 6.556904
10000 6.522327
10100 6.0409527
10200 6.0345583
10300 5.6312866
10400 6.336776
10500 6.674373
10600 6.6470184
10700 6.6564097
10800 5.578956
10900 6.3959503
11000 6.203771
11100 6.4751644
11200 6.386935
11300 6.5252542
11400 6.3730774
11500 6.5037966
11600 6.135277
11700 6.534744
11800 6.4380455
11900 5.9941616
12000 6.215983
12100 6.3571296
12200 5.7549663
12300 6.233046
12400 6.0918245
12500 6.716175
12600 5.990575
12700 5.761766
12800 6.301658
12900 6.3069525
13000 6.7127733
13100 6.325937
13200 6.030389
13300 6.5232773
13400 6.243545
13500 6.3630486
13600 6.0960207
13700 6.209385
13800 6.474945
13900 6.0476465
14000 5.8951974
14100 6.1661654
14200 6.838023
14300 6.3497634
14400 5.6122847
14500 6.405813
14600 6.1637793
14700 5.951639
14800 6.1795936
14900 6.4613996
15000 6.3235116
15100 5.5407143
15200 5.9092927
15300 5.8277555
15400 6.69862
15500 6.526729
15600 6.068603
15700 6.2218437
15800 6.8169827
15900 6.7149186
16000 5.917038
16100 6.048257
16200 6.0857058
16300 7.2661667
16400 6.170717
16500 6.6466303
16600 5.960925
16700 6.3104057
16800 6.572502
16900 6.911256
17000 6.0517464
17100 6.307157
17200 6.0766063
17300 6.60044
17400 6.594958
17500 5.860024
17600 5.741079
17700 6.209709
17800 6.424877
17900 6.0938272
18000 5.9958
18100 6.54831
18200 5.9927645
18300 6.5675545
18400 6.157713
18500 6.0913773
18600 6.2418113
18700 6.205861
18800 6.016472
18900 5.854882
19000 6.1510587
19100 6.362256
19200 6.2976484
19300 6.1599073
19400 6.606293
19500 6.65905
19600 5.7052727
19700 6.359151
19800 5.90907
19900 6.5906744
20000 6.7186794
20100 6.4754133
20200 6.4401727
20300 6.0381293
20400 6.105833
20500 6.2392387
20600 6.406335
20700 6.2717104
20800 6.077731
20900 6.501178
21000 6.1827435
21100 6.187026
21200 6.2968655
21300 6.4541626
21400 6.284465
21500 6.211791
21600 6.7273645
21700 5.771111
21800 6.42821
21900 5.9123516
22000 6.5722804
22100 6.249454
22200 6.334101
22300 6.0608315
22400 6.6283617
22500 6.1653743
22600 6.1740885
22700 6.246792
22800 6.126511
22900 6.3459845
23000 6.4432154
23100 6.318811
23200 6.683423
23300 6.04169
23400 5.71581
23500 5.966386
23600 6.6585836
23700 6.208171
23800 6.125304
23900 6.2500105
24000 6.336925
24100 6.4015465
24200 6.328557
24300 6.662794
24400 6.0974455
24500 6.1542606
24600 6.2535634
24700 6.1790543
24800 6.372258
24900 6.4694934
25000 5.9574857
25100 6.428318
25200 5.7890205
25300 5.7610035
25400 5.8361278
25500 6.3431506
25600 6.194291
25700 6.1924667
25800 6.319991
25900 6.4885826
26000 6.387684
26100 6.11174
26200 6.0505013
26300 6.037053
26400 6.2338305
26500 5.972742
26600 6.239764
26700 6.4231434
26800 6.420607
26900 6.082597
27000 6.202816
27100 5.985102
27200 6.0975847
27300 6.2898507
27400 6.57919
27500 6.254853
27600 6.645763
27700 6.195982
27800 5.9051313
27900 6.13136
28000 6.393594
28100 6.6037536
28200 6.5950117
28300 6.145958
28400 7.2388697
28500 6.285718
28600 6.3758254
28700 6.0732307
28800 6.8384933
28900 6.9412756
29000 6.0812573
29100 6.496056
29200 6.477626
29300 6.36849
29400 6.0227036
29500 6.3514504
29600 5.9222746
29700 6.1292753
29800 6.2677197
29900 6.373533
30000 6.5945997
30100 6.0116563
30200 6.0714006
30300 5.9538536
30400 6.4830065
30500 6.219708
30600 6.4750853
30700 6.745324
30800 6.6684284
30900 6.001945
31000 6.3451014
31100 6.068594
31200 6.543707
31300 6.7091894
31400 6.301303
31500 6.4105515
31600 6.0846295
31700 5.975835
31800 6.1868286
31900 6.6432667
32000 6.4308066
32100 6.0600348
32200 6.3063507
32300 5.9617233
32400 6.334021
32500 5.7381387
32600 6.0968833
32700 6.7290573
32800 6.567794
32900 6.141046
33000 6.005091
33100 6.7037525
33200 5.9413605
33300 5.825801
33400 6.3419156
33500 6.291957
33600 6.348241
33700 6.6396885
33800 5.9830565
33900 5.833558
34000 6.1116095
34100 6.1926255
34200 6.0602803
34300 6.141371
34400 5.8028398
34500 6.0107083
34600 6.311606
34700 6.175023
34800 6.346767
34900 6.2791247
35000 6.0082283
35100 5.88939
35200 6.14862
35300 5.9942074
35400 6.4403954
35500 5.8107176
35600 5.9860954
35700 5.628161
35800 6.3108296
35900 5.757305
36000 5.9446096
36100 5.966574
36200 6.2258964
36300 6.2049603
36400 6.60876
36500 6.142115
36600 6.8422675
36700 5.793558
36800 5.672453
36900 6.148578
37000 6.1415086
37100 6.0426235
37200 5.783564
37300 6.3336806
37400 6.0236015
37500 6.390662
37600 6.290392
37700 6.0585837
37800 5.759824
37900 5.988695
38000 6.0541053
38100 6.276999
38200 6.244522
38300 6.1087136
38400 6.127391
38500 6.561949
38600 6.3682175
38700 6.4468026
38800 6.417903
38900 6.526715
39000 5.933371
39100 5.702052
39200 6.542315
39300 6.3652463
39400 6.130383
39500 6.0636954
39600 6.5094295
39700 5.9989634
