0 0.0625
100 0.21875
200 0.1875
300 0.4375
400 0.46875
500 0.375
600 0.4375
700 0.3125
800 0.40625
900 0.46875
1000 0.53125
1100 0.59375
1200 0.53125
1300 0.25
1400 0.4375
1500 0.40625
1600 0.46875
1700 0.5625
1800 0.34375
1900 0.34375
2000 0.5
2100 0.53125
2200 0.6875
2300 0.34375
2400 0.40625
2500 0.46875
2600 0.5625
2700 0.34375
2800 0.53125
2900 0.53125
3000 0.40625
3100 0.375
3200 0.4375
3300 0.4375
3400 0.40625
3500 0.65625
3600 0.46875
3700 0.4375
3800 0.4375
3900 0.4375
4000 0.65625
4100 0.46875
4200 0.5
4300 0.46875
4400 0.5625
4500 0.5
4600 0.40625
4700 0.59375
4800 0.5
4900 0.71875
5000 0.4375
5100 0.6875
5200 0.59375
5300 0.53125
5400 0.40625
5500 0.5
5600 0.625
5700 0.53125
5800 0.53125
5900 0.53125
6000 0.5625
6100 0.5
6200 0.5625
6300 0.6875
6400 0.5
6500 0.59375
6600 0.59375
6700 0.65625
6800 0.65625
6900 0.59375
7000 0.65625
7100 0.5625
7200 0.65625
7300 0.5625
7400 0.625
7500 0.75
7600 0.53125
7700 0.59375
7800 0.5625
7900 0.40625
8000 0.5625
8100 0.5625
8200 0.5625
8300 0.53125
8400 0.53125
8500 0.53125
8600 0.75
8700 0.625
8800 0.625
8900 0.5625
9000 0.65625
9100 0.75
9200 0.6875
9300 0.5625
9400 0.46875
9500 0.46875
9600 0.5625
9700 0.59375
9800 0.6875
9900 0.6875
10000 0.53125
10100 0.65625
10200 0.46875
10300 0.65625
10400 0.5625
10500 0.71875
10600 0.59375
10700 0.5
10800 0.75
10900 0.5
11000 0.46875
11100 0.6875
11200 0.75
11300 0.625
11400 0.71875
11500 0.6875
11600 0.65625
11700 0.59375
11800 0.65625
11900 0.71875
12000 0.6875
12100 0.71875
12200 0.6875
12300 0.53125
12400 0.6875
12500 0.6875
12600 0.8125
12700 0.59375
12800 0.5625
12900 0.65625
13000 0.6875
13100 0.71875
13200 0.71875
13300 0.71875
13400 0.625
13500 0.59375
13600 0.5
13700 0.78125
13800 0.78125
13900 0.875
14000 0.78125
14100 0.625
14200 0.71875
14300 0.875
14400 0.65625
14500 0.71875
14600 0.6875
14700 0.625
14800 0.84375
14900 0.53125
15000 0.625
15100 0.6875
15200 0.8125
15300 0.5625
15400 0.78125
15500 0.8125
15600 0.78125
15700 0.65625
15800 0.75
15900 0.71875
16000 0.65625
16100 0.625
16200 0.78125
16300 0.71875
16400 0.6875
16500 0.625
16600 0.65625
16700 0.6875
16800 0.71875
16900 0.75
17000 0.65625
17100 0.71875
17200 0.59375
17300 0.75
17400 0.90625
17500 0.75
17600 0.6875
17700 0.65625
17800 0.59375
17900 0.6875
18000 0.75
18100 0.71875
18200 0.75
18300 0.59375
18400 0.71875
18500 0.6875
18600 0.71875
18700 0.75
18800 0.78125
18900 0.71875
19000 0.65625
19100 0.71875
19200 0.6875
19300 0.65625
19400 0.78125
19500 0.65625
19600 0.78125
19700 0.59375
19800 0.75
19900 0.65625
20000 0.71875
20100 0.8125
20200 0.625
20300 0.71875
20400 0.71875
20500 0.6875
20600 0.59375
20700 0.71875
20800 0.625
20900 0.75
21000 0.78125
21100 0.78125
21200 0.65625
21300 0.8125
21400 0.78125
21500 0.84375
21600 0.71875
21700 0.8125
21800 0.71875
21900 0.65625
22000 0.84375
22100 0.6875
22200 0.6875
22300 0.75
22400 0.625
22500 0.8125
22600 0.71875
22700 0.8125
22800 0.8125
22900 0.75
23000 0.78125
23100 0.75
23200 0.84375
23300 0.6875
23400 0.78125
23500 0.78125
23600 0.78125
23700 0.84375
23800 0.71875
23900 0.75
24000 0.78125
24100 0.6875
24200 0.84375
24300 0.65625
