0 3.3169014
100 3.1525211
200 2.9996836
300 2.3205469
400 2.6166055
500 2.5105987
600 2.3431838
700 2.478043
800 2.461524
900 2.1258366
1000 1.9690607
1100 1.9345313
1200 2.1146612
1300 2.6726892
1400 2.269715
1500 2.4611793
1600 1.9563111
1700 2.2936478
1800 2.7391703
1900 2.7115636
2000 2.350284
2100 1.8895968
2200 1.6555803
2300 2.1259594
2400 2.7549107
2500 2.394459
2600 1.9098669
2700 2.607808
2800 1.9304196
2900 1.7866942
3000 2.2241805
3100 2.0613246
3200 2.1837053
3300 2.4366443
3400 1.9070878
3500 1.4081093
3600 2.1863315
3700 2.0953565
3800 1.9881377
3900 2.1527207
4000 1.4429226
4100 1.9489838
4200 1.8153312
4300 1.9187936
4400 2.0417075
4500 2.36547
4600 2.3081043
4700 1.6770186
4800 1.9872234
4900 1.7087972
5000 2.1640742
5100 1.6315839
5200 1.6571772
5300 1.6783907
5400 1.975878
5500 2.2280648
5600 1.8687583
5700 1.9888481
5800 1.8811922
5900 1.9213338
6000 1.8039962
6100 1.9138923
6200 1.9921621
6300 1.4615592
6400 2.0620253
6500 2.333785
6600 2.064285
6700 1.9933835
6800 1.5695993
6900 1.8621979
7000 1.7173886
7100 1.6205684
7200 1.5627224
7300 2.0144384
7400 1.4199466
7500 1.2623972
7600 1.8138126
7700 1.5612836
7800 1.6689659
7900 2.100009
8000 2.7428327
8100 1.5962936
8200 1.7558297
8300 1.720759
8400 2.1644788
8500 1.9267961
8600 1.2370607
8700 1.7275572
8800 1.6133285
8900 2.058873
9000 1.7497962
9100 1.1912353
9200 1.3482584
9300 1.9455492
9400 2.1721795
9500 1.7697026
9600 1.9357222
9700 1.5316638
9800 1.3181186
9900 1.9689467
10000 1.8873801
10100 1.4851903
10200 1.9877754
10300 1.4205885
10400 1.9494632
10500 1.4711633
10600 1.9590938
10700 2.0601885
10800 1.2169911
10900 1.9713542
11000 2.0064983
11100 1.4480731
11200 0.9354083
11300 1.5731325
11400 1.2637812
11500 1.4188137
11600 1.5463951
11700 1.7326024
11800 1.2518374
11900 1.323611
12000 1.268337
12100 1.228688
12200 1.5133858
12300 1.7418455
12400 1.4395746
12500 1.2801495
12600 0.8946691
12700 1.4597182
12800 1.9602233
12900 1.8596514
13000 1.218598
13100 1.4535751
13200 1.1394422
13300 1.2343787
13400 1.42866
13500 1.272219
13600 1.7164854
13700 0.99539584
13800 1.1843358
13900 1.0206136
14000 1.4774765
14100 1.7593827
14200 1.2429203
14300 0.81375253
14400 1.5728381
14500 1.4962621
14600 1.1783756
14700 1.7704458
14800 0.96923155
14900 1.3778296
15000 1.6885508
15100 1.3749949
15200 1.1890521
15300 1.6997244
15400 1.1629153
15500 0.74741066
15600 1.1639975
15700 1.1786547
15800 1.3197474
15900 1.1058683
16000 1.2620116
16100 1.4208872
16200 1.1662633
16300 1.1099664
16400 1.2887415
16500 1.3582319
16600 1.0908724
16700 1.1168499
16800 0.9981945
16900 1.1899543
17000 1.2623005
17100 1.3976852
17200 1.596021
17300 1.0006301
17400 0.79256743
17500 1.1478922
17600 1.8981068
17700 1.3456223
17800 1.5262429
17900 1.1652493
18000 1.0933921
18100 1.1970613
18200 1.0731639
18300 1.36283
18400 1.2661935
18500 1.2937728
18600 1.100609
18700 1.1215591
18800 0.93140525
18900 1.4505103
19000 1.2690587
19100 1.1397545
19200 1.4858899
19300 1.3972818
19400 1.1960099
19500 1.4750307
19600 0.93740314
19700 1.3478538
19800 1.0079027
19900 1.6509701
20000 1.00172
20100 1.05465
20200 1.5428823
20300 1.2888832
20400 1.3738072
20500 1.0856305
20600 1.4342887
20700 1.1909132
20800 1.3845601
20900 1.3616323
21000 1.1499358
21100 1.1145175
21200 1.4241569
21300 0.98791665
21400 1.0357263
21500 0.8065288
21600 1.4036669
21700 1.019809
21800 1.0327564
21900 1.2455719
22000 0.964932
22100 1.186175
22200 1.3448309
22300 1.3739719
22400 1.5101906
22500 0.9950261
22600 1.1669685
22700 1.2086921
22800 1.2096438
22900 1.067067
23000 1.2049023
23100 0.9793638
23200 0.90988094
23300 1.2846626
23400 1.0269375
23500 1.2319874
23600 0.9990772
23700 1.000435
23800 1.1222093
23900 1.0605916
24000 1.0958297
24100 1.3053545
24200 1.0745949
24300 1.545129
