0 2.2991009
100 2.185161
200 2.0792222
300 1.6084805
400 1.8136928
500 1.7402143
600 1.6241711
700 1.7176485
800 1.7061985
900 1.4735177
1000 1.3648489
1100 1.340915
1200 1.4657714
1300 1.852567
1400 1.5732466
1500 1.7059594
1600 1.3560115
1700 1.5898355
1800 1.8986483
1900 1.8795127
2000 1.6290928
2100 1.3097687
2200 1.1475608
2300 1.4736028
2400 1.9095585
2500 1.6597124
2600 1.3238189
2700 1.8075948
2800 1.3380649
2900 1.2384421
3000 1.5416844
3100 1.4288013
3200 1.5136292
3300 1.6889532
3400 1.3218925
3500 0.976027
3600 1.5154495
3700 1.4523904
3800 1.378072
3900 1.4921523
4000 1.0001577
4100 1.3509326
4200 1.2582917
4300 1.3300064
4400 1.4152038
4500 1.6396188
4600 1.5998559
4700 1.1624207
4800 1.3774383
4900 1.184448
5000 1.5000219
5100 1.1309278
5200 1.1486677
5300 1.1633718
5400 1.3695743
5500 1.5443769
5600 1.2953246
5700 1.3785645
5800 1.303943
5900 1.3317671
6000 1.2504349
6100 1.326609
6200 1.3808615
6300 1.0130756
6400 1.429287
6500 1.6176565
6600 1.4308534
6700 1.3817081
6800 1.0879633
6900 1.2907772
7000 1.1904031
7100 1.1232924
7200 1.0831966
7300 1.3963023
7400 0.98423195
7500 0.87502706
7600 1.2572391
7700 1.0821993
7800 1.156839
7900 1.4556153
8000 1.9011867
8100 1.1064664
8200 1.2170484
8300 1.1927392
8400 1.5003024
8500 1.3355533
8600 0.8574651
8700 1.1974514
8800 1.1182741
8900 1.427102
9000 1.2128663
9100 0.8257014
9200 0.9345415
9300 1.348552
9400 1.50564
9500 1.2266643
9600 1.3417404
9700 1.0616684
9800 0.91365016
9900 1.3647698
10000 1.3082322
10100 1.0294554
10200 1.377821
10300 0.9846769
10400 1.351265
10500 1.0197327
10600 1.3579403
10700 1.4280138
10800 0.8435539
10900 1.3664386
11000 1.3907987
11100 1.0037278
11200 0.64837563
11300 1.0904124
11400 0.8759864
11500 0.9834467
11600 1.0718794
11700 1.2009485
11800 0.86770755
11900 0.9174572
12000 0.8791442
12100 0.8516616
12200 1.0489991
12300 1.2073553
12400 0.99783707
12500 0.887332
12600 0.6201374
12700 1.0117996
12800 1.3587233
12900 1.2890122
13000 0.8446678
13100 1.0075415
13200 0.7898011
13300 0.8556061
13400 0.9902717
13500 0.881835
13600 1.189777
13700 0.68995583
13800 0.82091904
13900 0.7074354
14000 1.0241086
14100 1.2195112
14200 0.8615267
14300 0.56405026
14400 1.0902083
14500 1.0371299
14600 0.8167877
14700 1.2271795
14800 0.6718201
14900 0.95503867
15000 1.1704142
15100 0.95307386
15200 0.8241881
15300 1.1781592
15400 0.80607146
15500 0.5180656
15600 0.8068216
15700 0.81698114
15800 0.91477925
15900 0.76652956
16000 0.8747598
16100 0.98488396
16200 0.80839217
16300 0.7693701
16400 0.89328754
16500 0.94145465
16600 0.7561351
16700 0.7741414
16800 0.6918957
16900 0.8248135
17000 0.87496
17100 0.9688015
17200 1.1062775
17300 0.69358397
17400 0.5493659
17500 0.7956583
17600 1.3156674
17700 0.9327143
17800 1.0579109
17900 0.8076893
18000 0.75788164
18100 0.8297397
18200 0.7438605
18300 0.9446418
18400 0.8776585
18500 0.89677495
18600 0.762884
18700 0.77740556
18800 0.6456009
18900 1.0054171
19000 0.87964445
19100 0.7900176
19200 1.0299404
19300 0.96852195
19400 0.82901084
19500 1.0224134
19600 0.64975834
19700 0.9342611
19800 0.69862497
19900 1.1443653
20000 0.69433933
20100 0.7310276
20200 1.0694445
20300 0.89338577
20400 0.9522506
20500 0.7525017
20600 0.99417317
20700 0.82547814
20800 0.9597039
20900 0.94381166
21000 0.7970748
21100 0.7725246
21200 0.9871503
21300 0.68477166
21400 0.71791077
21500 0.55904317
21600 0.9729477
21700 0.7068777
21800 0.7158522
21900 0.86336464
22000 0.66883993
22100 0.82219386
22200 0.93216574
22300 0.9523648
22400 1.0467844
22500 0.68969953
22600 0.8088809
22700 0.8378015
22800 0.8384612
22900 0.7396345
23000 0.8351746
23100 0.67884326
23200 0.6306814
23300 0.89046025
23400 0.7118188
23500 0.85394853
23600 0.69250757
23700 0.69344866
23800 0.77785623
23900 0.73514605
24000 0.7595713
24100 0.90480274
24200 0.7448524
24300 1.0710018
