0 9.997134
100 9.000296
200 7.6841364
300 5.835019
400 6.432872
500 5.656243
600 5.977453
700 6.200652
800 4.880439
900 5.4561243
1000 5.363287
1100 5.476924
1200 5.1525106
1300 5.651664
1400 4.731688
1500 4.6640654
1600 5.425426
1700 5.4360366
1800 4.7785854
1900 5.5181084
2000 4.630121
2100 4.8444757
2200 4.337013
2300 4.9954214
2400 5.1882677
2500 5.1637754
2600 4.5059376
2700 4.3362565
2800 4.226081
2900 4.179178
3000 5.397767
3100 4.5280085
3200 3.924879
3300 5.074224
3400 4.3916903
3500 3.8922446
3600 5.3199806
3700 4.1702046
3800 4.0267563
3900 4.395252
4000 4.2337995
4100 4.640006
4200 3.942914
4300 4.438999
4400 4.230695
4500 4.767817
4600 4.3795805
4700 3.6469746
4800 4.2878942
4900 3.7909994
5000 4.1682644
5100 4.069174
5200 4.0100775
5300 4.1432343
5400 4.694422
5500 4.7716694
5600 4.089962
5700 3.992177
5800 4.165149
5900 4.261909
6000 4.2833796
6100 3.7656589
6200 3.9964767
6300 3.8640037
6400 3.9220552
6500 4.552296
6600 3.6876154
6700 4.221697
6800 3.8051167
6900 3.348174
7000 3.3957672
7100 3.5191913
7200 3.8082254
7300 4.0149198
7400 3.4548607
7500 2.9910562
7600 3.444263
7700 3.2246823
7800 4.0031877
7900 4.3676195
8000 3.799787
8100 4.078661
8200 4.5679574
8300 3.851673
8400 4.0168066
8500 3.756951
8600 3.2154584
8700 3.9175272
8800 3.9654841
8900 3.2771347
9000 4.2916584
9100 3.3368764
9200 3.4046326
9300 3.6524634
9400 4.0975623
9500 3.7471564
9600 3.8635054
9700 3.7713609
9800 3.815475
9900 3.3446836
10000 4.231667
10100 3.6497717
10200 4.037332
10300 3.2856395
10400 3.753974
10500 3.8426208
10600 4.0071425
10700 4.4378195
10800 3.6317902
10900 3.599505
11000 4.117021
11100 3.3194585
11200 3.2186425
11300 3.204187
11400 3.467577
11500 3.7623878
11600 3.7665768
11700 3.6835852
11800 3.5696278
11900 3.405317
12000 3.2577038
12100 3.6178813
12200 4.1821184
12300 3.4708896
12400 3.759666
12500 3.3811793
12600 3.0840216
12700 3.6650393
12800 3.944264
12900 3.564921
13000 3.2793977
13100 3.8749511
13200 2.9468412
13300 3.7386143
13400 3.9110937
13500 3.4380815
13600 3.6322312
13700 3.2091684
13800 3.5503325
13900 3.6778097
14000 3.6054568
14100 3.2976947
14200 3.3003736
14300 2.7152152
14400 3.4607124
14500 3.2366898
14600 3.7175198
14700 3.1493511
14800 3.1515985
14900 3.824957
15000 3.4628708
15100 3.6778297
15200 3.3297744
15300 3.9330916
15400 3.3339958
15500 2.8517406
15600 3.7721574
15700 3.6631935
15800 3.340364
15900 3.1188793
16000 3.7145271
16100 3.1582546
16200 3.1428964
16300 3.5752585
16400 3.1339674
16500 3.2399704
16600 3.3487825
16700 3.533315
16800 2.9280388
16900 3.1630282
17000 3.376044
17100 3.2708921
17200 3.6536415
17300 3.019197
17400 2.912091
17500 2.9809346
17600 3.6861684
17700 3.6161246
17800 2.997479
17900 3.0294647
18000 3.0872464
18100 3.2934005
18200 3.2543502
18300 3.309915
18400 3.67334
18500 3.422092
18600 2.9906147
18700 3.1304235
18800 2.8275242
18900 2.848672
19000 3.1767468
19100 3.6723912
19200 4.032848
19300 3.1738536
19400 3.627281
19500 3.391882
19600 3.2543945
19700 3.1556258
19800 2.9522557
19900 3.2578666
20000 3.237209
20100 3.2762604
20200 3.6355233
20300 2.9967718
20400 3.2505689
20500 3.4798555
20600 3.3919127
20700 3.1610355
20800 3.34513
20900 3.1586063
21000 3.270473
21100 3.115261
21200 3.7580972
21300 2.8502603
21400 3.42977
21500 2.8321638
21600 3.0066047
21700 3.503239
21800 3.148879
21900 3.4661875
22000 2.7230773
22100 3.4868908
22200 3.3339741
22300 2.8197036
22400 3.6426196
22500 2.5690434
22600 3.3778527
22700 3.1838799
22800 3.289176
22900 3.3426204
23000 3.2989836
23100 3.3315601
23200 2.9076455
23300 3.0505495
23400 3.2330992
23500 3.2025323
23600 3.3102028
23700 2.862441
23800 2.9639015
23900 3.0840971
24000 3.0926216
24100 3.7623413
24200 3.0775158
24300 3.5463164
