0 0.09375
100 0.375
200 0.4375
300 0.4375
400 0.34375
500 0.28125
600 0.46875
700 0.25
800 0.3125
900 0.375
1000 0.375
1100 0.1875
1200 0.3125
1300 0.59375
1400 0.375
1500 0.28125
1600 0.4375
1700 0.5
1800 0.3125
1900 0.375
2000 0.375
2100 0.25
2200 0.375
2300 0.5
2400 0.46875
2500 0.34375
2600 0.5
2700 0.4375
2800 0.28125
2900 0.34375
3000 0.4375
3100 0.34375
3200 0.375
3300 0.4375
3400 0.46875
3500 0.40625
3600 0.53125
3700 0.5
3800 0.59375
3900 0.46875
4000 0.6875
4100 0.59375
4200 0.4375
4300 0.5
4400 0.4375
4500 0.5
4600 0.5
4700 0.625
4800 0.59375
4900 0.4375
5000 0.46875
5100 0.625
5200 0.375
5300 0.53125
5400 0.5625
5500 0.46875
5600 0.46875
5700 0.625
5800 0.5625
5900 0.5
6000 0.5
6100 0.28125
6200 0.5
6300 0.5
6400 0.46875
6500 0.4375
6600 0.46875
6700 0.375
6800 0.59375
6900 0.5
7000 0.53125
7100 0.625
7200 0.46875
7300 0.65625
7400 0.5625
7500 0.59375
7600 0.375
7700 0.59375
7800 0.6875
7900 0.53125
8000 0.65625
8100 0.5625
8200 0.5
8300 0.375
8400 0.625
8500 0.46875
8600 0.59375
8700 0.71875
8800 0.59375
8900 0.5625
9000 0.5625
9100 0.625
9200 0.5
9300 0.53125
9400 0.4375
9500 0.625
9600 0.59375
9700 0.59375
9800 0.65625
9900 0.71875
10000 0.59375
10100 0.59375
10200 0.625
10300 0.71875
10400 0.78125
10500 0.625
10600 0.5625
10700 0.75
10800 0.59375
10900 0.6875
11000 0.65625
11100 0.6875
11200 0.5625
11300 0.65625
11400 0.5625
11500 0.71875
11600 0.625
11700 0.6875
11800 0.53125
11900 0.65625
12000 0.5
12100 0.6875
12200 0.625
12300 0.6875
12400 0.71875
12500 0.71875
12600 0.65625
12700 0.6875
12800 0.71875
12900 0.78125
13000 0.59375
13100 0.8125
13200 0.78125
13300 0.84375
13400 0.71875
13500 0.78125
13600 0.65625
13700 0.6875
13800 0.6875
13900 0.78125
14000 0.6875
14100 0.75
14200 0.625
14300 0.78125
14400 0.75
14500 0.78125
14600 0.75
14700 0.875
14800 0.625
14900 0.78125
15000 0.75
15100 0.65625
15200 0.78125
15300 0.5625
15400 0.8125
15500 0.75
15600 0.71875
15700 0.8125
15800 0.6875
15900 0.75
16000 0.875
16100 0.78125
16200 0.78125
16300 0.71875
16400 0.8125
16500 0.84375
16600 0.65625
16700 0.6875
16800 0.71875
16900 0.90625
17000 0.90625
17100 0.75
17200 0.90625
17300 0.90625
17400 0.90625
17500 0.78125
17600 0.75
17700 0.78125
17800 0.75
17900 0.625
18000 0.90625
18100 0.75
18200 0.78125
18300 0.78125
18400 0.84375
18500 0.8125
18600 0.8125
18700 0.625
18800 0.71875
18900 0.75
19000 0.78125
19100 0.84375
19200 0.875
19300 0.75
19400 0.90625
19500 0.875
19600 0.8125
19700 0.8125
19800 0.75
