0 3.378589
100 4.1985884
200 2.3472383
300 2.4628143
400 2.7080405
500 3.3780372
600 2.479781
700 3.1953158
800 3.181895
900 3.207816
1000 2.878066
1100 3.262191
1200 3.7429204
1300 2.184556
1400 2.5346184
1500 3.120867
1600 2.7059453
1700 2.5462365
1800 3.3845208
1900 3.416525
2000 3.7919629
2100 4.8767257
2200 2.7609155
2300 2.7345488
2400 3.3040488
2500 2.7349668
2600 1.832105
2700 2.6698408
2800 2.9169035
2900 2.8412132
3000 2.5064008
3100 2.58583
3200 2.744219
3300 2.5758603
3400 2.4687345
3500 2.8034945
3600 1.9869049
3700 2.0632877
3800 2.167537
3900 2.4783797
4000 1.6804538
4100 1.7243328
4200 1.9051372
4300 2.1906252
4400 2.146247
4500 2.0438116
4600 2.6320941
4700 1.6166003
4800 2.045527
4900 1.989086
5000 2.3252609
5100 1.6085283
5200 2.8403378
5300 1.9625779
5400 1.6210754
5500 2.4404047
5600 1.9687498
5700 1.4694576
5800 1.8100836
5900 2.0585973
6000 2.4473178
6100 3.15432
6200 1.9324012
6300 2.0777562
6400 2.6005116
6500 2.498597
6600 1.8088272
6700 2.3024118
6800 1.8729576
6900 1.8333066
7000 2.095207
7100 1.6059369
7200 1.9474765
7300 1.4455081
7400 1.5415194
7500 1.6861653
7600 2.6186388
7700 1.589174
7800 1.931832
7900 2.1908035
8000 1.5359246
8100 1.7548215
8200 1.9808776
8300 2.5434124
8400 1.3042387
8500 1.6284974
8600 2.0947
8700 1.1193142
8800 2.199657
8900 1.859743
9000 2.3592393
9100 1.0906543
9200 1.9300624
9300 1.9438654
9400 1.9821713
9500 1.5408459
9600 1.7986681
9700 1.6305456
9800 1.4637033
9900 1.4088514
10000 1.8125955
10100 1.4426749
10200 1.847445
10300 1.1407499
10400 1.0824213
10500 1.5104299
10600 1.691103
10700 1.1271578
10800 1.439147
10900 1.3393779
11000 1.6051068
11100 1.3261839
11200 1.730022
11300 1.2598519
11400 1.9217713
11500 1.2210983
11600 1.5943863
11700 1.4145912
11800 1.8548642
11900 1.81625
12000 1.983855
12100 1.3538736
12200 1.3512596
12300 1.1559861
12400 1.5056638
12500 1.5101901
12600 1.4070544
12700 1.5433687
12800 1.0338088
12900 1.0200198
13000 1.6212757
13100 1.0253822
13200 1.0388111
13300 0.82545465
13400 1.115179
13500 1.0768495
13600 1.1394881
13700 1.8909723
13800 1.3005242
13900 0.8080472
14000 1.0962018
14100 1.0448408
14200 1.3407638
14300 0.91908145
14400 1.2574648
14500 1.0284818
14600 1.1613764
14700 0.7798968
14800 1.7282712
14900 0.76210517
15000 1.2412499
15100 1.2325382
15200 1.1043229
15300 1.3988754
15400 0.7831767
15500 1.058495
15600 1.0184376
15700 0.84676594
15800 1.2122515
15900 0.75894034
16000 0.94835943
16100 0.9261797
16200 0.7693132
16300 1.1430829
16400 0.9580704
16500 0.8206091
16600 1.1775688
16700 1.4534811
16800 1.033983
16900 0.9059755
17000 0.65866727
17100 1.0451635
17200 0.651751
17300 0.65824157
17400 0.5641347
17500 0.8713054
17600 1.0117203
17700 0.83194655
17800 1.0167459
17900 1.0316087
18000 0.8430822
18100 1.0509648
18200 0.88469374
18300 0.9621148
18400 0.7836903
18500 0.7373789
18600 0.878423
18700 1.4088931
18800 1.0509123
18900 0.95895666
19000 0.9685644
19100 1.16618
19200 0.6670927
19300 1.0213497
19400 0.7532963
19500 0.8092415
19600 0.7446588
19700 0.81429565
19800 1.2119939
