0 2.3418593
100 2.9102397
200 1.6269816
300 1.7070928
400 1.8770707
500 2.341477
600 1.7188531
700 2.2148242
800 2.2055216
900 2.2234886
1000 1.9949234
1100 2.2611785
1200 2.5943947
1300 1.5142188
1400 1.7568636
1500 2.1632202
1600 1.8756183
1700 1.7649167
1800 2.345971
1900 2.3681545
2000 2.6283884
2100 3.3802886
2200 1.9137208
2300 1.8954448
2400 2.2901921
2500 1.8957345
2600 1.2699184
2700 1.8505926
2800 2.0218434
2900 1.969379
3000 1.7373047
3100 1.7923608
3200 1.9021477
3300 1.7854503
3400 1.7111964
3500 1.9432343
3600 1.3772175
3700 1.4301621
3800 1.5024221
3900 1.7178819
4000 1.1648018
4100 1.1952164
4200 1.3205404
4300 1.5184257
4400 1.4876649
4500 1.4166622
4600 1.8244287
4700 1.1205419
4800 1.4178512
4900 1.3787293
5000 1.611748
5100 1.1149468
5200 1.9687722
5300 1.3603554
5400 1.1236439
5500 1.6915596
5600 1.3646333
5700 1.0185504
5800 1.2546544
5900 1.426911
6000 1.6963515
6100 2.186408
6200 1.3394384
6300 1.4401908
6400 1.8025372
6500 1.7318954
6600 1.2537835
6700 1.5959103
6800 1.2982353
6900 1.2707512
7000 1.4522868
7100 1.1131506
7200 1.3498878
7300 1.0019499
7400 1.0684998
7500 1.1687608
7600 1.8151021
7700 1.1015315
7800 1.3390439
7900 1.5185493
8000 1.0646218
8100 1.2163496
8200 1.3730397
8300 1.7629591
8400 0.90402937
8500 1.1287884
8600 1.4519355
8700 0.77584946
8800 1.5246861
8900 1.2890756
9000 1.6353
9100 0.7559839
9200 1.3378173
9300 1.3473848
9400 1.3739364
9500 1.068033
9600 1.2467418
9700 1.1302081
9800 1.0145618
9900 0.9765414
10000 1.2563955
10100 0.999986
10200 1.2805513
10300 0.7907076
10400 0.7502773
10500 1.0469502
10600 1.1721833
10700 0.78128624
10800 0.99754065
10900 0.92838603
11000 1.1125753
11100 0.91924065
11200 1.1991599
11300 0.8732628
11400 1.3320704
11500 0.84640086
11600 1.1051444
11700 0.9805199
11800 1.2856939
11900 1.2589285
12000 1.3751035
12100 0.9384337
12200 0.9366218
12300 0.8012685
12400 1.0436466
12500 1.046784
12600 0.9752958
12700 1.0697817
12800 0.7165817
12900 0.7070238
13000 1.1237826
13100 0.71074075
13200 0.72004896
13300 0.57216156
13400 0.77298313
13500 0.74641514
13600 0.78983295
13700 1.3107221
13800 0.9014547
13900 0.5600956
14000 0.75982916
14100 0.72422844
14200 0.9293466
14300 0.63705873
14400 0.87160814
14500 0.7128893
14600 0.8050047
14700 0.54058325
14800 1.1979463
14900 0.52825105
15000 0.86036885
15100 0.8543304
15200 0.7654583
15300 0.96962655
15400 0.54285675
15500 0.7336929
15600 0.7059272
15700 0.58693343
15800 0.84026873
15900 0.52605736
16000 0.6573527
16100 0.64197886
16200 0.5332473
16300 0.79232466
16400 0.6640838
16500 0.5688029
16600 0.8162285
16700 1.0074763
16800 0.7167024
16900 0.6279744
17000 0.45655334
17100 0.72445214
17200 0.45175934
17300 0.4562583
17400 0.39102837
17500 0.6039429
17600 0.70127106
17700 0.5766614
17800 0.7047546
17900 0.71505666
18000 0.58438003
18100 0.7284733
18200 0.61322296
18300 0.66688716
18400 0.5432127
18500 0.5111121
18600 0.6088764
18700 0.97657025
18800 0.7284369
18900 0.6646981
19000 0.6713577
19100 0.80833435
19200 0.4623934
19300 0.70794564
19400 0.5221452
19500 0.56092346
19600 0.51615816
19700 0.5644267
19800 0.84009016
