0 9.635134
100 3.392173
200 4.5592237
300 4.221712
400 4.426836
500 3.813857
600 4.2079287
700 3.5106812
800 3.5725386
900 3.254265
1000 3.6850054
1100 3.8722124
1200 3.737134
1300 3.2953558
1400 3.7461941
1500 3.3600357
1600 3.2478232
1700 3.0268848
1800 3.6761231
1900 2.672226
2000 3.0359704
2100 2.2827802
2200 3.183846
2300 2.9140062
2400 2.950707
2500 3.792474
2600 3.4668043
2700 3.1510198
2800 4.41075
2900 3.2519994
3000 3.277835
3100 4.116888
3200 3.6119874
3300 3.5731735
3400 3.1712818
3500 3.9263623
3600 3.8306732
3700 3.123595
3800 3.9333947
3900 3.557233
4000 3.4504292
4100 3.6367178
4200 3.8192596
4300 3.0693913
4400 3.905974
4500 3.1766112
4600 3.5696902
4700 3.3684201
4800 3.3318727
4900 3.3512764
5000 3.1788888
5100 3.175557
5200 3.8566847
5300 2.9242964
5400 3.1105928
5500 3.4188914
5600 3.3347428
5700 3.2641697
5800 3.0347996
5900 2.775786
6000 3.2116375
6100 3.588818
6200 2.9800448
6300 2.9671507
6400 3.594757
6500 3.9068696
6600 3.2207813
6700 4.0066185
6800 2.9336257
6900 3.9162579
7000 4.1325526
7100 3.5119255
7200 3.501385
7300 3.2835152
7400 3.5795202
7500 3.4346147
7600 4.108265
7700 3.034266
7800 2.9568763
7900 3.0018134
8000 3.5320592
8100 3.2499537
8200 3.3878174
8300 3.061777
8400 2.967684
8500 3.54704
8600 3.2237463
8700 3.0900197
8800 2.9843433
8900 2.994172
9000 3.200131
9100 3.1114078
9200 3.5083203
9300 3.208636
9400 2.880361
9500 3.1672068
9600 3.4912236
9700 3.0797536
9800 3.1123629
9900 3.034136
10000 3.058417
10100 3.3282049
10200 3.2304096
10300 3.167326
10400 2.8695674
10500 3.2336092
10600 3.0806534
10700 2.7024121
10800 3.0454798
10900 2.7710128
11000 3.199417
11100 3.5691295
11200 3.2897573
11300 2.6451702
11400 3.0744567
11500 2.582726
11600 3.1236353
11700 3.3999083
11800 3.0040994
11900 2.786141
12000 3.3347
12100 2.9377146
12200 2.8750713
12300 2.9925652
12400 2.830574
12500 2.9151046
12600 3.10807
12700 3.564081
12800 2.5038261
12900 3.0371473
13000 3.0979917
13100 2.7209284
13200 2.4387898
13300 2.8888783
13400 2.8770885
13500 3.0121346
13600 2.8018556
13700 2.9497895
13800 2.7673526
13900 2.5876913
14000 3.0088043
14100 2.7566214
14200 2.378819
14300 2.469297
14400 3.2580485
14500 2.8427753
14600 2.9786673
14700 2.5190406
14800 3.0623016
14900 2.423352
15000 3.043778
15100 3.1413498
15200 3.0787268
15300 3.0445538
15400 2.5438447
15500 3.16532
15600 2.667966
15700 3.0857277
15800 2.7048225
15900 2.4968305
16000 2.7769892
16100 2.7474687
16200 2.6997824
16300 2.9977293
16400 2.6745949
16500 2.274053
16600 2.7506294
16700 3.1618867
16800 2.672558
16900 2.6867616
17000 2.4891353
17100 3.0055242
17200 2.743266
17300 2.4581523
17400 2.446125
17500 2.5355701
17600 2.499113
17700 2.1989603
17800 3.074675
17900 2.6730976
18000 2.3098528
18100 3.0555086
18200 2.7341394
18300 2.187757
18400 2.20299
18500 2.6947975
18600 2.104754
18700 2.7874103
18800 2.6560476
18900 2.4783282
19000 2.7104912
19100 3.0187583
19200 2.4583805
19300 3.0045924
19400 2.701848
19500 2.7559807
19600 2.5451424
19700 2.6039057
19800 2.985528
