0 0.0625
100 0.34375
200 0.4375
300 0.4375
400 0.46875
500 0.40625
600 0.40625
700 0.5
800 0.53125
900 0.59375
1000 0.3125
1100 0.40625
1200 0.46875
1300 0.53125
1400 0.5625
1500 0.46875
1600 0.5
1700 0.5625
1800 0.3125
1900 0.40625
2000 0.5
2100 0.25
2200 0.5
2300 0.40625
2400 0.5
2500 0.5
2600 0.375
2700 0.40625
2800 0.375
2900 0.46875
3000 0.34375
3100 0.3125
3200 0.46875
3300 0.53125
3400 0.4375
3500 0.53125
3600 0.71875
3700 0.53125
3800 0.5
3900 0.5625
4000 0.5625
4100 0.5625
4200 0.53125
4300 0.5
4400 0.5
4500 0.53125
4600 0.5625
4700 0.59375
4800 0.5
4900 0.5
5000 0.5625
5100 0.375
5200 0.34375
5300 0.65625
5400 0.71875
5500 0.59375
5600 0.59375
5700 0.5
5800 0.375
5900 0.46875
6000 0.59375
6100 0.5625
6200 0.71875
6300 0.59375
6400 0.53125
6500 0.53125
6600 0.65625
6700 0.84375
6800 0.625
6900 0.5625
7000 0.5625
7100 0.5
7200 0.71875
7300 0.40625
7400 0.78125
7500 0.625
7600 0.6875
7700 0.625
7800 0.65625
7900 0.40625
8000 0.59375
8100 0.5625
8200 0.65625
8300 0.78125
8400 0.625
8500 0.53125
8600 0.5625
8700 0.6875
8800 0.5
8900 0.65625
9000 0.65625
9100 0.53125
9200 0.46875
9300 0.6875
9400 0.59375
9500 0.59375
9600 0.875
9700 0.6875
9800 0.78125
9900 0.75
10000 0.5625
10100 0.65625
10200 0.78125
10300 0.65625
10400 0.84375
10500 0.78125
10600 0.625
10700 0.4375
10800 0.59375
10900 0.6875
11000 0.84375
11100 0.78125
11200 0.6875
11300 0.6875
11400 0.78125
11500 0.71875
11600 0.71875
11700 0.71875
11800 0.71875
11900 0.625
12000 0.71875
12100 0.625
12200 0.75
12300 0.75
12400 0.59375
12500 0.78125
12600 0.78125
12700 0.71875
12800 0.59375
12900 0.6875
13000 0.78125
13100 0.71875
13200 0.8125
13300 0.6875
13400 0.71875
13500 0.78125
13600 0.84375
13700 0.71875
13800 0.875
13900 0.78125
14000 0.78125
14100 0.78125
14200 0.6875
14300 0.71875
14400 0.6875
14500 0.78125
14600 0.65625
14700 0.84375
14800 0.71875
14900 0.71875
15000 0.65625
15100 0.8125
15200 0.75
15300 0.6875
15400 0.875
15500 0.84375
15600 0.78125
15700 0.90625
15800 0.8125
15900 0.65625
16000 0.78125
16100 0.71875
16200 0.75
16300 0.8125
16400 0.8125
16500 0.84375
16600 0.78125
16700 0.6875
16800 0.875
16900 0.6875
17000 0.84375
17100 0.78125
17200 0.78125
17300 0.75
17400 0.71875
17500 0.75
17600 0.78125
17700 0.875
17800 0.75
17900 0.75
18000 0.8125
18100 0.84375
18200 0.78125
18300 0.78125
18400 0.78125
18500 0.78125
18600 0.875
18700 0.875
18800 0.84375
18900 0.65625
19000 0.875
19100 0.75
19200 0.75
19300 0.84375
19400 0.875
19500 0.90625
19600 0.90625
19700 0.8125
19800 0.84375
19900 0.78125
20000 0.75
20100 0.875
20200 0.90625
20300 0.875
20400 0.90625
20500 0.71875
20600 0.96875
20700 0.8125
20800 0.84375
20900 0.84375
21000 0.90625
21100 0.8125
21200 0.875
