0 3.3790917
100 2.5462599
200 2.249499
300 2.4746797
400 2.3469255
500 2.5374696
600 2.669826
700 2.0936582
800 2.0474594
900 1.801154
1000 2.3521967
1100 2.6450536
1200 2.107765
1300 1.9553832
1400 1.7656726
1500 2.043934
1600 1.7260154
1700 1.6825273
1800 2.816565
1900 2.255287
2000 2.1776109
2100 2.8162608
2200 1.8660792
2300 2.4247298
2400 2.0961375
2500 2.1237872
2600 2.0790493
2700 2.4564776
2800 2.6181424
2900 2.1589568
3000 2.149993
3100 2.4541981
3200 2.0150988
3300 2.2518373
3400 1.830173
3500 1.7490206
3600 1.9869344
3700 2.0454533
3800 1.9383869
3900 1.7214305
4000 2.1247363
4100 2.0630283
4200 1.7612926
4300 2.1570368
4400 2.0942917
4500 1.8877641
4600 1.6916802
4700 1.7494813
4800 1.9906048
4900 1.6159483
5000 1.89919
5100 2.3596656
5200 2.133833
5300 1.3886456
5400 1.2875689
5500 1.7564372
5600 1.6884593
5700 2.0730119
5800 2.8995805
5900 1.9321829
6000 1.7584717
6100 1.8580675
6200 1.1595744
6300 1.8276685
6400 1.9033787
6500 1.747699
6600 1.8414172
6700 0.9737874
6800 1.5266027
6900 1.8947363
7000 1.5833226
7100 1.9581621
7200 1.3903067
7300 2.5933518
7400 1.4543626
7500 1.8112874
7600 1.4296027
7700 1.3752118
7800 1.2951075
7900 1.8764157
8000 1.5999768
8100 1.885431
8200 1.5858657
8300 1.1565887
8400 1.4945775
8500 1.5756514
8600 1.5567596
8700 1.2982261
8800 1.6625878
8900 1.5291984
9000 1.6813829
9100 1.8136044
9200 1.841987
9300 1.1998657
9400 1.5259407
9500 1.4908507
9600 1.0354755
9700 1.3786008
9800 0.9161132
9900 1.2255231
10000 1.9007038
10100 1.8326932
10200 1.1698071
10300 1.3670479
10400 1.1128402
10500 1.081655
10600 1.632723
10700 2.0928757
10800 1.3505834
10900 1.2984779
11000 0.9356824
11100 1.0623372
11200 1.2708961
11300 1.5584254
11400 1.397194
11500 1.3171487
11600 1.3017305
11700 1.4070204
11800 1.4358615
11900 1.2986909
12000 1.2251947
12100 1.7752613
12200 0.9861828
12300 1.192023
12400 1.7089202
12500 0.8326631
12600 1.800693
12700 1.0470845
12800 1.5968249
12900 1.3416383
13000 1.1639879
13100 1.0048434
13200 0.79365385
13300 1.4385928
13400 1.2880206
13500 1.2471939
13600 1.0245055
13700 1.1257269
13800 0.6633481
13900 1.0227089
14000 1.1269287
14100 1.3869666
14200 1.4355502
14300 1.2047756
14400 1.3227464
14500 1.0742948
14600 1.2587471
14700 0.8867466
14800 1.3647381
14900 1.0537127
15000 1.274251
15100 0.9518688
15200 0.94347376
15300 1.1856598
15400 0.8848872
15500 0.9016059
15600 0.8935792
15700 0.70201683
15800 0.9024419
15900 1.098622
16000 1.3315774
16100 1.2403367
16200 0.98825395
16300 0.95687795
16400 1.0420829
16500 0.80989486
16600 0.96790546
16700 1.2331649
16800 0.78142035
16900 1.167334
17000 0.8512895
17100 1.3469818
17200 1.0160966
17300 1.0680082
17400 1.1446882
17500 1.0627599
17600 1.1202908
17700 0.5213425
17800 1.1217475
17900 1.2515099
18000 1.0100362
18100 0.87958145
18200 0.82662016
18300 0.9755859
18400 0.84344816
18500 0.9372326
18600 0.83982354
18700 0.72101456
18800 0.91844064
18900 1.2121378
19000 0.72802114
19100 1.1574413
19200 0.9907264
19300 0.7843276
19400 0.7692851
19500 0.5810386
19600 0.70653003
19700 0.86074495
19800 0.6941076
19900 1.1321019
20000 1.0035268
20100 0.57689357
20200 0.8770467
20300 0.8191668
20400 0.56844246
20500 1.0516407
20600 0.6027243
20700 1.012255
20800 0.843636
20900 0.74926484
21000 0.7289574
21100 0.8836528
21200 0.6370488
