0 2.342208
100 1.7649329
200 1.5592339
300 1.7153172
400 1.6267648
500 1.7588398
600 1.8505824
700 1.4512134
800 1.4191906
900 1.2484648
1000 1.6304185
1100 1.8334115
1200 1.4609914
1300 1.3553684
1400 1.223871
1500 1.4167471
1600 1.1963828
1700 1.166239
1800 1.9522941
1900 1.5632458
2000 1.5094049
2100 1.9520832
2200 1.2934675
2300 1.6806946
2400 1.4529319
2500 1.472097
2600 1.4410871
2700 1.7027006
2800 1.8147581
2900 1.4964749
3000 1.4902616
3100 1.7011205
3200 1.3967601
3300 1.5608547
3400 1.2685792
3500 1.2123287
3600 1.377238
3700 1.4178002
3800 1.3435874
3900 1.1932048
4000 1.472755
4100 1.4299823
4200 1.220835
4300 1.495144
4400 1.4516524
4500 1.3084984
4600 1.1725833
4700 1.212648
4800 1.3797821
4900 1.12009
5000 1.3164182
5100 1.6355956
5200 1.4790603
5300 0.96253586
5400 0.8924748
5500 1.2174695
5600 1.1703508
5700 1.4369023
5800 2.009836
5900 1.3392872
6000 1.2188797
6100 1.2879143
6200 0.80375576
6300 1.2668433
6400 1.3193216
6500 1.2114127
6600 1.2763731
6700 0.674978
6800 1.0581604
6900 1.3133311
7000 1.0974756
7100 1.3572946
7200 0.9636872
7300 1.7975745
7400 1.0080874
7500 1.2554888
7600 0.9909251
7700 0.9532242
7800 0.89770013
7900 1.3006322
8000 1.1090194
8100 1.3068812
8200 1.0992384
8300 0.80168617
8400 1.0359622
8500 1.0921583
8600 1.0790635
8700 0.89986175
8800 1.152418
8900 1.0599595
9000 1.1654458
9100 1.2570947
9200 1.2767681
9300 0.8316835
9400 1.0577015
9500 1.033379
9600 0.71773696
9700 0.95557326
9800 0.6350013
9900 0.84946793
10000 1.3174675
10100 1.2703261
10200 0.8108485
10300 0.94756544
10400 0.77136207
10500 0.74974614
10600 1.1317173
10700 1.450671
10800 0.9361531
10900 0.9000363
11000 0.64856565
11100 0.736356
11200 0.880918
11300 1.0802182
11400 0.9684611
11500 0.9129779
11600 0.9022908
11700 0.97527224
11800 0.99526334
11900 0.9001839
12000 0.84924024
12100 1.2305174
12200 0.68356985
12300 0.8262474
12400 1.1845332
12500 0.5771581
12600 1.2481453
12700 0.72578365
12800 1.1068347
12900 0.9299528
13000 0.8068149
13100 0.69650435
13200 0.5501189
13300 0.9971565
13400 0.8927879
13500 0.86448896
13600 0.71013314
13700 0.7802944
13800 0.45979786
13900 0.70888776
14000 0.78112745
14100 0.96137196
14200 0.99504757
14300 0.8350868
14400 0.91685796
14500 0.7446444
14600 0.872497
14700 0.6146459
14800 0.94596434
14900 0.730378
15000 0.88324344
15100 0.65978515
15200 0.6539662
15300 0.8218367
15400 0.61335707
15500 0.6249456
15600 0.6193819
15700 0.486601
15800 0.62552506
15900 0.76150674
16000 0.9229791
16100 0.85973585
16200 0.6850054
16300 0.66325724
16400 0.72231686
16500 0.56137633
16600 0.67090094
16700 0.85476476
16800 0.5416393
16900 0.80913424
17000 0.59006894
17100 0.9336566
17200 0.70430446
17300 0.7402869
17400 0.7934374
17500 0.73664904
17600 0.7765264
17700 0.3613671
17800 0.77753615
17900 0.8674806
18000 0.70010376
18100 0.6096794
18200 0.57296944
18300 0.6762246
18400 0.5846337
18500 0.64964014
18600 0.5821213
18700 0.4997692
18800 0.63661456
18900 0.8401899
19000 0.5046258
19100 0.80227715
19200 0.68671924
19300 0.5436545
19400 0.5332278
19500 0.40274525
19600 0.4897293
19700 0.59662294
19800 0.48111874
19900 0.78471327
20000 0.6955918
20100 0.39987215
20200 0.60792243
20300 0.56780314
20400 0.3940143
20500 0.72894186
20600 0.41777667
20700 0.7016417
20800 0.5847639
20900 0.5193508
21000 0.5052748
21100 0.61250144
21200 0.44156855
