0 9.739452
100 5.968892
200 5.933564
300 5.618247
400 5.3143167
500 5.5845985
600 5.6861963
700 5.3098135
800 5.2551107
900 5.101284
1000 4.918066
1100 4.694799
1200 5.1489673
1300 5.675518
1400 4.758959
1500 5.1384516
1600 4.593507
1700 4.6256137
1800 4.9191666
1900 5.130353
2000 4.7387896
2100 4.422944
2200 4.278824
2300 4.5067244
2400 4.099655
2500 4.505696
2600 4.570231
2700 4.912019
2800 4.4866943
2900 4.9978123
3000 4.314808
3100 4.933696
3200 4.8795757
3300 4.5020213
3400 4.2123275
3500 4.343041
3600 4.7537866
3700 4.1080475
3800 4.399211
3900 3.8042927
4000 4.007768
4100 3.9352708
4200 3.7318506
4300 4.565158
4400 3.5112581
4500 3.6845605
4600 4.2020826
4700 3.280251
4800 4.003233
4900 3.6271398
5000 3.737287
5100 3.9187162
5200 3.8265862
5300 3.7255113
5400 3.3492835
5500 3.7540233
5600 3.519574
5700 3.8296816
5800 3.4575772
5900 3.8683662
6000 3.3483834
6100 3.9658422
6200 3.0463572
6300 3.0710535
6400 3.471653
6500 4.3309507
6600 3.8641183
6700 2.7687526
6800 3.263795
6900 3.471446
7000 3.6116848
7100 3.7020993
7200 3.371644
7300 3.7021766
7400 3.1091113
7500 4.0341196
7600 3.1566825
7700 3.2915103
7800 3.0051773
7900 3.879953
8000 3.664487
8100 3.6583586
8200 3.7012124
8300 3.1321464
8400 3.2909317
8500 3.4168901
8600 3.6996722
8700 3.0688834
8800 3.2465305
8900 3.4128916
9000 3.5375476
9100 4.166699
9200 3.655351
9300 2.7319927
9400 3.2542033
9500 3.4586282
9600 3.1755323
9700 3.860025
9800 2.8979778
9900 3.189439
10000 3.4743898
10100 3.1583824
10200 3.555975
10300 3.1564322
10400 3.1801052
10500 3.116403
10600 3.3722167
10700 3.790387
10800 3.4200644
10900 3.377932
11000 2.7467809
11100 3.1279788
11200 3.1170573
11300 3.2506816
11400 2.4467225
11500 3.3831954
11600 3.2813737
11700 2.5996442
11800 3.6840115
11900 3.1141932
12000 3.1044922
12100 2.9398026
12200 3.0701714
12300 2.8435583
12400 2.603016
12500 2.758674
12600 3.1073186
12700 2.941222
12800 3.1981456
12900 3.028924
13000 2.8662477
13100 2.7634506
13200 2.6294925
13300 3.1874213
13400 3.5733426
13500 3.3686256
13600 2.6142688
13700 3.1275575
13800 2.7242494
13900 3.0099807
14000 2.8923647
14100 2.8741188
14200 2.9376254
14300 2.9278927
14400 3.199748
14500 2.7857113
14600 3.2493093
14700 2.866485
14800 3.244545
14900 3.0956688
15000 3.3790054
15100 2.8363829
15200 2.7390318
15300 2.7857962
15400 3.053927
15500 3.0006478
15600 3.041471
15700 2.825777
15800 2.7793627
15900 2.814876
16000 2.7849598
16100 3.4394252
16200 2.7391815
16300 2.7086165
16400 3.0926926
16500 2.7537723
16600 2.6630402
16700 3.0999095
16800 2.948811
16900 3.240513
17000 2.723003
17100 3.0511794
17200 3.2470922
17300 2.7422702
17400 2.9930522
17500 3.0798635
17600 2.7389984
17700 2.3245902
17800 3.1316152
17900 2.9024878
18000 2.754627
18100 2.8706768
18200 2.8233228
18300 2.928414
18400 2.7933755
18500 2.7165132
18600 3.0081556
18700 2.6864371
18800 2.7196217
18900 2.8744226
19000 2.7242582
19100 3.3686147
19200 3.0322754
19300 2.578605
19400 2.5189824
19500 2.445204
19600 2.7734375
19700 2.905804
19800 2.7345524
19900 2.9663856
20000 2.8878865
20100 2.3101711
20200 2.8012593
20300 2.4400344
20400 2.4140031
20500 3.2618906
20600 2.720796
20700 2.629725
20800 2.5843225
20900 2.5827389
21000 2.9098773
21100 2.9353037
21200 2.291671
