0 6.8188367
100 0.4891241
200 0.8290892
300 0.3114282
400 0.21819057
500 0.5177769
600 0.29679453
700 0.3182683
800 0.23711528
900 0.24709836
1000 0.27686742
1100 0.13051139
1200 0.011256673
1300 0.38167894
1400 0.48885906
1500 0.2148217
1600 0.29740328
1700 0.05076541
1800 0.024330562
1900 0.059551783
2000 0.21069078
2100 0.039444484
2200 0.020767549
2300 0.05302639
2400 0.055463202
2500 0.056860205
2600 0.17768265
2700 0.024379566
2800 0.11893939
2900 0.018339537
3000 0.030611146
3100 0.17032884
3200 0.11026964
3300 0.24677442
3400 0.039130174
3500 0.122340865
3600 0.26237708
3700 0.026658045
3800 0.13233128
3900 0.062824
4000 0.08184129
4100 0.010519463
4200 0.06766338
4300 0.0099864695
4400 0.08335248
4500 0.10133897
4600 0.006664634
4700 0.0048539527
4800 0.06832486
4900 0.013846722
5000 0.16373697
5100 0.028133629
5200 0.018247847
5300 0.18836099
5400 0.006903171
5500 0.0028260583
5600 0.027149225
5700 0.059897967
5800 0.013424996
5900 0.0070700436
6000 0.06578571
6100 0.06222633
6200 0.025445094
6300 0.00779568
6400 0.028848203
6500 0.04866272
6600 0.0043031652
6700 0.054537043
6800 0.023463733
6900 0.0029637553
7000 0.0898905
7100 0.02049476
7200 0.009501533
7300 0.009386874
7400 0.008459568
7500 0.021666575
7600 0.02004907
7700 0.002912799
7800 0.019243933
7900 0.012276348
8000 0.02623641
8100 0.0016714913
8200 0.008821863
8300 0.0041469573
8400 0.0051735933
8500 0.017861303
8600 0.0057134693
8700 0.014935261
8800 0.00500833
8900 0.0024681387
9000 0.0020617226
9100 0.008195285
9200 0.0012488546
9300 0.0022598957
9400 0.0045219366
9500 0.0020880676
9600 0.0029211447
9700 0.0004052377
9800 0.046761606
9900 0.0028781723
10000 0.026412774
10100 0.0050653014
10200 0.008921427
10300 0.0021156066
10400 0.0032166876
10500 0.013637531
10600 0.0050513963
10700 0.007666596
10800 0.00362895
10900 0.016999973
11000 0.0045086388
11100 0.1797975
11200 0.0015608927
11300 0.0028861356
11400 0.0018359309
11500 0.005659902
11600 0.0016481894
11700 0.006505669
11800 0.009925315
11900 0.0061013196
12000 0.028281681
12100 0.0027942415
12200 0.0026560545
12300 0.00036957805
12400 0.0062511717
12500 0.0046565584
12600 0.0036680032
12700 0.0074195396
12800 0.002500654
12900 0.0024444424
13000 0.0030022
13100 0.002906872
13200 0.0014038702
13300 0.004427098
13400 0.0065988065
13500 0.0075608604
13600 0.0064332997
13700 0.003180782
13800 0.0021260157
13900 0.002153596
14000 0.002397922
14100 0.001090011
14200 0.00038604366
14300 0.0035187926
14400 0.0016370952
14500 0.001140795
14600 0.0006436455
14700 0.0013108877
14800 0.002441059
14900 0.0010537597
15000 0.0028526396
15100 0.0026737012
15200 0.0008405504
15300 0.005103227
15400 0.0014829321
15500 0.003118278
15600 0.0020687152
15700 0.0042811693
15800 0.0035494743
15900 0.0047782795
16000 0.000994094
16100 0.0045581823
16200 0.002767458
16300 0.0020407613
16400 0.005476403
16500 0.0021824592
16600 0.0003501527
16700 0.0015468689
16800 0.001571976
16900 0.007129316
17000 0.0026601558
