0 4.7264576
100 0.33903497
200 0.57468086
300 0.21586557
400 0.15123817
500 0.3588956
600 0.20572229
700 0.22060677
800 0.16435578
900 0.17127553
1000 0.19190988
1100 0.0904636
1200 0.007802531
1300 0.2645597
1400 0.33885127
1500 0.14890306
1600 0.20614424
1700 0.0351879
1800 0.016864661
1900 0.04127815
2000 0.14603972
2100 0.027340833
2200 0.014394969
2300 0.036755092
2400 0.03844416
2500 0.03941249
2600 0.12316023
2700 0.016898628
2800 0.08244251
2900 0.012711998
3000 0.02121803
3100 0.11806296
3200 0.07643309
3300 0.171051
3400 0.02712297
3500 0.08480023
3600 0.18186595
3700 0.018477948
3800 0.09172506
3900 0.04354628
4000 0.05672806
4100 0.007291536
4200 0.04690068
4300 0.006922093
4400 0.057775535
4500 0.07024282
4600 0.0046195723
4700 0.0033645036
4800 0.047359183
4900 0.0095978165
5000 0.11349382
5100 0.019500745
5200 0.012648444
5300 0.13056189
5400 0.0047849137
5500 0.0019588743
5600 0.018818408
5700 0.041518107
5800 0.009305499
5900 0.0049005807
6000 0.04559918
6100 0.043132003
6200 0.017637195
6300 0.0054035536
6400 0.01999605
6500 0.033730425
6600 0.0029827268
6700 0.037802197
6800 0.01626382
6900 0.0020543186
7000 0.06230735
7100 0.014205885
7200 0.0065859603
7300 0.006506485
7400 0.0058637257
7500 0.015018126
7600 0.013896956
7700 0.0020189984
7800 0.013338878
7900 0.008509316
8000 0.018185694
8100 0.0011585895
8200 0.0061148494
8300 0.0028744517
8400 0.0035860615
8500 0.012380512
8600 0.003960275
8700 0.010352334
8800 0.0034715098
8900 0.0017107833
9000 0.0014290772
9100 0.0056805387
9200 0.00086564006
9300 0.0015664403
9400 0.0031343678
9500 0.0014473381
9600 0.0020247833
9700 0.00028088936
9800 0.032412674
9900 0.001994997
10000 0.01830794
10100 0.0035109995
10200 0.0061838618
10300 0.0014664266
10400 0.002229638
10500 0.009452816
10600 0.0035013612
10700 0.0053140796
10800 0.0025153966
10900 0.011783483
11000 0.0031251502
11100 0.12462613
11200 0.0010819284
11300 0.0020005167
11400 0.0012725703
11500 0.003923145
11600 0.0011424378
11700 0.004509386
11800 0.006879704
11900 0.0042291125
12000 0.019603368
12100 0.0019368207
12200 0.0018410367
12300 0.00025617197
12400 0.004332982
12500 0.0032276805
12600 0.0025424662
12700 0.005142833
12800 0.0017333212
12900 0.0016943583
13000 0.0020809665
13100 0.00201489
13200 0.00097308867
13300 0.0030686306
13400 0.004573944
13500 0.005240789
13600 0.0044592237
13700 0.0022047502
13800 0.0014736418
13900 0.0014927589
14000 0.001662113
14100 0.00075553806
14200 0.00026758507
14300 0.0024390412
14400 0.001134748
14500 0.0007907388
14600 0.00044614103
14700 0.0009086382
14800 0.0016920132
14900 0.00073041057
15000 0.001977299
15100 0.0018532685
15200 0.00058262516
15300 0.0035372877
15400 0.0010278902
15500 0.0021614255
15600 0.0014339241
15700 0.0029674803
15800 0.0024603081
15900 0.003312051
16000 0.00068905344
16100 0.0031594913
16200 0.0019182557
16300 0.0014145479
16400 0.0037959535
16500 0.0015127654
16600 0.00024270735
16700 0.0010722078
16800 0.0010896107
16900 0.0049416656
17000 0.0018438795
