0 2.8871422
100 1.7526126
200 1.478113
300 1.374975
400 1.2311468
500 1.3032428
600 1.3153769
700 1.2795751
800 1.1482413
900 1.16967
1000 1.2296896
1100 1.2176182
1200 1.0406224
1300 1.429556
1400 1.1429964
1500 1.3872192
1600 1.1924913
1700 1.1693298
1800 1.0892131
1900 1.0979474
2000 1.1866281
2100 1.0746152
2200 1.0779505
2300 1.1282666
2400 1.0874864
2500 1.1019993
2600 1.1448164
2700 1.0595437
2800 1.1339962
2900 1.0639768
3000 1.0712817
3100 1.2105966
3200 1.2233107
3300 1.1644182
3400 1.1009384
3500 1.1746722
3600 1.1192614
3700 1.0647479
3800 1.2024157
3900 1.199489
4000 1.1323237
4100 1.0376136
4200 1.0995185
4300 1.0376456
4400 1.1280189
4500 1.1053188
4600 1.0229665
4700 1.0189193
4800 1.1530855
4900 1.0467021
5000 1.0976039
5100 1.0941944
5200 1.0474623
5300 1.109916
5400 1.0253255
5500 1.0115118
5600 1.0707133
5700 1.1229079
5800 1.0439525
5900 1.0270638
6000 1.0971617
6100 1.1140428
6200 1.0708103
6300 1.0293245
6400 1.0565271
6500 1.0905788
6600 1.0183574
6700 1.0866446
6800 1.0548389
6900 1.0128322
7000 1.1766973
7100 1.034812
7200 1.0321918
7300 1.0304916
7400 1.0314754
7500 1.0608671
7600 1.0659513
7700 1.011388
7800 1.0615786
7900 1.035257
8000 1.0586965
8100 1.0081156
8200 1.0330884
8300 1.0178173
8400 1.022357
8500 1.0412507
8600 1.021816
8700 1.0447145
8800 1.020159
8900 1.0106211
9000 1.0081089
9100 1.0221269
9200 1.0063088
9300 1.0085238
9400 1.0166351
9500 1.0100026
9600 1.0121166
9700 1.0024309
9800 1.0805025
9900 1.0119144
10000 1.058688
10100 1.0163132
10200 1.0313226
10300 1.0092647
10400 1.0135703
10500 1.0440168
10600 1.0193446
10700 1.0286678
10800 1.0148314
10900 1.04964
11000 1.0164101
11100 1.0361886
11200 1.005916
11300 1.0106559
11400 1.0068994
11500 1.0201569
11600 1.0073981
11700 1.0236022
11800 1.0312068
11900 1.021381
12000 1.0617969
12100 1.0118862
12200 1.0109407
12300 1.0019138
12400 1.0250618
12500 1.0178136
12600 1.0126626
12700 1.0278659
12800 1.0110605
12900 1.0095632
13000 1.0128336
13100 1.0108085
13200 1.006362
13300 1.0174751
13400 1.0236812
13500 1.0272894
13600 1.0242475
13700 1.0123792
13800 1.0087979
13900 1.0089426
14000 1.0100492
14100 1.0049498
14200 1.0020859
14300 1.0120702
14400 1.0071201
14500 1.0057099
14600 1.0031848
14700 1.006125
14800 1.0104584
14900 1.0044003
15000 1.0108436
15100 1.0107176
15200 1.0043535
15300 1.0203726
15400 1.006945
15500 1.0109459
15600 1.0097678
15700 1.0159419
15800 1.0135568
15900 1.01753
16000 1.0047214
16100 1.017938
16200 1.0109049
16300 1.0093697
16400 1.0199429
16500 1.0100099
16600 1.0018797
16700 1.0076444
16800 1.0073057
16900 1.0248103
17000 1.0100844
