0 3.3913953
100 2.6272275
200 2.7663906
300 2.8649318
400 2.121492
500 2.7749832
600 2.1363835
700 2.222444
800 2.8652008
900 2.2438612
1000 1.8851032
1100 2.6790855
1200 2.2094984
1300 2.1044264
1400 1.5034918
1500 2.033267
1600 1.6744815
1700 2.2450929
1800 2.3919532
1900 2.506247
2000 2.018215
2100 2.1350782
2200 1.7934965
2300 1.7185245
2400 2.1002421
2500 1.988513
2600 1.7044867
2700 2.2571244
2800 1.9882195
2900 1.7298421
3000 2.2768738
3100 1.6701514
3200 1.6301516
3300 2.142436
3400 1.8524473
3500 1.3934706
3600 2.0321074
3700 1.6468486
3800 1.5183254
3900 1.8685687
4000 1.6277905
4100 1.7266012
4200 2.164164
4300 2.2836618
4400 1.6437455
4500 1.9458902
4600 1.8556833
4700 1.4399743
4800 1.3049495
4900 2.0538704
5000 2.206802
5100 1.705124
5200 1.3930086
5300 1.479879
5400 1.6420896
5500 1.6345558
5600 1.4421175
5700 1.7934391
5800 1.2870151
5900 1.639945
6000 2.2082157
6100 1.5908849
6200 1.3211602
6300 1.8204337
6400 1.5300901
6500 1.7174274
6600 1.5201102
6700 2.1645427
6800 1.5068709
6900 1.7034438
7000 1.7073132
7100 1.7072769
7200 1.673898
7300 1.7682105
7400 1.7462013
7500 1.738068
7600 1.922615
7700 1.3836094
7800 1.7035658
7900 1.392066
8000 1.5431466
8100 1.0994316
8200 1.4448613
8300 1.441218
8400 1.3988951
8500 1.1177058
8600 1.4054455
8700 1.4505153
8800 1.3929217
8900 1.9498188
9000 1.366036
9100 1.7613426
9200 1.6646857
9300 1.5299952
9400 1.4267895
9500 1.2444913
9600 1.5656085
9700 1.009226
9800 1.797991
9900 2.0121434
10000 1.3753362
10100 1.2109367
10200 1.1928048
10300 1.5778849
10400 1.863658
10500 1.961562
10600 1.4301125
10700 1.5332431
10800 1.688307
10900 1.5267037
11000 1.6165047
11100 1.1551543
11200 1.3046855
11300 1.1802715
11400 1.1388872
11500 1.0572699
11600 1.5124197
11700 1.3353531
11800 1.6995896
11900 1.5038131
12000 1.1685275
12100 1.6442955
12200 1.262521
12300 1.1623377
12400 1.4422781
12500 1.2938695
12600 1.3389931
12700 1.5210665
12800 1.0460489
12900 1.2864794
13000 2.0013814
13100 1.726123
13200 1.9027846
13300 1.5719875
13400 1.3214782
13500 1.6466911
13600 1.9196175
13700 1.31178
13800 0.50797117
13900 0.9812627
14000 1.0502938
14100 1.5718588
14200 0.97793895
14300 1.3545289
14400 1.886919
14500 1.466619
14600 0.9499689
14700 1.2045798
14800 1.066612
14900 1.0070779
15000 1.365025
15100 1.0648175
15200 1.6832088
15300 1.4536732
15400 1.4844452
15500 0.9275188
15600 0.71854633
15700 1.5232733
15800 1.0948892
15900 1.1877177
16000 1.659936
16100 0.95709103
16200 1.0280777
16300 1.20425
16400 1.3262099
16500 1.3318255
16600 1.152436
16700 1.4286263
16800 1.493973
16900 1.2765157
17000 1.6288525
17100 1.1957432
