0 9.571439
100 5.196061
200 5.4020114
300 5.2974653
400 4.6787224
500 5.495744
600 5.1358066
700 5.2292647
800 4.726899
900 4.867028
1000 4.486182
1100 5.0684323
1200 4.8936977
1300 5.396091
1400 4.6023955
1500 4.7727337
1600 4.728979
1700 4.776856
1800 4.617439
1900 4.755703
2000 4.9740043
2100 4.469557
2200 4.5346355
2300 5.0075197
2400 4.0399294
2500 4.699351
2600 4.195563
2700 4.5998297
2800 4.4428806
2900 4.384223
3000 4.455603
3100 4.0882816
3200 4.1272197
3300 4.247946
3400 4.4379764
3500 4.017765
3600 4.630574
3700 3.731137
3800 4.4131346
3900 4.4838448
4000 3.7380419
4100 4.13264
4200 4.0466623
4300 4.3324537
4400 4.210167
4500 3.9398646
4600 4.652333
4700 4.07648
4800 3.8601182
4900 3.8600087
5000 3.8332791
5100 4.33805
5200 4.2910213
5300 3.5918252
5400 3.7542124
5500 4.1173058
5600 3.6774063
5700 3.7664523
5800 4.1473236
5900 4.133001
6000 4.1567607
6100 3.9205801
6200 3.7738419
6300 4.2246075
6400 3.8609438
6500 3.87295
6600 3.640822
6700 4.403076
6800 3.7469163
6900 3.4421568
7000 4.3738327
7100 4.3234363
7200 3.7026293
7300 4.298437
7400 4.2460213
7500 4.421295
7600 3.808576
7700 3.4448733
7800 3.6982806
7900 3.787283
8000 4.072199
8100 3.5713544
8200 3.6070614
8300 3.7985024
8400 4.043413
8500 3.4238672
8600 3.3503559
8700 3.8658032
8800 3.4426079
8900 4.2535267
9000 3.6465478
9100 4.3569975
9200 3.88016
9300 3.52746
9400 4.160584
9500 3.1630282
9600 3.8329473
9700 3.4076526
9800 4.1449504
9900 4.133203
10000 3.6612587
10100 3.401297
10200 3.1770778
10300 3.8552473
10400 3.569792
10500 4.0956635
10600 3.552675
10700 3.5990736
10800 3.6872504
10900 3.7286727
11000 3.5082865
11100 3.7423315
11200 3.6346478
11300 3.6254585
11400 3.466681
11500 3.402542
11600 3.7781746
11700 3.4106119
11800 4.416669
11900 3.410195
12000 3.0191352
12100 3.4875069
12200 3.615743
12300 3.1403651
12400 4.0711613
12500 2.7215118
12600 3.0936222
12700 3.905799
12800 3.5397034
12900 3.5960789
13000 3.3062859
13100 3.5521526
13200 3.3539205
13300 3.2867925
13400 2.9325342
13500 3.4182253
13600 3.7589548
13700 3.2478986
13800 2.5789976
13900 3.1123009
14000 3.1137297
14100 3.6515849
14200 3.1997285
14300 3.4446182
14400 3.6987727
14500 3.3595967
14600 3.2739077
14700 3.4668674
14800 3.380231
14900 3.0815454
15000 3.4729633
15100 3.2177753
15200 3.5627615
15300 3.437622
15400 3.6350846
15500 3.138229
15600 2.9244342
15700 3.6928775
15800 3.2012846
15900 3.0371063
16000 3.5632775
16100 2.9033778
16200 3.201755
16300 2.8814003
16400 3.0224442
16500 3.166955
16600 3.2608209
16700 3.0364618
16800 3.569219
16900 3.558729
17000 4.34548
17100 3.111804
