0 4.875168
100 0.501143
200 0.40281647
300 0.5353231
400 0.054735977
500 0.47700378
600 0.40978122
700 0.09189195
800 0.09330669
900 0.232867
1000 0.27301112
1100 0.6584196
1200 0.1778633
1300 0.22406518
1400 0.4285142
1500 0.040459037
1600 0.2280351
1700 0.21625862
1800 0.1297375
1900 0.13387708
2000 0.44882518
2100 0.079857625
2200 0.23336534
2300 0.057239298
2400 0.046499114
2500 0.11568845
2600 0.060377665
2700 0.359623
2800 0.027600655
2900 0.051650282
3000 0.06409609
3100 0.059299044
3200 0.055007327
3300 0.043324094
3400 0.16496508
3500 0.059006974
3600 0.011885485
3700 0.012840877
3800 0.101586
3900 0.18354759
4000 0.018918086
4100 0.007043184
4200 0.04601741
4300 0.049689732
4400 0.05724907
4500 0.0048510237
4600 0.013473217
4700 0.07591073
4800 0.08450779
4900 0.18360314
5000 0.0035738877
5100 0.02179661
5200 0.22820725
5300 0.07596392
5400 0.07877382
5500 0.08229279
5600 0.010909747
5700 0.19284901
5800 0.039435375
5900 0.018338349
6000 0.30230945
6100 0.04590664
6200 0.02017174
6300 0.01114899
6400 0.00960063
6500 0.010391834
6600 0.08610709
6700 0.006656323
6800 0.001539364
6900 0.031645294
7000 0.013285746
7100 0.007243801
7200 0.020571668
7300 0.001658937
7400 0.0061941794
7500 0.008271785
7600 0.004538223
7700 0.03035436
7800 0.009597678
7900 0.0019888866
8000 0.02205729
8100 0.00465379
8200 0.035414506
8300 0.0031919288
8400 0.010387589
8500 0.017542379
8600 0.0016885624
8700 0.005193691
8800 0.008359391
8900 0.017793166
9000 0.004386126
9100 0.039256282
9200 0.008605719
9300 0.0076885605
9400 0.015250957
9500 0.0009618738
9600 0.0030734607
9700 0.009079476
9800 0.0046266895
9900 0.005805228
10000 0.0017662514
10100 0.012866436
10200 0.024792079
10300 0.0016682093
10400 0.0073398193
10500 0.0030287236
10600 0.0033055085
10700 0.0003744891
10800 0.0014412092
10900 0.002014065
11000 0.0031135133
11100 0.011376142
11200 0.00048823547
11300 0.026938325
11400 0.0044485917
11500 0.0011406101
11600 0.008459345
11700 0.008622055
11800 0.003135774
11900 0.0022730087
12000 0.00806854
12100 0.0075971643
12200 0.003623226
12300 0.0017108048
12400 0.009965072
12500 0.0057022218
12600 0.005752979
12700 0.0029320968
12800 0.0024091348
12900 0.0014174615
13000 0.0015690513
13100 0.0034233865
13200 0.0032873496
13300 0.003492156
13400 0.0021781654
13500 0.0067273565
13600 0.005631073
13700 0.0046364553
13800 0.0038055223
13900 0.008373571
14000 0.0139428135
14100 0.0100737745
14200 0.0272773
14300 0.0021690128
14400 0.0026418732
14500 0.007162298
14600 0.002006388
14700 0.0002957099
14800 0.0024889265
14900 0.0028006667
15000 0.0007760455
15100 0.0021516418
15200 0.00052934536
15300 0.0011240583
15400 0.006839296
15500 0.00328883
15600 0.0016060056
15700 0.0015750969
15800 0.00086891843
15900 0.001889699
16000 0.0028155395
16100 0.0041494467
16200 0.0032735276
16300 0.0019935768
16400 0.0004252948
16500 0.007286935
16600 0.0007909519
16700 0.00042208444
16800 0.002151493
16900 0.0023464393
