0 3.3792088
100 0.34736583
200 0.2792111
300 0.3710577
400 0.03794009
500 0.33063382
600 0.2840387
700 0.06369465
800 0.06467527
900 0.1614111
1000 0.1892369
1100 0.45638168
1200 0.12328544
1300 0.15531015
1400 0.29702342
1500 0.028044067
1600 0.15806189
1700 0.14989905
1800 0.08992718
1900 0.09279653
2000 0.3111019
2100 0.05535309
2200 0.16175653
2300 0.039675258
2400 0.03223073
2500 0.080189124
2600 0.041850608
2700 0.24927166
2800 0.019131316
2900 0.035801247
3000 0.044428024
3100 0.041102964
3200 0.038128175
3300 0.030029973
3400 0.11434508
3500 0.040900517
3600 0.00823839
3700 0.008900618
3800 0.07041405
3900 0.12722549
4000 0.013113018
4100 0.004881963
4200 0.031896837
4300 0.034442298
4400 0.03968203
4500 0.0033624733
4600 0.009338923
4700 0.05261731
4800 0.058576338
4900 0.127264
5000 0.0024772303
5100 0.015108259
5200 0.1581812
5300 0.05265418
5400 0.05460185
5500 0.057041015
5600 0.007562061
5700 0.13367274
5800 0.027334519
5900 0.012711175
6000 0.20954494
6100 0.03182006
6200 0.013981984
6300 0.007727891
6400 0.00665465
6500 0.0072030704
6600 0.059684888
6700 0.0046138116
6800 0.0010670058
6900 0.021934846
7000 0.009208977
7100 0.0050210203
7200 0.014259193
7300 0.0011498875
7400 0.004293478
7500 0.0057335645
7600 0.0031456565
7700 0.02104004
7800 0.0066526034
7900 0.0013785912
8000 0.015288948
8100 0.0032257615
8200 0.024547465
8300 0.0022124765
8400 0.0072001284
8500 0.01215945
8600 0.0011704223
8700 0.0035999923
8800 0.0057942886
8900 0.012333282
9000 0.003040231
9100 0.02721038
9200 0.0059650294
9300 0.005329304
9400 0.010571158
9500 0.0006667201
9600 0.0021303606
9700 0.006293413
9800 0.0032069767
9900 0.0040238774
10000 0.0012242722
10100 0.008918334
10200 0.01718456
10300 0.0011563146
10400 0.005087575
10500 0.0020993513
10600 0.002291204
10700 0.00025957605
10800 0.0009989701
10900 0.0013960435
11000 0.002158123
11100 0.007885341
11200 0.00033841905
11300 0.018672224
11400 0.0030835287
11500 0.0007906107
11600 0.0058635715
11700 0.005976353
11800 0.002173553
11900 0.0015755296
12000 0.005592686
12100 0.005265953
12200 0.002511429
12300 0.0011858395
12400 0.006907262
12500 0.003952479
12600 0.003987661
12700 0.0020323747
12800 0.001669885
12900 0.0009825095
13000 0.0010875835
13100 0.0023729107
13200 0.0022786171
13300 0.0024205782
13400 0.0015097893
13500 0.0046630483
13600 0.0039031622
13700 0.003213746
13800 0.002637787
13900 0.005804117
14000 0.009664422
14100 0.006982608
14200 0.018907184
14300 0.0015034451
14400 0.001831207
14500 0.0049645267
14600 0.0013907222
14700 0.00020497049
14800 0.0017251924
14900 0.0019412743
15000 0.00053791376
15100 0.0014914045
15200 0.00036691423
15300 0.00077913783
15400 0.0047406387
15500 0.0022796432
15600 0.0011131982
15700 0.001091774
15800 0.00060228835
15900 0.0013098395
16000 0.0019515832
16100 0.0028761772
16200 0.0022690364
16300 0.0013818422
16400 0.00029479188
16500 0.0050509186
16600 0.0005482461
16700 0.00029256663
16800 0.0014913012
16900 0.0016264278
