0 5.3342786
100 1.5480163
200 1.57205
300 1.2230794
400 1.1962047
500 1.3899955
600 1.321672
700 1.1658065
800 1.2202253
900 1.3762512
1000 1.2082381
1100 1.2759604
1200 1.2776887
1300 1.2464921
1400 1.0996377
1500 1.1185186
1600 1.257544
1700 1.2906098
1800 1.2811697
1900 1.094145
2000 1.176982
2100 1.1035295
2200 1.1184967
2300 1.0792632
2400 1.171721
2500 1.1805124
2600 1.0737102
2700 1.0906276
2800 1.0846006
2900 1.1413807
3000 1.0897098
3100 1.1550722
3200 1.1127499
3300 1.0984406
3400 1.1620531
3500 1.0709655
3600 1.0389574
3700 1.0447538
3800 1.1306416
3900 1.2454121
4000 1.0618299
4100 1.026623
4200 1.0733225
4300 1.0546744
4400 1.1281015
4500 1.0200617
4600 1.0513827
4700 1.1812292
4800 1.1776795
4900 1.1435152
5000 1.0149741
5100 1.0673119
5200 1.1269476
5300 1.0618412
5400 1.1302221
5500 1.1459532
5600 1.0334904
5700 1.178745
5800 1.1042843
5900 1.0540583
6000 1.143626
6100 1.0569394
6200 1.0656357
6300 1.0381358
6400 1.0341809
6500 1.0340942
6600 1.1568878
6700 1.0262573
6800 1.0070772
6900 1.0833802
7000 1.0489733
7100 1.0298111
7200 1.0671216
7300 1.0073254
7400 1.0221
7500 1.0260932
7600 1.0188694
7700 1.0909425
7800 1.0281591
7900 1.0095073
8000 1.0442693
8100 1.0186145
8200 1.058902
8300 1.0130352
8400 1.0342604
8500 1.0509427
8600 1.0084356
8700 1.0196223
8800 1.0269153
8900 1.0590476
9000 1.0178589
9100 1.0644901
9200 1.0286124
9300 1.0254592
9400 1.0396993
9500 1.0049495
9600 1.0139034
9700 1.0296967
9800 1.0176077
9900 1.0212352
10000 1.0081592
10100 1.0406072
10200 1.0766131
10300 1.0081953
10400 1.0243602
10500 1.0127207
10600 1.0113907
10700 1.0021888
10800 1.0060016
10900 1.0085827
11000 1.0104113
11100 1.041764
11200 1.0027623
11300 1.0606565
11400 1.0177224
11500 1.0053897
11600 1.0318878
11700 1.0279956
11800 1.0130208
11900 1.0102882
12000 1.0283155
12100 1.0274705
12200 1.0118712
12300 1.0081532
12400 1.0352278
12500 1.0189438
12600 1.0221243
12700 1.0118768
12800 1.0105579
12900 1.0062901
13000 1.0066409
13100 1.0129428
13200 1.0145075
13300 1.0143818
13400 1.0071371
13500 1.0234847
13600 1.0162919
13700 1.0171652
13800 1.0151266
13900 1.0284173
14000 1.0391853
14100 1.0319103
14200 1.0825849
14300 1.0081499
14400 1.0103984
14500 1.02564
14600 1.0091423
14700 1.0016067
14800 1.0103161
14900 1.0112554
15000 1.0039079
15100 1.0084245
15200 1.0027199
15300 1.0053852
15400 1.0248857
15500 1.01208
15600 1.0078778
15700 1.0070233
15800 1.0044651
15900 1.0079609
16000 1.0118679
16100 1.0168059
16200 1.0133221
16300 1.0074706
16400 1.0022993
16500 1.0265195
16600 1.003657
16700 1.0021942
16800 1.0081642
16900 1.0094866
