0 0.15625
100 0.25
200 0.34375
300 0.34375
400 0.5
500 0.5
600 0.375
700 0.4375
800 0.40625
900 0.5
1000 0.375
1100 0.375
1200 0.40625
1300 0.46875
1400 0.4375
1500 0.46875
1600 0.46875
1700 0.53125
1800 0.46875
1900 0.5
2000 0.5625
2100 0.5
2200 0.53125
2300 0.53125
2400 0.5
2500 0.625
2600 0.5625
2700 0.40625
2800 0.53125
2900 0.53125
3000 0.65625
3100 0.53125
3200 0.34375
3300 0.5625
3400 0.5625
3500 0.59375
3600 0.5625
3700 0.5
3800 0.625
3900 0.5625
4000 0.5625
4100 0.5625
4200 0.46875
4300 0.5625
4400 0.53125
4500 0.40625
4600 0.65625
4700 0.6875
4800 0.59375
4900 0.5625
5000 0.65625
5100 0.5625
5200 0.59375
5300 0.59375
5400 0.625
5500 0.53125
5600 0.46875
5700 0.59375
5800 0.59375
5900 0.75
6000 0.53125
6100 0.65625
6200 0.625
6300 0.40625
6400 0.65625
6500 0.34375
6600 0.59375
6700 0.59375
6800 0.5625
6900 0.65625
7000 0.53125
7100 0.75
7200 0.46875
7300 0.6875
7400 0.5625
7500 0.59375
7600 0.65625
7700 0.71875
7800 0.65625
7900 0.625
8000 0.5
8100 0.46875
8200 0.65625
8300 0.53125
8400 0.71875
8500 0.625
8600 0.53125
8700 0.65625
8800 0.75
8900 0.5
9000 0.53125
9100 0.71875
9200 0.6875
9300 0.6875
9400 0.6875
9500 0.59375
9600 0.5
9700 0.59375
9800 0.625
9900 0.59375
10000 0.6875
10100 0.6875
10200 0.65625
10300 0.53125
10400 0.53125
10500 0.5
10600 0.53125
10700 0.5
10800 0.65625
10900 0.53125
11000 0.5625
11100 0.5625
11200 0.46875
11300 0.59375
11400 0.65625
11500 0.65625
11600 0.59375
11700 0.65625
11800 0.8125
11900 0.59375
12000 0.65625
12100 0.71875
12200 0.65625
12300 0.75
12400 0.65625
12500 0.625
12600 0.65625
12700 0.6875
12800 0.75
12900 0.6875
13000 0.59375
13100 0.75
13200 0.46875
13300 0.5625
13400 0.625
13500 0.6875
13600 0.75
13700 0.71875
13800 0.75
13900 0.625
14000 0.90625
14100 0.5625
14200 0.65625
14300 0.625
14400 0.6875
14500 0.6875
14600 0.65625
14700 0.75
14800 0.625
14900 0.65625
15000 0.625
15100 0.75
15200 0.59375
15300 0.71875
15400 0.75
15500 0.75
15600 0.71875
15700 0.6875
15800 0.75
15900 0.59375
16000 0.84375
16100 0.8125
16200 0.65625
16300 0.75
16400 0.6875
16500 0.78125
16600 0.65625
16700 0.71875
16800 0.75
16900 0.59375
17000 0.71875
17100 0.875
17200 0.53125
17300 0.75
17400 0.8125
17500 0.53125
17600 0.84375
17700 0.71875
17800 0.75
17900 0.6875
18000 0.6875
18100 0.75
18200 0.65625
18300 0.84375
18400 0.84375
18500 0.71875
18600 0.8125
18700 0.65625
18800 0.6875
18900 0.78125
19000 0.8125
19100 0.78125
19200 0.78125
19300 0.65625
19400 0.5
19500 0.90625
19600 0.78125
19700 0.75
19800 0.8125
19900 0.71875
20000 0.71875
20100 0.78125
20200 0.65625
20300 0.6875
20400 0.75
20500 0.84375
20600 0.6875
20700 0.75
20800 0.625
20900 0.84375
21000 0.6875
21100 0.8125
21200 0.8125
21300 0.75
21400 0.78125
21500 0.65625
21600 0.75
21700 0.75
21800 0.5625
21900 0.6875
22000 0.8125
22100 0.78125
22200 0.6875
22300 0.8125
22400 0.78125
22500 0.8125
22600 0.75
22700 0.78125
22800 0.8125
22900 0.8125
23000 0.84375
23100 0.78125
23200 0.78125
23300 0.8125
23400 0.71875
23500 0.84375
23600 0.71875
23700 0.53125
23800 0.75
