0 3.325874
100 2.8747149
200 2.5805163
300 2.6670165
400 2.36203
500 2.1188796
600 2.3701897
700 2.680158
800 2.632565
900 2.1502156
1000 2.332973
1100 2.3629358
1200 2.2555044
1300 2.3723621
1400 2.879007
1500 2.1393628
1600 2.429273
1700 1.8946567
1800 1.9555498
1900 2.0824034
2000 1.9837552
2100 2.2263896
2200 2.2365897
2300 1.7241521
2400 2.3573253
2500 2.1361122
2600 1.6997069
2700 2.676857
2800 2.1178193
2900 2.131219
3000 1.6279279
3100 1.886256
3200 2.5681508
3300 1.6687306
3400 1.7871987
3500 1.9327695
3600 1.7420013
3700 1.9310515
3800 1.6760416
3900 1.8228812
4000 1.7938834
4100 1.7033874
4200 2.5320005
4300 1.811874
4400 1.6938928
4500 2.2342494
4600 1.5690145
4700 1.4928879
4800 1.686465
4900 1.9740655
5000 1.6033334
5100 1.5586904
5200 1.6276476
5300 1.504604
5400 1.4820875
5500 2.022155
5600 1.5584515
5700 1.8024268
5800 1.6366698
5900 1.2578923
6000 2.3354387
6100 1.5895393
6200 1.6126885
6300 2.0366492
6400 1.5281754
6500 2.2805133
6600 1.984632
6700 1.8549725
6800 1.6576296
6900 1.8422173
7000 1.7916135
7100 1.3341236
7200 1.738897
7300 1.2937723
7400 1.7818768
7500 1.5146868
7600 1.4386282
7700 1.2322562
7800 1.379532
7900 1.6132627
8000 1.8404859
8100 1.8370043
8200 1.6853567
8300 2.1454172
8400 1.2236669
8500 1.6641364
8600 2.089379
8700 1.5580556
8800 1.3504728
8900 1.954284
9000 1.546629
9100 1.4066305
9200 1.4634345
9300 1.5416015
9400 1.5479845
9500 1.6063772
9600 1.8897483
9700 1.8196124
9800 1.5841633
9900 1.5203339
10000 1.4948533
10100 1.1976595
10200 1.7803745
10300 2.0925968
10400 1.8669486
10500 1.5370189
10600 1.7859902
10700 1.7342284
10800 1.5207251
10900 1.6813059
11000 1.893269
11100 1.485075
11200 2.0763855
11300 1.8803098
11400 1.508431
11500 1.3147959
11600 1.4648144
11700 1.4682171
11800 1.0111028
11900 1.3939629
12000 1.258128
12100 1.0581045
12200 1.6236793
12300 1.2201658
12400 1.6694067
12500 1.3066815
12600 1.4945623
12700 1.3362879
12800 1.0161966
12900 1.5907797
13000 1.7137141
13100 1.2569238
13200 2.1543782
13300 1.4855778
13400 1.5933872
13500 1.2196214
13600 1.6482327
13700 1.6348771
13800 1.1406537
13900 1.22253
14000 0.83045644
14100 1.757834
14200 1.3276541
14300 1.3330995
14400 1.203267
14500 1.3008217
14600 1.3556095
14700 1.0294607
14800 1.1034881
14900 1.5005932
15000 1.3535559
15100 0.8684495
15200 2.1081326
15300 1.1742105
15400 1.1808558
15500 1.0929455
15600 1.2132131
15700 1.3723799
15800 0.985538
15900 1.6763132
16000 0.8404952
16100 0.9353132
16200 1.4612616
16300 1.2021809
16400 1.2880243
16500 0.95347226
16600 1.571256
16700 1.6239879
16800 1.2026987
16900 1.6456225
17000 1.1419529
17100 0.8772192
17200 1.4171393
17300 1.0363302
17400 0.7499024
17500 1.6373472
17600 0.70329213
17700 1.1260226
17800 1.2426019
17900 1.42164
18000 1.0489101
18100 1.2226819
18200 1.4228803
18300 1.045319
18400 1.0828087
18500 1.0601735
18600 0.88679725
18700 1.6854632
18800 1.1710817
18900 1.0034941
19000 0.87280935
19100 1.0503584
19200 1.2315239
19300 1.4043205
19400 1.6873397
19500 0.6131336
19600 1.0539902
19700 1.1989768
19800 0.78490406
19900 1.1095475
20000 1.2890645
20100 1.058308
20200 1.3317862
20300 1.42579
20400 0.92071366
20500 0.76897186
20600 1.4240239
20700 1.1257519
20800 1.3534911
20900 0.79989046
21000 1.1813903
21100 1.082987
21200 1.018484
21300 0.96824384
21400 1.0814371
21500 1.2865887
21600 1.1209357
21700 1.1134114
21800 1.3551947
21900 1.2069255
22000 0.91405374
22100 0.94723296
22200 1.2229451
22300 0.98813707
22400 1.3031671
22500 0.93473
22600 1.0650468
22700 1.1582952
22800 0.9454191
22900 1.000177
23000 0.99290556
23100 1.0180953
23200 1.2359902
23300 0.8047649
23400 1.3273621
23500 0.88186496
23600 1.1355282
23700 1.389903
23800 0.98759615
