0 2.3053203
100 1.9926006
200 1.7886777
300 1.848635
400 1.6372344
500 1.4686954
600 1.6428902
700 1.857744
800 1.824755
900 1.4904159
1000 1.6170937
1100 1.6378623
1200 1.5633965
1300 1.6443961
1400 1.9955757
1500 1.4828933
1600 1.6838436
1700 1.3132759
1800 1.3554839
1900 1.4434121
2000 1.3750343
2100 1.5432158
2200 1.5502858
2300 1.1950911
2400 1.6339734
2500 1.4806402
2600 1.1781471
2700 1.8554559
2800 1.4679605
2900 1.4772483
3000 1.1283937
3100 1.307453
3200 1.7801065
3300 1.1566759
3400 1.2387917
3500 1.3396938
3600 1.2074633
3700 1.3385029
3800 1.1617435
3900 1.263525
4000 1.2434253
4100 1.1806982
4200 1.7550491
4300 1.2558954
4400 1.1741171
4500 1.5486636
4600 1.087558
4700 1.034791
4800 1.1689684
4900 1.368318
5000 1.111346
5100 1.0804019
5200 1.1281993
5300 1.042912
5400 1.0273048
5500 1.4016511
5600 1.0802363
5700 1.2493471
5800 1.134453
5900 0.8719045
6000 1.6188028
6100 1.1017847
6200 1.1178305
6300 1.4116976
6400 1.0592505
6500 1.5807314
6600 1.3756421
6700 1.285769
6800 1.1489813
6900 1.2769277
7000 1.2418518
7100 0.924744
7200 1.2053115
7300 0.89677465
7400 1.2351029
7500 1.0499009
7600 0.9971811
7700 0.8541349
7800 0.9562187
7900 1.1182284
8000 1.2757276
8100 1.2733144
8200 1.1682003
8300 1.4870899
8400 0.84818125
8500 1.1534915
8600 1.4482472
8700 1.0799619
8800 0.9360764
8900 1.3546064
9000 1.0720415
9100 0.975002
9200 1.0143754
9300 1.0685568
9400 1.0729811
9500 1.1134559
9600 1.3098737
9700 1.2612592
9800 1.0980583
9900 1.0538151
10000 1.0361533
10100 0.8301543
10200 1.2340616
10300 1.4504776
10400 1.2940701
10500 1.0653803
10600 1.2379541
10700 1.2020755
10800 1.0540863
10900 1.1653924
11000 1.312314
11100 1.0293756
11200 1.4392407
11300 1.3033315
11400 1.0455647
11500 0.91134703
11600 1.015332
11700 1.0176905
11800 0.70084304
11900 0.96622145
12000 0.8720679
12100 0.73342216
12200 1.1254487
12300 0.8457545
12400 1.1571445
12500 0.9057226
12600 1.0359516
12700 0.9262442
12800 0.70437384
12900 1.1026444
13000 1.1878561
13100 0.8712332
13200 1.4933012
13300 1.0297241
13400 1.1044519
13500 0.84537715
13600 1.1424679
13700 1.1332104
13800 0.79064095
13900 0.8473932
14000 0.5756285
14100 1.2184377
14200 0.9202597
14300 0.9240341
14400 0.8340411
14500 0.90166086
14600 0.93963695
14700 0.71356773
14800 0.76487964
14900 1.0401319
15000 0.93821347
15100 0.60196334
15200 1.4612463
15300 0.8139007
15400 0.81850684
15500 0.75757205
15600 0.84093523
15700 0.9512612
15800 0.6831229
15900 1.1619318
16000 0.5825869
16100 0.6483097
16200 1.0128694
16300 0.8332883
16400 0.89279044
16500 0.6608966
16600 1.0891117
16700 1.1256627
16800 0.83364725
16900 1.1406586
17000 0.79154146
17100 0.608042
17200 0.9822861
17300 0.71832937
17400 0.51979274
17500 1.1349226
17600 0.48748496
17700 0.7804994
17800 0.861306
17900 0.9854058
18000 0.7270491
18100 0.8474985
18200 0.9862655
18300 0.7245599
18400 0.7505458
18500 0.73485625
18600 0.614681
18700 1.168274
18800 0.81173193
18900 0.69556916
19000 0.60498536
19100 0.728053
19200 0.8536273
19300 0.9734008
19400 1.1695747
19500 0.42499185
19600 0.7305704
19700 0.8310673
19800 0.54405403
19900 0.7690797
20000 0.8935114
20100 0.7335632
20200 0.92312384
20300 0.9882823
20400 0.6381901
20500 0.53301066
20600 0.98705816
20700 0.78031176
20800 0.9381685
20900 0.5544418
21000 0.81887734
21100 0.75066936
21200 0.7059593
21300 0.6711355
21400 0.7495951
21500 0.8917953
21600 0.77697337
21700 0.771758
21800 0.93934935
21900 0.836577
22000 0.6335738
22100 0.65657187
22200 0.847681
22300 0.6849244
22400 0.9032866
22500 0.64790547
22600 0.73823416
22700 0.802869
22800 0.65531456
22900 0.69326985
23000 0.6882297
23100 0.70568985
23200 0.85672307
23300 0.55782056
23400 0.92005724
23500 0.6112622
23600 0.7870882
23700 0.9634073
23800 0.6845495
