0 9.997852
100 9.013431
200 6.9831734
300 6.908657
400 6.532359
500 6.261571
600 6.27298
700 5.6398506
800 5.381475
900 5.238019
1000 5.897775
1100 5.2643833
1200 5.4645247
1300 4.8247724
1400 5.2087283
1500 5.154166
1600 4.8310795
1700 5.4966803
1800 5.111534
1900 4.178398
2000 4.952923
2100 4.2254696
2200 5.0390577
2300 5.022416
2400 4.825158
2500 4.1408052
2600 4.467753
2700 4.7190914
2800 5.0817976
2900 4.6370773
3000 4.9321322
3100 4.5336595
3200 4.1994677
3300 3.8987195
3400 4.374085
3500 4.758476
3600 3.7024865
3700 4.3216743
3800 4.1547227
3900 4.4465284
4000 4.345807
4100 4.2996454
4200 5.349375
4300 4.3364954
4400 4.26338
4500 4.203175
4600 4.010724
4700 3.6979835
4800 4.3189797
4900 4.2748165
5000 3.6884036
5100 3.8259995
5200 4.1475105
5300 4.016176
5400 3.8619468
5500 4.789396
5600 4.0708437
5700 4.0532103
5800 3.5914202
5900 3.9383688
6000 3.8802283
6100 3.520297
6200 3.7004645
6300 4.31264
6400 3.7262697
6500 4.1041803
6600 4.3262224
6700 4.663522
6800 3.6823492
6900 3.9289823
7000 3.8473148
7100 4.296054
7200 3.5948849
7300 3.8098536
7400 3.2849064
7500 4.099627
7600 3.5165272
7700 3.6108327
7800 3.8476713
7900 3.8069658
8000 4.2369137
8100 3.644449
8200 3.6481528
8300 3.796061
8400 3.1707253
8500 4.4120154
8600 3.2807038
8700 4.073155
8800 3.8654983
8900 3.4179976
9000 3.7525563
9100 3.4601102
9200 3.6673758
9300 3.9093513
9400 4.250418
9500 3.3710918
9600 3.7898226
9700 3.6183355
9800 3.7510514
9900 3.085624
10000 3.8149679
10100 3.3154147
10200 3.0624914
10300 3.2650762
10400 3.4290848
10500 3.2421987
10600 3.7162385
10700 3.9557421
10800 3.7463973
10900 3.7714925
11000 3.5161672
11100 3.6713533
11200 3.7251105
11300 3.487095
11400 3.4392538
11500 3.5329337
11600 3.3244195
11700 3.472477
11800 2.906077
11900 3.0030913
12000 3.3340425
12100 3.3203914
12200 3.65812
12300 2.9768758
12400 3.3241603
12500 3.5105262
12600 3.872786
12700 3.2829049
12800 3.0662913
12900 3.234708
13000 3.595136
13100 3.5341282
13200 3.3412685
13300 3.3179832
13400 3.7430515
13500 3.0809734
13600 3.3382344
13700 3.7203197
13800 3.1002755
13900 3.1723757
14000 3.3916702
14100 3.8925064
14200 2.7956948
14300 3.3781843
14400 3.3895226
14500 3.5675676
14600 3.3097465
14700 3.186883
14800 3.057448
14900 3.7875893
15000 3.3887463
15100 3.0443034
15200 3.578684
15300 3.270349
15400 3.1664138
15500 3.4885972
15600 3.2267737
15700 3.2879999
15800 3.2333422
15900 3.097371
16000 2.989481
16100 3.1396286
16200 3.3010557
16300 2.94562
16400 3.7466462
16500 2.7168403
16600 3.46702
16700 3.36496
16800 3.5245457
16900 3.677145
17000 3.0382328
17100 3.3115659
17200 3.377069
17300 3.040272
17400 2.5097556
17500 3.3518481
17600 2.7142534
17700 2.7564414
17800 3.3824143
17900 3.2355568
18000 3.313208
18100 3.2702246
18200 3.2710605
18300 2.8077655
18400 3.1348634
18500 3.0008967
18600 3.1954937
18700 3.6261792
18800 2.926396
18900 2.9608445
19000 2.932702
19100 2.987296
19200 3.4078355
19300 3.42343
19400 3.5947204
19500 2.686053
19600 3.5553503
19700 3.1376433
19800 2.6898198
19900 3.065924
20000 3.4744303
20100 3.296853
20200 3.1685207
20300 3.545681
20400 2.8462439
20500 2.7849383
20600 3.6744292
20700 3.0882354
20800 3.479519
20900 2.7461452
21000 3.2019713
21100 3.5105982
21200 2.6174612
21300 3.1475523
21400 3.321041
21500 3.3180099
21600 2.776621
21700 3.2285743
21800 3.7208476
21900 3.4307206
22000 2.9676237
22100 2.7828941
22200 3.2831447
22300 2.9763112
22400 3.07974
22500 2.6361432
22600 3.0276213
22700 3.095604
22800 3.2296696
22900 2.9959037
23000 3.2895854
23100 2.8291106
23200 3.395174
23300 2.7584276
23400 3.6321635
23500 3.3990178
23600 3.1223624
23700 3.2040133
23800 3.1073542
