0 0.125
100 0.1875
200 0.4375
300 0.4375
400 0.28125
500 0.25
600 0.3125
700 0.46875
800 0.4375
900 0.40625
1000 0.40625
1100 0.34375
1200 0.5
1300 0.21875
1400 0.3125
1500 0.28125
1600 0.3125
1700 0.21875
1800 0.53125
1900 0.46875
2000 0.5
2100 0.4375
2200 0.28125
2300 0.3125
2400 0.4375
2500 0.3125
2600 0.5
2700 0.5
2800 0.375
2900 0.5625
3000 0.40625
3100 0.3125
3200 0.46875
3300 0.4375
3400 0.5
3500 0.40625
3600 0.40625
3700 0.5
3800 0.53125
3900 0.46875
4000 0.53125
4100 0.34375
4200 0.4375
4300 0.5
4400 0.59375
4500 0.53125
4600 0.46875
4700 0.375
4800 0.34375
4900 0.53125
5000 0.4375
5100 0.53125
5200 0.59375
5300 0.46875
5400 0.5625
5500 0.40625
5600 0.5625
5700 0.625
5800 0.5
5900 0.5
6000 0.625
6100 0.5625
6200 0.875
6300 0.53125
6400 0.59375
6500 0.59375
6600 0.5
6700 0.65625
6800 0.5625
6900 0.5
7000 0.59375
7100 0.53125
7200 0.71875
7300 0.59375
7400 0.53125
7500 0.46875
7600 0.4375
7700 0.53125
7800 0.75
7900 0.75
8000 0.625
8100 0.71875
8200 0.65625
8300 0.59375
8400 0.5
8500 0.65625
8600 0.59375
8700 0.4375
8800 0.75
8900 0.71875
9000 0.53125
9100 0.6875
9200 0.6875
9300 0.625
9400 0.625
9500 0.65625
9600 0.65625
9700 0.75
9800 0.625
9900 0.5
10000 0.59375
10100 0.625
10200 0.6875
10300 0.75
10400 0.6875
10500 0.625
10600 0.59375
10700 0.59375
10800 0.75
10900 0.71875
11000 0.78125
11100 0.6875
11200 0.625
11300 0.5625
11400 0.71875
11500 0.59375
11600 0.6875
11700 0.71875
11800 0.625
11900 0.625
12000 0.8125
12100 0.625
12200 0.75
12300 0.6875
12400 0.6875
12500 0.5625
12600 0.75
12700 0.65625
12800 0.71875
12900 0.65625
13000 0.78125
13100 0.75
13200 0.84375
13300 0.75
13400 0.8125
13500 0.65625
13600 0.71875
13700 0.8125
13800 0.90625
13900 0.84375
14000 0.5
14100 0.78125
14200 0.6875
14300 0.65625
14400 0.75
14500 0.75
14600 0.75
14700 0.78125
14800 0.8125
14900 0.65625
15000 0.71875
15100 0.90625
15200 0.75
15300 0.78125
15400 0.8125
15500 0.875
15600 0.875
15700 0.8125
15800 0.78125
15900 0.71875
16000 0.78125
16100 0.71875
16200 0.75
16300 0.84375
16400 0.84375
16500 0.65625
16600 0.8125
16700 0.84375
16800 0.8125
16900 0.8125
17000 0.71875
17100 0.90625
17200 0.78125
17300 0.78125
17400 0.84375
17500 0.78125
17600 0.84375
17700 0.84375
17800 0.84375
17900 0.8125
18000 0.78125
18100 0.84375
18200 0.625
