0 3.2645032
100 4.21295
200 2.7496102
300 2.6074016
400 3.3102484
500 3.7670934
600 3.1275532
700 2.243363
800 2.552236
900 3.4225967
1000 2.656866
1100 2.700506
1200 2.810834
1300 3.6879818
1400 4.09414
1500 4.621805
1600 3.7526925
1700 4.4895077
1800 2.3469298
1900 2.8022544
2000 2.5864387
2100 2.5777087
2200 3.3134713
2300 5.762772
2400 2.462702
2500 2.827276
2600 1.9625378
2700 2.172315
2800 2.49183
2900 2.1885989
3000 2.0312593
3100 2.9678845
3200 2.2964587
3300 2.0192544
3400 2.295864
3500 2.7476819
3600 2.5204458
3700 2.0613418
3800 1.8406092
3900 2.0277383
4000 1.871132
4100 2.3453908
4200 2.1392736
4300 2.220557
4400 2.207642
4500 2.392107
4600 2.0553515
4700 2.5776694
4800 2.665587
4900 2.1147108
5000 2.2214036
5100 2.0040162
5200 2.185726
5300 2.0857906
5400 1.4162105
5500 2.3363495
5600 1.8130466
5700 1.2047944
5800 2.0059953
5900 2.126013
6000 1.8606452
6100 1.8741909
6200 0.9352573
6300 1.7908031
6400 1.3983912
6500 1.6209514
6600 1.562449
6700 1.4296491
6800 1.9368868
6900 2.2446005
7000 1.7587751
7100 1.7132332
7200 1.2670909
7300 1.6214081
7400 1.8767546
7500 1.9029657
7600 2.3700936
7700 1.6903788
7800 1.1303084
7900 1.2944161
8000 1.7319609
8100 1.374707
8200 1.7594527
8300 1.5230274
8400 1.7279022
8500 1.3711002
8600 1.2258204
8700 2.418462
8800 1.146486
8900 1.2279283
9000 1.7442497
9100 1.3887897
9200 1.3592651
9300 1.612694
9400 1.2583109
9500 1.2126304
9600 1.4417852
9700 1.2727604
9800 1.5641406
9900 1.8822618
10000 1.7514154
10100 1.5543311
10200 1.1119717
10300 1.0636276
10400 1.060126
10500 1.6937047
10600 1.7569407
10700 1.4065218
10800 0.9764253
10900 1.0391355
11000 0.97571313
11100 1.1671604
11200 1.5121533
11300 1.6866661
11400 1.2405617
11500 1.4099092
11600 1.2378932
11700 1.0891706
11800 1.3973649
11900 1.4568654
12000 0.9784676
12100 0.97017217
12200 1.4483262
12300 1.1800147
12400 1.2118262
12500 1.3522954
12600 1.2923741
12700 1.5264554
12800 1.1674726
12900 1.1478841
13000 1.0074315
13100 0.8807842
13200 0.9763139
13300 1.1531076
13400 1.0920067
13500 1.3091954
13600 1.259001
13700 1.0303671
13800 0.77151483
13900 1.2485229
14000 1.6527416
14100 0.7435714
14200 1.328796
14300 1.2013788
14400 0.8228827
14500 1.1833031
14600 0.8966304
14700 0.9860194
14800 0.86120933
14900 1.4030699
15000 1.2754959
15100 1.0597763
15200 1.227165
15300 1.5386529
15400 1.2141639
15500 0.69296706
15600 0.6388446
15700 0.8927315
15800 0.98881084
15900 0.8074192
16000 1.135464
16100 1.2432321
16200 0.94597954
16300 0.79630643
16400 0.6802213
16500 1.4550283
16600 0.8113468
16700 0.6336252
16800 0.93476355
16900 0.8400994
17000 0.90182984
17100 0.64354104
17200 1.1042316
17300 0.8501738
17400 0.77665883
17500 0.7945424
17600 1.058106
17700 0.73769826
17800 0.8652192
17900 0.8835571
18000 1.0635678
18100 0.7755863
18200 1.4064388
