0 2.2627811
100 2.9201946
200 1.9058846
300 1.8073131
400 2.2944894
500 2.6111503
600 2.1678548
700 1.5549808
800 1.7690753
900 2.3723633
1000 1.8415992
1100 1.8718481
1200 1.9483216
1300 2.5563142
1400 2.8378415
1500 3.2035913
1600 2.6011682
1700 3.1118896
1800 1.6267678
1900 1.9423747
2000 1.7927827
2100 1.7867315
2200 2.2967234
2300 3.9944491
2400 1.707015
2500 1.9597183
2600 1.3603275
2700 1.505734
2800 1.727205
2900 1.5170212
3000 1.4079616
3100 2.057181
3200 1.5917839
3300 1.3996406
3400 1.5913718
3500 1.9045479
3600 1.7470399
3700 1.4288132
3800 1.2758131
3900 1.4055212
4000 1.2969699
4100 1.625701
4200 1.4828315
4300 1.5391728
4400 1.5302209
4500 1.6580822
4600 1.4246612
4700 1.7867043
4800 1.8476441
4900 1.4658058
5000 1.5397596
5100 1.3890781
5200 1.5150298
5300 1.4457599
5400 0.9816423
5500 1.6194341
5600 1.2567081
5700 0.8350998
5800 1.39045
5900 1.47364
6000 1.289701
6100 1.2990901
6200 0.64827096
6300 1.2412901
6400 0.969291
6500 1.1235579
6600 1.0830071
6700 0.99095726
6800 1.3425477
6900 1.5558385
7000 1.21909
7100 1.1875228
7200 0.8782805
7300 1.1238744
7400 1.3008672
7500 1.3190353
7600 1.6428237
7700 1.1716813
7800 0.78347003
7900 0.89722085
8000 1.2005038
8100 0.9528743
8200 1.2195597
8300 1.0556822
8400 1.1976905
8500 0.95037425
8600 0.849674
8700 1.6763501
8800 0.7946836
8900 0.851135
9000 1.2090218
9100 0.96263564
9200 0.94217074
9300 1.1178343
9400 0.87219465
9500 0.84053135
9600 0.9993694
9700 0.8822103
9800 1.0841796
9900 1.3046844
10000 1.2139887
10100 1.0773802
10200 0.77076006
10300 0.73725045
10400 0.7348233
10500 1.1739867
10600 1.2178185
10700 0.9749266
10800 0.67680645
10900 0.72027385
11000 0.6763128
11100 0.80901396
11200 1.0481448
11300 1.1691079
11400 0.85989183
11500 0.97727466
11600 0.85804224
11700 0.75495553
11800 0.9685795
11900 1.0098221
12000 0.67822206
12100 0.6724721
12200 1.0039033
12300 0.8179239
12400 0.8399739
12500 0.9373398
12600 0.8958055
12700 1.0580583
12800 0.8092303
12900 0.7956526
13000 0.69829834
13100 0.6105131
13200 0.6767292
13300 0.7992733
13400 0.75692135
13500 0.9074651
13600 0.872673
13700 0.7141961
13800 0.53477335
13900 0.8654101
14000 1.1455932
14100 0.5154044
14200 0.92105126
14300 0.8327324
14400 0.57037884
14500 0.8202032
14600 0.62149686
14700 0.68345654
14800 0.5969448
14900 0.9725339
15000 0.8841064
15100 0.73458093
15200 0.85060596
15300 1.066513
15400 0.8415943
15500 0.48032814
15600 0.44281334
15700 0.6187943
15800 0.6853914
15900 0.5596603
16000 0.78704363
16100 0.86174285
16200 0.65570307
16300 0.55195755
16400 0.47149348
16500 1.0085487
16600 0.56238276
16700 0.4391955
16800 0.6479287
16900 0.5823125
17000 0.6251008
17100 0.44606864
17200 0.76539505
17300 0.58929557
17400 0.5383389
17500 0.5507348
17600 0.7334231
17700 0.51133347
17800 0.59972423
17900 0.6124351
18000 0.73720896
18100 0.53759545
18200 0.97486913
