0 9.584312
100 3.3968072
200 4.2587285
300 4.6588364
400 3.6110132
500 3.5131612
600 3.1300173
700 4.0049424
800 3.4338875
900 3.9407456
1000 3.8055127
1100 3.89043
1200 3.4788523
1300 3.6624322
1400 3.119833
1500 3.593556
1600 3.480244
1700 3.1198955
1800 2.8314028
1900 3.1729417
2000 2.6617517
2100 3.3998451
2200 3.2283514
2300 2.56876
2400 3.0713606
2500 3.8301232
2600 4.355217
2700 4.0044284
2800 3.3539095
2900 4.1221056
3000 4.6230655
3100 3.597995
3200 3.9286022
3300 3.8845658
3400 3.98913
3500 3.4063163
3600 3.636141
3700 3.269054
3800 3.5820878
3900 3.9951909
4000 3.1866393
4100 3.8449798
4200 3.3358312
4300 3.3549337
4400 2.9129653
4500 3.1361415
4600 3.415783
4700 3.3814268
4800 3.2665968
4900 3.300007
5000 3.500712
5100 3.171058
5200 3.8981628
5300 3.9565067
5400 3.503505
5500 4.224327
5600 3.0796542
5700 2.9962702
5800 3.845893
5900 4.0997534
6000 3.6577635
6100 3.4636261
6200 3.0020835
6300 3.6675627
6400 3.1278338
6500 3.1106787
6600 3.1427128
6700 3.2280602
6800 3.1956606
6900 3.6675313
7000 3.300992
7100 3.673131
7200 3.3733244
7300 3.2871523
7400 3.481098
7500 3.1811652
7600 3.509214
7700 3.5858884
7800 2.8929634
7900 3.3029594
8000 3.7460136
8100 3.1804135
8200 3.5299978
8300 3.505441
8400 3.6308432
8500 3.275076
8600 2.572808
8700 3.043653
8800 3.0368228
8900 3.2098227
9000 3.230599
9100 2.984974
9200 3.4110544
9300 3.8351269
9400 3.4071996
9500 2.6214776
9600 3.3344243
9700 3.1575146
9800 3.32729
9900 3.7335606
10000 3.0403101
10100 3.4172673
10200 2.8780916
10300 2.875886
10400 2.9980874
10500 2.7165716
10600 3.273398
10700 3.1691494
10800 2.711238
10900 2.8344564
11000 2.8609533
11100 2.749733
11200 3.2685769
11300 3.3635945
11400 3.354511
11500 3.5335412
11600 2.8628774
11700 2.8733828
11800 3.408995
11900 3.321695
12000 2.5854597
12100 2.8837187
12200 3.0280964
12300 2.7179244
12400 3.1648343
12500 3.4952798
12600 3.0940568
12700 2.7840734
12800 3.2170334
12900 2.6736252
13000 3.036829
13100 3.0346398
13200 3.0105226
13300 3.269508
13400 2.8927298
13500 2.6592677
13600 2.7596223
13700 2.7706532
13800 2.9330044
13900 2.8396456
14000 3.1128242
14100 2.307507
14200 3.1829643
14300 2.6863356
14400 2.4274108
14500 3.1208854
14600 2.4755943
14700 2.5894392
14800 2.596733
14900 3.2519875
15000 3.118082
15100 2.632594
15200 2.9490523
15300 3.3983417
15400 2.8789034
15500 2.625792
15600 2.6162086
15700 2.5842485
15800 2.8116405
15900 2.5583935
16000 3.2346454
16100 3.1166997
16200 2.871375
16300 2.5019765
16400 2.5528283
16500 3.0726354
16600 2.4389734
16700 2.4593756
16800 2.7003107
16900 2.5941148
17000 2.5319505
17100 2.5725126
17200 2.4443967
17300 2.7945676
17400 2.3186493
17500 3.0147047
17600 2.8810918
17700 2.3677225
17800 2.7558613
17900 2.7111723
18000 2.839145
18100 2.7919543
18200 2.7499776
