0 0.0625
100 0.28125
200 0.34375
300 0.40625
400 0.5625
500 0.25
600 0.53125
700 0.5625
800 0.5625
900 0.40625
1000 0.46875
1100 0.53125
1200 0.28125
1300 0.375
1400 0.5
1500 0.5
1600 0.5
1700 0.5
1800 0.53125
1900 0.40625
2000 0.59375
2100 0.4375
2200 0.5625
2300 0.46875
2400 0.59375
2500 0.4375
2600 0.5625
2700 0.625
2800 0.71875
2900 0.53125
3000 0.5625
3100 0.46875
3200 0.375
3300 0.59375
3400 0.6875
3500 0.34375
3600 0.40625
3700 0.59375
3800 0.40625
3900 0.46875
4000 0.59375
4100 0.5625
4200 0.5
4300 0.65625
4400 0.53125
4500 0.625
4600 0.5
4700 0.53125
4800 0.53125
4900 0.4375
5000 0.46875
5100 0.375
5200 0.65625
5300 0.5
5400 0.5625
5500 0.65625
5600 0.625
5700 0.59375
5800 0.78125
5900 0.59375
6000 0.4375
6100 0.53125
6200 0.59375
6300 0.5625
6400 0.53125
6500 0.5
6600 0.53125
6700 0.625
6800 0.5625
6900 0.59375
7000 0.5
7100 0.625
7200 0.65625
7300 0.5
7400 0.78125
7500 0.59375
7600 0.59375
7700 0.53125
7800 0.65625
7900 0.53125
8000 0.5625
8100 0.65625
8200 0.625
8300 0.59375
8400 0.625
8500 0.65625
8600 0.625
8700 0.65625
8800 0.40625
8900 0.78125
9000 0.59375
9100 0.59375
9200 0.53125
9300 0.71875
9400 0.65625
9500 0.625
9600 0.625
9700 0.625
9800 0.53125
9900 0.59375
10000 0.625
10100 0.625
10200 0.59375
10300 0.84375
10400 0.65625
10500 0.59375
10600 0.65625
10700 0.5625
10800 0.53125
10900 0.6875
11000 0.6875
11100 0.625
11200 0.71875
11300 0.59375
11400 0.84375
11500 0.625
11600 0.6875
11700 0.625
11800 0.53125
11900 0.65625
12000 0.375
12100 0.65625
12200 0.53125
12300 0.65625
12400 0.84375
12500 0.6875
12600 0.59375
12700 0.53125
12800 0.53125
12900 0.625
13000 0.75
13100 0.65625
13200 0.75
13300 0.6875
13400 0.59375
13500 0.78125
13600 0.75
13700 0.6875
13800 0.5
13900 0.6875
14000 0.71875
14100 0.65625
14200 0.71875
14300 0.71875
14400 0.6875
14500 0.625
14600 0.71875
14700 0.6875
14800 0.625
14900 0.5625
15000 0.71875
15100 0.71875
15200 0.625
15300 0.5625
15400 0.6875
15500 0.65625
15600 0.75
15700 0.71875
15800 0.75
15900 0.6875
16000 0.71875
16100 0.8125
16200 0.59375
16300 0.65625
16400 0.75
16500 0.8125
16600 0.78125
16700 0.6875
16800 0.71875
16900 0.8125
17000 0.8125
17100 0.6875
17200 0.6875
17300 0.625
17400 0.71875
17500 0.75
17600 0.78125
17700 0.8125
17800 0.625
17900 0.625
18000 0.625
18100 0.71875
18200 0.78125
18300 0.6875
18400 0.71875
18500 0.6875
18600 0.875
18700 0.6875
18800 0.78125
18900 0.6875
19000 0.75
19100 0.625
19200 0.84375
19300 0.75
19400 0.6875
19500 0.78125
19600 0.59375
19700 0.71875
19800 0.6875
19900 0.75
20000 0.75
20100 0.71875
20200 0.84375
20300 0.6875
20400 0.875
20500 0.71875
20600 0.78125
20700 0.8125
20800 0.75
20900 0.6875
21000 0.8125
21100 0.625
21200 0.71875
21300 0.6875
21400 0.6875
21500 0.71875
21600 0.90625
21700 0.71875
21800 0.78125
21900 0.71875
22000 0.78125
22100 0.78125
22200 0.75
22300 0.78125
22400 0.6875
22500 0.78125
22600 0.875
22700 0.75
22800 0.65625
22900 0.71875
23000 0.75
23100 0.71875
23200 0.90625
23300 0.90625
23400 0.875
23500 0.8125
23600 0.71875
23700 0.9375
23800 0.75
23900 0.78125
24000 0.75
24100 0.6875
24200 0.875
24300 0.78125
24400 0.65625
24500 0.71875
24600 0.8125
24700 0.78125
24800 0.6875
24900 0.6875
25000 0.84375
25100 0.6875
25200 0.71875
25300 0.78125
25400 0.625
25500 0.71875
25600 0.78125
25700 0.8125
25800 0.78125
25900 0.78125
26000 0.8125
26100 0.78125
26200 0.90625
26300 0.875
26400 0.75
26500 0.75
26600 0.6875
26700 0.8125
26800 0.71875
26900 0.71875
27000 0.6875
27100 0.6875
27200 0.8125
27300 0.75
27400 0.8125
27500 0.65625
27600 0.71875
27700 0.75
27800 0.78125
27900 0.75
28000 0.78125
28100 0.6875
28200 0.6875
28300 0.8125
28400 0.71875
28500 0.625
28600 0.84375
28700 0.6875
28800 0.78125
28900 0.78125
29000 0.8125
29100 0.78125
29200 0.78125
29300 0.84375
29400 0.8125
29500 0.75
29600 0.84375
29700 0.84375
29800 0.71875
29900 0.90625
