0 3.32193
100 3.02224
200 2.45503
300 2.47923
400 2.17132
500 2.7722
600 2.12305
700 1.80609
800 2.08351
900 2.57457
1000 1.75902
1100 1.88439
1200 2.44116
1300 2.17949
1400 1.88029
1500 1.80057
1600 1.99005
1700 2.0652
1800 2.36765
1900 2.40353
2000 2.15611
2100 2.10291
2200 1.79131
2300 1.97084
2400 2.00898
2500 2.46382
2600 1.79358
2700 1.90108
2800 1.69144
2900 1.74231
3000 1.95241
3100 2.16437
3200 2.12324
3300 1.72036
3400 1.65955
3500 2.11795
3600 2.22864
3700 1.64247
3800 2.23928
3900 2.2402
4000 1.83544
4100 1.75659
4200 1.82652
4300 1.59933
4400 1.80791
4500 2.07492
4600 1.87684
4700 1.89059
4800 1.92614
4900 2.39199
5000 1.89529
5100 2.04763
5200 1.66139
5300 2.04934
5400 2.17118
5500 1.56242
5600 1.65404
5700 1.73314
5800 1.18793
5900 1.63898
6000 1.75903
6100 2.00564
6200 1.59152
6300 1.88702
6400 1.58165
6500 1.92203
6600 1.93296
6700 1.82387
6800 1.73584
6900 1.93556
7000 1.69969
7100 1.58346
7200 1.69276
7300 1.96804
7400 1.13989
7500 1.44668
7600 1.67572
7700 1.61941
7800 1.56171
7900 1.91887
8000 2.11502
8100 1.319
8200 1.62857
8300 1.61044
8400 1.58806
8500 1.52037
8600 1.6251
8700 1.67272
8800 1.77817
8900 1.04336
9000 1.80406
9100 1.87583
9200 1.97769
9300 1.30408
9400 1.2729
9500 1.73036
9600 1.57368
9700 1.66027
9800 2.10825
9900 1.81712
10000 2.28499
10100 1.4846
10200 1.37862
10300 1.05362
10400 1.37838
10500 1.72199
10600 1.3207
10700 1.45248
10800 1.75294
10900 1.43927
11000 1.73845
11100 1.69827
11200 1.44516
11300 1.73739
11400 1.02189
11500 1.4552
11600 1.52872
11700 1.24706
11800 1.93813
11900 1.76218
12000 2.45827
12100 1.70318
12200 2.00453
12300 1.30446
12400 1.26696
12500 1.12605
12600 1.47537
12700 1.95307
12800 1.58682
12900 1.30557
13000 1.20477
13100 1.59018
13200 1.16999
13300 1.31942
13400 1.77298
13500 1.19488
13600 1.26947
13700 1.2558
13800 2.11117
13900 1.47864
14000 1.10195
14100 1.29335
14200 1.02189
14300 1.25675
14400 1.1464
14500 1.62171
14600 1.27646
14700 1.38554
14800 1.50107
14900 1.59499
15000 1.26149
15100 1.37429
15200 1.36981
15300 2.01483
15400 1.27636
15500 1.46689
15600 1.09967
15700 1.06651
15800 1.12003
15900 1.31754
16000 1.35574
16100 0.907991
16200 1.71321
16300 1.36104
16400 0.960755
16500 1.22618
16600 1.11041
16700 1.39754
16800 1.25109
16900 1.11293
17000 0.86456
17100 1.44256
17200 1.27179
17300 1.20667
17400 1.09
17500 1.09043
17600 1.09437
17700 0.966545
17800 1.32951
17900 1.63398
18000 1.69254
18100 1.12372
18200 1.16569
18300 1.41857
18400 1.13663
18500 1.23783
18600 0.830168
18700 1.07898
18800 0.967584
18900 1.20419
19000 1.17149
19100 1.50982
19200 0.981786
19300 1.1991
19400 1.41522
19500 1.0969
19600 1.42906
19700 1.25365
19800 1.25082
19900 1.41516
20000 1.01127
20100 1.21166
20200 0.966113
20300 1.65557
20400 1.02462
20500 1.31096
20600 1.02211
20700 1.41291
20800 1.19423
20900 1.24821
21000 1.31749
21100 1.40304
21200 0.967917
21300 1.07162
21400 1.45136
21500 1.11981
21600 0.82713
21700 1.199
21800 1.14166
21900 1.24573
22000 1.01681
22100 1.03922
22200 0.928022
22300 1.05092
22400 0.99197
22500 1.24111
22600 0.640991
22700 1.21288
22800 1.29966
22900 1.03008
23000 1.22122
23100 1.11852
23200 0.823587
23300 0.674979
23400 0.62274
23500 0.971854
23600 1.20349
23700 0.668432
23800 1.1439
23900 1.11041
24000 1.10398
24100 1.23482
24200 0.909126
24300 1.13939
24400 1.63267
24500 1.31748
24600 0.873742
24700 1.06586
24800 1.02085
24900 1.05933
25000 0.756929
25100 0.94386
25200 1.22836
25300 1.02242
25400 1.11546
25500 1.19691
25600 0.993651
25700 1.02248
25800 1.05587
25900 1.04688
26000 1.12742
26100 1.08419
26200 0.654801
26300 0.715017
26400 0.785911
26500 1.17572
26600 1.26845
26700 0.84988
26800 0.990554
26900 1.28951
27000 1.00801
27100 1.19881
27200 0.890152
27300 1.17728
27400 0.873936
27500 1.01402
27600 1.20284
27700 1.17422
27800 0.997651
27900 1.35464
28000 1.16389
28100 1.23905
28200 1.05895
28300 1.16667
28400 1.15425
28500 1.5353
28600 1.54073
28700 1.06996
28800 0.916429
28900 0.896278
29000 0.951073
29100 0.859837
29200 0.939765
29300 0.887862
29400 1.01323
29500 1.02729
29600 0.942028
29700 0.818141
29800 1.09556
29900 0.605549
