0 2.30259
100 2.09486
200 1.70169
300 1.71847
400 1.50504
500 1.92154
600 1.47159
700 1.25189
800 1.44418
900 1.78456
1000 1.21926
1100 1.30616
1200 1.69208
1300 1.51071
1400 1.30332
1500 1.24806
1600 1.3794
1700 1.43149
1800 1.64113
1900 1.666
2000 1.4945
2100 1.45763
2200 1.24164
2300 1.36609
2400 1.39252
2500 1.70779
2600 1.24321
2700 1.31773
2800 1.17242
2900 1.20768
3000 1.35331
3100 1.50023
3200 1.47172
3300 1.19246
3400 1.15031
3500 1.46805
3600 1.54478
3700 1.13848
3800 1.55215
3900 1.55279
4000 1.27223
4100 1.21757
4200 1.26605
4300 1.10857
4400 1.25315
4500 1.43822
4600 1.30093
4700 1.31045
4800 1.3351
4900 1.658
5000 1.31372
5100 1.41931
5200 1.15159
5300 1.42049
5400 1.50495
5500 1.08299
5600 1.14649
5700 1.20132
5800 0.823414
5900 1.13606
6000 1.21927
6100 1.39021
6200 1.10315
6300 1.30798
6400 1.09632
6500 1.33225
6600 1.33982
6700 1.26421
6800 1.20319
6900 1.34163
7000 1.17814
7100 1.09757
7200 1.17333
7300 1.36414
7400 0.790112
7500 1.00276
7600 1.16152
7700 1.12249
7800 1.08249
7900 1.33006
8000 1.46602
8100 0.914259
8200 1.12884
8300 1.11627
8400 1.10076
8500 1.05384
8600 1.12644
8700 1.15944
8800 1.23253
8900 0.723205
9000 1.25048
9100 1.30023
9200 1.37083
9300 0.903919
9400 0.882305
9500 1.1994
9600 1.09079
9700 1.15081
9800 1.46133
9900 1.25953
10000 1.58383
10100 1.02905
10200 0.95559
10300 0.730312
10400 0.955417
10500 1.1936
10600 0.915441
10700 1.00678
10800 1.21505
10900 0.997625
11000 1.205
11100 1.17715
11200 1.00171
11300 1.20427
11400 0.708319
11500 1.00867
11600 1.05963
11700 0.864397
11800 1.34341
11900 1.22145
12000 1.70394
12100 1.18055
12200 1.38943
12300 0.90418
12400 0.878188
12500 0.780516
12600 1.02265
12700 1.35377
12800 1.0999
12900 0.904951
13000 0.835082
13100 1.10223
13200 0.810972
13300 0.914549
13400 1.22894
13500 0.828224
13600 0.879928
13700 0.870456
13800 1.46335
13900 1.02492
14000 0.763812
14100 0.896479
14200 0.708319
14300 0.871114
14400 0.794624
14500 1.12408
14600 0.884774
14700 0.960386
14800 1.04046
14900 1.10556
15000 0.874399
15100 0.952584
15200 0.949482
15300 1.39657
15400 0.884704
15500 1.01677
15600 0.762231
15700 0.739246
15800 0.776344
15900 0.913246
16000 0.939726
16100 0.629372
16200 1.18751
16300 0.943398
16400 0.665944
16500 0.849926
16600 0.76968
16700 0.968704
16800 0.867187
16900 0.771428
17000 0.599267
17100 0.999909
17200 0.881536
17300 0.836397
17400 0.755527
17500 0.755831
17600 0.758563
17700 0.669958
17800 0.921543
17900 1.13259
18000 1.17318
18100 0.778907
18200 0.807994
18300 0.983276
18400 0.787855
18500 0.857996
18600 0.575428
18700 0.747894
18800 0.670678
18900 0.834683
19000 0.812018
19100 1.04653
19200 0.680522
19300 0.83115
19400 0.980955
19500 0.760314
19600 0.99055
19700 0.868966
19800 0.867
19900 0.980916
20000 0.700958
20100 0.839856
20200 0.669658
20300 1.14755
20400 0.710213
20500 0.908685
20600 0.708469
20700 0.979355
20800 0.827779
20900 0.86519
21000 0.913212
21100 0.972513
21200 0.670909
21300 0.74279
21400 1.006
21500 0.77619
21600 0.573323
21700 0.831082
21800 0.791339
21900 0.863473
22000 0.704798
22100 0.720335
22200 0.643256
22300 0.72844
22400 0.687581
22500 0.860272
22600 0.444301
22700 0.840705
22800 0.900859
22900 0.713995
23000 0.846484
23100 0.775299
23200 0.570867
23300 0.467859
23400 0.431651
23500 0.673638
23600 0.834197
23700 0.463322
23800 0.792892
23900 0.769674
24000 0.765218
24100 0.855914
24200 0.630158
24300 0.789765
24400 1.13168
24500 0.91321
24600 0.605631
24700 0.738798
24800 0.707602
24900 0.734269
25000 0.524664
25100 0.654234
25200 0.851436
25300 0.708688
25400 0.773176
25500 0.829638
25600 0.688747
25700 0.70873
25800 0.731876
25900 0.725645
26000 0.78147
26100 0.751502
26200 0.453873
26300 0.495612
26400 0.544752
26500 0.814945
26600 0.879225
26700 0.589092
26800 0.6866
26900 0.893817
27000 0.698703
27100 0.830951
27200 0.617006
27300 0.816027
27400 0.605766
27500 0.702867
27600 0.833745
27700 0.813907
27800 0.691519
27900 0.938962
28000 0.806747
28100 0.858841
28200 0.734008
28300 0.808677
28400 0.800067
28500 1.06419
28600 1.06795
28700 0.741637
28800 0.63522
28900 0.621253
29000 0.659234
29100 0.595993
29200 0.651395
29300 0.615419
29400 0.702315
29500 0.712064
29600 0.652964
29700 0.567092
29800 0.759384
29900 0.419734
