0 10.0
100 7.01719
200 5.75655
300 5.9129
400 5.53125
500 5.34419
600 5.85428
700 5.72132
800 5.2087
900 5.49998
1000 5.14956
1100 4.2348
1200 5.51532
1300 4.97763
1400 4.87365
1500 4.4679
1600 4.88719
1700 4.93435
1800 4.71531
1900 5.63623
2000 5.03419
2100 4.70981
2200 4.71009
2300 4.27271
2400 4.96743
2500 4.97339
2600 4.63374
2700 4.11175
2800 4.46862
2900 4.64778
3000 4.4548
3100 4.84949
3200 4.52992
3300 4.74238
3400 4.24817
3500 4.7311
3600 4.86783
3700 4.48603
3800 4.45589
3900 5.3988
4000 4.42986
4100 5.09559
4200 4.61598
4300 4.11624
4400 4.97778
4500 4.0101
4600 4.25235
4700 4.51023
4800 4.11027
4900 4.66674
5000 4.16146
5100 4.29817
5200 4.29447
5300 4.40659
5400 4.46211
5500 4.04152
5600 4.29692
5700 4.65181
5800 3.91901
5900 4.2827
6000 3.74805
6100 4.45908
6200 4.58441
6300 4.12883
6400 3.87361
6500 3.75374
6600 4.26403
6700 4.65338
6800 3.84565
6900 4.64056
7000 4.36175
7100 4.09534
7200 4.04265
7300 3.67543
7400 3.3376
7500 3.59996
7600 4.12387
7700 4.31607
7800 4.22016
7900 4.00924
8000 3.76369
8100 3.84175
8200 3.81925
8300 4.02746
8400 3.76039
8500 4.15207
8600 3.51457
8700 3.87989
8800 3.92481
8900 3.11277
9000 4.11221
9100 3.9425
9200 4.08118
9300 3.50235
9400 3.64085
9500 4.19191
9600 3.6548
9700 3.72859
9800 3.64663
9900 4.11701
10000 3.74822
10100 3.66559
10200 3.70849
10300 3.78263
10400 3.24476
10500 3.74016
10600 3.3437
10700 3.70485
10800 3.73176
10900 3.06069
11000 3.88296
11100 3.38365
11200 3.80155
11300 3.7869
11400 3.55984
11500 3.74717
11600 3.72818
11700 3.15552
11800 3.82859
11900 4.10919
12000 3.69053
12100 4.35652
12200 3.59774
12300 3.77639
12400 3.07471
12500 3.21065
12600 3.34924
12700 4.38306
12800 4.19352
12900 3.38415
13000 2.91268
13100 3.041
13200 3.66469
13300 3.2845
13400 3.50856
13500 3.54442
13600 3.47043
13700 3.18454
13800 3.61273
13900 3.16624
14000 3.1115
14100 3.6533
14200 3.16819
14300 3.43389
14400 2.89265
14500 3.67544
14600 3.75259
14700 3.16513
14800 3.05362
14900 3.26025
15000 2.93021
15100 3.49939
15200 3.27496
15300 3.63561
15400 3.69365
15500 3.19361
15600 3.46729
15700 3.11719
15800 2.92552
15900 3.52779
16000 3.77556
16100 2.66598
16200 2.82269
16300 3.19155
16400 3.04951
16500 2.95154
16600 3.06508
16700 3.43252
16800 3.84735
16900 3.02147
17000 3.21948
17100 3.36309
17200 2.88944
17300 2.9551
17400 3.40976
17500 2.9591
17600 2.9065
17700 3.00291
17800 3.1769
17900 3.0546
18000 2.9934
18100 3.0368
18200 3.16885
18300 2.99618
18400 2.99793
18500 3.44094
18600 2.73604
18700 2.90406
18800 2.67714
18900 2.9945
19000 3.87386
19100 3.27759
19200 3.01203
19300 3.35467
19400 3.78756
19500 3.47464
19600 3.31032
19700 2.96684
19800 2.79587
19900 2.8258
20000 3.26969
20100 3.4334
20200 3.07396
20300 3.12716
20400 3.14958
20500 3.38697
20600 3.13401
20700 3.36405
20800 3.25217
20900 3.27218
21000 3.18338
21100 3.36331
21200 3.34222
21300 3.30845
21400 3.08173
21500 3.14139
21600 2.70642
21700 3.2031
21800 3.17076
21900 3.55501
22000 3.16327
22100 3.33528
22200 2.8851
22300 3.12773
22400 3.23465
22500 2.89259
22600 2.66821
22700 3.5273
22800 3.26867
22900 3.06376
23000 3.42744
23100 3.51977
23200 3.16057
23300 2.85691
23400 2.50019
23500 3.12128
23600 3.48529
23700 2.63157
23800 3.10336
23900 2.57384
24000 3.2522
24100 3.69236
24200 2.99443
24300 3.20228
24400 3.32036
24500 3.30383
24600 3.12092
24700 3.07619
24800 3.09483
24900 3.08325
25000 2.52826
25100 2.76463
25200 3.01192
25300 2.94512
25400 3.32856
25500 3.31872
25600 2.9649
25700 3.21284
25800 3.23315
25900 2.82348
26000 3.18059
26100 3.35323
26200 2.65362
26300 2.38073
26400 2.72149
26500 3.03157
26600 3.513
26700 3.00428
26800 3.15224
26900 3.10858
27000 2.8632
27100 3.52825
27200 2.98313
27300 3.3809
27400 2.99998
27500 3.14873
27600 3.43037
27700 3.34789
27800 3.03698
27900 3.1023
28000 3.07175
28100 3.04078
28200 2.94739
28300 3.7032
28400 3.46519
28500 2.86269
28600 3.4642
28700 3.28781
28800 2.98919
28900 2.98011
29000 3.06797
29100 2.67254
29200 3.12884
29300 3.04741
29400 3.19513
29500 3.07784
29600 2.61319
29700 2.87198
29800 3.02503
29900 2.49848
