0 3.311444
100 2.1644607
200 2.0013711
300 1.7161508
400 1.810309
500 1.6314281
600 1.5581849
700 1.7053068
800 1.7728924
900 1.8128319
1000 1.6867386
1100 1.8628135
1200 1.7205656
1300 1.8259178
1400 1.6034279
1500 1.5472099
1600 1.6349875
1700 1.8036236
1800 1.6094881
1900 1.5924765
2000 1.5855767
2100 1.6304371
2200 1.6928772
2300 1.4498408
2400 1.5142052
2500 1.742309
2600 1.5968497
2700 1.5634956
2800 1.6209271
2900 1.5161214
3000 1.6066132
3100 1.6971318
3200 1.6538897
3300 1.3335942
3400 1.5719107
3500 1.6635618
3600 1.681008
3700 1.5823494
3800 1.6774101
3900 1.7247822
4000 1.5289162
4100 1.5798491
4200 1.4997032
4300 1.3484275
4400 1.5327762
4500 1.5708152
4600 1.3750987
4700 1.4764978
4800 1.2994807
4900 1.4483677
5000 1.2725508
5100 1.621086
5200 1.7377737
5300 1.6980258
5400 1.4725574
5500 1.3401752
5600 1.5347302
5700 1.4582611
5800 1.6005236
5900 1.5772561
6000 1.6661538
6100 1.6048272
6200 1.5780219
6300 1.5939884
6400 1.6484448
6500 1.574839
6600 1.3338993
6700 1.4930775
6800 1.601409
6900 1.4296185
7000 1.5889161
7100 1.5235047
7200 1.5171419
7300 1.6010916
7400 1.6779243
7500 1.5736159
7600 1.7210723
7700 1.3875831
7800 1.3691354
7900 1.5248402
8000 1.4509029
8100 1.4270028
8200 1.5124031
8300 1.4718639
8400 1.3975301
8500 1.6491252
8600 1.3984672
8700 1.4510965
8800 1.7251525
8900 1.5833158
9000 1.5433577
9100 1.5807953
9200 1.6020038
9300 1.6216465
9400 1.7138108
9500 1.4885297
9600 1.3879315
9700 1.3699973
9800 1.4511077
9900 1.570812
10000 1.5942178
10100 1.5133396
10200 1.29401
10300 1.2914872
10400 1.5361693
10500 1.65362
10600 1.5492232
10700 1.605698
10800 1.3141308
10900 1.4960551
11000 1.4469675
11100 1.5100876
11200 1.5193255
11300 1.7534962
11400 1.625953
11500 1.6253173
11600 1.5202205
11700 1.6195574
11800 1.6153606
11900 1.5332487
12000 1.5081812
12100 1.5206035
12200 1.4641085
12300 1.4857495
12400 1.5909679
12500 1.7089351
12600 1.5143392
12700 1.423249
12800 1.6127224
12900 1.6523123
13000 1.7241722
13100 1.645881
13200 1.3659713
13300 1.6304941
13400 1.606176
13500 1.5400112
13600 1.5276736
13700 1.5980824
13800 1.5596309
13900 1.6162301
14000 1.4625369
14100 1.5093203
14200 1.6868815
14300 1.4760292
14400 1.5995427
14500 1.7894318
14600 1.6041114
14700 1.5028924
14800 1.4475615
14900 1.5031939
15000 1.579904
15100 1.5302444
15200 1.308491
15300 1.4421306
15400 1.547513
15500 1.6952647
15600 1.4968772
15700 1.4741025
15800 1.731381
15900 1.6026517
16000 1.3675227
16100 1.5471009
16200 1.5385201
16300 1.8695279
16400 1.4784324
16500 1.5487099
16600 1.4262646
16700 1.5989664
16800 1.5098397
16900 1.6260315
17000 1.5244263
17100 1.438169
17200 1.4987935
17300 1.5815694
17400 1.5019066
17500 1.4342585
17600 1.3116468
17700 1.447453
17800 1.5596331
17900 1.5733289
18000 1.5561441
18100 1.6531416
18200 1.4583547
18300 1.6350462
18400 1.6237929
