0 26.344627
100 10.474405
200 8.451086
300 8.158932
400 7.4610705
500 7.2478113
600 6.944624
700 7.121958
800 7.393996
900 7.6015167
1000 6.5650554
1100 7.240113
1200 7.539696
1300 6.909972
1400 7.1349807
1500 6.6749926
1600 6.982472
1700 7.2425504
1800 6.5061436
1900 6.556814
2000 6.7193093
2100 6.8444138
2200 6.560698
2300 6.284504
2400 6.600437
2500 6.9701066
2600 6.4021
2700 6.5680027
2800 6.4250855
2900 6.4357743
3000 6.595169
3100 6.2381167
3200 6.448014
3300 6.0599146
3400 6.670619
3500 6.5711827
3600 6.1588163
3700 6.2489276
3800 6.825142
3900 6.4912395
4000 6.5780416
4100 6.5924435
4200 6.2042937
4300 6.204688
4400 6.3066206
4500 6.5052743
4600 5.70687
4700 6.0131083
4800 5.8770547
4900 6.2234526
5000 6.0552177
5100 6.709834
5200 6.4215927
5300 6.581779
5400 6.195052
5500 6.0037313
5600 6.207377
5700 6.5278583
5800 6.3295355
5900 6.022337
6000 6.9092507
6100 6.4432545
6200 6.486577
6300 6.056088
6400 6.5975695
6500 6.108646
6600 5.9199834
6700 6.61187
6800 6.510821
6900 6.4802265
7000 6.4892993
7100 6.1204386
7200 6.48899
7300 6.3529115
7400 6.221327
7500 6.2467203
7600 6.868946
7700 6.319972
7800 6.024784
7900 6.230353
8000 5.9233775
8100 6.2022295
8200 6.009072
8300 6.191234
8400 5.789483
8500 6.407433
8600 6.0730667
8700 6.56899
8800 6.417233
8900 6.1914735
9000 6.587081
9100 6.0308294
9200 6.413552
9300 6.609563
9400 6.5276427
9500 6.126707
9600 6.051558
9700 6.2435493
9800 5.9888473
9900 6.5617404
10000 6.334693
10100 6.1689844
10200 6.203024
10300 5.5647473
10400 6.3632855
10500 6.7227
10600 6.7310476
10700 6.552271
10800 5.9720173
10900 6.5676227
11000 6.175349
11100 6.3573265
11200 6.407106
11300 6.502017
11400 6.387885
11500 6.4801626
11600 6.0607514
11700 6.702906
11800 6.324585
11900 6.1560845
12000 6.2823496
12100 6.2740364
12200 5.7681785
12300 6.271496
12400 5.927887
12500 6.596274
12600 6.019904
12700 5.5825157
12800 6.304437
12900 6.2896404
13000 6.7280293
13100 6.348333
13200 5.958831
13300 6.565324
13400 6.347258
13500 6.578532
13600 6.08584
13700 6.2564077
13800 6.439908
13900 5.955879
14000 6.102639
14100 6.091254
14200 6.757182
14300 6.4277334
14400 5.681589
14500 6.671463
14600 6.192832
14700 6.1529145
14800 6.4516454
14900 6.326359
15000 6.3794374
15100 5.5417967
15200 5.9124937
15300 5.788175
15400 6.7411537
15500 6.722816
15600 6.1776342
15700 6.2720532
15800 7.020535
15900 6.6864066
16000 5.9187613
16100 6.272738
16200 6.1197515
16300 7.278468
16400 6.1292667
16500 6.5275702
16600 5.942126
16700 6.162597
16800 6.7233214
16900 7.05556
17000 6.125134
17100 6.3616433
17200 6.3007555
17300 6.77491
17400 6.6810207
17500 6.021759
17600 5.946884
17700 6.2879076
17800 6.587822
17900 6.237649
18000 5.8863077
18100 6.2253685
18200 6.1451864
18300 6.4551253
18400 6.350639
