0 3.3217545
100 0.666148
200 0.5610258
300 0.23483934
400 0.54874635
500 0.6422666
600 0.06084818
700 0.22895177
800 0.37472805
900 0.1558739
1000 0.061423935
1100 0.32273516
1200 0.04350286
1300 0.17016092
1400 0.10692108
1500 0.3206471
1600 0.18766452
1700 0.050406486
1800 0.05437302
1900 0.80949885
2000 0.09816754
2100 0.099918544
2200 0.073398456
2300 0.042573243
2400 0.24276847
2500 0.52609575
2600 0.16963193
2700 0.2416803
2800 0.04456779
2900 0.30804673
3000 0.2514719
3100 0.02167767
3200 0.03309768
3300 0.36100549
3400 0.002811601
3500 0.010134791
3600 0.0075459247
3700 0.43850684
3800 0.3704575
3900 0.00088029314
4000 0.16127849
4100 0.0146065485
4200 0.18931144
4300 0.016442737
4400 0.004617119
4500 0.003521748
4600 0.15944004
4700 0.0050799632
4800 0.45055386
4900 0.052916776
5000 0.027319938
5100 0.09412484
5200 0.013189807
5300 0.014599413
5400 0.020212099
5500 0.009473282
5600 0.16235885
5700 0.043512147
5800 0.02890409
5900 0.017907312
6000 0.00022030555
6100 0.004466976
6200 0.0047950535
6300 0.0013418393
6400 0.10166439
6500 0.0018665732
6600 0.1369946
6700 0.030592388
6800 0.013214753
6900 0.0015346899
7000 0.0012108922
7100 0.0002298998
7200 0.0054923603
7300 0.009439724
7400 0.022820164
7500 0.065350175
7600 0.015686465
7700 0.048925575
7800 0.0025813598
7900 0.013233774
8000 0.028849488
8100 0.015093852
8200 0.0034447222
8300 0.013800858
8400 0.04703128
8500 0.0019188711
8600 0.0054825144
8700 0.029641388
8800 0.00069626264
8900 0.1909086
9000 0.0010650432
9100 0.029762173
9200 0.0004960469
9300 0.00047042765
9400 0.0020729178
9500 0.11009988
9600 0.091507755
9700 0.0050340025
9800 0.0025860823
9900 0.0003986273
10000 0.0015754882
10100 0.0025560579
10200 0.00015558754
10300 0.0016881793
10400 0.015249968
10500 0.053085987
10600 0.014838302
10700 0.034109898
10800 0.13321215
10900 0.04659935
11000 0.01991586
11100 0.023373604
11200 0.0099766
11300 0.0031585658
11400 0.0005380951
11500 0.040827796
11600 0.0003651275
11700 0.010315442
11800 0.010151207
11900 0.013049887
12000 0.001703475
12100 0.0028726053
12200 0.001145194
12300 0.0019187209
12400 0.0010743306
12500 0.0001450942
12600 0.00086886476
12700 0.002321272
12800 0.0002821176
12900 0.00037917958
13000 0.0047356044
13100 0.0017385086
13200 0.0005055427
13300 0.008923576
13400 0.0037905348
13500 0.00067863165
13600 0.0030022478
13700 0.006763729
13800 0.0027986467
13900 0.006658986
14000 0.0051840013
14100 0.0005396317
14200 0.0066801305
14300 0.002184304
14400 0.0040289396
14500 0.0005741015
14600 0.00032738238
14700 0.00010995323
14800 0.0023567213
14900 0.10778255
15000 0.008348039
15100 0.0033458043
15200 0.0007535548
15300 0.019893948
15400 0.0012778881
15500 0.0023836745
15600 0.006953542
15700 6.172199e-05
15800 0.0009085308
15900 0.0018041363
16000 0.0015621824
16100 0.0019858708
16200 0.0003789189
16300 0.0013246778
16400 0.00079880527
16500 0.0017776337
16600 0.012277879
