0 2.3024647
100 0.46173862
200 0.38887346
300 0.16277823
400 0.38036197
500 0.44518524
600 0.042176746
700 0.15869728
800 0.2597417
900 0.10804355
1000 0.04257583
1100 0.22370297
1200 0.030153884
1300 0.11794656
1400 0.07411204
1500 0.22225562
1600 0.13007914
1700 0.034939114
1800 0.037688505
1900 0.56110185
2000 0.06804455
2100 0.06925826
2200 0.050875932
2300 0.029509524
2400 0.16827428
2500 0.36466178
2600 0.11757989
2700 0.16752002
2800 0.030892037
2900 0.21352172
3000 0.17430705
3100 0.015025816
3200 0.022941563
3300 0.25022992
3400 0.0019488533
3500 0.007024902
3600 0.0052304366
3700 0.30394977
3800 0.25678158
3900 0.0006101727
4000 0.111789726
4100 0.010124488
4200 0.1312207
4300 0.011397237
4400 0.003200343
4500 0.0024410896
4600 0.110515416
4700 0.0035211623
4800 0.31230015
4900 0.036679115
5000 0.018936738
5100 0.065242365
5200 0.009142477
5300 0.010119542
5400 0.01400996
5500 0.0065663788
5600 0.112538576
5700 0.03016032
5800 0.020034788
5900 0.012412403
6000 0.00015270417
6100 0.003096272
6200 0.003323678
6300 0.0009300921
6400 0.07046838
6500 0.00129381
6600 0.094957426
6700 0.021205027
6800 0.009159769
6900 0.001063766
7000 0.00083932653
7100 0.0001593544
7200 0.003807014
7300 0.0065431176
7400 0.015817732
7500 0.04529729
7600 0.010873029
7700 0.033912625
7800 0.0017892623
7900 0.009172954
8000 0.019996941
8100 0.010462261
8200 0.0023876994
8300 0.009566026
8400 0.0325996
8500 0.0013300601
8600 0.0038001894
8700 0.020545844
8800 0.0004826125
8900 0.13232775
9000 0.0007382317
9100 0.020629566
9200 0.0003438335
9300 0.0003260756
9400 0.0014368371
9500 0.076315425
9600 0.06342834
9700 0.0034893046
9800 0.0017925357
9900 0.0002763074
10000 0.0010920452
10100 0.0017717243
10200 0.000107845066
10300 0.0011701568
10400 0.010570472
10500 0.036796402
10600 0.010285127
10700 0.023643179
10800 0.09233563
10900 0.032300208
11000 0.013804622
11100 0.016201347
11200 0.006915252
11300 0.002189351
11400 0.0003729791
11500 0.02829967
11600 0.00025308708
11700 0.0071501196
11800 0.007036281
11900 0.009045492
12000 0.0011807589
12100 0.0019911383
12200 0.00079378806
12300 0.001329956
12400 0.00074466923
12500 0.00010057164
12600 0.00060225115
12700 0.001608983
12800 0.00019554903
12900 0.00026282726
13000 0.0032824709
13100 0.0012050424
13200 0.00035041547
13300 0.0061853514
13400 0.0026273986
13500 0.00047039162
13600 0.0020809995
13700 0.0046882597
13800 0.001939874
13900 0.0046156575
14000 0.003593276
14100 0.0003740442
14200 0.0046303137
14300 0.0015140441
14400 0.002792648
14500 0.00039793685
14600 0.00022692418
14700 7.621377e-05
14800 0.0016335547
14900 0.07470917
15000 0.00578642
15100 0.0023191348
15200 0.0005223244
15300 0.013789434
15400 0.0008857645
15500 0.0016522373
15600 0.004819828
15700 4.2782427e-05
15800 0.00062974554
15900 0.001250532
16000 0.0010828223
16100 0.0013765007
16200 0.00026264656
16300 0.0009181967
16400 0.0005536896
16500 0.0012321618
16600 0.008510377
