0 9.999992
100 2.0949273
200 1.5353596
300 1.3044679
400 1.3153942
500 1.3610704
600 1.145941
700 1.3230376
800 1.2332861
900 1.4305245
1000 1.1327541
1100 1.2555705
1200 1.1390862
1300 1.214397
1400 1.1192206
1500 1.1896331
1600 1.2074018
1700 1.1624484
1800 1.0754728
1900 1.087589
2000 1.1687678
2100 1.0962547
2200 1.1031251
2300 1.0743027
2400 1.1442361
2500 1.0545564
2600 1.0385555
2700 1.1511537
2800 1.1285025
2900 1.0845852
3000 1.0933144
3100 1.0816853
3200 1.0915539
3300 1.0237426
3400 1.0132468
3500 1.0345626
3600 1.0270423
3700 1.0698594
3800 1.0941024
3900 1.0048655
4000 1.1372538
4100 1.0415609
4200 1.0985101
4300 1.0450929
4400 1.018737
4500 1.0147767
4600 1.0483634
4700 1.0178095
4800 1.0614071
4900 1.0741162
5000 1.0437407
5100 1.1457839
5200 1.0384667
5300 1.0353258
5400 1.0630841
5500 1.032248
5600 1.1202083
5700 1.0939813
5800 1.078166
5900 1.04175
6000 1.0013094
6100 1.0156109
6200 1.0170898
6300 1.0068007
6400 1.125015
6500 1.0082166
6600 1.0629706
6700 1.0722773
6800 1.0434608
6900 1.0069029
7000 1.0050509
7100 1.0011594
7200 1.0207918
7300 1.0241023
7400 1.0591342
7500 1.0801033
7600 1.040248
7700 1.0974027
7800 1.0108614
7900 1.0451568
8000 1.0712487
8100 1.0405511
8200 1.01259
8300 1.0283767
8400 1.0900757
8500 1.0076665
8600 1.0197968
8700 1.0380716
8800 1.0034828
8900 1.01454
9000 1.0044582
9100 1.0561068
9200 1.0022068
9300 1.0023823
9400 1.0081592
9500 1.0482161
9600 1.023215
9700 1.0169291
9800 1.0102136
9900 1.0021803
10000 1.0055659
10100 1.0095925
10200 1.0009568
10300 1.0062805
10400 1.0412343
10500 1.0449102
10600 1.0416449
10700 1.0498663
10800 1.0486338
10900 1.0400336
11000 1.0380752
11100 1.053915
11200 1.0273247
11300 1.0104738
11400 1.0027955
11500 1.0736473
11600 1.0019923
11700 1.0293206
11800 1.0304441
11900 1.0394611
12000 1.0064733
12100 1.0111707
12200 1.0048733
12300 1.0075619
12400 1.0048709
12500 1.0008307
12600 1.0037577
12700 1.0077325
12800 1.0016668
12900 1.002096
13000 1.016798
13100 1.0066806
13200 1.0025173
13300 1.0346305
13400 1.0146724
13500 1.0030141
13600 1.0120313
13700 1.0229151
13800 1.0100362
13900 1.0162646
14000 1.0149636
14100 1.0024897
14200 1.0250671
14300 1.008213
14400 1.0116819
14500 1.0026101
14600 1.0019186
14700 1.0006585
14800 1.009599
14900 1.0240095
15000 1.0253842
15100 1.0128126
15200 1.003701
15300 1.0305794
15400 1.005461
15500 1.0094099
15600 1.0242763
15700 1.0004356
15800 1.0038291
15900 1.0079892
16000 1.0060973
16100 1.007203
16200 1.0019736
16300 1.0053709
16400 1.0033724
16500 1.0071746
16600 1.0279903
