0 0.028125003
100 0.36249998
200 0.421875
300 0.45000002
400 0.4125
500 0.490625
600 0.5125
700 0.471875
800 0.45
900 0.49375
1000 0.5
1100 0.440625
1200 0.48125005
1300 0.47499996
1400 0.521875
1500 0.49375
1600 0.44375002
1700 0.45937502
1800 0.503125
1900 0.5
2000 0.515625
2100 0.503125
2200 0.49375004
2300 0.55312496
2400 0.515625
2500 0.44375
2600 0.49687502
2700 0.50625
2800 0.546875
2900 0.50625
3000 0.48125002
3100 0.50937504
3200 0.4875
3300 0.57812506
3400 0.525
3500 0.509375
3600 0.51875
3700 0.515625
3800 0.48125
3900 0.47500002
4000 0.51875
4100 0.5375
4200 0.55
4300 0.56875
4400 0.5625
4500 0.50624996
4600 0.5562501
4700 0.553125
4800 0.603125
4900 0.52500004
5000 0.6875
5100 0.528125
5200 0.48125002
5300 0.51875
5400 0.57187504
5500 0.621875
5600 0.56875
5700 0.55625
5800 0.5
5900 0.49375
6000 0.49062505
6100 0.515625
6200 0.53437495
6300 0.5625
6400 0.50625
6500 0.553125
6600 0.61249995
6700 0.5375
6800 0.471875
6900 0.559375
7000 0.528125
7100 0.5125
7200 0.57500005
7300 0.5625
7400 0.52187496
7500 0.51874995
7600 0.49687502
7700 0.55937505
7800 0.5968751
7900 0.56875
8000 0.590625
8100 0.565625
8200 0.578125
8300 0.584375
8400 0.55
8500 0.509375
8600 0.57812494
8700 0.56874996
8800 0.5375
8900 0.528125
9000 0.565625
9100 0.553125
9200 0.5125
9300 0.54375005
9400 0.49687505
9500 0.546875
9600 0.62187505
9700 0.60937506
9800 0.55625
9900 0.546875
10000 0.55625004
10100 0.53125006
10200 0.6125
10300 0.621875
10400 0.50625
10500 0.51875
10600 0.546875
10700 0.49375
10800 0.615625
10900 0.584375
11000 0.571875
11100 0.565625
11200 0.48437503
11300 0.51250005
11400 0.54375
11500 0.521875
11600 0.546875
11700 0.503125
11800 0.52187496
11900 0.528125
12000 0.56875
12100 0.503125
12200 0.5625
12300 0.58125
12400 0.540625
12500 0.496875
12600 0.55312496
12700 0.578125
12800 0.575
12900 0.54062504
13000 0.51250005
13100 0.534375
13200 0.59375
13300 0.53125
13400 0.5375
13500 0.55625004
13600 0.53125
13700 0.52812505
13800 0.525
13900 0.528125
14000 0.57187504
14100 0.546875
14200 0.484375
14300 0.58437496
14400 0.546875
14500 0.51875
14600 0.575
14700 0.57187504
14800 0.55937505
14900 0.559375
15000 0.546875
15100 0.55937505
15200 0.5968751
15300 0.546875
15400 0.50937504
15500 0.54062504
15600 0.55625004
15700 0.565625
15800 0.496875
15900 0.515625
16000 0.57187504
16100 0.571875
16200 0.578125
16300 0.50625
16400 0.59062505
16500 0.553125
16600 0.6125
16700 0.52812505
16800 0.55625
16900 0.49687502
17000 0.55625
17100 0.58437496
17200 0.5531251
17300 0.55625
17400 0.546875
17500 0.57187504
17600 0.61249995
17700 0.565625
17800 0.55
17900 0.50625
18000 0.5625
18100 0.52500004
18200 0.6
18300 0.503125
18400 0.54375
18500 0.59687495
18600 0.528125
18700 0.55625004
18800 0.58125
18900 0.60625
19000 0.575
19100 0.55625004
19200 0.578125
19300 0.5625
19400 0.525
19500 0.55937505
19600 0.55625004
19700 0.5625
19800 0.6
19900 0.59062505
20000 0.525
20100 0.54999995
20200 0.521875
20300 0.571875
20400 0.540625
20500 0.553125
20600 0.52187496
20700 0.56875
20800 0.54375005
20900 0.525
21000 0.58125
21100 0.575
21200 0.559375
21300 0.54375
21400 0.55
21500 0.59062505
21600 0.48437503
21700 0.62499994
21800 0.58750004
21900 0.59375
22000 0.56249994
22100 0.5375
22200 0.55312496
22300 0.55625
22400 0.509375
22500 0.55625004
22600 0.59999996
22700 0.52500004
22800 0.58124995
22900 0.52187496
23000 0.47812504
23100 0.61562496
23200 0.54062504
23300 0.534375
23400 0.59999996
23500 0.584375
23600 0.52500004
23700 0.55625004
23800 0.590625
23900 0.553125
24000 0.515625
24100 0.565625
24200 0.55625004
24300 0.60625005
24400 0.509375
24500 0.59375006
24600 0.55
24700 0.56875
24800 0.54375
24900 0.50625
25000 0.57500005
25100 0.5375
25200 0.584375
25300 0.596875
25400 0.60625
25500 0.56875
25600 0.571875
25700 0.53125006
25800 0.553125
25900 0.54687506
26000 0.50625
26100 0.575
26200 0.540625
26300 0.57187504
26400 0.53749996
26500 0.55312496
26600 0.553125
26700 0.55
26800 0.60625
26900 0.55625004
27000 0.55625
27100 0.603125
27200 0.55
27300 0.59999996
27400 0.54375
27500 0.58125
27600 0.55
27700 0.565625
27800 0.56875
27900 0.59375
28000 0.590625
28100 0.52812505
28200 0.478125
28300 0.5875
28400 0.471875
28500 0.546875
28600 0.521875
28700 0.590625
28800 0.55625004
28900 0.46250004
29000 0.54375005
29100 0.5625
29200 0.57812506
29300 0.54375
29400 0.578125
29500 0.54375005
29600 0.51875
29700 0.61875
29800 0.5812501
29900 0.584375
30000 0.534375
30100 0.596875
30200 0.54062504
30300 0.565625
30400 0.515625
30500 0.53125
30600 0.51875
30700 0.540625
30800 0.5
30900 0.546875
31000 0.515625
31100 0.55625004
31200 0.55625
31300 0.49687502
31400 0.565625
31500 0.5625
31600 0.54687506
31700 0.58125
31800 0.53749996
31900 0.56874996
32000 0.55625
32100 0.525
32200 0.5375
32300 0.5875
32400 0.56875
32500 0.60625
32600 0.578125
32700 0.484375
32800 0.553125
32900 0.565625
33000 0.56562495
33100 0.51874995
33200 0.58437496
33300 0.553125
33400 0.5625
33500 0.515625
33600 0.515625
33700 0.49062502
33800 0.56875
33900 0.6
34000 0.54375
34100 0.5749999
34200 0.584375
34300 0.57500005
34400 0.559375
34500 0.578125
34600 0.546875
34700 0.553125
34800 0.5500001
34900 0.575
35000 0.5875
35100 0.6
35200 0.565625
35300 0.5625
35400 0.565625
35500 0.596875
35600 0.58125
35700 0.584375
35800 0.57812494
35900 0.53125
36000 0.565625
36100 0.60937506
36200 0.54375005
36300 0.578125
36400 0.53125
36500 0.5875
36600 0.51874995
36700 0.6
36800 0.5875
36900 0.59375
37000 0.60625
37100 0.575
37200 0.628125
37300 0.55625004
37400 0.565625
37500 0.5875
37600 0.57500005
37700 0.54375
37800 0.609375
37900 0.57187504
38000 0.54999995
38100 0.496875
38200 0.55
38300 0.55312496
38400 0.5625
38500 0.51875
38600 0.540625
38700 0.528125
38800 0.503125
38900 0.525
39000 0.54375
39100 0.60312504
39200 0.546875
39300 0.4875
39400 0.5375
39500 0.56875
39600 0.54375005
39700 0.59375
39800 0.528125
39900 0.559375
40000 0.57500005
40100 0.528125
40200 0.57500005
40300 0.553125
40400 0.5375
40500 0.56875
