0 4.8053093
100 3.14345
200 2.8644156
300 2.5073948
400 2.66303
500 2.412906
600 2.2507472
700 2.4745708
800 2.5518594
900 2.533868
1000 2.3276877
1100 2.6913326
1200 2.4934263
1300 2.5447404
1400 2.3175967
1500 2.2776096
1600 2.4452596
1700 2.5386763
1800 2.3185956
1900 2.216831
2000 2.2135193
2100 2.3821445
2200 2.3821473
2300 2.0965004
2400 2.183634
2500 2.5955563
2600 2.288359
2700 2.285267
2800 2.3251855
2900 2.1621473
3000 2.3551695
3100 2.327179
3200 2.3644297
3300 1.8997766
3400 2.3059926
3500 2.2927158
3600 2.4164715
3700 2.2022645
3800 2.3947384
3900 2.525899
4000 2.286408
4100 2.268604
4200 2.1044369
4300 1.9412588
4400 2.181351
4500 2.2373435
4600 1.9410564
4700 2.0999682
4800 1.8748211
4900 2.126071
5000 1.7614717
5100 2.236336
5200 2.4914367
5300 2.2688606
5400 2.0159485
5500 1.9412093
5600 2.185017
5700 2.0357
5800 2.2204132
5900 2.2349942
6000 2.368208
6100 2.2614243
6200 2.2138233
6300 2.269664
6400 2.3060331
6500 2.1733336
6600 1.7793788
6700 2.1362991
6800 2.300871
6900 2.0209823
7000 2.263344
7100 2.0935905
7200 2.0328405
7300 2.2245982
7400 2.267715
7500 2.2503016
7600 2.465305
7700 2.006446
7800 1.9061497
7900 2.062799
8000 2.0017622
8100 2.0235467
8200 2.1043406
8300 2.0256207
8400 1.9675483
8500 2.2520642
8600 2.001876
8700 2.0696301
8800 2.4425433
8900 2.2365477
9000 2.0765436
9100 2.1628015
9200 2.1579306
9300 2.214596
9400 2.4563994
9500 2.119475
9600 2.0027153
9700 1.8694012
9800 2.0884569
9900 2.2952838
10000 2.172305
10100 2.07222
10200 1.8230941
10300 1.8026711
10400 2.179014
10500 2.3414776
10600 2.159431
10700 2.3003318
10800 1.9227345
10900 2.071543
11000 2.031183
11100 2.1578097
11200 2.2066855
11300 2.3989465
11400 2.230819
11500 2.311636
11600 2.1810944
11700 2.2770343
11800 2.3444402
11900 2.1662102
12000 2.0434377
12100 2.1674833
12200 2.0502653
12300 2.0320823
12400 2.2081378
12500 2.344465
12600 2.1473033
12700 1.9276193
12800 2.1347404
12900 2.3311775
13000 2.3361208
13100 2.2652924
13200 1.8695384
13300 2.3462758
13400 2.1901836
13500 2.0960302
13600 2.123361
13700 2.2375715
13800 2.1701915
13900 2.1573772
14000 2.032295
14100 2.0912275
14200 2.3744624
14300 2.0193772
14400 2.1872551
14500 2.4121785
14600 2.1024213
14700 2.0252001
14800 2.0560188
14900 2.1427708
15000 2.1044085
15100 2.0858896
15200 1.808084
15300 2.0808342
15400 2.1848931
15500 2.3714368
15600 2.0892038
15700 2.1050868
15800 2.5744746
15900 2.280744
16000 1.9622908
16100 2.0802794
16200 2.2472363
16300 2.620821
16400 2.1430614
16500 2.121916
16600 1.9708735
16700 2.331641
16800 2.0654566
16900 2.3181045
17000 2.0555587
17100 2.0146549
17200 2.0606363
17300 2.097654
17400 2.103019
17500 1.8677233
17600 1.8282077
17700 1.9318011
17800 2.2139523
17900 2.219973
18000 2.1502743
18100 2.257976
18200 2.0886269
18300 2.3423612
18400 2.181854
18500 1.8949448
18600 2.1542792
18700 2.2352302
18800 1.9346848
18900 1.8528135
19000 1.9444172
19100 2.065009
19200 2.0102773
19300 2.1876504
19400 2.160245
19500 2.1860232
19600 2.0970004
19700 2.059441
19800 1.8092369
19900 1.9302489
20000 2.216817
20100 2.0868495
20200 2.1124933
20300 1.933156
20400 1.9934372
20500 2.0618455
20600 2.2538583
20700 1.8988893
20800 2.0924613
20900 2.17882
21000 2.0138974
21100 2.1147702
21200 2.1197774
21300 2.051949
21400 2.0333495
21500 1.8817117
21600 2.246779
21700 1.8565049
21800 2.0182662
21900 1.9133776
22000 2.2092586
22100 2.0421784
22200 2.0832865
22300 2.0403342
22400 2.1553707
22500 1.9595329
22600 1.9008049
22700 2.138977
22800 1.9187839
22900 2.309503
23000 2.4802167
23100 1.8708242
23200 2.178743
23300 2.1717882
23400 1.8435364
23500 1.887619
23600 2.2632232
23700 2.0176606
23800 2.0787396
23900 1.965628
24000 2.2255065
24100 2.0964055
24200 2.0121813
24300 2.035194
24400 2.306439
24500 1.8275667
24600 2.0970922
24700 1.985408
24800 2.019369
24900 2.1866908
25000 1.97481
25100 2.124941
25200 1.9673959
25300 1.9045234
25400 1.9322066
25500 2.1230488
25600 2.0746148
25700 2.2118878
25800 2.0301793
25900 2.1029515
26000 2.2086127
26100 2.0748246
26200 2.056381
26300 2.0264347
26400 2.1320767
26500 1.9852859
26600 2.1681519
26700 2.1262999
26800 1.9354889
26900 2.1897407
27000 2.1133873
27100 1.9396449
27200 2.1441362
27300 1.9669333
27400 2.1984203
27500 2.0531373
27600 2.2800071
27700 1.9397027
27800 2.1296244
27900 2.037665
28000 1.9794893
28100 2.1178982
28200 2.3574815
28300 1.915888
28400 2.5194764
28500 2.057188
28600 2.1974995
28700 1.9212294
28800 2.2929804
28900 2.5373871
29000 1.9601362
29100 2.1495383
29200 1.9714929
29300 2.081343
29400 1.9007944
29500 2.1850693
29600 2.2746234
29700 1.7938917
29800 2.0740395
29900 1.9768071
30000 2.1957605
30100 1.8853959
30200 2.114339
30300 1.9176004
30400 2.3083797
30500 2.1630943
30600 2.1022737
30700 2.2220173
30800 2.3704362
30900 2.0093346
31000 2.2682223
31100 1.9972448
31200 2.1580281
31300 2.2484155
31400 2.115985
31500 2.063894
31600 2.1794722
31700 1.9655383
31800 2.1384044
31900 2.033883
32000 2.16427
32100 2.3492231
32200 2.194934
32300 1.905004
32400 2.005994
32500 1.9267892
32600 1.8713421
32700 2.354458
32800 2.1132364
32900 2.0999956
33000 1.9289429
33100 2.212138
33200 1.9257379
33300 2.0919857
33400 2.0293849
33500 2.2621303
33600 2.1681042
33700 2.2881796
33800 2.0546787
33900 2.0620394
34000 2.1314178
34100 1.9705571
34200 1.9451643
34300 2.021943
34400 1.9718175
34500 1.9809474
34600 2.1223474
34700 2.06462
34800 2.079619
34900 2.0323176
35000 1.994638
35100 1.872878
35200 1.9706285
35300 1.9590714
35400 2.1084619
35500 1.8960754
35600 1.8612403
35700 1.9423971
35800 2.0179021
35900 2.2395635
36000 2.1047013
36100 1.8310872
36200 2.0248578
36300 2.033076
36400 2.1955175
36500 1.9013033
36600 2.331234
36700 1.9674884
36800 1.8400834
36900 1.9153126
37000 1.8455496
37100 1.9960028
37200 1.7283459
37300 2.0184858
37400 1.9863567
37500 1.9495937
37600 1.9229274
37700 2.2077432
37800 1.833571
37900 1.9694729
38000 2.1074996
38100 2.3638856
38200 2.192597
38300 2.019144
38400 2.0705237
38500 2.2643304
38600 2.2920616
38700 2.2122211
38800 2.4366472
38900 2.3155925
39000 2.1366463
39100 1.8209364
39200 2.1787822
39300 2.3614643
39400 2.166067
39500 2.1512678
39600 2.1053574
39700 1.8738204
39800 2.139882
39900 2.0944443
40000 2.0515254
40100 2.3273516
40200 2.093439
40300 2.0622292
40400 2.123854
40500 1.9464858
