0 3.3307867
100 2.1788735
200 1.9854616
300 1.7379936
400 1.8458717
500 1.672499
600 1.560099
700 1.7152417
800 1.7688142
900 1.7563435
1000 1.6134301
1100 1.8654896
1200 1.7283114
1300 1.7638797
1400 1.6064355
1500 1.5787187
1600 1.6949247
1700 1.7596763
1800 1.607128
1900 1.5365901
2000 1.5342947
2100 1.6511767
2200 1.6511787
2300 1.4531834
2400 1.5135797
2500 1.7991025
2600 1.5861696
2700 1.5840265
2800 1.6116958
2900 1.4986863
3000 1.6324792
3100 1.6130775
3200 1.6388978
3300 1.3168248
3400 1.5983922
3500 1.5891894
3600 1.6749704
3700 1.5264934
3800 1.6599061
3900 1.7508197
4000 1.5848172
4100 1.5724765
4200 1.4586844
4300 1.3455781
4400 1.5119973
4500 1.5508083
4600 1.3454378
4700 1.455587
4800 1.2995269
4900 1.4736801
5000 1.2209592
5100 1.55011
5200 1.7269324
5300 1.5726544
5400 1.3973491
5500 1.3455437
5600 1.5145385
5700 1.4110398
5800 1.5390732
5900 1.5491799
6000 1.6415167
6100 1.5674999
6200 1.5345054
6300 1.5732112
6400 1.5984204
6500 1.5064402
6600 1.2333714
6700 1.4807698
6800 1.5948422
6900 1.4008381
7000 1.5688305
7100 1.4511664
7200 1.4090577
7300 1.541974
7400 1.5718603
7500 1.5597901
7600 1.7088193
7700 1.3907623
7800 1.3212423
7900 1.4298233
8000 1.3875158
8100 1.4026157
8200 1.4586177
8300 1.4040532
8400 1.3638005
8500 1.5610119
8600 1.3875948
8700 1.4345583
8800 1.6930419
8900 1.5502567
9000 1.4393502
9100 1.4991398
9200 1.4957635
9300 1.535041
9400 1.7026464
9500 1.469108
9600 1.3881764
9700 1.2957702
9800 1.447608
9900 1.5909696
10000 1.5057272
10100 1.4363534
10200 1.2636726
10300 1.2495164
10400 1.5103774
10500 1.6229887
10600 1.4968035
10700 1.5944686
10800 1.332738
10900 1.4358842
11000 1.4079088
11100 1.4956797
11200 1.5295578
11300 1.6628231
11400 1.5462859
11500 1.602304
11600 1.5118194
11700 1.5783199
11800 1.6250422
11900 1.5015025
12000 1.4164032
12100 1.5023849
12200 1.4211355
12300 1.4085321
12400 1.5305644
12500 1.6250592
12600 1.4883972
12700 1.336124
12800 1.4796892
12900 1.615849
13000 1.6192756
13100 1.570181
13200 1.2958653
13300 1.6263144
13400 1.5181196
13500 1.4528575
13600 1.4718018
13700 1.5509664
13800 1.5042621
13900 1.4953799
14000 1.4086795
14100 1.4495285
14200 1.645852
14300 1.3997257
14400 1.5160897
14500 1.6719948
14600 1.4572873
14700 1.4037617
14800 1.4251237
14900 1.4852556
15000 1.4586648
15100 1.4458286
15200 1.2532684
15300 1.4423243
15400 1.5144525
15500 1.6437547
15600 1.4481257
15700 1.459135
15800 1.7844898
15900 1.5808914
16000 1.3601563
16100 1.4419398
16200 1.5576655
16300 1.8166147
16400 1.485457
16500 1.4708002
16600 1.3661054
16700 1.6161703
16800 1.4316654
16900 1.6067876
17000 1.4248047
17100 1.3964524
17200 1.4283242
17300 1.4539831
17400 1.4577017
17500 1.2946072
17600 1.267217
17700 1.3390225
17800 1.5345948
17900 1.538768
18000 1.4904566
18100 1.5651097
18200 1.4477259
18300 1.6236011
18400 1.5123459
18500 1.3134756
18600 1.4932326
18700 1.5493435
18800 1.3410213
18900 1.2842724
19000 1.3477674
19100 1.4313552
19200 1.3934181
19300 1.5163637
19400 1.4973676
19500 1.5152359
19600 1.4535298
19700 1.4274958
19800 1.2540674
19900 1.3379465
20000 1.5365803
20100 1.4464939
20200 1.4642688
20300 1.3399616
20400 1.3817453
20500 1.4291624
20600 1.5622556
20700 1.3162098
20800 1.4503837
20900 1.5102429
21000 1.3959273
21100 1.465847
21200 1.4693178
21300 1.4223026
21400 1.4094105
21500 1.3043032
21600 1.5573485
21700 1.2868311
21800 1.3989556
21900 1.3262523
22000 1.5313413
22100 1.4155302
22200 1.4440242
22300 1.4142519
22400 1.4939891
22500 1.3582447
22600 1.3175375
22700 1.4826258
22800 1.3299997
22900 1.6008255
23000 1.7191552
23100 1.2967565
23200 1.5101894
23300 1.5053688
23400 1.277842
23500 1.3083978
23600 1.5687468
23700 1.3985357
23800 1.4408726
23900 1.3624696
24000 1.5426036
24100 1.4531175
24200 1.3947378
24300 1.4106889
24400 1.5987017
24500 1.2667727
24600 1.4535935
24700 1.3761799
24800 1.3997198
24900 1.5156986
25000 1.368834
25100 1.4728969
25200 1.3636949
25300 1.320115
25400 1.3393036
25500 1.4715853
25600 1.4380133
25700 1.5331638
25800 1.4072131
25900 1.457655
26000 1.5308937
26100 1.4381588
26200 1.4253747
26300 1.4046175
26400 1.477843
26500 1.3760953
26600 1.5028484
26700 1.4738388
26800 1.3415787
26900 1.5178126
27000 1.4648885
27100 1.3444594
27200 1.486202
27300 1.3633742
27400 1.5238287
27500 1.4231263
27600 1.5803804
27700 1.3444995
27800 1.4761431
27900 1.4124017
28000 1.3720775
28100 1.4680152
28200 1.6340817
28300 1.3279923
28400 1.7463679
28500 1.4259341
28600 1.5231906
28700 1.3316947
28800 1.5893729
28900 1.7587827
29000 1.3586628
29100 1.4899464
29200 1.3665347
29300 1.442677
29400 1.3175303
29500 1.5145746
29600 1.5766488
29700 1.243431
29800 1.4376146
29900 1.3702183
30000 1.5219852
30100 1.3068569
30200 1.4655482
30300 1.3291793
30400 1.6000469
30500 1.4993427
30600 1.457185
30700 1.540185
30800 1.6430612
30900 1.3927646
31000 1.5722119
31100 1.3843846
31200 1.4958311
31300 1.5584829
31400 1.466689
31500 1.4305824
31600 1.510695
31700 1.3624073
31800 1.482229
31900 1.4097804
32000 1.5001576
32100 1.6283574
32200 1.5214123
32300 1.3204482
32400 1.3904492
32500 1.3355485
32600 1.2971154
32700 1.631986
32800 1.4647839
32900 1.455606
33000 1.3370414
33100 1.5333372
33200 1.3348198
33300 1.4500539
33400 1.4066625
33500 1.5679892
33600 1.5028152
33700 1.5860453
33800 1.4241948
33900 1.4292967
34000 1.4773862
34100 1.3658861
34200 1.3482852
34300 1.4015042
34400 1.3667598
34500 1.3730881
34600 1.4710991
34700 1.4310855
34800 1.4414821
34900 1.4086952
35000 1.3825777
35100 1.2981801
35200 1.3659356
35300 1.3579248
35400 1.4614744
35500 1.3142593
35600 1.2901134
35700 1.3463671
35800 1.3987032
35900 1.5523471
36000 1.4588678
36100 1.269213
36200 1.4035244
36300 1.4092209
36400 1.5218167
36500 1.317883
36600 1.6158882
36700 1.363759
36800 1.2754486
36900 1.3275936
37000 1.2792375
37100 1.3835237
37200 1.197998
37300 1.3991078
37400 1.3768376
37500 1.3513553
37600 1.3328717
37700 1.530291
37800 1.2709346
37900 1.3651346
38000 1.4608074
38100 1.6385207
38200 1.5197924
38300 1.399564
38400 1.4351777
38500 1.5695143
38600 1.588736
38700 1.5333948
38800 1.6889551
38900 1.6050465
39000 1.4810103
39100 1.262177
39200 1.5102168
39300 1.6368424
39400 1.5014031
39500 1.4911451
39600 1.4593226
39700 1.2988334
39800 1.4832532
39900 1.4517581
40000 1.422009
40100 1.6131972
40200 1.4510614
40300 1.4294283
40400 1.4721433
40500 1.3492011
