0 26.349215
100 10.334486
200 8.736725
300 8.136739
400 7.585826
500 7.1243596
600 7.154265
700 7.2458887
800 7.3816786
900 7.7231903
1000 6.5993156
1100 7.093571
1200 7.662676
1300 6.865195
1400 7.1314745
1500 6.7173786
1600 6.939314
1700 7.185789
1800 6.546667
1900 6.418171
2000 6.7916145
2100 6.8201675
2200 6.621908
2300 6.279614
2400 6.623319
2500 6.7592545
2600 6.678279
2700 6.6109447
2800 6.565817
2900 6.252578
3000 6.6376243
3100 6.2544413
3200 6.322866
3300 6.020274
3400 6.7448373
3500 6.4165
3600 6.043587
3700 6.2971916
3800 6.8845253
3900 6.427614
4000 6.5318055
4100 6.6174717
4200 6.141215
4300 6.260606
4400 6.229285
4500 6.313617
4600 5.4271903
4700 5.9793406
4800 5.8983135
4900 6.0199556
5000 6.0267096
5100 6.5369673
5200 6.455281
5300 6.3764257
5400 6.0684714
5500 5.973967
5600 6.252578
5700 6.691053
5800 6.1357946
5900 5.8445787
6000 6.915846
6100 6.5230165
6200 6.278931
6300 6.0040627
6400 6.48531
6500 6.183026
6600 5.877588
6700 6.523387
6800 6.4154634
6900 6.563823
7000 6.5053306
7100 6.4050136
7200 6.358614
7300 6.4049144
7400 6.2259483
7500 6.0928364
7600 6.748089
7700 6.2506537
7800 5.989905
7900 6.1250825
8000 5.801736
8100 6.0946555
8200 6.0703526
8300 6.0914617
8400 5.6927137
8500 6.506092
8600 6.262943
8700 6.363664
8800 6.277811
8900 6.2455697
9000 6.434771
9100 5.827029
9200 6.257423
9300 6.455095
9400 6.4916778
9500 6.334092
9600 5.925769
9700 6.03279
9800 5.6697
9900 6.472172
10000 6.3247523
10100 6.0214443
10200 6.229
10300 5.4440093
10400 6.2791853
10500 6.5899024
10600 6.666597
10700 6.4713874
10800 5.7408056
10900 6.415309
11000 6.082062
11100 6.2529836
11200 6.27323
11300 6.465525
11400 6.1899886
11500 6.4191647
11600 5.8570647
11700 6.50683
11800 6.1543818
11900 6.0036955
12000 6.0613766
12100 6.306041
12200 5.768985
12300 6.153187
12400 6.024645
12500 6.762664
12600 6.074517
12700 5.60935
12800 6.23403
12900 6.3326554
13000 6.7641335
13100 6.2923303
13200 5.9286966
13300 6.5779467
13400 6.3779154
13500 6.372346
13600 6.1338906
13700 6.219734
13800 6.2786493
13900 6.0413365
14000 5.8971596
14100 6.102921
14200 6.7899275
14300 6.343667
14400 5.689524
14500 6.572138
14600 6.213962
14700 5.998542
14800 6.1153107
14900 6.3443274
15000 6.3144293
15100 5.42368
15200 5.95217
15300 5.944237
15400 6.6935205
15500 6.5396953
15600 6.154309
15700 6.106127
15800 6.8676004
15900 6.750419
16000 5.88138
16100 6.032569
16200 6.3496103
16300 7.3066945
16400 6.1096234
16500 6.5919223
16600 5.8804846
16700 6.340662
16800 6.5208693
16900 7.0456705
17000 6.123109
17100 6.1779513
17200 5.9317207
17300 6.6291523
17400 6.471656
17500 5.988038
17600 5.801508
17700 6.1465635
17800 6.417653
17900 6.064703
18000 6.023242
18100 6.5164523
18200 6.1062922
18300 6.5966163
18400 6.2170773
18500 6.027766
18600 6.2309623
18700 6.137931
18800 6.1514697
18900 5.711829
19000 6.184576
19100 6.240432
19200 6.4173164
19300 6.459954
19400 6.547012
19500 6.58664
19600 5.6844807
19700 6.2886586
19800 5.7299414
19900 6.499035
20000 6.628571
20100 6.5272164
20200 6.38676
20300 5.8918667
20400 6.0726337
20500 6.209814
20600 6.451786
20700 6.062181
20800 5.9408216
20900 6.3955154
21000 6.3714237
21100 5.9635806
21200 6.418845
21300 6.183115
21400 6.278544
21500 6.03042
21600 6.7477674
21700 5.790299
21800 6.2482004
21900 5.9226804
22000 6.4908376
22100 6.2662106
22200 6.3881564
22300 6.1818037
22400 6.586604
22500 6.141706
22600 6.1223645
22700 6.2726398
22800 6.056497
22900 6.442398
23000 6.327167
23100 6.078371
23200 6.6498413
23300 6.1335306
23400 5.646182
23500 5.925569
23600 6.377183
23700 6.3056717
23800 5.9745965
23900 6.1295295
24000 6.302337
24100 6.495975
24200 6.3054695
24300 6.5557637
24400 6.1805205
24500 6.1168346
24600 6.224969
24700 6.117162
24800 6.375925
24900 6.362022
25000 5.788582
25100 6.4499598
25200 5.637128
25300 5.9625473
25400 5.9167023
25500 6.349803
25600 6.1139684
25700 6.246494
25800 6.1843176
25900 6.480159
26000 6.3006163
26100 6.1567235
26200 5.9228106
26300 6.1541996
26400 6.2486725
26500 5.9840975
26600 6.1458488
26700 6.3678284
26800 6.387531
26900 6.1276546
27000 6.333715
27100 5.949459
27200 6.1388917
27300 6.3356676
27400 6.4247527
27500 6.2453084
27600 6.6477046
27700 6.0838094
27800 5.9271426
27900 6.006442
28000 6.386189
28100 6.6537886
28200 6.5166683
28300 6.10747
28400 7.1938343
28500 6.3129015
28600 6.330943
28700 6.0541883
28800 6.6624985
28900 6.8770213
29000 6.0101686
29100 6.3144255
29200 6.517666
29300 6.3427906
29400 6.09966
29500 6.1736417
29600 6.0036902
29700 6.058218
29800 6.3108416
29900 6.3253183
30000 6.6253967
30100 5.956763
30200 6.1681323
30300 5.972656
30400 6.4762673
30500 6.3076777
30600 6.4595275
30700 6.5452566
30800 6.588833
30900 6.0027895
31000 6.29208
31100 6.1290307
31200 6.5278764
31300 6.754641
31400 6.28277
31500 6.284298
31600 6.034524
31700 5.92791
31800 6.027172
31900 6.5498066
32000 6.401261
32100 6.0859013
32200 6.248241
32300 5.7047443
32400 6.213244
32500 5.773566
32600 6.0468016
32700 6.68581
32800 6.3158216
32900 6.1197066
33000 5.962407
33100 6.7175107
33200 5.9198456
33300 5.7595024
33400 6.2739453
33500 6.3031316
33600 6.433142
33700 6.671244
33800 5.874559
33900 5.9018574
34000 6.0205603
34100 6.151005
34200 5.960746
34300 5.979466
34400 5.791066
34500 5.9784007
34600 6.3659134
34700 6.1929293
34800 6.31161
34900 6.2195044
35000 6.0089574
35100 5.759268
35200 6.19971
35300 6.037422
35400 6.371868
35500 5.86396
35600 6.0906963
35700 5.710431
35800 6.2175226
35900 5.8075695
36000 5.8780932
36100 6.074176
36200 5.9809
36300 6.0773373
36400 6.537729
36500 6.0414004
36600 6.580313
36700 5.735749
36800 5.7001767
36900 6.0030413
37000 6.139991
37100 6.0283136
37200 5.557555
37300 6.2159224
37400 5.9682875
37500 6.2914124
37600 6.1238713
37700 6.140451
37800 5.7737837
37900 5.9281135
38000 6.0270634
38100 6.1363783
38200 6.2262545
38300 5.991864
38400 6.085268
38500 6.5398183
38600 6.346289
38700 6.448513
38800 6.27081
38900 6.3060164
39000 5.876438
39100 5.5888734
39200 6.414544
39300 6.261979
39400 5.9990463
39500 5.9499135
39600 6.370656
39700 6.059047
39800 6.1541424
39900 6.2973013
40000 5.9647264
40100 5.8992424
40200 6.0461607
40300 6.3208847
40400 6.475507
40500 6.1047387
