0 4.0281496
100 0.16573313
200 0.30619717
300 0.33366194
400 0.1920846
500 0.1793355
600 0.57944995
700 0.17389378
800 0.18113585
900 0.0654401
1000 0.11741972
1100 0.1348573
1200 0.014433306
1300 0.04534369
1400 0.052111425
1500 0.033838704
1600 0.025489122
1700 0.016487883
1800 0.019761607
1900 0.028279565
2000 0.013493854
2100 0.027400909
2200 0.048141766
2300 0.010792928
2400 0.08763967
2500 0.045833543
2600 0.017918922
2700 0.07207068
2800 0.0746396
2900 0.36097357
3000 0.014898813
3100 0.008096846
3200 0.035087973
3300 0.044748522
3400 0.02566737
3500 0.077424124
3600 0.01895801
3700 0.033911757
3800 0.025013845
3900 0.041835833
4000 0.007881422
4100 0.09145545
4200 0.013007007
4300 0.03554854
4400 0.057178706
4500 0.053893406
4600 0.09465484
4700 0.0075107655
4800 0.0054515083
4900 0.0071969763
5000 0.031496387
5100 0.007891681
5200 0.0027867567
5300 0.0034677132
5400 0.019311186
5500 0.02445392
5600 0.009846862
5700 0.00087216805
5800 0.022631971
5900 0.0024793816
6000 0.019628372
6100 0.0127492305
6200 0.009566498
6300 0.014107443
6400 0.050812833
6500 0.05907201
6600 0.01448809
6700 0.0048199766
6800 0.05395996
6900 0.007428437
7000 0.0036762855
7100 0.012018926
7200 0.0053598993
7300 0.012817478
7400 0.018994542
7500 0.0026597232
7600 0.0077735838
7700 0.007210288
7800 0.009864044
7900 0.042353936
8000 0.009623818
8100 0.019962708
8200 0.0005623066
8300 0.0012569644
8400 0.02655006
8500 0.0023547793
8600 0.019409891
8700 0.009756079
8800 0.0015809695
8900 0.0010440681
9000 0.004637998
9100 0.0011034677
9200 0.0024068817
9300 0.0013784866
9400 0.0033782828
9500 0.0037261785
9600 0.0050403043
9700 0.020384422
9800 0.00044247293
9900 0.012566621
10000 0.040761106
10100 0.0028432095
10200 0.0057384893
10300 0.004740675
10400 0.0064179655
10500 0.0023902636
10600 0.0040881825
10700 0.0016923671
10800 0.0022003034
10900 0.0027109315
11000 0.0018080694
11100 0.007707248
11200 0.0027201958
11300 0.0056930757
11400 0.00043809216
11500 0.005462815
11600 0.0041539557
11700 0.0002614735
11800 0.004594355
11900 0.002695043
12000 0.006993578
12100 0.0032969913
12200 0.0006215647
12300 0.0033758027
12400 0.0009810526
12500 0.0003283216
12600 0.002528192
12700 0.0038930054
12800 0.0026383009
12900 0.0009977834
13000 0.0039021836
13100 0.0023575649
13200 0.0022695446
13300 0.0057088532
13400 0.0022511622
13500 0.0036228923
13600 0.00066711626
13700 0.00968347
