0 3.6985445
100 1.6702731
200 1.453424
300 1.5792167
400 1.2437459
500 1.4335458
600 1.264379
700 1.3542457
800 1.237278
900 1.1918945
1000 1.1543632
1100 1.1614008
1200 1.0805093
1300 1.2127807
1400 1.2229209
1500 1.1534307
1600 1.1218615
1700 1.0717613
1800 1.1047127
1900 1.1279811
2000 1.0625489
2100 1.0919387
2200 1.1708772
2300 1.0569851
2400 1.1396296
2500 1.1297821
2600 1.0839078
2700 1.0873063
2800 1.0661249
2900 1.0956436
3000 1.0719197
3100 1.0478549
3200 1.0934883
3300 1.1116447
3400 1.1170964
3500 1.0464237
3600 1.0786245
3700 1.1299098
3800 1.0749551
3900 1.0642364
4000 1.0351812
4100 1.0280457
4200 1.0586267
4300 1.1511359
4400 1.1696022
4500 1.1382663
4600 1.0644372
4700 1.0399755
4800 1.0277429
4900 1.0364068
5000 1.0498888
5100 1.0425355
5200 1.0192068
5300 1.021789
5400 1.0665797
5500 1.085818
5600 1.042011
5700 1.0068984
5800 1.0703439
5900 1.0168233
6000 1.0703795
6100 1.0597848
6200 1.0478535
6300 1.0593174
6400 1.0654185
6500 1.124104
6600 1.0587933
6700 1.0237262
6800 1.1042726
6900 1.0350039
7000 1.0228728
7100 1.0599349
7200 1.0319083
7300 1.05017
7400 1.0890036
7500 1.015223
7600 1.0390121
7700 1.0323277
7800 1.0434058
7900 1.1550187
8000 1.0425942
8100 1.0679936
8200 1.0043945
8300 1.0088131
8400 1.0813425
8500 1.0142989
8600 1.0727949
8700 1.0456758
8800 1.009738
8900 1.0074706
9000 1.0245025
9100 1.0068444
9200 1.0134825
9300 1.0079751
9400 1.0206255
9500 1.0201381
9600 1.0247123
9700 1.0562775
9800 1.0031464
9900 1.0589839
10000 1.0821087
10100 1.0159284
10200 1.0259228
10300 1.025713
10400 1.0299649
10500 1.0156308
10600 1.0234051
10700 1.010418
10800 1.0121965
10900 1.0148991
11000 1.0096498
11100 1.0375838
11200 1.0164758
11300 1.0266039
11400 1.0032163
11500 1.021306
11600 1.0217962
11700 1.0021776
11800 1.0242443
11900 1.0149798
12000 1.0325654
12100 1.0191376
12200 1.0041862
12300 1.0201887
12400 1.0064113
12500 1.0026767
12600 1.0138264
12700 1.0201665
12800 1.0158738
12900 1.0067115
13000 1.0165426
13100 1.0138175
13200 1.0146126
13300 1.023195
13400 1.0138735
13500 1.0144316
13600 1.0049014
13700 1.0314907
