0 3.3202262
100 3.0709639
200 2.5548565
300 2.2694838
400 2.6690211
500 2.2702653
600 2.2911673
700 2.5501683
800 2.0646672
900 2.609999
1000 1.7818063
1100 2.2420688
1200 2.3014052
1300 2.4919903
1400 2.6536589
1500 2.225064
1600 2.4337053
1700 2.6107397
1800 2.1071618
1900 2.1842735
2000 1.8820288
2100 2.1544876
2200 1.927
2300 2.1993275
2400 2.195563
2500 1.7519195
2600 2.2286565
2700 2.7248948
2800 1.882531
2900 1.7050085
3000 2.277734
3100 1.2997141
3200 1.910162
3300 2.442394
3400 2.156324
3500 2.0297022
3600 1.4272089
3700 1.6885631
3800 1.8404311
3900 2.1426852
4000 1.7760272
4100 2.0301998
4200 1.8937988
4300 2.4582033
4400 2.2390428
4500 2.3753693
4600 1.9321487
4700 2.1833448
4800 2.007261
4900 1.7573266
5000 1.8783073
5100 2.2534082
5200 1.9930048
5300 1.9801785
5400 1.9049493
5500 2.3113728
5600 1.8812925
5700 1.3082362
5800 1.2199259
5900 1.5239007
6000 1.8372253
6100 1.9190973
6200 1.6734009
6300 1.8628688
6400 1.8429378
6500 1.6538204
6600 2.406103
6700 1.8329656
6800 1.6682663
6900 1.7993981
7000 1.5573196
7100 2.059604
7200 1.6899718
7300 1.6303885
7400 1.5529394
7500 1.7678981
7600 1.439583
7700 1.3060523
7800 1.506597
7900 1.1329346
8000 1.4741261
8100 1.9672999
8200 1.5749313
8300 2.1372485
8400 1.5797831
8500 1.5019795
8600 1.2055331
8700 1.1714135
8800 1.1575603
8900 1.8144933
9000 1.7034181
9100 1.8699892
9200 1.2542745
9300 1.5815786
9400 1.2436197
9500 1.0762626
9600 0.99680686
9700 1.6466441
9800 1.7745525
9900 1.3894941
10000 1.635426
10100 1.6175321
10200 1.1544306
10300 1.7479811
10400 1.8783346
10500 1.6012045
10600 1.6754942
10700 1.8612671
10800 1.5265497
10900 0.97500515
11000 1.0501903
11100 1.3875896
11200 1.5588946
11300 2.033638
11400 1.7780808
11500 1.6430806
11600 1.4835495
11700 1.4493549
11800 1.8506062
11900 1.4506781
12000 1.50997
12100 1.2647477
12200 1.4462905
12300 2.0241044
12400 1.6723238
12500 1.2266637
12600 1.2809179
12700 1.7651695
12800 1.6451173
12900 1.1560636
13000 1.4638789
13100 1.4924288
13200 1.893723
13300 1.5162957
13400 1.1407369
13500 1.8031834
13600 1.3014102
13700 1.5513445
13800 1.3242743
13900 1.0463301
14000 1.3244327
14100 1.7680295
14200 0.9185216
14300 1.5313776
14400 1.4693726
14500 1.3364567
14600 1.3527116
14700 1.2798394
14800 1.4252944
14900 1.5345908
15000 1.4922438
15100 1.1971627
15200 1.139385
15300 1.7930428
15400 1.202913
15500 1.3572264
15600 1.2577207
15700 1.3882974
15800 1.3886391
15900 1.2824476
16000 1.487146
16100 0.9828995
16200 1.0279529
16300 1.4351692
16400 1.468441
16500 1.268687
16600 1.1064544
16700 1.1316481
16800 1.8908782
16900 1.1835395
17000 0.87967163
17100 1.0864311
17200 1.1103535
17300 1.4296018
17400 0.95949364
17500 1.2200286
17600 1.1186378
17700 0.92036724
17800 1.6610479
17900 1.5901691
18000 0.70606905
18100 1.0363445
18200 1.1087577
18300 1.2580985
18400 0.9509048
18500 1.4720922
18600 1.2677824
18700 1.1826687
18800 0.9220949
18900 1.1718485
19000 1.1068804
19100 0.95698285
19200 1.3204919
19300 1.3363074
19400 0.931149
19500 1.6749735
19600 1.321601
19700 1.1201018
19800 1.0515239
19900 0.9048403
20000 0.766256
20100 1.1045443
20200 1.2929095
20300 1.4070551
20400 0.90501356
20500 0.99289143
20600 1.148295
20700 0.90056366
20800 1.1042039
20900 1.2654297
21000 1.0802554
21100 0.84762233
21200 1.586291
21300 1.3114357
21400 0.81227666
21500 0.9689317
21600 1.1005785
21700 0.93256414
21800 1.0227697
21900 0.97246164
22000 0.95751584
22100 1.0752794
22200 1.5199642
22300 1.1717526
22400 0.6541699
22500 1.323879
22600 1.5504525
22700 0.5326243
22800 1.2619144
22900 1.442507
23000 0.73962504
23100 1.4091605
23200 0.8899752
23300 1.3296568
23400 1.1242243
23500 1.0965021
23600 0.73443574
23700 1.1222427
23800 0.7760887
23900 0.63009673
24000 1.1207556
24100 1.1080151
24200 1.02999
24300 1.0121123
24400 1.1020854
24500 0.7967144
24600 0.95057046
24700 0.8131594
24800 1.2746916
24900 0.9039013
25000 0.6908544
25100 1.0008969
25200 0.8833908
25300 0.6658734
25400 0.83002126
25500 1.1740326
25600 1.138308
25700 0.9569573
25800 1.2243315
25900 0.97220117
26000 1.278593
26100 1.1726879
26200 0.7482796
26300 1.2930512
26400 0.7795253
26500 1.1363328
26600 0.9742064
26700 0.9852603
26800 1.0611051
26900 1.2175211
27000 0.8108525
27100 1.0059564
27200 0.7275719
27300 1.1129928
27400 0.8991786
27500 1.3898791
27600 0.96572644
27700 1.1716163
27800 0.9306174
27900 1.0043153
28000 1.281559
28100 0.9757279
28200 0.61893046
28300 1.0756165
28400 0.8699716
28500 0.62801445
28600 0.7481139
28700 0.8764051
28800 0.98122793
28900 1.0340194
29000 0.95578533
29100 1.1634513
29200 0.93766487
29300 0.8230098
29400 1.1452141
29500 0.71843064
