0 2.3014054
100 2.12863
200 1.7708917
300 1.5730864
400 1.8500245
500 1.5736281
600 1.5881162
700 1.767642
800 1.4311182
900 1.8091134
1000 1.235054
1100 1.5540837
1200 1.5952125
1300 1.727316
1400 1.8393762
1500 1.5422969
1600 1.686916
1700 1.8096268
1800 1.4605732
1900 1.5140231
2000 1.304523
2100 1.493377
2200 1.3356947
2300 1.5244576
2400 1.5218483
2500 1.2143381
2600 1.5447869
2700 1.888753
2800 1.3048711
2900 1.1818218
3000 1.578805
3100 0.90089315
3200 1.3240234
3300 1.6929386
3400 1.4946498
3500 1.4068823
3600 0.98926586
3700 1.1704228
3800 1.2756896
3900 1.4851961
4000 1.2310482
4100 1.4072273
4200 1.3126813
4300 1.7038968
4400 1.5519862
4500 1.6464806
4600 1.3392634
4700 1.5133793
4800 1.3913273
4900 1.218086
5000 1.3019434
5100 1.5619435
5200 1.3814456
5300 1.3725551
5400 1.3204103
5500 1.6021215
5600 1.3040125
5700 0.90680027
5800 0.84558815
5900 1.0562875
6000 1.2734675
6100 1.3302169
6200 1.1599131
6300 1.2912422
6400 1.2774272
6500 1.146341
6600 1.6677835
6700 1.270515
6800 1.1563541
6900 1.2472477
7000 1.0794517
7100 1.4276087
7200 1.1713992
7300 1.1300992
7400 1.0764155
7500 1.2254136
7600 0.99784285
7700 0.9052865
7800 1.0442935
7900 0.7852904
8000 1.0217863
8100 1.3636284
8200 1.0916592
8300 1.4814278
8400 1.0950222
8500 1.0410929
8600 0.8356119
8700 0.811962
8800 0.8023597
8900 1.2577109
9000 1.1807195
9100 1.2961777
9200 0.8693968
9300 1.0962667
9400 0.8620115
9500 0.7460084
9600 0.6909339
9700 1.1413667
9800 1.230026
9900 0.9631239
10000 1.1335909
10100 1.1211878
10200 0.8001903
10300 1.2116082
10400 1.3019624
10500 1.1098704
10600 1.1613641
10700 1.290132
10800 1.0581236
10900 0.6758221
11000 0.72793645
11100 0.9618038
11200 1.0805434
11300 1.4096104
11400 1.2324717
11500 1.1388967
11600 1.0283182
11700 1.0046163
11800 1.2827425
11900 1.0055335
12000 1.0466315
12100 0.87665635
12200 1.0024922
12300 1.4030023
12400 1.1591666
12500 0.85025847
12600 0.8878646
12700 1.2235223
12800 1.1403084
12900 0.8013222
13000 1.0146835
13100 1.0344728
13200 1.3126287
13300 1.0510161
13400 0.7906986
13500 1.2498715
13600 0.90206885
13700 1.0753101
13800 0.917917
13900 0.72526073
14000 0.9180268
14100 1.2255046
14200 0.63667065
14300 1.06147
14400 1.0184915
14500 0.9263612
14600 0.9376282
14700 0.8871171
14800 0.98793876
14900 1.0636973
15000 1.0343446
15100 0.82980996
15200 0.7897615
15300 1.2428426
15400 0.8337958
15500 0.94075763
15600 0.8717856
15700 0.96229446
15800 0.96253127
15900 0.8889249
16000 1.0308111
16100 0.681294
16200 0.7125226
16300 0.9947835
16400 1.0178457
16500 0.87938684
16600 0.7669357
16700 0.7843987
16800 1.3106569
16900 0.8203671
17000 0.6097419
17100 0.7530567
17200 0.7696384
17300 0.9909245
17400 0.6650703
17500 0.8456594
17600 0.7753807
17700 0.63794994
17800 1.1513507
17900 1.1022213
18000 0.48940977
18100 0.7183393
18200 0.7685323
18300 0.8720474
18400 0.659117
18500 1.0203766
18600 0.87875986
18700 0.8197635
18800 0.63914746
18900 0.8122635
19000 0.76723105
19100 0.66332996
19200 0.91529524
19300 0.9262577
19400 0.6454233
19500 1.1610031
19600 0.916064
19700 0.77639544
19800 0.72886086
19900 0.6271875
20000 0.53112817
20100 0.76561177
20200 0.8961766
20300 0.9752963
20400 0.6273076
20500 0.6882199
20600 0.7959375
20700 0.6242232
20800 0.76537585
20900 0.8771291
21000 0.748776
21100 0.58752704
21200 1.0995331
21300 0.9090179
21400 0.56302726
21500 0.67161226
21600 0.7628629
21700 0.6464042
21800 0.7089299
21900 0.67405903
22000 0.6636994
22100 0.7453269
22200 1.053559
22300 0.812197
22400 0.45343605
22500 0.917643
22600 1.0746918
22700 0.36918703
22800 0.8746924
22900 0.9998697
23000 0.512669
23100 0.9767556
23200 0.6168838
23300 0.9216479
23400 0.7792529
23500 0.7600373
23600 0.50907207
23700 0.77787936
23800 0.5379437
23900 0.43674976
24000 0.77684855
24100 0.76801753
24200 0.71393466
24300 0.70154274
24400 0.7639074
24500 0.5522404
24600 0.65888524
24700 0.56363916
24800 0.88354886
24900 0.6265366
25000 0.47886378
25100 0.6937689
25200 0.6123198
25300 0.46154827
25400 0.5753269
25500 0.8137773
25600 0.789015
25700 0.66331226
25800 0.84864193
25900 0.6738785
26000 0.8862531
26100 0.8128453
26200 0.5186679
26300 0.89627486
26400 0.54032576
26500 0.7876458
26600 0.6752684
26700 0.6829304
26800 0.735502
26900 0.8439213
27000 0.56204015
27100 0.6972759
27200 0.5043144
27300 0.7714678
27400 0.6232631
27500 0.9633908
27600 0.66939056
27700 0.81210256
27800 0.6450548
27900 0.6961383
28000 0.888309
28100 0.67632306
28200 0.42900988
28300 0.7455605
28400 0.60301834
28500 0.43530643
28600 0.518553
28700 0.6074777
28800 0.68013537
28900 0.7167276
29000 0.6624999
29100 0.80644304
29200 0.6499398
29300 0.57046694
29400 0.7938019
29500 0.49797818
