0 9.996577
100 8.853237
200 6.6456757
300 6.6300554
400 6.232216
500 6.1317887
600 5.1670866
700 5.4065633
800 5.87437
900 5.615588
1000 4.7033677
1100 5.3489747
1200 5.314318
1300 5.6477895
1400 4.901082
1500 5.5708385
1600 5.6720095
1700 5.524379
1800 4.9758034
1900 4.7703314
2000 4.8304577
2100 4.6848025
2200 4.518524
2300 4.9884324
2400 5.106429
2500 4.2843056
2600 4.6687465
2700 4.6827793
2800 4.6770754
2900 4.447231
3000 4.737618
3100 3.972953
3200 4.886952
3300 4.2427464
3400 3.9913247
3500 4.3068724
3600 3.9838367
3700 4.3787336
3800 4.1007795
3900 4.258627
4000 4.229151
4100 4.568178
4200 4.0701103
4300 4.480445
4400 4.241369
4500 5.100205
4600 3.6630304
4700 3.5879855
4800 3.7772052
4900 4.155392
5000 4.8074512
5100 4.2884827
5200 3.9114733
5300 3.965848
5400 4.777373
5500 4.3515186
5600 4.029232
5700 3.4136186
5800 3.7080717
5900 3.700473
6000 3.9977963
6100 3.8078415
6200 4.079366
6300 4.0205784
6400 4.111675
6500 3.7287707
6600 4.0263157
6700 4.2450905
6800 4.016318
6900 3.6880665
7000 4.4228697
7100 4.1712666
7200 3.974411
7300 4.190075
7400 3.8628812
7500 3.7660663
7600 3.3345332
7700 3.9695601
7800 3.700573
7900 3.4768915
8000 3.7442286
8100 4.603421
8200 3.9793272
8300 4.1811066
8400 3.8265038
8500 3.5174928
8600 3.1921668
8700 3.3066607
8800 3.580368
8900 3.6959653
9000 3.8228374
9100 3.4773436
9200 3.0783873
9300 3.4079294
9400 3.4043279
9500 3.2434435
9600 3.2074406
9700 3.852367
9800 3.7342129
9900 3.639146
10000 3.691546
10100 3.974948
10200 3.47866
10300 3.6644309
10400 3.5743687
10500 3.3140945
10600 3.3908982
10700 3.7239168
10800 4.165534
10900 2.6513085
11000 2.9930332
11100 3.1204028
11200 3.6897306
11300 3.5206048
11400 3.2529676
11500 3.5400882
11600 3.491136
11700 3.628776
11800 3.8040936
11900 3.229152
12000 3.35222
12100 3.6680963
12200 3.4562335
12300 3.813593
12400 3.3446782
12500 3.6771326
12600 2.8217459
12700 3.319486
12800 3.392314
12900 3.2264876
13000 3.0398276
13100 2.975441
13200 3.9495664
13300 3.4283333
13400 3.4499803
13500 3.42071
13600 2.8607082
13700 2.9583158
13800 3.7415738
13900 2.9764075
14000 3.031928
14100 3.4566288
14200 2.8551555
14300 3.659492
14400 3.7855642
14500 2.9662397
14600 3.1491075
14700 2.8945844
14800 3.5708466
14900 3.4898934
15000 3.1262918
15100 3.4573133
15200 2.969368
15300 3.1141372
15400 3.3907971
15500 3.3757782
15600 3.0570786
15700 3.0390673
15800 3.3381152
15900 3.3853807
16000 3.541532
16100 3.1036582
16200 3.102777
16300 3.2578297
16400 3.3949351
16500 3.0075805
16600 3.3495848
16700 2.946853
16800 3.1404681
16900 3.408566
17000 2.9819784
17100 2.6719828
17200 3.0335932
17300 3.179235
17400 2.746673
17500 3.366361
17600 3.0372064
17700 2.880319
17800 2.9793725
17900 3.6835327
18000 2.9030652
18100 3.138183
18200 3.194728
18300 3.5587878
18400 3.020218
18500 3.2365294
18600 3.3244863
18700 3.0558655
18800 2.959504
18900 3.2457528
19000 2.7971466
19100 3.1871696
19200 3.41953
19300 2.9366555
19400 2.3697977
19500 3.270471
19600 3.0250242
19700 2.6380925
19800 2.995599
19900 3.0453558
20000 2.6434834
20100 3.3323698
20200 3.253646
20300 3.4274533
20400 2.4504886
20500 2.7697234
20600 3.2359984
20700 2.7424824
20800 3.1318421
20900 3.0649319
21000 3.1838305
21100 2.812921
21200 3.6238942
21300 2.9437828
21400 2.2920904
21500 3.1422005
21600 2.9568088
21700 3.1496272
21800 2.6789787
21900 2.92137
22000 3.098092
22100 3.1029963
22200 2.8162086
22300 2.9666867
22400 2.776012
22500 3.3233137
22600 3.515974
22700 2.4076595
22800 3.0976572
22900 3.197706
23000 2.58915
23100 3.1295202
23200 2.9402475
23300 2.9172506
23400 3.0060387
23500 3.3044226
23600 2.8095675
23700 3.190784
23800 2.5173945
23900 2.471991
24000 2.6038392
24100 2.8371258
24200 2.8048549
24300 2.925572
24400 3.1253088
24500 2.6318345
24600 3.1757329
24700 2.7169409
24800 2.7842197
24900 2.6987329
25000 2.3376942
25100 2.7657714
25200 2.5646753
25300 2.6420112
25400 2.7675729
25500 3.1986406
25600 2.658207
25700 3.0922275
25800 3.619842
25900 2.9193769
26000 2.869103
26100 3.030829
26200 2.4204698
26300 2.721656
26400 2.7635055
26500 3.0072393
26600 2.787473
26700 3.1854405
26800 3.343423
26900 3.2153978
27000 2.6634297
27100 3.251138
27200 2.82799
27300 2.8778677
27400 2.9787226
27500 3.2875915
27600 3.1386576
27700 3.0863147
27800 3.0300503
27900 3.112656
28000 3.479272
28100 2.8417466
28200 2.7832808
28300 3.0181365
28400 2.6294103
28500 2.2729213
28600 2.652343
28700 2.8944778
28800 3.0329428
28900 3.0104766
29000 3.278809
29100 3.305698
29200 3.0660048
29300 2.8184948
29400 2.9488988
29500 2.5906763
