0 0.043750003
100 0.35625
200 0.40625
300 0.45625004
400 0.440625
500 0.48125005
600 0.49375
700 0.453125
800 0.44687504
900 0.49062502
1000 0.47500002
1100 0.459375
1200 0.49375
1300 0.46562502
1400 0.509375
1500 0.5
1600 0.42500004
1700 0.4625
1800 0.50625
1900 0.49687502
2000 0.52812505
2100 0.503125
2200 0.503125
2300 0.53125
2400 0.5343751
2500 0.5
2600 0.521875
2700 0.50937504
2800 0.534375
2900 0.55
3000 0.48125002
3100 0.490625
3200 0.49375004
3300 0.5625
3400 0.50625
3500 0.471875
3600 0.54375
3700 0.51250005
3800 0.503125
3900 0.4625
4000 0.559375
4100 0.50312495
4200 0.5375
4300 0.575
4400 0.559375
4500 0.5375
4600 0.565625
4700 0.55
4800 0.63125
4900 0.528125
5000 0.62499994
5100 0.49375
5200 0.44375
5300 0.521875
5400 0.553125
5500 0.58125
5600 0.53125
5700 0.52500004
5800 0.5125
5900 0.515625
6000 0.47500002
6100 0.515625
6200 0.528125
6300 0.515625
6400 0.496875
6500 0.55
6600 0.54999995
6700 0.540625
6800 0.48749998
6900 0.5625
7000 0.503125
7100 0.546875
7200 0.55625
7300 0.54375
7400 0.5125
7500 0.509375
7600 0.46875003
7700 0.565625
7800 0.57500005
7900 0.54062504
8000 0.584375
8100 0.546875
8200 0.55625
8300 0.56875
8400 0.54062504
8500 0.50937504
8600 0.58750004
8700 0.565625
8800 0.51875
8900 0.51250005
9000 0.55
9100 0.521875
9200 0.53125
9300 0.50937504
9400 0.48437503
9500 0.540625
9600 0.584375
9700 0.575
9800 0.54062504
9900 0.55
10000 0.540625
10100 0.521875
10200 0.58437496
10300 0.615625
10400 0.503125
10500 0.521875
10600 0.525
10700 0.521875
10800 0.6281251
10900 0.55
11000 0.546875
11100 0.55
11200 0.53749996
11300 0.47187507
11400 0.5125
11500 0.47812504
11600 0.559375
11700 0.496875
11800 0.503125
11900 0.52500004
12000 0.55
12100 0.53125
12200 0.540625
12300 0.534375
12400 0.50937504
12500 0.471875
12600 0.54375
12700 0.540625
12800 0.51875
12900 0.49687502
13000 0.484375
13100 0.50625
13200 0.575
13300 0.51562506
13400 0.521875
13500 0.53749996
13600 0.54687494
13700 0.5125
13800 0.515625
13900 0.48125005
14000 0.553125
14100 0.50937504
14200 0.49374998
14300 0.575
14400 0.5
14500 0.48750004
14600 0.51875
14700 0.53125
14800 0.559375
14900 0.51875
15000 0.52812505
15100 0.5125
15200 0.603125
15300 0.54375
15400 0.509375
15500 0.50625
15600 0.54375
15700 0.52812505
15800 0.484375
15900 0.515625
16000 0.57500005
16100 0.55625004
16200 0.55
16300 0.4125
16400 0.5375
16500 0.5375
16600 0.55625
16700 0.50625
16800 0.52812505
16900 0.46249998
17000 0.53125
17100 0.5718751
17200 0.50625
17300 0.525
17400 0.5
17500 0.55625004
17600 0.603125
17700 0.54062504
