0 4.786601
100 3.1132822
200 2.838056
300 2.4981499
400 2.5837326
500 2.3995976
600 2.3443365
700 2.5073102
800 2.555036
900 2.5509841
1000 2.4490948
1100 2.6266246
1200 2.4688175
1300 2.554087
1400 2.3462355
1500 2.2729921
1600 2.5094855
1700 2.5648797
1800 2.3130145
1900 2.2419376
2000 2.2447324
2100 2.4184585
2200 2.3922856
2300 2.126392
2400 2.21169
2500 2.5003157
2600 2.264909
2700 2.2473729
2800 2.3288753
2900 2.1415458
3000 2.3502772
3100 2.4731715
3200 2.3191097
3300 1.976756
3400 2.280327
3500 2.3632405
3600 2.35561
3700 2.255252
3800 2.4242842
3900 2.4942281
4000 2.1974356
4100 2.3644793
4200 2.166239
4300 1.9663229
4400 2.1814144
4500 2.2737167
4600 1.9978782
4700 2.1124167
4800 1.9086559
4900 2.0832098
5000 1.8752216
5100 2.238536
5200 2.586334
5300 2.3831217
5400 2.2021036
5500 1.9484682
5600 2.208345
5700 2.0601063
5800 2.2906907
5900 2.2429395
6000 2.3389118
6100 2.330476
6200 2.2379262
6300 2.281957
6400 2.366696
6500 2.2150471
6600 1.9352821
6700 2.160298
6800 2.3538888
6900 2.075141
7000 2.3225422
7100 2.11367
7200 2.1305377
7300 2.2742243
7400 2.3041294
7500 2.259752
7600 2.5453665
7700 2.0744028
7800 1.9383057
7900 2.250886
8000 2.0446913
8100 2.0705476
8200 2.217489
8300 2.1283078
8400 1.9796504
8500 2.3671207
8600 2.076434
8700 2.1312463
8800 2.455307
8900 2.2484622
9000 2.1920485
9100 2.2204385
9200 2.290827
9300 2.3316166
9400 2.5231254
9500 2.2038317
9600 2.0095592
9700 1.9869221
9800 2.137357
9900 2.2394872
10000 2.3028388
10100 2.169072
10200 1.9126636
10300 1.8921233
10400 2.1507537
10500 2.4052715
10600 2.28188
10700 2.250159
10800 1.8776656
10900 2.177695
11000 2.1056194
11100 2.2322025
11200 2.1550598
11300 2.410996
11400 2.3235397
11500 2.4274368
11600 2.187958
11700 2.3448265
11800 2.3314612
11900 2.2589097
12000 2.0361826
12100 2.1933959
12200 2.1538177
12300 2.196269
12400 2.3227277
12500 2.443283
12600 2.244439
12700 2.0764453
12800 2.2753575
12900 2.4109983
13000 2.3844125
13100 2.3506503
13200 1.9950352
13300 2.3900528
13400 2.2800972
13500 2.1702821
13600 2.1936471
13700 2.352869
13800 2.303482
13900 2.3521724
14000 2.017286
14100 2.2952702
14200 2.3875647
14300 2.0828414
14400 2.3556645
14500 2.5634065
14600 2.2980738
14700 2.1343224
14800 2.122053
14900 2.1893651
15000 2.213746
15100 2.2384877
15200 1.8835737
15300 2.114975
15400 2.2444234
15500 2.4074519
15600 2.1720245
15700 2.2388544
15800 2.5024981
15900 2.3079271
16000 2.0492253
16100 2.1500826
16200 2.226892
16300 2.7515075
16400 2.29284
16500 2.1583593
16600 2.0752017
16700 2.3248198
16800 2.206495
16900 2.3741813
17000 2.2052004
17100 2.1257591
17200 2.2260537
17300 2.2605615
17400 2.2424037
17500 1.9278827
17600 1.9090118
17700 2.0359511
