0 3.3178189
100 2.1579628
200 1.9671905
300 1.7315856
400 1.790907
500 1.6632743
600 1.6249702
700 1.737935
800 1.771016
900 1.7682076
1000 1.6975831
1100 1.8206375
1200 1.7112539
1300 1.7703582
1400 1.6262865
1500 1.575518
1600 1.7394428
1700 1.7778392
1800 1.6032594
1900 1.5539927
2000 1.5559299
2100 1.6763476
2200 1.658206
2300 1.4739026
2400 1.5330266
2500 1.7330868
2600 1.5699153
2700 1.5577602
2800 1.6142533
2900 1.4844065
3000 1.629088
3100 1.7142718
3200 1.6074843
3300 1.3701829
3400 1.5806023
3500 1.6380734
3600 1.6327844
3700 1.5632215
3800 1.6803858
3900 1.7288672
4000 1.5231463
4100 1.6389322
4200 1.5015225
4300 1.3629512
4400 1.5120412
4500 1.5760202
4600 1.3848237
4700 1.4642156
4800 1.3229795
4900 1.443971
5000 1.2998046
5100 1.5516349
5200 1.7927101
5300 1.6518542
5400 1.5263819
5500 1.3505752
5600 1.5307081
5700 1.4279568
5800 1.5877857
5900 1.5546871
6000 1.6212101
6100 1.6153629
6200 1.5512122
6300 1.581732
6400 1.6404686
6500 1.5353537
6600 1.3414353
6700 1.4974046
6800 1.6315913
6900 1.4383781
7000 1.6098635
7100 1.4650844
7200 1.4767762
7300 1.5763721
7400 1.5971007
7500 1.5663407
7600 1.7643137
7700 1.4378664
7800 1.3435311
7900 1.5601952
8000 1.4172721
8100 1.4351943
8200 1.5370463
8300 1.4752306
8400 1.372189
8500 1.640763
8600 1.4392743
8700 1.4772674
8800 1.7018892
8900 1.5585153
9000 1.5194123
9100 1.5390908
9200 1.5878804
9300 1.6161535
9400 1.7488973
9500 1.5275797
9600 1.3929203
9700 1.3772295
9800 1.481503
9900 1.5522943
10000 1.5962063
10100 1.5034862
10200 1.3257574
10300 1.31152
10400 1.4907889
10500 1.6672072
10600 1.5816786
10700 1.5596914
10800 1.3014987
10900 1.5094632
11000 1.4595042
11100 1.5472449
11200 1.4937737
11300 1.671175
11400 1.610555
11500 1.682571
11600 1.5165769
11700 1.6253098
11800 1.6160457
11900 1.5657569
12000 1.4113743
12100 1.5203462
12200 1.4929127
12300 1.5223377
12400 1.6099921
12500 1.6935548
12600 1.5557265
12700 1.4392823
12800 1.5771576
12900 1.6711767
13000 1.6527488
13100 1.6293466
13200 1.382853
13300 1.6566583
13400 1.5804429
13500 1.5043249
13600 1.5205203
13700 1.6308845
13800 1.596652
13900 1.6304017
14000 1.3982762
14100 1.5909601
14200 1.6549337
14300 1.4437157
14400 1.6328223
14500 1.776818
14600 1.5929034
14700 1.4793996
14800 1.470895
14900 1.5175523
15000 1.5344518
15100 1.5516014
15200 1.3055937
15300 1.465989
15400 1.5557157
15500 1.6687185
15600 1.5055326
15700 1.5518556
15800 1.7345996
15900 1.5997332
16000 1.4204147
16100 1.4903237
16200 1.543564
16300 1.9071997
16400 1.5892756
16500 1.4960607
16600 1.4384203
16700 1.6114423
16800 1.5294259
16900 1.6456571
17000 1.5285285
17100 1.4734639
17200 1.5429828
17300 1.5669018
17400 1.5543158
17500 1.3363065
17600 1.3232262
17700 1.4112139
