0 0.043750003
100 0.346875
200 0.421875
300 0.484375
400 0.45625
500 0.50625
600 0.49375
700 0.48750004
800 0.44375
900 0.453125
1000 0.45937502
1100 0.43125
1200 0.51875
1300 0.47812498
1400 0.5
1500 0.51875
1600 0.45000002
1700 0.4625
1800 0.484375
1900 0.5
2000 0.528125
2100 0.53125
2200 0.48125
2300 0.565625
2400 0.51875
2500 0.45937502
2600 0.5
2700 0.52500004
2800 0.525
2900 0.525
3000 0.47812504
3100 0.478125
3200 0.475
3300 0.56875
3400 0.50625
3500 0.48437503
3600 0.49062502
3700 0.51874995
3800 0.48125002
3900 0.475
4000 0.57812506
4100 0.53125
4200 0.54375
4300 0.58125
4400 0.54375
4500 0.475
4600 0.54375
4700 0.55
4800 0.60625005
4900 0.5375
5000 0.640625
5100 0.50937504
5200 0.4875
5300 0.515625
5400 0.55
5500 0.596875
5600 0.559375
5700 0.53749996
5800 0.528125
5900 0.51250005
6000 0.484375
6100 0.50312495
6200 0.52812505
6300 0.56874996
6400 0.534375
6500 0.53125
6600 0.58125
6700 0.55
6800 0.496875
6900 0.6
7000 0.52500004
7100 0.53749996
7200 0.546875
7300 0.54375005
7400 0.52500004
7500 0.534375
7600 0.490625
7700 0.58750004
7800 0.56874996
7900 0.559375
8000 0.575
8100 0.56249994
8200 0.55625004
8300 0.59375
8400 0.56562495
8500 0.5
8600 0.565625
8700 0.553125
8800 0.49375004
8900 0.525
9000 0.57500005
9100 0.53125
9200 0.54062504
9300 0.521875
9400 0.48750004
9500 0.55312496
9600 0.61562496
9700 0.578125
9800 0.565625
9900 0.53125
10000 0.50937504
10100 0.565625
10200 0.6125
10300 0.61562496
10400 0.50625
10500 0.4875
10600 0.546875
10700 0.53124994
10800 0.63437504
10900 0.571875
11000 0.56874996
11100 0.559375
11200 0.52500004
11300 0.5125
11400 0.54375
11500 0.528125
11600 0.575
11700 0.509375
11800 0.5125
11900 0.56875
12000 0.534375
12100 0.521875
12200 0.53125
12300 0.58750004
12400 0.5375
12500 0.490625
12600 0.57187504
12700 0.546875
12800 0.55625
12900 0.54062504
13000 0.509375
13100 0.509375
13200 0.571875
13300 0.5
13400 0.54375
13500 0.55
13600 0.5625
13700 0.546875
13800 0.50937504
13900 0.525
14000 0.58125
14100 0.51875
14200 0.5125
14300 0.58125
14400 0.546875
14500 0.50625
14600 0.578125
14700 0.571875
14800 0.575
14900 0.56874996
15000 0.54375005
15100 0.540625
15200 0.59375
15300 0.565625
15400 0.525
15500 0.52812505
15600 0.5906249
15700 0.55937505
15800 0.509375
15900 0.53749996
16000 0.60312504
16100 0.5875
16200 0.565625
16300 0.47187504
16400 0.571875
16500 0.571875
16600 0.584375
16700 0.52812505
16800 0.55625
16900 0.48125
17000 0.559375
17100 0.609375
17200 0.52812505
17300 0.54375
17400 0.553125
17500 0.5625
17600 0.615625
17700 0.58125
17800 0.55
17900 0.503125
18000 0.575
18100 0.53125
18200 0.58125
18300 0.52500004
18400 0.55312496
18500 0.6375
18600 0.54375
18700 0.55
18800 0.590625
18900 0.6125
19000 0.55625
19100 0.553125
19200 0.596875
19300 0.5625
19400 0.52500004
19500 0.55937505
19600 0.6062499
19700 0.55
19800 0.615625
19900 0.596875
20000 0.546875
20100 0.5812501
20200 0.525
20300 0.56875
20400 0.55937505
20500 0.55625004
20600 0.528125
20700 0.5875
20800 0.54375
20900 0.52500004
21000 0.5875
21100 0.578125
21200 0.5437499
21300 0.546875
21400 0.565625
21500 0.58125
21600 0.521875
21700 0.59375
21800 0.540625
21900 0.571875
22000 0.5656251
22100 0.546875
22200 0.590625
22300 0.54375
22400 0.53125
22500 0.56874996
22600 0.6
22700 0.534375
22800 0.596875
22900 0.5125
23000 0.46875003
23100 0.578125
23200 0.53125
23300 0.57187504
23400 0.615625
23500 0.5875
23600 0.509375
23700 0.55
23800 0.57187504
23900 0.5500001
24000 0.50937504
24100 0.590625
24200 0.6
24300 0.58437496
24400 0.52812505
24500 0.60625005
24600 0.575
24700 0.578125
24800 0.553125
24900 0.515625
25000 0.575
25100 0.540625
25200 0.5875
25300 0.59999996
25400 0.58125
25500 0.575
25600 0.59062505
25700 0.534375
25800 0.546875
25900 0.55
26000 0.528125
26100 0.571875
26200 0.55312496
26300 0.55625
26400 0.546875
26500 0.553125
26600 0.546875
26700 0.559375
26800 0.60625005
26900 0.55625004
27000 0.565625
27100 0.62812495
27200 0.571875
27300 0.6156251
27400 0.553125
27500 0.578125
27600 0.5375
27700 0.60312504
27800 0.56875
27900 0.59375
28000 0.59375006
28100 0.55625
28200 0.515625
28300 0.603125
28400 0.48749998
28500 0.5375
28600 0.55312496
28700 0.596875
28800 0.54375
28900 0.49062505
29000 0.56562495
29100 0.546875
29200 0.575
29300 0.53749996
29400 0.59999996
29500 0.54375
29600 0.53125
29700 0.63750005
29800 0.6125
29900 0.584375
30000 0.5375
30100 0.571875
30200 0.5125
30300 0.596875
30400 0.5
30500 0.56875
30600 0.53125
30700 0.534375
30800 0.50937504
30900 0.5375
31000 0.52500004
31100 0.57500005
31200 0.5375
31300 0.50937504
31400 0.571875
31500 0.596875
31600 0.534375
31700 0.571875
31800 0.55
31900 0.534375
32000 0.540625
32100 0.525
32200 0.559375
32300 0.58750004
32400 0.58437496
32500 0.59375
32600 0.559375
32700 0.515625
32800 0.5375
32900 0.5656251
33000 0.584375
33100 0.52500004
33200 0.59375
33300 0.54375
33400 0.553125
33500 0.54375
33600 0.53749996
33700 0.534375
33800 0.55937505
33900 0.590625
34000 0.575
34100 0.584375
34200 0.584375
34300 0.5875
34400 0.56875
34500 0.59062505
34600 0.546875
34700 0.55625
34800 0.55312496
34900 0.596875
35000 0.55625004
35100 0.609375
35200 0.596875
35300 0.57500005
35400 0.57500005
35500 0.63125
35600 0.55937505
35700 0.596875
35800 0.571875
35900 0.534375
36000 0.5375
36100 0.6
36200 0.5625
36300 0.56875
36400 0.559375
36500 0.615625
36600 0.534375
36700 0.6156251
36800 0.59374994
36900 0.59999996
37000 0.6
37100 0.571875
37200 0.634375
37300 0.565625
37400 0.6
37500 0.58124995
37600 0.58125
37700 0.55625
37800 0.58124995
37900 0.60312504
38000 0.56249994
38100 0.5125
38200 0.578125
38300 0.58437496
38400 0.584375
38500 0.515625
38600 0.5375
38700 0.515625
38800 0.5
38900 0.540625
39000 0.53125
39100 0.615625
39200 0.534375
39300 0.50625
39400 0.521875
39500 0.55625
39600 0.56875
39700 0.6125
39800 0.509375
39900 0.5375
40000 0.5875001
40100 0.49375004
40200 0.56875
40300 0.584375
40400 0.53125
40500 0.5625
40600 0.56874996
40700 0.59375
