0 4.786409
100 3.1287758
200 2.8603003
300 2.4342887
400 2.539242
500 2.3136194
600 2.2724972
700 2.473562
800 2.5114465
900 2.5953035
1000 2.3830845
1100 2.6814764
1200 2.4945736
1300 2.6004672
1400 2.3793685
1500 2.2646408
1600 2.3695118
1700 2.5096178
1800 2.2855434
1900 2.2451313
2000 2.2302697
2100 2.3568294
2200 2.4244916
2300 2.0475643
2400 2.1720443
2500 2.5099103
2600 2.2713237
2700 2.2593224
2800 2.2735355
2900 2.239284
3000 2.3854234
3100 2.4701788
3200 2.3075433
3300 1.8969926
3400 2.2891545
3500 2.330436
3600 2.4384568
3700 2.208821
3800 2.4152195
3900 2.5008233
4000 2.1758308
4100 2.282673
4200 2.166701
4300 1.9432564
4400 2.1995735
4500 2.3486538
4600 2.0174472
4700 2.1088164
4800 1.8884155
4900 2.0227945
5000 1.8138269
5100 2.2021866
5200 2.502261
5300 2.3188446
5400 2.0943365
5500 1.8801059
5600 2.1706607
5700 2.0432882
5800 2.1870341
5900 2.220616
6000 2.3857305
6100 2.3078988
6200 2.1849506
6300 2.1762564
6400 2.2069225
6500 2.1566858
6600 1.8137813
6700 2.1427524
6800 2.2695587
6900 1.9730979
7000 2.252029
7100 2.0896933
7200 2.061045
7300 2.2033935
7400 2.2820003
7500 2.2315345
7600 2.4795983
7700 1.9299915
7800 1.9329897
7900 2.0718842
8000 1.9677192
8100 2.0001318
8200 2.14586
8300 2.061707
8400 2.003077
8500 2.3193893
8600 2.0093904
8700 2.1139987
8800 2.4471388
8900 2.2266526
9000 2.048558
9100 2.1871023
9200 2.1703749
9300 2.1989925
9400 2.4886765
9500 2.0892546
9600 1.9715188
9700 1.9110649
9800 2.0436008
9900 2.298412
10000 2.1703193
10100 2.1162882
10200 1.8815529
10300 1.8141595
10400 2.1458297
10500 2.4990964
10600 2.2576394
10700 2.2481933
10800 1.8571144
10900 2.1120858
11000 2.016826
11100 2.1828132
11200 2.1400552
11300 2.3254535
11400 2.230793
11500 2.2021286
11600 2.1374197
11700 2.220668
11800 2.2915702
11900 2.1325939
12000 2.0522149
12100 2.2030337
12200 2.042536
12300 1.9916486
12400 2.2024343
12500 2.3144581
12600 2.17511
12700 1.97577
12800 2.1794088
12900 2.3429372
13000 2.3618834
13100 2.2763402
13200 1.9389982
13300 2.3424664
13400 2.2071862
13500 2.1143084
13600 2.0844226
13700 2.217493
13800 2.2163663
13900 2.1752627
14000 1.9647834
14100 2.1184235
14200 2.3566313
14300 1.9908704
14400 2.2217515
14500 2.3572347
14600 2.1007857
14700 1.9752257
14800 1.9466712
14900 2.1050556
15000 2.1303804
15100 2.1581864
15200 1.7786896
15300 2.0251658
15400 2.2185926
15500 2.3540046
15600 2.0291264
15700 2.050656
15800 2.460092
15900 2.2338798
16000 1.8862627
16100 2.1160204
16200 2.1758463
16300 2.6111095
16400 2.1079667
16500 2.0963953
16600 2.0206578
16700 2.2505677
16800 2.0515993
16900 2.3157218
17000 2.0983632
17100 1.9961493
17200 2.1524842
17300 2.1286058
17400 2.0672724
17500 1.9126616
17600 1.8169874
17700 1.9944212
17800 2.1011372
17900 2.2050211
18000 2.0974762
18100 2.3006282
18200 2.058485
18300 2.2847965
18400 2.1883376
18500 1.8132167
18600 2.1415043
18700 2.1863313
18800 1.9267392
18900 1.8344641
19000 1.9531387
19100 2.061511
19200 1.969791
19300 2.1639462
19400 2.1288898
19500 2.1602528
19600 2.0043216
19700 2.0562947
19800 1.7863954
19900 1.8929862
20000 2.187808
20100 2.0174577
20200 2.162065
20300 1.9843049
20400 1.945306
20500 2.008832
20600 2.2165346
20700 1.9287696
20800 2.0641165
20900 2.175017
21000 2.042798
21100 2.08833
21200 2.1412113
21300 2.1877944
21400 2.0300217
21500 1.8708682
21600 2.2585058
21700 1.8429831
21800 2.0304816
21900 2.0172396
22000 2.2190812
22100 2.0649683
22200 2.0335796
22300 2.0709603
22400 2.0821962
22500 1.9432964
22600 1.895487
22700 2.1081822
22800 1.8661052
22900 2.2940898
23000 2.45472
23100 1.886311
23200 2.1370013
23300 2.1171007
23400 1.8363968
23500 1.8058163
23600 2.206682
23700 2.0444903
23800 2.1190417
23900 1.9970497
24000 2.2051926
24100 2.0867126
24200 1.8896518
24300 2.0105243
24400 2.359076
24500 1.7968816
24600 2.074482
24700 1.9723977
24800 2.0727644
24900 2.2017438
25000 1.97134
25100 2.1160457
25200 1.9393028
25300 1.9219333
25400 1.957536
25500 2.1006782
25600 1.9788628
25700 2.3199942
25800 2.0127628
25900 2.1122892
26000 2.1591604
26100 2.0506349
26200 1.9559995
26300 2.0350668
26400 2.019389
26500 1.9948095
26600 2.1396868
26700 2.1000412
26800 1.9124537
26900 2.2308319
27000 2.0878308
27100 1.8967793
27200 2.1229367
27300 1.9405308
27400 2.1429117
27500 1.9882601
27600 2.2105443
27700 1.908917
27800 2.0763793
27900 2.034337
28000 1.932506
28100 2.1029615
28200 2.277753
28300 1.8433756
28400 2.462246
28500 2.0190315
28600 2.1368592
28700 1.8542
28800 2.2443347
28900 2.3981872
29000 1.9655459
29100 2.1643202
29200 1.9940315
29300 2.072167
29400 1.8531321
29500 2.1368713
29600 2.2313507
29700 1.7419205
29800 1.9975249
29900 1.9468601
30000 2.193486
30100 1.910411
30200 2.1473646
30300 1.8962817
30400 2.2803674
30500 2.065495
30600 2.0742772
30700 2.1819947
30800 2.4479666
30900 1.946262
31000 2.3500803
31100 1.9575579
31200 2.1825392
31300 2.278524
31400 2.0617332
31500 2.0246203
31600 2.0609713
31700 1.9741558
31800 2.1668656
31900 2.0048354
32000 2.1565948
32100 2.2437599
32200 2.1125343
32300 1.8820404
32400 1.9769936
32500 1.8723574
32600 1.9166152
32700 2.3083148
32800 2.183997
32900 2.0988038
33000 1.8440986
33100 2.1324668
33200 1.826178
33300 2.1480956
33400 1.9856273
33500 2.1849203
33600 2.0680661
33700 2.251342
33800 2.0290775
33900 2.009129
34000 2.0413017
34100 1.9024878
34200 2.0304062
34300 1.9505973
34400 1.9067252
34500 1.9145206
34600 2.134441
34700 2.0907118
34800 2.0635164
34900 1.9458343
35000 1.9460356
35100 1.8363916
35200 1.9221393
35300 1.8780234
35400 2.1167226
35500 1.7805656
35600 1.8833143
35700 1.8028188
35800 2.0276544
35900 2.2032516
36000 2.1680403
36100 1.8773696
36200 2.0262446
36300 2.0317104
36400 2.083933
36500 1.8680505
36600 2.294122
36700 1.848927
36800 1.8040904
36900 1.8512836
37000 1.8657571
37100 1.9516544
37200 1.692725
37300 2.0356216
37400 1.9421208
37500 1.9804845
37600 1.8867556
37700 2.1802945
37800 1.8184081
37900 1.9108893
38000 2.11655
38100 2.3048787
38200 2.155644
38300 2.0026505
38400 2.0144544
38500 2.2050672
38600 2.2632527
38700 2.2759497
38800 2.3901021
38900 2.1934702
39000 2.1273513
39100 1.8227607
39200 2.2123208
39300 2.1913457
39400 2.1504588
39500 2.153244
39600 2.0675616
39700 1.8166735
39800 2.1563494
39900 2.1733975
40000 2.0053737
40100 2.3476355
40200 2.15708
40300 2.0462532
40400 2.1357765
40500 1.9456946
40600 2.067409
40700 1.8644593
