0 3.3176858
100 2.1687021
200 1.982609
300 1.6873204
400 1.7600684
500 1.6036787
600 1.575175
700 1.7145425
800 1.740802
900 1.7989273
1000 1.6518283
1100 1.8586578
1200 1.7291067
1300 1.8025066
1400 1.6492527
1500 1.5697294
1600 1.6424205
1700 1.7395345
1800 1.584218
1900 1.5562065
2000 1.5459051
2100 1.6336297
2200 1.6805296
2300 1.4192635
2400 1.5055463
2500 1.7397373
2600 1.5743616
2700 1.5660429
2800 1.5758947
2900 1.5521535
3000 1.6534495
3100 1.7121975
3200 1.599467
3300 1.314895
3400 1.586721
3500 1.6153351
3600 1.6902095
3700 1.531038
3800 1.6741025
3900 1.7334386
4000 1.508171
4100 1.5822283
4200 1.5018427
4300 1.3469627
4400 1.5246282
4500 1.6279628
4600 1.3983879
4700 1.4617201
4800 1.3089498
4900 1.4020944
5000 1.257249
5100 1.5264394
5200 1.7344351
5300 1.6073005
5400 1.4516834
5500 1.3031901
5600 1.5045874
5700 1.4162995
5800 1.5159365
5900 1.5392138
6000 1.6536624
6100 1.5997134
6200 1.5144923
6300 1.508466
6400 1.5297222
6500 1.4949007
6600 1.2572174
6700 1.4852427
6800 1.5731381
6900 1.3676473
7000 1.5609875
7100 1.448465
7200 1.4286075
7300 1.527276
7400 1.5817621
7500 1.5467818
7600 1.7187266
7700 1.3377682
7800 1.3398464
7900 1.4361206
8000 1.363919
8100 1.3863857
8200 1.4873968
8300 1.4290664
8400 1.3884271
8500 1.6076782
8600 1.3928033
8700 1.4653122
8800 1.6962274
8900 1.543398
9000 1.4199523
9100 1.5159838
9200 1.5043893
9300 1.5242255
9400 1.7250192
9500 1.448161
9600 1.3665527
9700 1.3246492
9800 1.4165161
9900 1.5931379
10000 1.5043508
10100 1.4668992
10200 1.3041931
10300 1.2574795
10400 1.4873757
10500 1.7322416
10600 1.5648763
10700 1.5583289
10800 1.2872536
10900 1.4639863
11000 1.3979572
11100 1.5130107
11200 1.4833732
11300 1.6118816
11400 1.5462679
11500 1.5263993
11600 1.4815464
11700 1.5392499
11800 1.5883954
11900 1.4782014
12000 1.4224869
12100 1.5270267
12200 1.4157782
12300 1.3805056
12400 1.5266112
12500 1.6042601
12600 1.5076714
12700 1.3694994
12800 1.510651
12900 1.6240003
13000 1.6371328
13100 1.5778389
13200 1.3440112
13300 1.6236739
13400 1.5299048
13500 1.4655269
13600 1.4448117
13700 1.537049
13800 1.5362681
13900 1.5077772
14000 1.3618841
14100 1.4683793
14200 1.6334924
14300 1.3799661
14400 1.5400008
14500 1.6339105
14600 1.4561538
14700 1.3691221
14800 1.3493297
14900 1.4591134
15000 1.4766672
15100 1.4959408
15200 1.2328937
15300 1.403738
15400 1.5378113
15500 1.6316717
15600 1.4064833
15700 1.4214065
15800 1.7052059
15900 1.5484074
16000 1.3074577
16100 1.4667137
16200 1.5081818
16300 1.8098832
16400 1.4611311
16500 1.4531105
16600 1.4006133
16700 1.5599747
16800 1.4220603
16900 1.605136
17000 1.4544744
17100 1.3836253
17200 1.4919883
17300 1.4754372
17400 1.432924
17500 1.325756
17600 1.2594397
17700 1.3824275
17800 1.4563973
17900 1.5284041
18000 1.4538598
18100 1.5946739
18200 1.426833
18300 1.5837002
18400 1.51684
18500 1.256826
18600 1.4843777
18700 1.5154493
18800 1.3355138
18900 1.2715536
19000 1.3538126
19100 1.4289306
19200 1.3653551
19300 1.4999332
19400 1.475634
19500 1.4973731
19600 1.3892899
19700 1.4253149
19800 1.238235
19900 1.312118
20000 1.5164729
20100 1.3983951
20200 1.4986293
20300 1.3754153
20400 1.3483833
20500 1.3924162
20600 1.5363847
20700 1.3369212
20800 1.4307365
20900 1.507607
21000 1.4159597
21100 1.44752
21200 1.4841746
21300 1.5164635
21400 1.4071038
21500 1.296787
21600 1.5654769
21700 1.2774585
21800 1.4074227
21900 1.3982439
22000 1.5381498
22100 1.431327
22200 1.40957
22300 1.4354802
22400 1.4432684
22500 1.3469905
22600 1.3138515
22700 1.4612805
22800 1.2934855
22900 1.5901419
23000 1.7014823
23100 1.3074912
23200 1.4812565
23300 1.4674624
23400 1.2728933
23500 1.2516965
23600 1.5295553
23700 1.4171327
23800 1.4688078
23900 1.3842493
24000 1.528523
24100 1.446399
24200 1.3098068
24300 1.3935893
24400 1.6351869
24500 1.2455034
24600 1.4379214
24700 1.3671619
24800 1.4367309
24900 1.5261326
25000 1.3664287
25100 1.4667312
25200 1.3442223
25300 1.3321826
25400 1.3568605
25500 1.4560791
25600 1.3716432
25700 1.6080974
25800 1.3951409
25900 1.4641273
26000 1.4966159
26100 1.4213917
26200 1.3557955
26300 1.4106009
26400 1.3997337
26500 1.3826966
26600 1.4831178
26700 1.4556376
26800 1.3256118
26900 1.5462948
27000 1.447174
27100 1.3147472
27200 1.4715075
27300 1.3450735
27400 1.4853532
27500 1.3781569
27600 1.5322326
27700 1.3231604
27800 1.4392365
27900 1.410095
28000 1.339511
28100 1.4576619
28200 1.5788181
28300 1.2777306
28400 1.7066989
28500 1.3994861
28600 1.4811579
28700 1.2852335
28800 1.5556543
28900 1.6622967
29000 1.3624126
29100 1.5001925
29200 1.3821573
29300 1.4363167
29400 1.2844933
29500 1.4811664
29600 1.5466543
29700 1.2074072
29800 1.3845787
29900 1.3494606
30000 1.5204086
30100 1.324196
30200 1.4884398
30300 1.3144023
30400 1.5806303
30500 1.4316921
30600 1.4377793
30700 1.5124435
30800 1.6968012
30900 1.349046
31000 1.6289515
31100 1.3568758
31200 1.5128208
31300 1.5793524
31400 1.4290847
31500 1.4033598
31600 1.4285564
31700 1.3683805
31800 1.5019568
31900 1.389646
32000 1.4948375
32100 1.5552559
32200 1.4642972
32300 1.304531
32400 1.3703475
32500 1.2978193
32600 1.3284965
32700 1.6000019
32800 1.5138313
32900 1.45478
33000 1.2782317
33100 1.4781134
33200 1.2658101
33300 1.4889464
33400 1.3763319
33500 1.5144713
33600 1.4334742
33700 1.5605115
33800 1.4064494
33900 1.3926221
34000 1.4149225
34100 1.318704
34200 1.4073703
34300 1.352051
34400 1.3216412
34500 1.3270446
34600 1.4794817
34700 1.4491711
34800 1.4303206
34900 1.3487495
35000 1.3488891
35100 1.2728896
35200 1.3323255
35300 1.3017466
35400 1.4672003
35500 1.234194
35600 1.305414
35700 1.2496188
35800 1.405463
35900 1.5271777
36000 1.502771
36100 1.3012935
36200 1.4044857
36300 1.4082743
36400 1.4444723
36500 1.2948339
36600 1.5901642
36700 1.2815785
36800 1.2505002
36900 1.283212
37000 1.2932442
37100 1.3527838
37200 1.1733075
37300 1.4109855
37400 1.3461756
37500 1.3727672
37600 1.3077993
37700 1.511265
37800 1.2604245
37900 1.3245275
38000 1.4670806
38100 1.5976202
38200 1.4941785
38300 1.3881316
38400 1.3963133
38500 1.5284361
38600 1.5687673
38700 1.5775682
38800 1.6566926
38900 1.5203977
39000 1.4745675
39100 1.2634414
39200 1.533464
39300 1.5189251
39400 1.4905845
39500 1.4925151
39600 1.4331245
39700 1.2592221
39800 1.4946675
39900 1.5064844
40000 1.390019
40100 1.6272569
40200 1.4951739
40300 1.4183546
40400 1.4804075
40500 1.3486527
40600 1.4330188
40700 1.2923447
