0 26.337624
100 10.5726795
200 8.498312
300 8.003001
400 7.523489
500 7.1140637
600 7.056562
700 7.3851805
800 7.328513
900 7.430035
1000 6.476734
1100 7.2736254
1200 7.7288694
1300 7.017182
1400 7.1355743
1500 6.7661047
1600 6.9045043
1700 7.0118394
1800 6.502178
1900 6.516134
2000 6.595608
2100 6.844159
2200 6.6765733
2300 6.346315
2400 6.551532
2500 7.0048914
2600 6.507435
2700 6.624337
2800 6.62055
2900 6.179861
3000 6.419393
3100 6.4636226
3200 6.3935823
3300 6.0559335
3400 6.71549
3500 6.5396895
3600 6.1558485
3700 6.2214227
3800 6.8796473
3900 6.416517
4000 6.600886
4100 6.6621704
4200 6.2404985
4300 6.0913634
4400 6.285947
4500 6.478825
4600 5.5856447
4700 6.0562506
4800 6.086603
4900 6.1617727
5000 6.1840367
5100 6.697081
5200 6.586867
5300 6.4859962
5400 6.289231
5500 5.9633117
5600 6.3908706
5700 6.525229
5800 6.2422285
5900 6.0619
6000 6.838917
6100 6.542085
6200 6.4602003
6300 5.9559584
6400 6.4475737
6500 6.2090034
6600 5.878822
6700 6.6273284
6800 6.4670205
6900 6.521537
7000 6.5037723
7100 6.266874
7200 6.329132
7300 6.389317
7400 6.373027
7500 6.1762385
7600 6.864282
7700 6.173993
7800 6.1863303
7900 6.119835
8000 5.904403
8100 6.143069
8200 6.187224
8300 6.2403665
8400 5.822343
8500 6.4915113
8600 6.274982
8700 6.451943
8800 6.4771867
8900 6.3353257
9000 6.381733
9100 6.0629086
9200 6.2755427
9300 6.6086407
9400 6.427929
9500 6.1079993
9600 6.0453444
9700 6.105451
9800 5.880142
9900 6.4149823
10000 6.435248
10100 6.090664
10200 6.115312
10300 5.634573
10400 6.2901425
10500 6.6381426
10600 6.618602
10700 6.670815
10800 5.846557
10900 6.511295
11000 6.1539435
11100 6.472472
11200 6.41382
11300 6.441069
11400 6.3823986
11500 6.480917
11600 6.143321
11700 6.5088577
11800 6.352135
11900 5.9725456
12000 6.225815
12100 6.171443
12200 5.823185
12300 6.162617
12400 6.097636
12500 6.501694
12600 5.965625
12700 5.706752
12800 6.2280393
12900 6.3268414
13000 6.7586412
13100 6.2038913
13200 5.9591684
13300 6.52252
13400 6.389392
13500 6.445024
13600 6.112415
13700 6.2499785
13800 6.3006372
13900 5.997703
14000 5.9594507
14100 6.1072435
14200 6.778956
14300 6.345833
14400 5.5068645
14500 6.645035
14600 6.316002
14700 5.955743
14800 6.1727524
14900 6.4685063
15000 6.370636
15100 5.577242
15200 6.0779576
15300 5.8033166
15400 6.73442
15500 6.643464
15600 6.1950407
15700 6.2418575
15800 6.7576647
15900 6.6697493
16000 5.9076924
16100 6.0760946
16200 6.1067505
16300 7.504936
16400 6.2077937
16500 6.5766096
16600 6.064991
16700 6.2742615
16800 6.5492363
16900 7.054248
17000 6.051452
17100 6.173061
17200 6.103123
17300 6.68394
17400 6.5283227
17500 5.936089
17600 5.753353
17700 6.140145
17800 6.355571
17900 6.169772
18000 6.011172
18100 6.575863
18200 6.062741
18300 6.618972
18400 6.0835896
18500 6.138727
18600 6.189261
18700 6.0629945
18800 5.9330845
18900 5.839259
19000 5.999762
19100 6.4822097
19200 6.4679856
19300 6.239538
19400 6.785609
19500 6.567649
19600 5.682619
19700 6.327145
19800 5.8293447
19900 6.46225
20000 6.6847425
20100 6.661271
20200 6.352605
20300 6.087911
20400 6.0490146
20500 6.137902
20600 6.4146657
20700 6.0978174
20800 6.0804234
20900 6.545823
21000 6.3016014
21100 6.145115
21200 6.2401557
21300 6.2912035
21400 6.2809677
21500 6.159157
21600 6.5501876
21700 5.8526917
21800 6.193239
21900 5.9513016
22000 6.4737005
22100 6.2056084
22200 6.235941
22300 6.250811
22400 6.454238
22500 5.9905515
22600 5.9961157
22700 6.2656336
22800 6.0143137
22900 6.3698163
23000 6.166758
23100 6.2227793
23200 6.6665545
23300 6.0795264
23400 5.573465
23500 5.916991
23600 6.5022326
23700 6.226153
23800 5.9319534
23900 6.0303535
24000 6.449899
24100 6.1923337
24200 6.144848
24300 6.399771
24400 6.15337
24500 6.0955095
24600 6.0786266
24700 5.9867535
24800 6.262517
24900 6.3641567
25000 5.725734
25100 6.3881226
25200 5.5721474
25300 5.889877
25400 5.808845
25500 6.334815
25600 6.073901
25700 6.134506
25800 6.228386
25900 6.4683475
26000 6.308028
26100 6.1700983
26200 5.8195066
26300 6.0804214
26400 6.3535395
26500 6.2328234
26600 6.2768908
26700 6.367649
26800 6.359349
26900 6.061098
27000 6.3194523
27100 5.916624
27200 5.9712048
27300 6.2272916
27400 6.482729
27500 6.123305
27600 6.4831567
27700 6.045843
27800 5.779149
27900 5.988575
28000 6.3652015
28100 6.5367284
28200 6.6281447
28300 5.9108686
28400 7.052884
28500 6.2213044
28600 6.327425
28700 5.9470925
28800 6.6722703
28900 6.7343035
29000 6.0760493
29100 6.4013214
29200 6.465994
29300 6.205719
29400 5.908451
29500 6.2172613
29600 5.8992977
29700 5.9211974
29800 6.1589856
29900 6.3044996
30000 6.5421467
30100 5.909951
30200 6.044242
30300 5.8869677
30400 6.3516965
30500 6.2025356
30600 6.4041305
30700 6.5147357
30800 6.390556
30900 5.884926
31000 6.224937
31100 5.983146
31200 6.46739
31300 6.727381
31400 6.2011094
31500 6.2187567
31600 6.001599
31700 5.808563
31800 5.946312
31900 6.5641603
32000 6.360774
32100 6.1846304
32200 6.24666
32300 5.7283125
32400 6.193954
32500 5.6205306
32600 6.0412207
32700 6.51301
32800 6.352531
32900 5.9259253
33000 5.988844
33100 6.551848
33200 5.7225485
33300 5.9069576
33400 6.1645317
33500 6.0660634
33600 6.249051
33700 6.5554023
33800 5.8123026
33900 5.8352284
34000 5.828829
34100 5.954703
34200 5.8228416
34300 5.8909802
34400 5.7096996
34500 5.921538
34600 6.183201
34700 6.1310954
34800 6.230889
34900 6.24531
35000 5.964001
35100 5.8057795
35200 6.063842
35300 5.86595
35400 6.13291
35500 5.723138
35600 5.941019
35700 5.552882
35800 6.268551
35900 5.8024807
36000 5.8748417
36100 6.0197577
36200 5.9055853
36300 6.0421476
36400 6.4832635
36500 6.0140634
36600 6.5793996
36700 5.6745677
36800 5.6079516
36900 5.8943186
37000 6.1005707
37100 5.916944
37200 5.504857
37300 6.1534057
37400 5.8531814
37500 6.1847887
37600 6.115799
37700 5.9405136
37800 5.628559
37900 5.9123607
38000 5.922101
38100 6.2045274
38200 6.1564097
38300 5.8932576
38400 6.0624695
38500 6.4496703
38600 6.2002864
38700 6.255602
38800 6.1832466
38900 6.4161296
39000 5.8571825
39100 5.5611773
39200 6.2461824
39300 6.213559
39400 6.0098457
39500 5.9657516
39600 6.201207
39700 5.8737245
39800 6.034838
39900 6.2486258
40000 5.9134803
40100 5.9204655
40200 6.0320034
40300 6.291822
40400 6.387751
40500 6.101993
40600 6.3851376
40700 6.046035
