0 3.3222501
100 0.51952225
200 0.1834812
300 0.28048918
400 0.2829057
500 0.1401512
600 0.19563065
700 0.1675875
800 0.075256854
900 0.15226889
1000 0.65904516
1100 0.20105705
1200 0.025359498
1300 0.5161025
1400 0.14045182
1500 0.05046166
1600 0.4563824
1700 0.6913957
1800 0.06756633
1900 0.2651771
2000 0.17692737
2100 0.028663097
2200 0.18477735
2300 0.094849676
2400 0.17133343
2500 0.010687309
2600 0.025877448
2700 0.13619557
2800 0.017156016
2900 0.099891126
3000 0.09395967
3100 0.35925525
3200 0.033110224
3300 0.51185775
3400 0.007713808
3500 0.16505164
3600 0.0027296387
3700 0.00550797
3800 0.006773686
3900 0.004594752
4000 0.018762724
4100 0.007820395
4200 0.16455647
4300 0.016171852
4400 0.16990285
4500 0.11718596
4600 0.055872113
4700 0.0013470185
4800 0.0035201688
4900 0.024231138
5000 0.008852945
5100 0.24289353
5200 0.014757374
5300 0.07494608
5400 0.009379787
5500 0.008036889
5600 0.100438
5700 0.0014377404
5800 0.0029067155
5900 0.22928327
6000 0.11558036
6100 0.03426714
6200 0.16849504
6300 0.039492402
6400 0.4852131
6500 0.030556588
6600 0.016687952
6700 0.0006182632
6800 0.05019913
6900 0.0021609617
7000 0.047116216
7100 0.0152654685
7200 0.00083055
7300 0.00035382927
7400 0.18939939
7500 0.039407104
7600 0.004162864
7700 0.00029267097
7800 0.013290879
7900 0.00010216212
8000 0.17060204
8100 0.0017887804
8200 0.2043951
8300 0.0049584615
8400 0.03918212
8500 0.006349235
8600 4.0824976e-05
8700 0.0002774238
8800 0.0034565444
8900 0.00027920376
9000 0.020239897
9100 0.00063435605
9200 0.0038939442
9300 0.0013766878
9400 0.002330126
9500 0.0036402673
9600 0.0035030628
9700 0.0058591138
9800 5.5478173e-05
9900 0.00029598232
10000 0.0015993519
10100 0.0007345601
10200 0.025183568
10300 0.006512268
10400 0.000100086094
10500 0.00010436373
10600 0.0050233887
10700 0.043259066
10800 3.559287e-05
10900 0.00012468097
11000 0.000339412
11100 0.00061484374
11200 0.01764884
11300 0.0012881431
11400 0.0027299554
11500 0.00016417223
11600 0.017145736
11700 0.0017144509
11800 0.00029728262
11900 0.0036500315
12000 0.020282947
12100 0.008143966
12200 0.004654616
12300 0.0004190342
12400 0.003645854
12500 0.00047282313
12600 0.012642184
12700 0.0068901437
12800 0.0005964262
12900 0.0011613574
13000 0.0017944146
13100 0.0014417695
13200 0.0030177755
13300 7.1606824e-05
13400 0.0022711642
13500 0.00047232272
13600 0.03270637
13700 0.0061512673
13800 0.0001899142
13900 0.00027826568
14000 0.00028576795
14100 0.0004609976
14200 0.00032389106
14300 0.00035962128
14400 0.018234039
14500 0.0010579192
14600 0.0012276509
14700 0.0023605083
14800 0.22980008
14900 0.00061912
15000 0.037528474
15100 0.015409663
15200 0.0019410715
15300 0.00010296067
15400 0.003672496
15500 0.0015476338
15600 0.0016369428
15700 0.0009750808
15800 8.573129e-05
15900 0.0004989376
16000 0.0064723
16100 0.00026884853
16200 8.833476e-05
16300 0.00012895801
16400 0.0012365646
16500 0.0008959862
16600 0.0016368427
16700 0.0002774291
16800 0.00041843715
16900 0.000108564
17000 0.0011600079
17100 0.0011536669
17200 0.0005182145
17300 0.00033085854
17400 0.0022838754
17500 0.0017865587
17600 0.00023668243
17700 0.0011871859
17800 0.0018204616
17900 0.0025812176
18000 0.00017884494
18100 0.002337397
18200 0.00023673836
18300 0.00045579718
18400 0.00023055424
18500 0.0004903019
18600 0.00042034488
18700 0.005919372
