0 2.3028083
100 0.36010537
200 0.12717947
300 0.19442028
400 0.19609529
500 0.09714541
600 0.13560084
700 0.11616281
800 0.052164074
900 0.105544746
1000 0.4568153
1100 0.13936213
1200 0.017577864
1300 0.35773498
1400 0.09735378
1500 0.034977358
1600 0.31634018
1700 0.479239
1800 0.04683341
1900 0.18380676
2000 0.12263671
2100 0.019867744
2200 0.1280779
2300 0.06574479
2400 0.11875929
2500 0.007407878
2600 0.01793688
2700 0.09440358
2800 0.011891644
2900 0.06923925
3000 0.06512788
3100 0.24901676
3200 0.022950258
3300 0.35479277
3400 0.0053468044
3500 0.11440508
3600 0.0018920414
3700 0.003817834
3800 0.0046951612
3900 0.0031848396
4000 0.01300533
4100 0.005420685
4200 0.114061855
4300 0.011209474
4400 0.117767684
4500 0.08122712
4600 0.038727596
4700 0.0009336821
4800 0.002439995
4900 0.016795745
5000 0.0061363936
5100 0.16836096
5200 0.0102290325
5300 0.051948667
5400 0.006501573
5500 0.005570747
5600 0.069618315
5700 0.0009965657
5800 0.0020147816
5900 0.15892705
6000 0.0801142
6100 0.02375217
6200 0.11679187
6300 0.027374048
6400 0.3363241
6500 0.021180212
6600 0.011567207
6700 0.00042854738
6800 0.034795385
6900 0.0014978645
7000 0.032658473
7100 0.010581217
7200 0.0005756934
7300 0.00024525577
7400 0.13128166
7500 0.027314924
7600 0.0028854774
7700 0.00020286406
7800 0.009212536
7900 7.081339e-05
8000 0.11825232
8100 0.0012398881
8200 0.14167589
8300 0.0034369435
8400 0.027158976
8500 0.004400954
8600 2.8297718e-05
8700 0.00019229551
8800 0.002395894
8900 0.0001935293
9000 0.014029228
9100 0.00043970213
9200 0.0026990764
9300 0.00095424725
9400 0.0016151202
9500 0.002523241
9600 0.0024281382
9700 0.004061228
9800 3.845454e-05
9900 0.00020515932
10000 0.0011085862
10100 0.00050915824
10200 0.017455919
10300 0.0045139603
10400 6.937439e-05
10500 7.2339426e-05
10600 0.0034819478
10700 0.029984899
10800 2.4671099e-05
10900 8.642227e-05
11000 0.00023526249
11100 0.0004261772
11200 0.012233243
11300 0.00089287275
11400 0.0018922609
11500 0.000113795526
11600 0.011884519
11700 0.0011883668
11800 0.0002060606
11900 0.002530009
12000 0.014059068
12100 0.0056449673
12200 0.003226334
12300 0.00029045236
12400 0.0025271135
12500 0.00032773602
12600 0.008762894
12700 0.0047758836
12800 0.00041341112
12900 0.0008049916
13000 0.0012437934
13100 0.0009993585
13200 0.0020917626
13300 4.963407e-05
13400 0.0015742511
13500 0.00032738916
13600 0.022670327
13700 0.0042637335
13800 0.00013163849
13900 0.00019287907
14000 0.00019807924
14100 0.0003195392
14200 0.00022450418
14300 0.00024927047
14400 0.0126388725
14500 0.00073329377
14600 0.00085094274
14700 0.0016361796
14800 0.15928528
14900 0.0004291413
15000 0.026012756
15100 0.010681164
15200 0.0013454482
15300 7.13669e-05
15400 0.0025455803
15500 0.001072738
15600 0.0011346423
15700 0.00067587453
15800 5.9424405e-05
15900 0.0003458372
16000 0.0044862563
16100 0.0001863516
16200 6.122899e-05
16300 8.938688e-05
16400 0.00085712125
16500 0.0006210503
16600 0.0011345729
16700 0.0001922992
16800 0.00029003853
16900 7.5250835e-05
17000 0.0008040562
17100 0.000799661
17200 0.0003591989
17300 0.00022933367
17400 0.0015830618
17500 0.0012383481
17600 0.00016405576
17700 0.00082289457
17800 0.0012618478
17900 0.0017891637
18000 0.00012396587
18100 0.0016201602
18200 0.00016409453
18300 0.00031593454
18400 0.00015980803
18500 0.0003398514
18600 0.00029136086
18700 0.004102996
