0 9.99999
100 1.729075
200 1.3529578
300 1.5757849
400 1.2208047
500 1.1881924
600 1.3073149
700 1.1416073
800 1.2168455
900 1.1641028
1000 1.3749869
1100 1.2193351
1200 1.0983096
1300 1.2259347
1400 1.1711657
1500 1.0807354
1600 1.1526362
1700 1.1396315
1800 1.1583433
1900 1.0517414
2000 1.1339111
2100 1.0653158
2200 1.1693277
2300 1.0764166
2400 1.0386281
2500 1.0345246
2600 1.0744593
2700 1.0524065
2800 1.0528781
2900 1.1077582
3000 1.0812298
3100 1.1369596
3200 1.052069
3300 1.0179803
3400 1.0283916
3500 1.0932024
3600 1.0113077
3700 1.0215007
3800 1.0249577
3900 1.0183213
4000 1.0351474
4100 1.0249586
4200 1.1350166
4300 1.046178
4400 1.0918772
4500 1.1037198
4600 1.1033573
4700 1.0058783
4800 1.0125579
4900 1.035728
5000 1.0327837
5100 1.0658131
5200 1.0295451
5300 1.0839663
5400 1.021894
5500 1.0277913
5600 1.0238442
5700 1.006705
5800 1.0106852
5900 1.0935962
6000 1.0375319
6100 1.0526537
6200 1.1546494
6300 1.061408
6400 1.0772389
6500 1.0611058
6600 1.0359241
6700 1.0026035
6800 1.0944554
6900 1.0090935
7000 1.0957289
7100 1.045292
7200 1.0042417
7300 1.0020585
7400 1.142007
7500 1.086117
7600 1.0138185
7700 1.001521
7800 1.0283401
7900 1.0006272
8000 1.0584219
8100 1.006963
8200 1.0614712
8300 1.0175098
8400 1.0308931
8500 1.0207844
8600 1.0002935
8700 1.0015616
8800 1.013164
8900 1.0015302
9000 1.0607185
9100 1.0032251
9200 1.0149782
9300 1.006314
9400 1.0081981
9500 1.0131001
9600 1.0116305
9700 1.0207298
9800 1.0003715
9900 1.0016434
10000 1.0063739
10100 1.0032643
10200 1.032479
10300 1.019589
10400 1.0006189
10500 1.0006262
10600 1.0138803
10700 1.0314286
10800 1.0002333
10900 1.0007079
11000 1.00174
11100 1.0025226
11200 1.0588512
11300 1.0050421
11400 1.010154
11500 1.0008373
11600 1.042798
11700 1.0058857
11800 1.0016482
11900 1.0104318
12000 1.0387139
12100 1.0276952
12200 1.016217
12300 1.0019854
12400 1.0133575
12500 1.002291
12600 1.0396757
12700 1.0201643
12800 1.0027814
12900 1.0047925
13000 1.0066811
13100 1.0062203
13200 1.0116231
13300 1.0004568
13400 1.0092441
13500 1.0023623
13600 1.0362923
13700 1.0229568
13800 1.0010633
13900 1.0015268
14000 1.0014664
14100 1.0024292
14200 1.0014325
14300 1.0017164
14400 1.0325251
14500 1.0042361
14600 1.0050215
14700 1.0085776
14800 1.004848
14900 1.0031315
15000 1.0389764
15100 1.0433974
15200 1.0081149
15300 1.0005841
15400 1.0148642
15500 1.0058012
15600 1.0068159
15700 1.0037768
15800 1.000551
15900 1.0026261
16000 1.0218581
16100 1.0014687
16200 1.0005553
16300 1.0007409
16400 1.0043963
16500 1.0038161
16600 1.0064509
16700 1.0015585
16800 1.0018767
16900 1.0006715
17000 1.005203
17100 1.0048959
17200 1.0025771
17300 1.0017056
17400 1.0085704
17500 1.0076197
17600 1.001172
17700 1.0046644
17800 1.0073345
17900 1.0087491
18000 1.0010829
18100 1.0098808
18200 1.0012498
18300 1.0020647
18400 1.0012155
18500 1.0022714
18600 1.0019321
18700 1.0170803
