0 5.7355995
100 0.6767981
200 0.32300264
300 0.13699643
400 0.08417489
500 0.46569118
600 0.09400721
700 0.101297155
800 0.023222027
900 0.22083716
1000 0.020640958
1100 0.36611143
1200 0.040275767
1300 0.07809388
1400 0.25753438
1500 0.08024162
1600 0.008347828
1700 0.18446983
1800 0.038918372
1900 0.010627621
2000 0.044705737
2100 0.05716575
2200 0.039505236
2300 0.041508403
2400 0.19077763
2500 0.01114803
2600 0.122029476
2700 0.041297723
2800 0.032937214
2900 0.35162735
3000 0.0031701536
3100 0.18252528
3200 0.06844856
3300 0.009184807
3400 0.03445357
3500 0.011764079
3600 0.018721325
3700 0.13409792
3800 0.058169134
3900 0.0049840496
4000 0.0140753435
4100 0.019446434
4200 0.044183042
4300 0.022482049
4400 0.009647114
4500 0.24894388
4600 0.006507504
4700 0.093073085
4800 0.03183734
4900 0.008534531
5000 0.16337882
5100 0.037442546
5200 0.0034964469
5300 0.004786107
5400 0.13502595
5500 0.049117446
5600 0.008850973
5700 0.074613
5800 0.01495833
5900 0.015614294
6000 0.038736716
6100 0.011551786
6200 0.005345863
6300 0.010228189
6400 0.0126551995
6500 0.043124944
6600 0.009270779
6700 0.047663976
6800 0.009574427
6900 0.007954201
7000 0.010181391
7100 0.0067703025
7200 0.014912263
7300 0.009361577
7400 0.024741339
7500 0.029229311
7600 0.0036078584
7700 0.0035049154
7800 0.006490804
7900 0.017710462
8000 0.011606465
8100 0.019218134
8200 0.019087957
8300 0.010438483
8400 0.010967643
8500 0.017969688
8600 0.015531665
8700 0.007245672
8800 0.03374626
8900 0.026838021
9000 0.0075182295
9100 0.015916314
9200 0.014389373
9300 0.01234122
9400 0.008608357
9500 0.003081251
9600 0.0009881319
9700 0.02637767
9800 0.003067691
9900 0.0042956867
10000 0.00356093
10100 0.024565093
10200 0.010266537
10300 0.07127755
10400 0.010182253
10500 0.010952871
10600 0.004311505
10700 0.0014668958
10800 0.010098015
10900 0.0070210667
11000 0.0039344016
11100 0.0035610674
11200 0.0067052697
11300 0.0038315076
11400 0.0074542305
11500 0.014775445
11600 0.00095974194
11700 0.01529074
11800 0.0005069076
11900 0.0076623894
12000 0.007352563
12100 0.0020843805
12200 0.00426163
12300 0.0055507296
12400 0.0014294414
12500 0.0046537006
12600 0.0008669219
12700 0.005106424
12800 0.003621273
12900 0.0034627349
13000 0.00083165796
13100 0.0007467522
13200 0.005574047
13300 0.0037683484
13400 0.00050512
13500 0.0042774705
13600 0.011776546
