0 0.09375
100 0.375
200 0.28125
300 0.46875
400 0.40625
500 0.34375
600 0.375
700 0.21875
800 0.40625
900 0.4375
1000 0.40625
1100 0.40625
1200 0.46875
1300 0.40625
1400 0.3125
1500 0.625
1600 0.46875
1700 0.53125
1800 0.4375
1900 0.46875
2000 0.5
2100 0.5
2200 0.53125
2300 0.34375
2400 0.6875
2500 0.59375
2600 0.4375
2700 0.46875
2800 0.46875
2900 0.65625
3000 0.53125
3100 0.59375
3200 0.59375
3300 0.5
3400 0.5
3500 0.625
3600 0.40625
3700 0.4375
3800 0.59375
3900 0.59375
4000 0.625
4100 0.4375
4200 0.625
4300 0.53125
4400 0.625
4500 0.53125
4600 0.5625
4700 0.53125
4800 0.4375
4900 0.59375
5000 0.4375
5100 0.40625
5200 0.625
5300 0.53125
5400 0.4375
5500 0.65625
5600 0.4375
5700 0.5625
5800 0.5
5900 0.4375
6000 0.5
6100 0.40625
6200 0.53125
6300 0.5625
6400 0.625
6500 0.40625
6600 0.53125
6700 0.78125
6800 0.59375
6900 0.53125
7000 0.5
7100 0.375
7200 0.625
7300 0.59375
7400 0.5625
7500 0.625
7600 0.5625
7700 0.625
7800 0.53125
7900 0.53125
8000 0.6875
8100 0.59375
8200 0.53125
8300 0.6875
8400 0.65625
8500 0.59375
8600 0.6875
8700 0.65625
8800 0.53125
8900 0.59375
9000 0.5625
9100 0.6875
9200 0.6875
9300 0.6875
9400 0.6875
9500 0.6875
9600 0.6875
9700 0.6875
9800 0.71875
9900 0.75
10000 0.625
10100 0.71875
10200 0.6875
10300 0.59375
10400 0.65625
10500 0.65625
10600 0.625
10700 0.78125
10800 0.84375
10900 0.625
11000 0.71875
11100 0.71875
11200 0.625
11300 0.8125
11400 0.71875
11500 0.8125
11600 0.78125
11700 0.6875
11800 0.8125
11900 0.8125
12000 0.5625
12100 0.6875
12200 0.65625
12300 0.625
12400 0.75
12500 0.78125
12600 0.71875
12700 0.75
12800 0.71875
12900 0.65625
13000 0.71875
13100 0.71875
13200 0.78125
13300 0.8125
13400 0.84375
13500 0.71875
13600 0.6875
13700 0.65625
13800 0.78125
13900 0.75
14000 0.625
14100 0.84375
14200 0.71875
14300 0.65625
14400 0.625
14500 0.75
14600 0.8125
14700 0.8125
14800 0.875
14900 0.6875
15000 0.625
15100 0.71875
15200 0.875
15300 0.65625
15400 0.75
15500 0.71875
15600 0.625
15700 0.75
15800 0.78125
15900 0.84375
16000 0.75
16100 0.84375
16200 0.84375
16300 0.75
16400 0.8125
16500 0.6875
16600 0.78125
16700 0.78125
16800 0.8125
16900 0.78125
17000 0.8125
17100 0.78125
17200 0.71875
17300 0.65625
17400 0.71875
17500 0.75
17600 0.75
17700 0.8125
17800 0.75
17900 0.8125
18000 0.78125
18100 0.78125
