0 3.31154
100 2.6736
200 2.72585
300 1.9875
400 2.65045
500 2.90528
600 2.22327
700 2.65378
800 2.23822
900 2.93886
1000 2.42093
1100 2.66535
1200 2.27739
1300 2.19452
1400 2.46209
1500 1.66554
1600 2.02489
1700 1.89654
1800 1.95554
1900 2.20558
2000 1.97244
2100 1.96516
2200 2.21729
2300 2.33403
2400 1.33513
2500 1.64765
2600 2.56331
2700 1.99978
2800 2.03996
2900 1.65124
3000 2.00977
3100 1.75298
3200 2.18194
3300 1.98816
3400 1.80623
3500 1.76664
3600 1.59589
3700 1.81134
3800 2.01666
3900 1.55332
4000 2.04357
4100 2.24905
4200 1.86
4300 1.95361
4400 1.84453
4500 1.51127
4600 1.64145
4700 1.70632
4800 2.19799
4900 1.59648
5000 2.53134
5100 2.61119
5200 1.72459
5300 2.57803
5400 2.4185
5500 1.65174
5600 2.01904
5700 1.74461
5800 2.18587
5900 2.07498
6000 1.88698
6100 2.18203
6200 1.96625
6300 1.74008
6400 1.95347
6500 2.24554
6600 2.10247
6700 1.62193
6800 1.94399
6900 2.18496
7000 1.74558
7100 2.05419
7200 1.17952
7300 1.40937
7400 2.5424
7500 1.29087
7600 1.71213
7700 1.40014
7800 1.84606
7900 1.69577
8000 1.19172
8100 2.05744
8200 2.19098
8300 1.53522
8400 1.67165
8500 1.61588
8600 1.20048
8700 1.36948
8800 1.96975
8900 1.78239
9000 1.98033
9100 1.18772
9200 1.47955
9300 1.18741
9400 1.34204
9500 1.14748
9600 0.973657
9700 1.24045
9800 1.19564
9900 0.974094
10000 1.47948
10100 1.83521
10200 1.11589
10300 2.10094
10400 1.22313
10500 1.21498
10600 1.38058
10700 1.5044
10800 0.81707
10900 1.28119
11000 1.40322
11100 1.37025
11200 1.37255
11300 0.959668
11400 1.43041
11500 0.937755
11600 1.18758
11700 1.5108
11800 0.829767
11900 0.859526
12000 1.91873
12100 1.33286
12200 1.29176
12300 1.22448
12400 1.08477
12500 1.13737
12600 0.986775
12700 1.05362
12800 1.14625
12900 1.52601
13000 1.42604
13100 1.06009
13200 1.23592
13300 0.797752
13400 0.877404
13500 1.54448
13600 0.995504
13700 1.13702
13800 1.09634
13900 0.928602
14000 1.08677
14100 0.847962
14200 1.15931
14300 1.2055
14400 1.34094
14500 1.06845
14600 0.960597
14700 0.832746
14800 0.708822
14900 1.19192
15000 1.23371
15100 0.967548
15200 0.979886
15300 1.22966
15400 1.05376
15500 1.44877
15600 1.37274
15700 1.07278
15800 1.08262
15900 0.929188
16000 1.1649
16100 0.755675
16200 1.24293
16300 0.926338
16400 0.780347
16500 1.11323
16600 0.895466
16700 1.06079
16800 0.907199
16900 1.13283
17000 0.745276
17100 0.771243
17200 1.19596
17300 1.30501
17400 1.12569
17500 1.02356
17600 1.03026
17700 1.19882
17800 1.02314
17900 0.775359
18000 0.922498
18100 0.96686
