0 2.29539
100 1.8532
200 1.88941
300 1.37763
400 1.83715
500 2.01379
600 1.54106
700 1.83946
800 1.55141
900 2.03707
1000 1.67806
1100 1.84748
1200 1.57856
1300 1.52112
1400 1.70659
1500 1.15446
1600 1.40355
1700 1.31458
1800 1.35547
1900 1.52879
2000 1.36719
2100 1.36214
2200 1.53691
2300 1.61782
2400 0.925444
2500 1.14206
2600 1.77675
2700 1.38614
2800 1.41399
2900 1.14455
3000 1.39307
3100 1.21508
3200 1.51241
3300 1.37809
3400 1.25198
3500 1.22454
3600 1.10619
3700 1.25553
3800 1.39784
3900 1.07668
4000 1.41649
4100 1.55892
4200 1.28925
4300 1.35414
4400 1.27853
4500 1.04753
4600 1.13776
4700 1.18273
4800 1.52353
4900 1.10659
5000 1.75459
5100 1.80994
5200 1.1954
5300 1.78695
5400 1.67638
5500 1.1449
5600 1.39949
5700 1.20927
5800 1.51513
5900 1.43827
6000 1.30796
6100 1.51247
6200 1.3629
6300 1.20613
6400 1.35404
6500 1.55649
6600 1.45732
6700 1.12423
6800 1.34747
6900 1.5145
7000 1.20995
7100 1.42386
7200 0.817582
7300 0.976899
7400 1.76226
7500 0.894764
7600 1.18676
7700 0.9705
7800 1.27959
7900 1.17542
8000 0.826036
8100 1.42611
8200 1.51867
8300 1.06413
8400 1.1587
8500 1.12004
8600 0.83211
8700 0.949252
8800 1.36533
8900 1.23546
9000 1.37266
9100 0.823268
9200 1.02555
9300 0.823047
9400 0.930231
9500 0.795369
9600 0.674888
9700 0.859813
9800 0.828755
9900 0.675191
10000 1.0255
10100 1.27207
10200 0.773476
10300 1.45626
10400 0.847806
10500 0.842162
10600 0.956946
10700 1.04277
10800 0.56635
10900 0.888053
11000 0.972641
11100 0.949787
11200 0.951382
11300 0.665191
11400 0.991487
11500 0.650002
11600 0.823169
11700 1.04721
11800 0.575151
11900 0.595778
12000 1.32996
12100 0.923865
12200 0.895383
12300 0.848746
12400 0.751908
12500 0.788367
12600 0.68398
12700 0.730311
12800 0.794522
12900 1.05775
13000 0.988453
13100 0.734796
13200 0.856677
13300 0.55296
13400 0.60817
13500 1.07055
13600 0.690031
13700 0.788121
13800 0.759927
13900 0.643658
14000 0.753293
14100 0.587763
14200 0.803574
14300 0.835591
14400 0.929469
14500 0.740595
14600 0.665835
14700 0.577216
14800 0.491318
14900 0.826179
15000 0.855145
15100 0.670653
15200 0.679205
15300 0.852336
15400 0.730408
15500 1.00421
15600 0.951508
15700 0.743593
15800 0.750413
15900 0.644064
16000 0.807444
16100 0.523794
16200 0.861537
16300 0.642088
16400 0.540895
16500 0.771633
16600 0.62069
16700 0.735282
16800 0.628823
16900 0.785221
17000 0.516586
17100 0.534585
17200 0.828974
17300 0.904564
17400 0.780266
17500 0.709479
17600 0.714123
17700 0.830958
17800 0.70919
17900 0.537438
18000 0.639427
18100 0.670176
