0 9.99472
100 5.75071
200 5.86415
300 5.30741
400 5.55323
500 4.94736
600 5.36085
700 5.55033
800 4.8498
900 4.62405
1000 5.19593
1100 4.86422
1200 5.18091
1300 4.24893
1400 4.97105
1500 4.21917
1600 4.77829
1700 4.04636
1800 4.2001
1900 5.17367
2000 4.93597
2100 4.39449
2200 3.66999
2300 4.56082
2400 3.9571
2500 3.96564
2600 3.6238
2700 4.20195
2800 4.02475
2900 3.67258
3000 3.61912
3100 4.28503
3200 3.9184
3300 3.86665
3400 3.91754
3500 3.91578
3600 3.88447
3700 3.53784
3800 3.9202
3900 4.11157
4000 3.8113
4100 4.08844
4200 3.93472
4300 3.72637
4400 3.49317
4500 3.56196
4600 3.58176
4700 3.71917
4800 3.74921
4900 3.69838
5000 3.61278
5100 3.92041
5200 3.28777
5300 3.54726
5400 3.35079
5500 3.60729
5600 3.35543
5700 3.42744
5800 2.90553
5900 3.49077
6000 3.56458
6100 3.66953
6200 3.7026
6300 3.56263
6400 3.48478
6500 3.72542
6600 2.98523
6700 2.42599
6800 3.45917
6900 3.30737
7000 3.25821
7100 3.3451
7200 2.71231
7300 3.0884
7400 3.47984
7500 3.37157
7600 2.65872
7700 3.09922
7800 3.52648
7900 3.48052
8000 3.16788
8100 3.87283
8200 3.28341
8300 3.07444
8400 3.37238
8500 4.00701
8600 3.08104
8700 3.51325
8800 3.78279
8900 3.20962
9000 3.27579
9100 3.38859
9200 3.00635
9300 3.24464
9400 3.10354
9500 3.19035
9600 2.96528
9700 3.06603
9800 3.15457
9900 2.61343
10000 3.5184
10100 2.86429
10200 2.59262
10300 2.94566
10400 3.00135
10500 3.30325
10600 3.65776
10700 3.13912
10800 2.8705
10900 3.22919
11000 3.41016
11100 3.26208
11200 3.29188
11300 2.76626
11400 2.98348
11500 2.50374
11600 2.95302
11700 3.20585
11800 2.83324
11900 3.14279
12000 2.79984
12100 2.84337
12200 3.32299
12300 2.97171
12400 2.75997
12500 2.75528
12600 2.6511
12700 2.62045
12800 2.68644
12900 3.31275
13000 2.96973
13100 2.56756
13200 2.96056
13300 2.83242
13400 2.37678
13500 3.13524
13600 3.0339
13700 2.80164
13800 2.98431
13900 2.62398
14000 2.90674
14100 2.85259
14200 3.03271
14300 3.52893
14400 3.1261
14500 2.70328
14600 2.9837
14700 2.37934
14800 2.46437
14900 3.21075
15000 2.9509
15100 2.42922
15200 2.79571
15300 2.87651
15400 2.59552
15500 2.9194
15600 3.29655
15700 3.24274
15800 2.7308
15900 2.94621
16000 2.5537
16100 2.85828
16200 2.59693
16300 2.86451
16400 2.61089
16500 2.54902
16600 2.47877
16700 2.72656
16800 2.99536
16900 3.41213
17000 2.60031
17100 2.6937
17200 2.39542
17300 2.98806
17400 3.25826
17500 2.69661
17600 2.71781
17700 3.11229
17800 2.95778
17900 2.49564
18000 2.41647
18100 2.96586
