0 0.01875
100 0.35625002
200 0.41875002
300 0.48437503
400 0.46875003
500 0.503125
600 0.49687502
700 0.5
800 0.44375002
900 0.49375
1000 0.50625
1100 0.45
1200 0.503125
1300 0.49374998
1400 0.5125
1500 0.5375
1600 0.4875
1700 0.45625
1800 0.5375
1900 0.521875
2000 0.53125
2100 0.54375
2200 0.49687505
2300 0.575
2400 0.528125
2500 0.484375
2600 0.51875
2700 0.55625
2800 0.546875
2900 0.559375
3000 0.49687502
3100 0.48125005
3200 0.48125002
3300 0.56874996
3400 0.5375
3500 0.5125
3600 0.53125
3700 0.546875
3800 0.5125
3900 0.48125
4000 0.5375
4100 0.54375
4200 0.54375005
4300 0.578125
4400 0.58125
4500 0.515625
4600 0.5625
4700 0.57187504
4800 0.60625005
4900 0.559375
5000 0.62812495
5100 0.5
5200 0.48437503
5300 0.503125
5400 0.540625
5500 0.60937506
5600 0.5656251
5700 0.53125
5800 0.534375
5900 0.5125
6000 0.50624996
6100 0.5125
6200 0.5375
6300 0.575
6400 0.5
6500 0.559375
6600 0.5812501
6700 0.52500004
6800 0.5
6900 0.57500005
7000 0.5125
7100 0.571875
7200 0.54062504
7300 0.565625
7400 0.5375
7500 0.53125
7600 0.46875006
7700 0.5625
7800 0.59999996
7900 0.54999995
8000 0.58124995
8100 0.57812506
8200 0.553125
8300 0.56562495
8400 0.55312496
8500 0.515625
8600 0.59999996
8700 0.55
8800 0.51875
8900 0.54062504
9000 0.578125
9100 0.58125
9200 0.54062504
9300 0.57187504
9400 0.48437503
9500 0.55625
9600 0.60625
9700 0.60312504
9800 0.571875
9900 0.55625
10000 0.515625
10100 0.56875
10200 0.58750004
10300 0.59687495
10400 0.521875
10500 0.515625
10600 0.51875
10700 0.540625
10800 0.63125
10900 0.5875
11000 0.57500005
11100 0.596875
11200 0.53125
11300 0.528125
11400 0.55625
11500 0.52812505
11600 0.584375
11700 0.515625
11800 0.525
11900 0.53125
12000 0.559375
12100 0.53125
12200 0.56875
12300 0.56875
12400 0.528125
12500 0.484375
12600 0.546875
12700 0.578125
12800 0.5500001
12900 0.540625
13000 0.5
13100 0.51875
13200 0.59374994
13300 0.51875
13400 0.54375
13500 0.56562495
13600 0.5625
13700 0.546875
13800 0.534375
13900 0.5375
14000 0.559375
14100 0.57187504
14200 0.515625
14300 0.59375
14400 0.559375
14500 0.509375
14600 0.559375
14700 0.57187504
14800 0.546875
14900 0.54999995
15000 0.55625
15100 0.55625004
15200 0.609375
15300 0.56250006
15400 0.515625
15500 0.5187501
15600 0.584375
15700 0.590625
15800 0.45
15900 0.5375
16000 0.596875
16100 0.559375
16200 0.56250006
16300 0.471875
16400 0.559375
16500 0.58125
16600 0.59375
16700 0.53125
16800 0.55625
16900 0.515625
17000 0.55625
17100 0.5968751
17200 0.54375
17300 0.553125
17400 0.5375
17500 0.575
17600 0.59375
17700 0.571875
17800 0.54062504
17900 0.5375
18000 0.58750004
18100 0.5125
18200 0.590625
18300 0.50625
18400 0.54375
18500 0.59062505
18600 0.52187496
18700 0.525
18800 0.5875
18900 0.61249995
19000 0.58437496
19100 0.55625
19200 0.603125
19300 0.540625
19400 0.52812505
19500 0.54062504
19600 0.58437496
19700 0.56874996
19800 0.625
