0 4.764267
100 3.186101
200 2.849996
300 2.4673285
400 2.5151439
500 2.3645356
600 2.2969916
700 2.4357111
800 2.5108736
900 2.559982
1000 2.385593
1100 2.6094096
1200 2.4091618
1300 2.5365996
1400 2.3370945
1500 2.2696567
1600 2.3207664
1700 2.520856
1800 2.2540343
1900 2.2447374
2000 2.1952279
2100 2.2758312
2200 2.3162377
2300 2.0479693
2400 2.1716316
2500 2.425341
2600 2.2533422
2700 2.1853192
2800 2.2398005
2900 2.0562325
3000 2.2989185
3100 2.3612304
3200 2.2986035
3300 1.9001176
3400 2.1868365
3500 2.2849483
3600 2.3625636
3700 2.2105043
3800 2.337874
3900 2.3901715
4000 2.1793132
4100 2.1657174
4200 2.0553362
4300 1.8580605
4400 2.0682666
4500 2.1764035
4600 1.8816605
4700 2.0060117
4800 1.8480417
4900 2.0340838
5000 1.8488319
5100 2.2360427
5200 2.4470377
5300 2.3489463
5400 2.0918221
5500 1.8920205
5600 2.064866
5700 2.0286133
5800 2.228475
5900 2.184584
6000 2.3164368
6100 2.289473
6200 2.2228978
6300 2.2354057
6400 2.2342963
6500 2.1176186
6600 1.809767
6700 2.1324928
6800 2.233033
6900 1.9932858
7000 2.3556397
7100 2.0321157
7200 2.0282223
7300 2.2715182
7400 2.334685
7500 2.1659503
7600 2.4285536
7700 1.9635344
7800 1.9231842
7900 2.067604
8000 1.987934
8100 2.0202188
8200 2.1459775
8300 2.1902366
8400 1.9876196
8500 2.2444055
8600 1.9573449
8700 2.094057
8800 2.367703
8900 2.2066295
9000 2.082497
9100 2.1194487
9200 2.1413138
9300 2.1623778
9400 2.4896948
9500 2.0836494
9600 1.9492443
9700 1.8362259
9800 2.0149477
9900 2.1902428
10000 2.248529
10100 2.0803657
10200 1.8091333
10300 1.76817
10400 2.146662
10500 2.3447287
10600 2.22542
10700 2.2020829
10800 1.8060561
10900 1.9873878
11000 1.9647448
11100 2.1116526
11200 2.159034
11300 2.297955
11400 2.2217798
11500 2.2157054
11600 2.137542
11700 2.2202754
11800 2.2183204
11900 2.1635163
12000 2.0778031
12100 2.1078005
12200 1.9454829
12300 1.9973469
12400 2.1866517
12500 2.2887504
12600 2.148976
12700 1.8826985
12800 2.2055395
12900 2.3632486
13000 2.4064126
13100 2.1997828
13200 1.9035151
13300 2.2819374
13400 2.1205444
13500 2.1241667
13600 2.0545611
13700 2.2574117
13800 2.266018
13900 2.19328
14000 1.9500946
14100 2.0648916
14200 2.2879517
14300 1.9629939
14400 2.0274792
14500 2.385971
14600 2.14674
14700 2.0167935
14800 2.032105
14900 2.1428032
15000 2.071303
15100 2.1023386
15200 1.7592605
15300 2.0446646
15400 2.2259026
15500 2.3573906
15600 2.0858276
15700 2.0386658
15800 2.5946217
15900 2.2298508
16000 1.9346341
16100 2.1130276
16200 2.2527916
16300 2.6411526
16400 2.1698368
16500 2.036067
16600 1.9106418
16700 2.3193069
16800 2.038635
16900 2.2168736
17000 2.1036367
17100 1.9434412
17200 2.1804948
17300 2.2075381
17400 2.0578642
17500 1.8291827
17600 1.8728129
17700 1.9788098
17800 2.1252296
17900 2.1774077
18000 2.0899339
18100 2.276612
18200 2.0273674
18300 2.3713152
18400 2.1395898
18500 1.8748327
18600 2.1874647
18700 2.214219
18800 1.97378
18900 1.8932929
19000 1.9326432
19100 2.0576537
19200 1.9574285
19300 2.2454653
19400 2.082192
19500 2.1397543
19600 2.066001
19700 2.019053
19800 1.7659929
