0 3.3023381
100 2.208437
200 1.9754667
300 1.7102218
400 1.7433648
500 1.6389711
600 1.5921533
700 1.6883063
800 1.740405
900 1.7744443
1000 1.653567
1100 1.808705
1200 1.6699038
1300 1.7582369
1400 1.6199505
1500 1.5732061
1600 1.6086327
1700 1.7473241
1800 1.5623775
1900 1.5559334
2000 1.521616
2100 1.5774859
2200 1.6054935
2300 1.4195442
2400 1.5052602
2500 1.6811182
2600 1.5618978
2700 1.5147479
2800 1.5525115
2900 1.4252717
3000 1.5934889
3100 1.6366801
3200 1.5932705
3300 1.3170612
3400 1.5157995
3500 1.5838056
3600 1.6376042
3700 1.5322049
3800 1.6204908
3900 1.6567407
4000 1.5105847
4100 1.5011609
4200 1.4246505
4300 1.2879094
4400 1.4336132
4500 1.508568
4600 1.3042676
4700 1.3904614
4800 1.2809649
4900 1.4099195
5000 1.2815126
5100 1.5499067
5200 1.6961572
5300 1.6281655
5400 1.4499406
5500 1.3114487
5600 1.4312562
5700 1.4061277
5800 1.5446613
5900 1.5142382
6000 1.6056316
6100 1.5869418
6200 1.5407953
6300 1.5494652
6400 1.5486962
6500 1.4678214
6600 1.254435
6700 1.4781313
6800 1.5478206
6900 1.3816404
7000 1.632805
7100 1.4085553
7200 1.4058566
7300 1.5744964
7400 1.6182804
7500 1.5013224
7600 1.6833451
7700 1.3610183
7800 1.3330497
7900 1.433154
8000 1.3779309
8100 1.4003091
8200 1.4874783
8300 1.5181563
8400 1.377713
8500 1.5557034
8600 1.3567281
8700 1.4514897
8800 1.6411666
8900 1.5295191
9000 1.4434769
9100 1.4690899
9200 1.4842455
9300 1.4988462
9400 1.7257249
9500 1.4442757
9600 1.3511132
9700 1.2727748
9800 1.3966553
9900 1.5181606
10000 1.5585616
10100 1.4419997
10200 1.2539957
10300 1.225602
10400 1.4879527
10500 1.6252421
10600 1.5425436
10700 1.5263675
10800 1.2518628
10900 1.3775523
11000 1.3618573
11100 1.463686
11200 1.4965284
11300 1.5928211
11400 1.5400203
11500 1.53581
11600 1.4816312
11700 1.5389776
11800 1.5376225
11900 1.4996352
12000 1.4402233
12100 1.4610159
12200 1.348506
12300 1.3844553
12400 1.5156715
12500 1.5864409
12600 1.4895568
12700 1.3049872
12800 1.5287634
12900 1.6380792
13000 1.6679982
13100 1.5247732
13200 1.3194162
13300 1.5817184
13400 1.4698493
13500 1.4723601
13600 1.4241133
13700 1.5647186
13800 1.570684
13900 1.5202658
14000 1.3517026
14100 1.4312737
14200 1.5858873
14300 1.3606436
14400 1.4053415
14500 1.6538291
14600 1.4880067
14700 1.3979348
14800 1.4085479
14900 1.485278
15000 1.4357177
15100 1.4572301
15200 1.2194265
15300 1.4172535
15400 1.5428782
15500 1.6340187
15600 1.4457855
15700 1.4130955
15800 1.7984548
15900 1.5456148
16000 1.3409861
16100 1.4646392
16200 1.5615162
16300 1.8307076
16400 1.5040162
16500 1.4112941
16600 1.324356
16700 1.607621
16800 1.4130741
16900 1.5366197
17000 1.4581299
17100 1.3470907
17200 1.5114038
17300 1.5301489
17400 1.4264028
17500 1.2678928
17600 1.2981349
17700 1.3716065
17800 1.4730968
17900 1.509264
18000 1.4486318
18100 1.5780272
18200 1.405264
18300 1.6436706
18400 1.4830506
18500 1.299535
18600 1.516235
18700 1.5347797
18800 1.3681201
18900 1.3123306
19000 1.3396062
19100 1.4262569
19200 1.356786
19300 1.5564378
19400 1.4432654
19500 1.4831647
19600 1.4320427
19700 1.399501
19800 1.224093
