0 26.98648
100 11.304459
200 9.266011
300 8.440132
400 7.8823175
500 7.1750393
600 7.4183936
700 7.871541
800 7.7419367
900 7.84553
1000 6.9457493
1100 7.657487
1200 7.6656017
1300 7.1508493
1400 7.188395
1500 6.8544474
1600 6.987279
1700 7.2838135
1800 6.8202953
1900 6.5730934
2000 6.7576847
2100 6.795188
2200 6.884076
2300 6.263493
2400 6.6332903
2500 7.2190447
2600 6.3488784
2700 6.6034946
2800 6.581947
2900 6.1900063
3000 6.458541
3100 6.526575
3200 6.3936567
3300 6.0147977
3400 6.6318436
3500 6.6068687
3600 6.201422
3700 6.326676
3800 6.940735
3900 6.375464
4000 6.676382
4100 6.5073524
4200 6.3393474
4300 6.106563
4400 6.33123
4500 6.429076
4600 5.6645164
4700 6.0741606
4800 5.8407483
4900 6.173094
5000 6.0298214
5100 6.5489264
5200 6.4722996
5300 6.408572
5400 6.0654116
5500 5.952862
5600 6.4221573
5700 6.578278
5800 6.3027306
5900 5.9702497
6000 6.9520316
6100 6.5974193
6200 6.480211
6300 6.0899267
6400 6.3369336
6500 6.1142616
6600 5.8082995
6700 6.475585
6800 6.349537
6900 6.4647937
7000 6.5883055
7100 6.170901
7200 6.3200946
7300 6.402676
7400 6.21452
7500 6.1261177
7600 6.7874126
7700 6.2373786
7800 6.0535064
7900 6.1202946
8000 5.801727
8100 6.000907
8200 6.166705
8300 6.1321254
8400 5.7514997
8500 6.396581
8600 6.24552
8700 6.3395066
8800 6.430062
8900 6.32349
9000 6.404146
9100 5.99523
9200 6.1497808
9300 6.633891
9400 6.4376917
9500 6.2264624
9600 6.2233515
9700 5.8974667
9800 5.859285
9900 6.4705153
10000 6.5708647
10100 6.0725536
10200 6.1420665
10300 5.608707
10400 6.3998566
10500 6.5218086
10600 6.7500663
10700 6.580815
10800 5.684608
10900 6.3762455
11000 6.0247135
11100 6.4236317
11200 6.3369265
11300 6.4279237
11400 6.063529
11500 6.6482067
11600 6.0180717
11700 6.440463
11800 6.3006544
11900 5.942966
12000 6.024188
12100 6.2153797
12200 5.7076945
12300 6.108285
12400 6.1601343
12500 6.7645054
12600 5.9119263
12700 5.69716
12800 6.2777057
12900 6.257059
13000 6.8618236
13100 6.185391
13200 5.9528184
13300 6.7539916
13400 6.194363
13500 6.387176
13600 6.1458244
13700 6.183547
13800 6.3402395
13900 6.2039385
14000 5.8433876
14100 6.0985284
14200 6.833013
14300 6.21637
14400 5.478382
14500 6.5234776
14600 6.3996267
14700 5.8535056
14800 6.132448
14900 6.369399
15000 6.335663
15100 5.538451
15200 5.8645234
15300 5.86586
15400 6.668503
15500 6.6394067
15600 6.2110224
15700 6.236158
15800 6.788366
15900 6.7721033
16000 6.041179
16100 5.986831
16200 6.20537
16300 7.4259267
16400 6.053968
16500 6.5009685
16600 5.923058
16700 6.0605
16800 6.6056333
16900 6.9420204
17000 6.1952415
17100 6.1814327
17200 5.995636
17300 6.5699406
17400 6.5667152
17500 5.996766
17600 5.6450872
17700 6.1926923
17800 6.3269043
17900 6.1259937
18000 5.9136286
18100 6.6330776
18200 6.1119494
18300 6.5217443
18400 6.15712
18500 6.0759063
18600 6.326522
18700 6.1584773
18800 6.0690527
18900 5.7745647
19000 6.1729627
19100 6.3780155
19200 6.4101057
19300 6.418575
19400 6.637426
19500 6.5174513
19600 5.7695856
19700 6.353037
19800 5.812947
