0 0.0375
100 0.35937503
200 0.415625
300 0.42500004
400 0.43437502
500 0.525
600 0.49062496
700 0.465625
800 0.44062498
900 0.46562502
1000 0.46562505
1100 0.47500002
1200 0.484375
1300 0.45937502
1400 0.49375004
1500 0.528125
1600 0.49062502
1700 0.440625
1800 0.4875
1900 0.51874995
2000 0.503125
2100 0.48437503
2200 0.484375
2300 0.525
2400 0.528125
2500 0.446875
2600 0.5
2700 0.51875
2800 0.54375
2900 0.5656251
3000 0.50000006
3100 0.48437497
3200 0.50312495
3300 0.54375
3400 0.521875
3500 0.49375004
3600 0.53749996
3700 0.51875
3800 0.48437503
3900 0.47812504
4000 0.52500004
4100 0.51562494
4200 0.55625004
4300 0.52812505
4400 0.54062504
4500 0.503125
4600 0.578125
4700 0.55625
4800 0.6
4900 0.51875
5000 0.61875004
5100 0.50937504
5200 0.48437506
5300 0.496875
5400 0.51875
5500 0.584375
5600 0.534375
5700 0.52500004
5800 0.47812498
5900 0.5375
6000 0.484375
6100 0.53124994
6200 0.534375
6300 0.503125
6400 0.50625
6500 0.540625
6600 0.56875
6700 0.509375
6800 0.48437503
6900 0.553125
7000 0.50624996
7100 0.5375
7200 0.5625
7300 0.53125
7400 0.5375
7500 0.528125
7600 0.49062502
7700 0.56874996
7800 0.584375
7900 0.51875
8000 0.57187504
8100 0.58124995
8200 0.54687506
8300 0.50937504
8400 0.559375
8500 0.49062502
8600 0.55937505
8700 0.55
8800 0.4875
8900 0.52500004
9000 0.54375005
9100 0.528125
9200 0.53125
9300 0.54062504
9400 0.48750004
9500 0.56562495
9600 0.58437496
9700 0.58437496
9800 0.55937505
9900 0.546875
10000 0.496875
10100 0.54999995
10200 0.578125
10300 0.565625
10400 0.5
10500 0.515625
10600 0.5375
10700 0.51250005
10800 0.59999996
10900 0.571875
11000 0.55625
11100 0.54999995
11200 0.5125
11300 0.49374998
11400 0.52812505
11500 0.4875
11600 0.5625
11700 0.4875
11800 0.4875
11900 0.528125
12000 0.553125
12100 0.5187501
12200 0.5375
12300 0.5968751
12400 0.515625
12500 0.47187504
12600 0.55
12700 0.55
12800 0.49687505
12900 0.515625
13000 0.49062502
13100 0.52812505
13200 0.609375
13300 0.5
13400 0.51875
13500 0.57812506
13600 0.55625
13700 0.51250005
13800 0.515625
13900 0.528125
14000 0.52812505
14100 0.53125006
14200 0.48125002
14300 0.559375
14400 0.55625004
14500 0.49375004
14600 0.546875
14700 0.5625
14800 0.54375005
14900 0.546875
15000 0.5343751
15100 0.54687506
15200 0.596875
15300 0.546875
15400 0.528125
15500 0.53125
15600 0.56562495
15700 0.56249994
15800 0.48125002
15900 0.52187496
16000 0.578125
16100 0.546875
16200 0.55625
16300 0.446875
16400 0.56562495
16500 0.553125
16600 0.58437496
16700 0.55
16800 0.5625
16900 0.46250004
17000 0.546875
17100 0.58125
17200 0.54062504
17300 0.56874996
17400 0.5375
17500 0.553125
17600 0.60625005
17700 0.578125
17800 0.559375
17900 0.52500004
18000 0.565625
18100 0.5187501
18200 0.55625
18300 0.503125
18400 0.53125
18500 0.60312504
18600 0.54687494
18700 0.528125
18800 0.575
18900 0.59375
19000 0.57812506
19100 0.54062504
19200 0.590625
19300 0.559375
19400 0.515625
19500 0.5500001
19600 0.58125
19700 0.54999995
19800 0.59062505
19900 0.615625
20000 0.51875
20100 0.584375
20200 0.5125
20300 0.565625
20400 0.540625
20500 0.54062504
20600 0.528125
20700 0.55625
20800 0.54687506
20900 0.540625
21000 0.6062499
21100 0.59375
21200 0.5625
21300 0.528125
21400 0.53125
21500 0.59062505
21600 0.521875
21700 0.625
21800 0.5625
21900 0.58437496
22000 0.553125
22100 0.54375005
22200 0.565625
22300 0.55
22400 0.54999995
22500 0.56874996
22600 0.59375006
22700 0.53125
22800 0.5625
22900 0.5062501
23000 0.484375
23100 0.578125
23200 0.5375
23300 0.55937505
23400 0.62187505
23500 0.571875
23600 0.51875
23700 0.55937505
23800 0.57812506
23900 0.5625
24000 0.503125
24100 0.590625
24200 0.5812501
24300 0.56562495
24400 0.53125
24500 0.625
24600 0.578125
24700 0.58125
24800 0.5375
24900 0.509375
25000 0.56875
25100 0.56875
25200 0.58437496
25300 0.59375
25400 0.59375
25500 0.54375005
25600 0.57187504
25700 0.521875
25800 0.5437499
25900 0.528125
26000 0.52812505
26100 0.59375
26200 0.546875
26300 0.5875
26400 0.534375
26500 0.54375005
26600 0.56875
26700 0.540625
26800 0.59062505
26900 0.54999995
27000 0.55
27100 0.59375006
27200 0.55
27300 0.5875
27400 0.54375
27500 0.565625
27600 0.51875
27700 0.578125
27800 0.596875
27900 0.58437496
28000 0.571875
28100 0.5375
28200 0.48437497
28300 0.58750004
28400 0.5
28500 0.55
28600 0.515625
28700 0.590625
28800 0.53437495
28900 0.47500002
29000 0.546875
29100 0.53125
29200 0.59375006
29300 0.565625
29400 0.56250006
29500 0.540625
29600 0.50312495
29700 0.61875004
29800 0.6000001
29900 0.546875
30000 0.54999995
30100 0.58750004
30200 0.53749996
30300 0.56562495
30400 0.50625
30500 0.528125
30600 0.54375
30700 0.49375004
30800 0.496875
30900 0.53437495
31000 0.5343751
31100 0.55937505
31200 0.55
31300 0.51875
31400 0.54375
31500 0.59999996
31600 0.534375
31700 0.584375
31800 0.540625
31900 0.54062504
32000 0.553125
32100 0.5125
32200 0.55
32300 0.5625
32400 0.55937505
32500 0.5875
32600 0.575
32700 0.48750004
32800 0.51250005
32900 0.5343751
33000 0.571875
33100 0.52187496
33200 0.596875
33300 0.52812505
33400 0.55625
33500 0.515625
33600 0.51875
33700 0.546875
33800 0.55625
33900 0.55
34000 0.5625
34100 0.565625
34200 0.584375
34300 0.55312496
34400 0.565625
34500 0.565625
34600 0.546875
34700 0.52812505
34800 0.54375005
34900 0.559375
35000 0.565625
35100 0.59375
35200 0.584375
35300 0.56874996
35400 0.57187504
35500 0.62187505
35600 0.571875
35700 0.56875
35800 0.590625
35900 0.503125
36000 0.534375
36100 0.578125
36200 0.5375
36300 0.56874996
36400 0.55
36500 0.62187505
36600 0.5125
36700 0.584375
36800 0.60625
36900 0.58437496
37000 0.60625
37100 0.56250006
37200 0.6218749
37300 0.540625
37400 0.5875
37500 0.58750004
37600 0.56875
37700 0.5500001
37800 0.584375
37900 0.57812506
38000 0.55312496
38100 0.525
38200 0.54375005
38300 0.565625
38400 0.578125
38500 0.49687502
38600 0.52187496
38700 0.5375
38800 0.53125
38900 0.515625
39000 0.54375
39100 0.615625
39200 0.53749996
39300 0.503125
39400 0.5375
39500 0.59375
39600 0.565625
39700 0.609375
39800 0.540625
39900 0.521875
40000 0.5812501
40100 0.5125
40200 0.56875
40300 0.55625
40400 0.54999995
40500 0.55312496
40600 0.553125
40700 0.609375
40800 0.49375007
40900 0.546875
41000 0.52500004
41100 0.57187504
41200 0.578125
41300 0.51875
41400 0.609375
41500 0.521875
41600 0.521875
41700 0.50312495
41800 0.49062502
41900 0.546875
42000 0.5625
42100 0.546875
42200 0.59999996
42300 0.54375005
42400 0.58750004
42500 0.54375005
42600 0.57187504
42700 0.534375
42800 0.565625
42900 0.58750004
43000 0.59062505
43100 0.57500005
43200 0.53125
43300 0.52500004
43400 0.63124996
43500 0.55625
43600 0.546875
43700 0.55
43800 0.6125
