0 4.8030663
100 3.2311594
200 2.9318743
300 2.6441433
400 2.6152525
500 2.3927534
600 2.3537273
700 2.5849736
800 2.5567143
900 2.5646403
1000 2.419406
1100 2.6357281
1200 2.4839892
1300 2.5904646
1400 2.3606012
1500 2.3405068
1600 2.3577068
1700 2.6373587
1800 2.3007004
1900 2.274249
2000 2.2746387
2100 2.4547927
2200 2.494003
2300 2.0988772
2400 2.1666248
2500 2.558996
2600 2.408221
2700 2.2128496
2800 2.3018112
2900 2.0835595
3000 2.3304288
3100 2.4280164
3200 2.3263435
3300 1.9465154
3400 2.257269
3500 2.3919363
3600 2.3354921
3700 2.287374
3800 2.3879797
3900 2.5137644
4000 2.2787225
4100 2.2662227
4200 2.11007
4300 2.0171547
4400 2.1860456
4500 2.2850282
4600 1.914454
4700 2.1224673
4800 1.8538045
4900 2.1266563
5000 1.9187602
5100 2.332031
5200 2.491857
5300 2.3523374
5400 2.2667732
5500 1.9304456
5600 2.1804504
5700 2.0747912
5800 2.3435194
5900 2.2350094
6000 2.3336456
6100 2.3051076
6200 2.2334404
6300 2.291558
6400 2.3436902
6500 2.186575
6600 1.9124923
6700 2.2486382
6800 2.3611295
6900 2.1009767
7000 2.329459
7100 2.1146603
7200 2.1358912
7300 2.279434
7400 2.3096611
7500 2.2548764
7600 2.4695427
7700 2.0035887
7800 1.9560684
7900 2.1706192
8000 2.0591793
8100 2.0798707
8200 2.2287471
8300 2.206759
8400 2.0005577
8500 2.3672168
8600 2.047409
8700 2.1278076
8800 2.4505544
8900 2.2459939
9000 2.197669
9100 2.2614193
9200 2.2396843
9300 2.2204635
9400 2.5677702
9500 2.1303015
9600 2.0876093
9700 1.9834468
9800 2.1217165
9900 2.2638896
10000 2.3576753
10100 2.224991
10200 1.9640332
10300 1.9653299
10400 2.2091527
10500 2.4530442
10600 2.203072
10700 2.3205574
10800 1.8849993
10900 2.0491455
11000 2.0620503
11100 2.2471747
11200 2.21666
11300 2.4553852
11400 2.3035789
11500 2.425095
11600 2.1909225
11700 2.32613
11800 2.3760335
11900 2.2733538
12000 2.0876434
12100 2.2330089
12200 2.1010795
12300 2.0526073
12400 2.253003
12500 2.4301271
12600 2.087989
12700 2.002405
12800 2.260526
12900 2.4176486
13000 2.4577894
13100 2.3352406
13200 1.869435
13300 2.4294946
13400 2.2503026
13500 2.0885694
13600 2.1637158
13700 2.24056
13800 2.2232795
13900 2.2370806
14000 2.0859473
14100 2.1832132
14200 2.4464211
14300 1.9946469
14400 2.160131
14500 2.4407697
14600 2.2216284
14700 2.0922306
14800 2.0848098
14900 2.201745
15000 2.1790433
15100 2.148028
15200 1.8762448
15300 2.0663323
15400 2.176073
15500 2.4042888
15600 2.0853443
15700 2.1406486
15800 2.5883038
15900 2.2267125
16000 1.9782108
16100 2.0607958
16200 2.2637026
16300 2.691894
16400 2.1145906
16500 2.119134
16600 1.9415799
16700 2.2700007
16800 2.0578592
16900 2.369587
17000 2.1087825
17100 2.0104756
17200 2.1405213
17300 2.1663187
17400 2.1022997
17500 1.8984021
17600 1.897745
17700 2.049309
17800 2.1940017
17900 2.2067578
18000 2.1345592
18100 2.2541645
18200 2.0516973
18300 2.305831
18400 2.1690552
18500 1.8651788
18600 2.2028503
18700 2.2687483
18800 1.971108
18900 1.8658828
19000 1.8990853
19100 2.113024
19200 1.9975588
19300 2.2519453
19400 2.1702816
19500 2.2490177
19600 2.1404366
19700 2.075592
19800 1.7903776
19900 1.9245877
20000 2.2368693
20100 2.0922635
20200 2.1261613
20300 1.9061509
20400 1.9644781
20500 2.0766516
20600 2.1915631
20700 1.9398078
20800 2.093091
20900 2.1510518
21000 1.9680074
21100 2.1421962
21200 2.171474
21300 2.1715493
21400 2.1450117
21500 1.8588494
21600 2.2481382
21700 1.8297315
21800 2.0553176
21900 2.0018752
22000 2.2436376
22100 2.1044197
22200 2.0772316
22300 2.0972183
22400 2.1284797
22500 1.9276694
22600 1.8890728
22700 2.182981
22800 1.9600505
22900 2.2350924
23000 2.4986367
23100 1.9379368
23200 2.145146
23300 2.1330988
23400 1.8435371
23500 1.8690267
23600 2.2186773
23700 2.0223994
23800 2.1569176
23900 1.9872662
24000 2.2542572
24100 2.096872
24200 1.9400345
24300 2.0771995
24400 2.3579183
24500 1.7855386
24600 2.0421374
24700 2.007904
24800 2.037704
24900 2.220379
25000 1.9741133
25100 2.1169438
25200 1.9354104
25300 1.9575583
25400 1.9647489
25500 2.1757045
25600 2.0654771
25700 2.29572
25800 2.0720353
25900 2.1495612
26000 2.2273393
26100 2.0493407
26200 1.998599
26300 2.0241203
26400 2.1201704
26500 2.045645
26600 2.1655912
26700 2.119354
26800 1.9695228
26900 2.1998415
27000 2.128798
27100 1.9905087
27200 2.131405
27300 1.9511046
27400 2.1477785
27500 2.0070148
27600 2.2435174
27700 1.9160026
27800 2.1302338
27900 2.055542
28000 1.9232188
28100 2.1054664
28200 2.340924
28300 1.939671
28400 2.4979346
28500 2.0371141
28600 2.190442
28700 2.0116425
28800 2.2773483
28900 2.4363546
29000 1.9404687
29100 2.1557786
29200 2.0014606
29300 2.0376048
29400 1.8394785
29500 2.1734626
29600 2.3412309
29700 1.7917564
29800 1.9544686
29900 2.0670125
30000 2.1940448
30100 1.916143
30200 2.1082184
30300 1.8811507
30400 2.2645092
30500 2.1416347
30600 2.0595865
30700 2.2520933
30800 2.4336088
30900 1.975726
31000 2.3195891
31100 1.996356
31200 2.1850128
31300 2.286131
31400 2.1585863
31500 2.0751567
31600 2.1725633
31700 1.9522624
31800 2.194527
31900 2.0345237
32000 2.2111874
32100 2.3264709
32200 2.203196
32300 1.9363848
32400 2.0582395
32500 1.9400358
32600 1.8835046
32700 2.3039815
32800 2.197369
32900 2.1051648
33000 1.8810647
33100 2.1981294
33200 1.9343476
33300 2.1108708
33400 2.0980973
33500 2.2851956
33600 2.1660042
33700 2.215445
33800 1.9918278
33900 2.068028
34000 2.1515896
34100 1.9857619
34200 1.9633801
34300 2.0118234
34400 1.9489882
34500 2.0044
34600 2.1980832
34700 2.1585376
34800 2.0949242
34900 2.0287213
35000 1.9556856
35100 1.9066634
35200 1.9551885
35300 1.8813933
35400 2.073295
35500 1.8557769
35600 1.9339097
35700 1.9554988
35800 1.9809678
35900 2.3020983
36000 2.1211963
36100 1.8690562
36200 2.0811937
36300 2.0470335
36400 2.1794932
36500 1.9030114
36600 2.354516
36700 1.9408839
36800 1.8577453
36900 1.8753755
37000 1.8433615
37100 2.032533
37200 1.7404318
37300 2.0834987
37400 1.9988164
37500 1.9765565
37600 1.9390417
37700 2.191096
37800 1.8226482
37900 1.9203911
38000 2.0928078
38100 2.2905414
38200 2.2454221
38300 2.037414
38400 2.0370622
38500 2.307708
38600 2.2937412
38700 2.2458143
38800 2.386867
38900 2.2079823
39000 2.0908086
39100 1.8493536
39200 2.2499595
39300 2.2405403
39400 2.197267
39500 2.177641
39600 2.1070886
39700 1.8954102
39800 2.173433
39900 2.168869
40000 2.0755222
40100 2.3317487
40200 2.1091316
40300 2.1093838
40400 2.113399
40500 1.9982074
40600 2.1115031
40700 1.8803434
40800 2.311301
40900 2.0944371
41000 2.1490715
41100 2.0071535
41200 1.9683156
41300 2.2677457
41400 1.8989908
41500 2.2001555
41600 2.2735422
41700 2.4220784
41800 2.1199753
41900 2.2147841
42000 2.1404006
42100 2.09227
42200 1.9633949
42300 2.129592
42400 1.920021
42500 2.2277267
42600 1.8213015
42700 2.096477
42800 2.0365858
42900 2.106137
43000 1.9292634
43100 2.107046
43200 2.264765
43300 2.1315625
43400 1.8785378
43500 2.0671265
43600 2.07517
43700 2.1354055
43800 1.7113029
