0 3.329232
100 2.239669
200 2.0322204
300 1.8327805
400 1.8127549
500 1.6585302
600 1.6314795
700 1.7917671
800 1.7721794
900 1.7776732
1000 1.6770043
1100 1.8269475
1200 1.7217702
1300 1.7955732
1400 1.636244
1500 1.6223156
1600 1.6342378
1700 1.8280777
1800 1.594724
1900 1.5763893
2000 1.5766594
2100 1.7015326
2200 1.7287112
2300 1.4548308
2400 1.5017899
2500 1.7737608
2600 1.6692517
2700 1.5338304
2800 1.5954939
2900 1.4442134
3000 1.6153302
3100 1.6829727
3200 1.6124984
3300 1.3492217
3400 1.5646195
3500 1.6579639
3600 1.6188399
3700 1.5854869
3800 1.6552215
3900 1.7424086
4000 1.5794901
4100 1.5708259
4200 1.4625891
4300 1.3981851
4400 1.5152514
4500 1.5838609
4600 1.3269984
4700 1.4711822
4800 1.2849593
4900 1.4740858
5000 1.3299832
5100 1.6164407
5200 1.7272236
5300 1.630516
5400 1.5712074
5500 1.3380829
5600 1.511373
5700 1.4381357
5800 1.624404
5900 1.5491905
6000 1.6175599
6100 1.5977789
6200 1.548103
6300 1.588387
6400 1.6245222
6500 1.5156182
6600 1.3256387
6700 1.5586371
6800 1.6366103
6900 1.4562861
7000 1.6146579
7100 1.4657707
7200 1.480487
7300 1.5799832
7400 1.6009351
7500 1.5629612
7600 1.7117566
7700 1.3887818
7800 1.3558433
7900 1.5045587
8000 1.4273143
8100 1.4416565
8200 1.5448499
8300 1.5296087
8400 1.3866808
8500 1.6408297
8600 1.4191558
8700 1.4748838
8800 1.6985949
8900 1.5568043
9000 1.523308
9100 1.5674964
9200 1.5524309
9300 1.539108
9400 1.7798427
9500 1.4766124
9600 1.4470205
9700 1.3748206
9800 1.4706619
9900 1.5692087
10000 1.634216
10100 1.5422462
10200 1.3613641
10300 1.3622628
10400 1.531268
10500 1.7003206
10600 1.5270531
10700 1.6084878
10800 1.306582
10900 1.4203594
11000 1.4293044
11100 1.5576229
11200 1.5364716
11300 1.7019434
11400 1.5967191
11500 1.6809478
11600 1.5186317
11700 1.6123503
11800 1.646941
11900 1.5757687
12000 1.4470441
12100 1.5478038
12200 1.4563574
12300 1.4227589
12400 1.5616626
12500 1.6844357
12600 1.4472837
12700 1.3879614
12800 1.5668772
12900 1.6757863
13000 1.7036098
13100 1.6186655
13200 1.2957935
13300 1.6839973
13400 1.5597908
13500 1.447686
13600 1.4997735
13700 1.5530379
13800 1.54106
13900 1.550626
14000 1.4458685
14100 1.513288
14200 1.6957299
14300 1.3825839
14400 1.4972887
14500 1.6918126
14600 1.5399154
14700 1.4502237
14800 1.44508
14900 1.5261334
15000 1.5103978
15100 1.4888995
15200 1.3005137
15300 1.4322724
15400 1.5083389
15500 1.666526
15600 1.4454505
15700 1.4837846
15800 1.7940755
15900 1.5434395
16000 1.3711913
16100 1.4284348
16200 1.569079
16300 1.8658788
16400 1.4657226
16500 1.4688717
16600 1.3458006
16700 1.5734446
16800 1.4263994
16900 1.6424725
17000 1.4616966
17100 1.3935555
17200 1.4836963
17300 1.5015776
17400 1.4572031
17500 1.3158721
17600 1.3154166
17700 1.4204727
17800 1.520766
17900 1.529608
18000 1.4795636
18100 1.5624678
18200 1.4221282
18300 1.5982802
18400 1.5034746
18500 1.2928435
18600 1.5268995
18700 1.5725765
18800 1.3662679
18900 1.2933314
19000 1.3163456
19100 1.4646366
19200 1.3846023
19300 1.5609295
19400 1.5043247
19500 1.5589004
19600 1.4836377
19700 1.4386908
19800 1.2409952
19900 1.3340225
20000 1.5504797
20100 1.4502466
20200 1.4737427
20300 1.3212432
20400 1.3616725
20500 1.4394252
20600 1.5190759
20700 1.3445723
20800 1.4508202
20900 1.4909954
21000 1.3641188
21100 1.4848573
21200 1.5051512
21300 1.5052032
21400 1.4868088
21500 1.2884562
21600 1.5582907
21700 1.2682732
21800 1.4246376
21900 1.3875941
22000 1.555171
22100 1.4586726
22200 1.4398272
22300 1.453681
22400 1.4753498
22500 1.3361586
22600 1.3094054
22700 1.5131272
22800 1.3586035
22900 1.549248
23000 1.731923
23100 1.3432754
23200 1.4869018
23300 1.4785514
23400 1.2778425
23500 1.2955105
23600 1.5378699
23700 1.4018204
23800 1.4950613
23900 1.377468
24000 1.5625321
24100 1.4534409
24200 1.3447294
24300 1.4398049
24400 1.6343844
24500 1.237641
24600 1.4155018
24700 1.391773
24800 1.4124289
24900 1.5390495
25000 1.3683511
25100 1.4673536
25200 1.3415242
25300 1.356876
25400 1.3618602
25500 1.5080835
25600 1.4316797
25700 1.591272
25800 1.4362254
25900 1.4899622
26000 1.5438739
26100 1.4204948
26200 1.3853233
26300 1.4030133
26400 1.4695902
26500 1.417933
26600 1.5010735
26700 1.4690242
26800 1.3651692
26900 1.5248139
27000 1.4755703
27100 1.3797154
27200 1.4773774
27300 1.3524027
27400 1.4887266
27500 1.3911566
27600 1.5550878
27700 1.3280718
27800 1.4765656
27900 1.4247931
28000 1.3330737
28100 1.459398
28200 1.6226048
28300 1.3444775
28400 1.7314363
28500 1.41202
28600 1.5182987
28700 1.3943644
28800 1.5785375
28900 1.6887523
29000 1.3450304
29100 1.4942719
29200 1.3873067
29300 1.41236
29400 1.2750293
29500 1.5065296
29600 1.6228175
29700 1.2419509
29800 1.3547344
29900 1.4327439
30000 1.5207961
30100 1.3281691
30200 1.4613056
30300 1.3039143
30400 1.5696381
30500 1.484468
30600 1.4275966
30700 1.5610322
30800 1.686849
30900 1.3694689
31000 1.6078167
31100 1.3837686
31200 1.5145355
31300 1.5846252
31400 1.496218
31500 1.4383891
31600 1.5059061
31700 1.3532052
31800 1.5211301
31900 1.4102244
32000 1.5326784
32100 1.6125867
32200 1.5271392
32300 1.3421997
32400 1.4266629
32500 1.3447304
32600 1.3055459
32700 1.5969983
32800 1.5231001
32900 1.459189
33000 1.3038547
33100 1.5236273
33200 1.3407876
33300 1.4631442
33400 1.4542903
33500 1.5839769
33600 1.5013597
33700 1.5356295
33800 1.3806299
33900 1.4334478
34000 1.4913683
34100 1.3764253
34200 1.3609114
34300 1.3944898
34400 1.3509357
34500 1.3893442
34600 1.5235951
34700 1.4961842
34800 1.4520907
34900 1.4062026
35000 1.355578
35100 1.3215984
35200 1.3552334
35300 1.3040825
35400 1.4370986
35500 1.2863265
35600 1.340484
35700 1.3554485
35800 1.3731022
35900 1.595693
36000 1.4703013
36100 1.295531
36200 1.4425735
36300 1.4188955
36400 1.5107096
36500 1.319067
36600 1.6320261
36700 1.3453182
36800 1.2876909
36900 1.2999113
37000 1.2777208
37100 1.4088445
37200 1.2063754
37300 1.4441713
37400 1.385474
37500 1.3700446
37600 1.3440413
37700 1.5187521
37800 1.2633635
37900 1.3311137
38000 1.4506238
38100 1.5876824
38200 1.556408
38300 1.4122277
38400 1.411984
38500 1.5995812
38600 1.5899003
38700 1.5566798
38800 1.6544502
38900 1.5304568
39000 1.4492381
39100 1.2818742
39200 1.559553
39300 1.5530242
39400 1.5230294
39500 1.5094256
39600 1.4605225
39700 1.3137982
39800 1.5065091
39900 1.5033455
40000 1.4386424
40100 1.616245
40200 1.4619386
40300 1.4621135
40400 1.4648966
40500 1.3850518
40600 1.4635824
40700 1.3033547
40800 1.6020718
40900 1.4517531
41000 1.4896228
41100 1.3912528
41200 1.3643324
41300 1.5718815
41400 1.3162801
41500 1.5250316
41600 1.5758994
41700 1.6788568
41800 1.469455
41900 1.5351714
42000 1.4836127
42100 1.450251
42200 1.3609216
42300 1.4761206
42400 1.3308572
42500 1.5441425
42600 1.26243
42700 1.4531672
42800 1.4116538
42900 1.459863
43000 1.3372635
43100 1.4604928
43200 1.5698155
43300 1.4774865
43400 1.3021032
43500 1.432823
43600 1.4383982
43700 1.4801503
43800 1.1861848
