0 26.489067
100 10.733895
200 9.400879
300 8.754105
400 8.162146
500 7.607444
600 7.278041
700 7.722907
800 8.010398
900 7.7120256
1000 6.927055
1100 7.7100987
1200 7.507895
1300 7.0436883
1400 7.224093
1500 7.09029
1600 7.049939
1700 7.0905414
1800 6.724086
1900 6.5827036
2000 6.7216115
2100 6.975709
2200 7.1010528
2300 6.1150565
2400 6.416453
2500 7.368332
2600 6.420112
2700 6.575198
2800 6.451555
2900 6.251194
3000 6.5733356
3100 6.6608024
3200 6.500395
3300 5.9600124
3400 6.662511
3500 6.609324
3600 6.052892
3700 6.1274796
3800 6.7748775
3900 6.2184534
4000 6.625889
4100 6.719205
4200 6.495507
4300 6.1386375
4400 6.3793426
4500 6.309984
4600 5.532365
4700 6.1096487
4800 6.0340385
4900 5.9471426
5000 6.225957
5100 6.4768
5200 6.7403297
5300 6.406965
5400 6.0849137
5500 6.0908484
5600 6.1846724
5700 6.3544507
5800 5.990768
5900 5.858269
6000 6.923001
6100 6.487355
6200 6.403041
6300 6.110985
6400 6.5301366
6500 6.169599
6600 5.666956
6700 6.869266
6800 6.478547
6900 6.2339096
7000 6.4808517
7100 6.275087
7200 6.571633
7300 6.157023
7400 6.601598
7500 6.1254864
7600 6.5118203
7700 6.287525
7800 6.176563
7900 5.9924254
8000 5.9214864
8100 6.332957
8200 5.9968405
8300 6.191705
8400 5.7305875
8500 6.3779063
8600 6.2537365
8700 6.301078
8800 6.577884
8900 6.2566094
9000 6.5411663
9100 5.8694773
9200 6.171495
9300 6.5743012
9400 6.5485964
9500 6.2224956
9600 6.029208
9700 5.9028215
9800 6.039949
9900 6.6925297
10000 6.642808
10100 6.1440463
10200 6.3097153
10300 5.7081423
10400 6.3586464
10500 6.6740465
10600 6.730789
10700 6.4787407
10800 5.595398
10900 6.418704
11000 6.1351314
11100 6.460085
11200 6.348015
11300 6.4045653
11400 6.412808
11500 6.6222334
11600 6.0859623
11700 6.5840626
11800 6.353497
11900 6.012538
12000 6.222603
12100 6.225444
12200 5.677322
12300 6.1857457
12400 6.3215485
12500 6.62247
12600 5.8996735
12700 5.791299
12800 6.11759
12900 6.3560214
13000 6.653808
13100 6.3295536
13200 5.8825235
13300 6.5289073
13400 6.290161
13500 6.415311
13600 6.242484
13700 6.141695
13800 6.318216
13900 6.1294265
14000 6.0175667
14100 6.024625
14200 6.601844
14300 6.3137403
14400 5.539252
14500 6.629042
14600 6.238232
14700 5.8272295
14800 6.299984
14900 6.387394
15000 6.297967
15100 5.425821
15200 5.988929
15300 6.008822
15400 6.6445117
15500 6.5655217
15600 6.283023
15700 6.3776174
15800 6.885047
15900 6.6484995
16000 5.886262
16100 6.098185
16200 6.276992
16300 7.375185
16400 6.2237883
16500 6.653527
16600 6.0336523
16700 6.3776374
16800 6.517097
16900 7.068247
17000 6.037916
17100 6.2355204
17200 5.969844
17300 6.6734433
17400 6.617442
17500 6.011966
17600 5.783057
17700 6.227611
17800 6.232751
17900 5.9564834
18000 6.146537
18100 6.61078
18200 6.120103
18300 6.4978685
18400 6.0372868
18500 6.0007205
18600 6.4174676
18700 6.228666
18800 6.0238256
18900 5.6569843
19000 6.132654
19100 6.365947
19200 6.428868
19300 6.32769
19400 6.6495543
19500 6.524539
19600 5.585889
19700 6.3825436
19800 5.7643976
19900 6.542269
20000 6.715384
20100 6.4892454
20200 6.2215605
20300 6.01888
20400 5.9949355
20500 6.304513
20600 6.331972
20700 6.230219
20800 6.108401
20900 6.5120115
21000 6.204335
21100 5.990757
21200 6.614957
21300 6.451222
21400 6.2958326
21500 6.2343345
21600 6.4942555
21700 5.778402
21800 6.2905726
21900 5.9536986
22000 6.5386996
22100 6.337142
22200 6.1795382
22300 6.2318716
22400 6.3894525
22500 5.949392
22600 6.0782685
22700 6.1936235
22800 6.089107
22900 6.3162284
23000 6.412806
23100 6.116136
23200 6.743646
23300 6.1436095
23400 5.6849995
23500 5.9249372
23600 6.569928
23700 6.184388
23800 5.9339037
23900 6.199909
24000 6.33788
24100 6.4419575
24200 6.245086
24300 6.573675
24400 6.1481953
24500 6.067539
24600 6.121107
24700 6.2815704
24800 6.389087
24900 6.429032
25000 5.80138
25100 6.47816
25200 5.7714567
25300 5.702698
25400 5.970199
25500 6.3500576
25600 6.1325164
25700 6.229623
25800 6.4839926
25900 6.4624815
26000 6.3967066
26100 6.2386727
26200 5.8402486
26300 6.1359725
26400 6.1694794
26500 6.080573
26600 6.273577
26700 6.2870283
26800 6.171308
26900 6.0734224
27000 6.367816
27100 5.934211
27200 5.9609575
27300 6.309988
27400 6.4493394
27500 6.1119084
27600 6.6428547
27700 6.0666127
27800 5.9482713
27900 6.074945
28000 6.4064255
28100 6.599167
28200 6.627005
28300 6.00639
28400 7.205756
28500 6.0603228
28600 6.310532
28700 6.108523
28800 6.8454547
28900 6.803515
29000 6.001814
29100 6.216154
29200 6.434144
29300 6.2139096
29400 6.0457554
29500 6.314682
29600 6.0717497
29700 5.918046
29800 6.206883
29900 6.281386
30000 6.5607486
30100 5.9383926
30200 6.2331257
30300 5.9115973
30400 6.5369697
30500 6.220945
30600 6.5488997
30700 6.5513506
30800 6.5388484
30900 6.004949
31000 6.2648087
31100 6.0793347
31200 6.439415
31300 6.809792
31400 6.3277626
31500 6.279399
31600 6.1230597
31700 5.7887235
31800 6.0019956
31900 6.6629057
32000 6.4041166
32100 6.1795263
32200 6.148091
32300 5.9477115
32400 6.2345133
32500 5.7046895
32600 6.10733
32700 6.570505
32800 6.318802
32900 6.0961742
33000 5.9332423
33100 6.646483
33200 5.8271728
33300 5.977496
33400 6.349818
33500 6.2634635
33600 6.2833357
33700 6.632383
33800 5.744933
33900 5.8650565
34000 5.9878845
34100 6.1270175
34200 6.05471
34300 6.0954704
34400 5.67992
34500 5.9848156
34600 6.3982644
34700 6.2159624
34800 6.3264756
34900 6.3563657
35000 6.02896
35100 5.9561343
35200 6.1546254
35300 6.018478
35400 6.293951
35500 5.821861
35600 6.07682
35700 5.630828
35800 6.359706
35900 5.815041
36000 6.026334
36100 6.0126367
36200 6.06362
36300 6.136736
36400 6.688334
36500 6.081133
36600 6.7167487
36700 5.7628765
36800 5.705911
36900 5.9603496
37000 6.168733
37100 6.1506033
37200 5.666215
37300 6.3204093
37400 5.9391136
37500 6.4393935
37600 6.1619143
37700 6.0280085
37800 5.758108
37900 6.111611
38000 6.0816755
38100 6.120121
38200 6.091264
38300 6.0754023
38400 6.0685897
38500 6.501399
38600 6.228365
38700 6.25488
38800 6.300276
38900 6.438657
39000 5.8688593
39100 5.6515555
39200 6.3145876
39300 6.2890844
39400 6.0508184
39500 5.941756
39600 6.4122267
39700 5.918593
39800 6.049935
39900 6.453004
40000 5.8834105
40100 5.998522
40200 6.150398
40300 6.365309
40400 6.5022507
40500 6.1912856
40600 6.357108
40700 6.171299
40800 6.2895417
40900 6.1650786
41000 6.301141
41100 5.8965955
41200 6.114509
41300 6.0129147
41400 6.140154
41500 6.7351923
41600 6.5018835
41700 6.531365
41800 6.352974
41900 6.319146
42000 6.4259567
42100 5.8166747
42200 5.9159956
42300 6.0896235
42400 6.1802745
42500 6.583989
42600 5.839231
42700 6.1517777
42800 6.0861654
42900 5.8761406
43000 5.862861
43100 6.116377
43200 6.0630035
43300 6.2690535
43400 6.1808653
43500 6.0742645
43600 6.205235
43700 6.056114
43800 5.388782
