0 0.009375
100 0.396875
200 0.43125
300 0.47187504
400 0.475
500 0.528125
600 0.540625
700 0.46562505
800 0.471875
900 0.5
1000 0.5375
1100 0.44687498
1200 0.49375
1300 0.5
1400 0.525
1500 0.55625
1600 0.5
1700 0.446875
1800 0.50625
1900 0.515625
2000 0.5375
2100 0.50625
2200 0.515625
2300 0.534375
2400 0.528125
2500 0.484375
2600 0.509375
2700 0.5375
2800 0.534375
2900 0.578125
3000 0.49062496
3100 0.49375
3200 0.52187496
3300 0.59062505
3400 0.49375
3500 0.49375
3600 0.546875
3700 0.5375
3800 0.503125
3900 0.47499996
4000 0.515625
4100 0.515625
4200 0.578125
4300 0.58750004
4400 0.55625
4500 0.51250005
4600 0.584375
4700 0.5625
4800 0.63125
4900 0.56874996
5000 0.64374995
5100 0.53749996
5200 0.49999997
5300 0.50625
5400 0.571875
5500 0.63124996
5600 0.55625
5700 0.546875
5800 0.53125
5900 0.540625
6000 0.51875
6100 0.53125
6200 0.534375
6300 0.571875
6400 0.515625
6500 0.56875
6600 0.56874996
6700 0.51562506
6800 0.46875
6900 0.603125
7000 0.496875
7100 0.55
7200 0.590625
7300 0.553125
7400 0.496875
7500 0.53125
7600 0.503125
7700 0.5625
7800 0.571875
7900 0.525
8000 0.5875
8100 0.56874996
8200 0.565625
8300 0.6
8400 0.571875
8500 0.53125
8600 0.58750004
8700 0.56249994
8800 0.521875
8900 0.534375
9000 0.6
9100 0.521875
9200 0.55
9300 0.56562495
9400 0.50625
9500 0.54687506
9600 0.58750004
9700 0.6
9800 0.58125
9900 0.51875
10000 0.49687502
10100 0.55
10200 0.58125
10300 0.590625
10400 0.53125
10500 0.54375
10600 0.5375
10700 0.50312495
10800 0.621875
10900 0.59687495
11000 0.57812506
11100 0.57187504
11200 0.50625
11300 0.51875
11400 0.54062504
11500 0.509375
11600 0.5656251
11700 0.509375
11800 0.503125
11900 0.55625004
12000 0.553125
12100 0.515625
12200 0.54062504
12300 0.596875
12400 0.52812505
12500 0.5
12600 0.5625
12700 0.575
12800 0.540625
12900 0.546875
13000 0.5125
13100 0.515625
13200 0.6
13300 0.5125
13400 0.52812505
13500 0.55
13600 0.553125
13700 0.5375
13800 0.52500004
13900 0.521875
14000 0.5500001
14100 0.525
14200 0.51875
14300 0.57187504
14400 0.55937505
14500 0.46875
14600 0.55625
14700 0.55312496
14800 0.590625
14900 0.56875
15000 0.534375
15100 0.55625
15200 0.60625
15300 0.5625
15400 0.515625
15500 0.54062504
15600 0.60625005
15700 0.553125
15800 0.50625
15900 0.50937504
16000 0.59062505
16100 0.578125
16200 0.546875
16300 0.484375
16400 0.55312496
16500 0.56875
16600 0.59062505
16700 0.528125
16800 0.53125
16900 0.51875
17000 0.57500005
17100 0.584375
17200 0.53125
17300 0.57812494
17400 0.52812505
17500 0.559375
17600 0.590625
17700 0.553125
17800 0.55
17900 0.525
18000 0.578125
18100 0.5125
18200 0.5625
18300 0.49687502
18400 0.5375
18500 0.621875
18600 0.503125
18700 0.515625
18800 0.571875
18900 0.625
19000 0.58125
19100 0.546875
19200 0.58750004
19300 0.5625
19400 0.53125006
19500 0.534375
19600 0.578125
