0 4.783331
100 3.0274258
200 2.7394688
300 2.4449196
400 2.4173481
500 2.235485
600 2.1940677
700 2.4659417
800 2.4238997
900 2.448643
1000 2.2927675
1100 2.6113205
1200 2.414259
1300 2.4940772
1400 2.3309793
1500 2.2547898
1600 2.2968144
1700 2.520284
1800 2.2300506
1900 2.2449446
2000 2.1941268
2100 2.312654
2200 2.3826623
2300 1.9971861
2400 2.1268086
2500 2.517133
2600 2.3137605
2700 2.196505
2800 2.3142917
2900 2.0435786
3000 2.3976433
3100 2.3319066
3200 2.3096404
3300 1.90517
3400 2.2738214
3500 2.315603
3600 2.279183
3700 2.2911108
3800 2.4210618
3900 2.4563582
4000 2.2230384
4100 2.3102953
4200 2.0758774
4300 1.8984625
4400 2.1330452
4500 2.220063
4600 1.9148232
4700 2.055358
4800 1.8043323
4900 2.0135024
5000 1.843348
5100 2.1338167
5200 2.3874218
5300 2.285798
5400 2.1306815
5500 1.8394272
5600 2.1780198
5700 2.0163476
5800 2.2138534
5900 2.1493185
6000 2.2681224
6100 2.2574852
6200 2.166465
6300 2.2315478
6400 2.2045496
6500 2.0983284
6600 1.8355113
6700 2.1809556
6800 2.2829285
6900 1.9866635
7000 2.2703195
7100 1.9904338
7200 2.0701094
7300 2.2162752
7400 2.3185074
7500 2.1628156
7600 2.4651
7700 1.9698989
7800 1.9215316
7900 2.1203249
8000 1.9898814
8100 2.0502272
8200 2.0686157
8300 2.040591
8400 1.9574853
8500 2.2804863
8600 1.9131398
8700 2.1003313
8800 2.3891978
8900 2.2488406
9000 2.0906963
9100 2.1905127
9200 2.1801574
9300 2.1684296
9400 2.48049
9500 2.1530342
9600 2.0068917
9700 1.8739517
9800 2.0237267
9900 2.1987343
10000 2.2327871
10100 2.1188385
10200 1.8977281
10300 1.8443546
10400 2.1836858
10500 2.4302053
10600 2.1497784
10700 2.2418385
10800 1.8349636
10900 2.0305018
11000 2.0586863
11100 2.1798675
11200 2.1667602
11300 2.2881885
11400 2.2915347
11500 2.3060274
11600 2.1350138
11700 2.2953405
11800 2.2471857
11900 2.1422672
12000 1.9814792
12100 2.096849
12200 2.028417
12300 2.0139897
12400 2.2460248
12500 2.3081954
12600 2.161645
12700 1.9678755
12800 2.1846733
12900 2.3217342
13000 2.3536615
13100 2.2982092
13200 1.9183553
13300 2.3461611
13400 2.296715
13500 2.172561
13600 2.1196299
13700 2.2640982
13800 2.1820486
13900 2.1926746
14000 2.010592
14100 2.1185126
14200 2.3502412
14300 1.9885327
14400 2.208921
14500 2.3912175
14600 2.1906807
14700 2.060992
14800 2.0107093
14900 2.147045
15000 2.0893373
15100 2.0795898
15200 1.7724602
15300 2.0439682
15400 2.2139573
15500 2.352251
15600 2.1232452
15700 2.065313
15800 2.4928002
15900 2.234437
16000 1.9180334
16100 2.0704844
16200 2.232155
16300 2.6384876
16400 2.1354997
16500 2.111284
16600 2.0094893
16700 2.338299
16800 2.0957513
16900 2.2692666
17000 2.0191495
17100 2.02155
17200 2.1652274
17300 2.1358821
17400 2.0770876
17500 1.8556032
17600 1.855526
17700 2.0383742
17800 2.1642818
17900 2.1793232
18000 2.0936577
18100 2.3153172
18200 2.0537329
18300 2.3136928
18400 2.1420474
18500 1.8878632
18600 2.1976838
18700 2.3202114
18800 1.9526014
18900 1.8309649
19000 1.923203
19100 2.086239
19200 2.0079231
19300 2.1447766
19400 2.122107
19500 2.2512841
19600 2.0838287
