0 3.3155525
100 2.0984516
200 1.8988551
300 1.6946892
400 1.6755781
500 1.5495203
600 1.5208118
700 1.7092606
800 1.6801192
900 1.6972699
1000 1.5892253
1100 1.8100294
1200 1.6734368
1300 1.7287626
1400 1.6157118
1500 1.5629011
1600 1.5920305
1700 1.7469277
1800 1.5457532
1900 1.556077
2000 1.5208528
2100 1.6030096
2200 1.6515356
2300 1.3843439
2400 1.4741914
2500 1.7447437
2600 1.6037766
2700 1.5225013
2800 1.6041448
2900 1.4165008
3000 1.6619197
3100 1.6163545
3200 1.6009207
3300 1.3205632
3400 1.5760928
3500 1.6050537
3600 1.5798092
3700 1.588077
3800 1.6781521
3900 1.7026178
4000 1.5408928
4100 1.6013747
4200 1.4388885
4300 1.3159139
4400 1.4785143
4500 1.5388304
4600 1.3272543
4700 1.4246656
4800 1.2506678
4900 1.3956535
5000 1.2777115
5100 1.479049
5200 1.6548347
5300 1.5843946
5400 1.4768759
5500 1.2749938
5600 1.5096883
5700 1.3976257
5800 1.5345262
5900 1.489794
6000 1.5721426
6100 1.5647695
6200 1.5016791
6300 1.5467911
6400 1.5280774
6500 1.4544504
6600 1.2722795
6700 1.5117233
6800 1.5824054
6900 1.3770502
7000 1.5736656
7100 1.3796636
7200 1.4348905
7300 1.5362049
7400 1.6070669
7500 1.4991494
7600 1.7086772
7700 1.3654299
7800 1.3319042
7900 1.4696972
8000 1.3792807
8100 1.4211092
8200 1.433855
8300 1.4144299
8400 1.3568255
8500 1.5807127
8600 1.3260875
8700 1.4558388
8800 1.6560658
8900 1.5587776
9000 1.4491603
9100 1.5183477
9200 1.5111699
9300 1.5030409
9400 1.7193446
9500 1.4923697
9600 1.3910713
9700 1.2989243
9800 1.4027405
9900 1.5240465
10000 1.5476501
10100 1.468667
10200 1.3154049
10300 1.2784092
10400 1.5136156
10500 1.68449
10600 1.4901128
10700 1.5539241
10800 1.2718998
10900 1.4074366
11000 1.4269725
11100 1.510969
11200 1.5018837
11300 1.5860515
11400 1.5883708
11500 1.5984163
11600 1.4798788
11700 1.5910089
11800 1.5576304
11900 1.4849064
12000 1.3734567
12100 1.4534249
12200 1.4059916
12300 1.3959912
12400 1.5568259
12500 1.5999191
12600 1.4983381
12700 1.3640274
12800 1.5143002
12900 1.6093035
13000 1.6314338
13100 1.5929972
13200 1.3297026
13300 1.626235
13400 1.5919616
13500 1.5059044
13600 1.4692155
13700 1.5693533
13800 1.5124809
13900 1.5198462
14000 1.3936361
14100 1.468441
14200 1.6290631
14300 1.3783458
14400 1.5311073
14500 1.6574657
14600 1.5184642
14700 1.4285709
14800 1.3937175
14900 1.4882182
15000 1.4482183
15100 1.4414618
15200 1.2285758
15300 1.4167708
15400 1.5345984
15500 1.6304562
15600 1.4717214
15700 1.4315659
15800 1.7278775
15900 1.5487937
16000 1.3294795
16100 1.4351505
16200 1.547212
16300 1.8288603
16400 1.4802155
16500 1.4634305
16600 1.3928719
16700 1.6207854
16800 1.4526641
16900 1.5729357
17000 1.3995678
17100 1.4012316
17200 1.5008214
17300 1.4804807
17400 1.4397274
17500 1.2862061
17600 1.2861526
17700 1.4128933
17800 1.5001659
17900 1.5105917
18000 1.451213
18100 1.6048555
18200 1.4235392
18300 1.6037297
18400 1.4847542
18500 1.308567
18600 1.5233184
18700 1.608248
18800 1.3534402
18900 1.2691282
19000 1.3330628
19100 1.4460708
19200 1.3917862
19300 1.4866458
19400 1.4709325
19500 1.5604712
19600 1.4444
