0 26.87031
100 10.491982
200 8.908893
300 8.225603
400 7.8767104
500 7.1887846
600 7.407004
700 7.5033875
800 7.4386177
900 7.213245
1000 6.958043
1100 7.341034
1200 7.353892
1300 6.985208
1400 7.0817327
1500 6.988643
1600 7.095291
1700 7.2540827
1800 6.6939936
1900 6.652263
2000 6.581479
2100 6.9080906
2200 6.8326993
2300 6.226468
2400 6.3664985
2500 7.3779035
2600 6.4822564
2700 6.5841866
2800 6.43798
2900 6.2675185
3000 6.600615
3100 6.6275673
3200 6.415351
3300 6.1526475
3400 6.7369823
3500 6.7822847
3600 6.1128206
3700 6.2550955
3800 7.0158024
3900 6.3936253
4000 6.9051247
4100 6.8444567
4200 6.345681
4300 6.027201
4400 6.3778725
4500 6.5691986
4600 5.7340016
4700 6.2996774
4800 5.9956436
4900 6.3006644
5000 6.0752945
5100 6.6589017
5200 6.5962086
5300 6.611047
5400 6.1728997
5500 6.0716906
5600 6.366236
5700 6.481037
5800 6.0954585
5900 6.1412706
6000 6.9331994
6100 6.419467
6200 6.5475287
6300 5.986347
6400 6.4489994
6500 6.074726
6600 6.1072774
6700 6.60849
6800 6.452651
6900 6.4201756
7000 6.564745
7100 6.332947
7200 6.4168186
7300 6.2993035
7400 6.447295
7500 6.432646
7600 6.731285
7700 6.312431
7800 6.1431665
7900 6.0926113
8000 6.0907197
8100 6.0465283
8200 6.1524405
8300 6.1665664
8400 5.9038525
8500 6.3097696
8600 6.2644506
8700 6.5027475
8800 6.4513717
8900 6.236832
9000 6.3842497
9100 6.1018467
9200 6.238969
9300 6.842721
9400 6.437084
9500 6.268612
9600 5.978569
9700 6.0417924
9800 5.675008
9900 6.4580655
10000 6.610411
10100 6.18418
10200 6.18398
10300 5.8436327
10400 6.430806
10500 6.658032
10600 6.5494804
10700 6.623522
10800 5.772576
10900 6.4462547
11000 6.1505375
11100 6.4827642
11200 6.3419676
11300 6.5020924
11400 6.4092026
11500 6.5850515
11600 6.1192837
11700 6.620078
11800 6.3332677
11900 6.159699
12000 6.0830665
12100 6.23991
12200 5.7668514
12300 6.245467
12400 6.3124638
12500 6.669221
12600 5.972376
12700 5.849471
12800 6.246654
12900 6.3547325
13000 6.8431387
13100 6.4501023
13200 5.9278593
13300 6.572424
13400 6.3575525
13500 6.280399
13600 6.003098
13700 6.3359294
13800 6.334755
13900 6.0861087
14000 5.957694
14100 6.173831
14200 6.685401
14300 6.3320265
14400 5.5157127
14500 6.548506
14600 6.326381
14700 5.8608494
14800 6.1886907
14900 6.5634937
15000 6.3311906
15100 5.6295333
15200 5.962957
15300 5.851219
15400 6.699464
15500 6.555378
15600 6.169276
15700 6.265556
15800 7.0213194
15900 6.6436324
16000 5.97734
16100 5.981976
16200 6.167222
16300 7.2711883
16400 6.196151
16500 6.7629514
16600 5.94944
16700 6.1825805
16800 6.5139976
16900 6.9805474
17000 6.2188034
17100 6.225357
17200 6.0444965
17300 6.658918
17400 6.541452
17500 5.9755726
17600 5.7304006
17700 6.1748304
17800 6.374868
17900 6.1991878
18000 5.9271693
18100 6.650982
18200 6.0877595
18300 6.6067076
18400 6.1431437
18500 6.023692
18600 6.3107553
18700 6.1156883
18800 6.048788
18900 5.8264103
19000 6.164121
19100 6.3751826
19200 6.4328666
19300 6.4195423
19400 6.540591
19500 6.678712
19600 5.6877284
