0 0.04375
100 0.36562502
200 0.421875
300 0.45
400 0.46249998
500 0.5
600 0.515625
700 0.45625004
800 0.48125
900 0.46875003
1000 0.49375004
1100 0.43437502
1200 0.503125
1300 0.46875
1400 0.51250005
1500 0.5125
1600 0.41875002
1700 0.44375002
1800 0.5
1900 0.50625
2000 0.528125
2100 0.50937504
2200 0.49062502
2300 0.57187504
2400 0.5375
2500 0.446875
2600 0.50937504
2700 0.52500004
2800 0.5125
2900 0.534375
3000 0.44062504
3100 0.484375
3200 0.49062502
3300 0.56249994
3400 0.51875
3500 0.503125
3600 0.54375005
3700 0.509375
3800 0.509375
3900 0.47500002
4000 0.546875
4100 0.50625
4200 0.5375
4300 0.55937505
4400 0.5375
4500 0.51875
4600 0.54062504
4700 0.55
4800 0.6000001
4900 0.534375
5000 0.65312505
5100 0.49687502
5200 0.46249998
5300 0.5
5400 0.534375
5500 0.62187505
5600 0.54999995
5700 0.54375005
5800 0.49375004
5900 0.53125
6000 0.48749998
6100 0.515625
6200 0.5125
6300 0.540625
6400 0.46562502
6500 0.54375
6600 0.57187504
6700 0.521875
6800 0.49375
6900 0.578125
7000 0.50937504
7100 0.52500004
7200 0.559375
7300 0.54375
7400 0.51875
7500 0.503125
7600 0.45625
7700 0.540625
7800 0.57187504
7900 0.534375
8000 0.58125
8100 0.553125
8200 0.559375
8300 0.546875
8400 0.56875
8500 0.5
8600 0.55
8700 0.55
8800 0.5375
8900 0.503125
9000 0.5625
9100 0.553125
9200 0.5531251
9300 0.55
9400 0.48125002
9500 0.56562495
9600 0.61249995
9700 0.6
9800 0.5875
9900 0.55
10000 0.503125
10100 0.53125
10200 0.59062505
10300 0.60625
10400 0.52500004
10500 0.540625
10600 0.53125
10700 0.50625
10800 0.6375
10900 0.56875
11000 0.575
11100 0.57187504
11200 0.521875
11300 0.50937504
11400 0.55
11500 0.509375
11600 0.55625
11700 0.54062504
11800 0.515625
11900 0.56875
12000 0.534375
12100 0.50937504
12200 0.546875
12300 0.5875
12400 0.521875
12500 0.48125
12600 0.55
12700 0.57187504
12800 0.565625
12900 0.546875
13000 0.496875
13100 0.5375
13200 0.578125
13300 0.503125
13400 0.53125
13500 0.56874996
13600 0.553125
13700 0.55
13800 0.521875
13900 0.54062504
14000 0.5656251
14100 0.52812505
14200 0.46562505
14300 0.596875
14400 0.54375
14500 0.50625
14600 0.54375005
14700 0.546875
14800 0.575
14900 0.54375
15000 0.54375
15100 0.55
15200 0.61875
15300 0.58125
15400 0.51874995
15500 0.52812505
15600 0.584375
15700 0.55625
15800 0.49374998
15900 0.503125
16000 0.6
16100 0.57187504
16200 0.54999995
16300 0.45312503
16400 0.546875
16500 0.565625
16600 0.5625
16700 0.515625
16800 0.51250005
16900 0.5125
17000 0.56874996
17100 0.60312504
17200 0.55312496
17300 0.559375
17400 0.546875
17500 0.55625004
17600 0.61875004
17700 0.578125
17800 0.5375
17900 0.53125
18000 0.59375
18100 0.49062502
18200 0.54375
18300 0.509375
18400 0.5593749
18500 0.615625
18600 0.53749996
18700 0.525
18800 0.5625
18900 0.6
19000 0.58125
19100 0.54375005
19200 0.59375
19300 0.553125
19400 0.51875
19500 0.540625
19600 0.58125
19700 0.59062505
19800 0.628125
19900 0.60937506
20000 0.5375
20100 0.56250006
20200 0.52500004
20300 0.56875
20400 0.58125
20500 0.56875
20600 0.546875
20700 0.56875
20800 0.55625
20900 0.55
21000 0.596875
21100 0.578125
21200 0.52500004
21300 0.553125
21400 0.58125
21500 0.6000001
21600 0.525
21700 0.628125
21800 0.55625004
21900 0.6
22000 0.54375
22100 0.54375005
22200 0.5625
22300 0.54375005
22400 0.52812505
22500 0.55625004
22600 0.58750004
22700 0.53125
22800 0.59062505
22900 0.54062504
23000 0.48750004
23100 0.5875
23200 0.52500004
23300 0.55937505
23400 0.63750005
23500 0.6
23600 0.5375
23700 0.575
23800 0.5375
23900 0.58125
24000 0.54375005
24100 0.578125
24200 0.5656251
24300 0.56875
24400 0.51875
24500 0.628125
24600 0.559375
24700 0.571875
24800 0.53125006
24900 0.521875
25000 0.578125
25100 0.559375
25200 0.6
25300 0.615625
25400 0.596875
25500 0.578125
25600 0.57500005
25700 0.5375
25800 0.53437495
25900 0.51875
26000 0.534375
26100 0.58125
26200 0.55625
26300 0.546875
26400 0.5375
26500 0.56250006
26600 0.53125
26700 0.55625
26800 0.58750004
26900 0.5500001
27000 0.55625004
27100 0.609375
27200 0.56875
27300 0.628125
27400 0.54687506
27500 0.58437496
27600 0.546875
27700 0.578125
27800 0.58437496
27900 0.59375
28000 0.58124995
28100 0.553125
28200 0.46562502
28300 0.578125
28400 0.47500002
28500 0.546875
28600 0.53125
28700 0.57500005
28800 0.55625
28900 0.46875003
29000 0.54999995
29100 0.55625004
29200 0.57812494
29300 0.53125006
29400 0.57187504
29500 0.55625004
29600 0.51875
29700 0.6
29800 0.584375
29900 0.578125
30000 0.521875
30100 0.59999996
30200 0.52500004
30300 0.58125
30400 0.5125
30500 0.51875
30600 0.553125
