0 4.7528734
100 3.1195076
200 2.8771448
300 2.5002904
400 2.5576177
500 2.3532255
600 2.2708583
700 2.4638739
800 2.5108702
900 2.5465045
1000 2.3977153
1100 2.6968699
1200 2.448669
1300 2.5921514
1400 2.352713
1500 2.314207
1600 2.4395998
1700 2.6260228
1800 2.2619357
1900 2.2444317
2000 2.2810116
2100 2.3768516
2200 2.3875275
2300 2.0531747
2400 2.1840143
2500 2.5690033
2600 2.3428986
2700 2.1658456
2800 2.2896252
2900 2.0822322
3000 2.425903
3100 2.3812852
3200 2.350266
3300 1.9479605
3400 2.2557817
3500 2.2854292
3600 2.3489478
3700 2.2349136
3800 2.3906777
3900 2.4727345
4000 2.215674
4100 2.3459055
4200 2.1558669
4300 1.9736845
4400 2.2288046
4500 2.2564225
4600 1.9295462
4700 2.0972981
4800 1.8894509
4900 2.0725162
5000 1.7932332
5100 2.270624
5200 2.4903119
5300 2.362866
5400 2.1671216
5500 1.8716215
5600 2.2396758
5700 2.0457492
5800 2.328189
5900 2.2399604
6000 2.4525862
6100 2.3346164
6200 2.3115294
6300 2.243289
6400 2.369027
6500 2.1724436
6600 1.8826506
6700 2.218324
6800 2.3277168
6900 2.0769327
7000 2.289013
7100 2.178902
7200 2.087762
7300 2.251618
7400 2.3589504
7500 2.325711
7600 2.5372615
7700 2.0629694
7800 2.0156913
7900 2.1450622
8000 2.0195537
8100 2.0818958
8200 2.1340303
8300 2.175908
8400 2.0050108
8500 2.3528833
8600 2.05771
8700 2.0568638
8800 2.4821332
8900 2.210909
9000 2.126329
9100 2.1811647
9200 2.190001
9300 2.1905558
9400 2.4793935
9500 2.0844998
9600 1.9604133
9700 1.9005897
9800 1.9636855
9900 2.211476
10000 2.1995575
10100 2.1584451
10200 1.8536278
10300 1.8059192
10400 2.120235
10500 2.3954456
10600 2.217182
10700 2.3134706
10800 1.8766066
10900 2.074261
11000 2.0074837
11100 2.1677902
11200 2.1414232
11300 2.3525107
11400 2.330504
11500 2.2442925
11600 2.1456583
11700 2.2866623
11800 2.3000288
11900 2.1105943
12000 2.0272462
12100 2.1525445
12200 2.0280592
12300 1.9962102
12400 2.2514887
12500 2.4031658
12600 2.1751544
12700 1.9354645
12800 2.138182
12900 2.2924657
13000 2.4912515
13100 2.215272
13200 1.8808699
13300 2.3450818
13400 2.2306
13500 2.1539352
13600 2.126935
13700 2.2886653
13800 2.1234515
13900 2.188094
14000 2.0261545
14100 2.125962
14200 2.4360716
14300 1.9810996
14400 2.2103665
14500 2.3822544
14600 2.1570828
14700 2.0617871
14800 1.9735843
14900 2.1351042
15000 2.172815
15100 2.0844867
15200 1.7714646
15300 1.9869391
15400 2.2078793
15500 2.3480983
15600 2.0904973
15700 2.1045036
15800 2.5586855
15900 2.3066285
16000 1.959555
16100 2.057552
16200 2.167232
16300 2.6866012
16400 2.191726
16500 2.0856025
16600 2.0143151
16700 2.3315775
16800 2.0868068
16900 2.260355
17000 2.0172632
17100 1.9783314
17200 2.127251
17300 2.1172426
17400 2.0934267
17500 1.8628402
17600 1.8159078
17700 1.9749641
17800 2.1291864
17900 2.2380798
18000 2.091178
18100 2.3466132
18200 2.0798771
18300 2.2912462
18400 2.1205125
18500 1.8979709
18600 2.0934374
18700 2.2132945
18800 1.9166285
18900 1.9240983
19000 1.9376616
19100 2.130485
19200 1.9836018
19300 2.1907935
19400 2.1693108
19500 2.2270434
19600 2.0860853
19700 2.0317154
19800 1.812966
19900 1.9452649
20000 2.2328806
20100 2.0111544
20200 2.1111686
20300 1.9333047
20400 1.9281491
20500 2.073309
20600 2.2234154
20700 1.9155701
20800 2.0472739
20900 2.173629
21000 1.9761004
21100 2.1741502
21200 2.2270217
21300 2.1624253
21400 2.0255995
21500 1.9154174
21600 2.2830007
21700 1.8390038
21800 2.015903
21900 1.9154149
22000 2.2837594
22100 2.0502832
22200 2.0653167
22300 2.069925
22400 2.2119172
22500 1.9748764
22600 1.9597065
22700 2.190901
22800 1.9242072
22900 2.2617967
23000 2.5198913
23100 1.9566942
23200 2.1770682
23300 2.155089
23400 1.7761333
23500 1.8749559
23600 2.1397712
23700 2.015069
23800 2.13708
23900 2.024937
24000 2.192179
24100 2.1360765
24200 2.0262668
24300 2.0939128
24400 2.3688338
24500 1.7865372
24600 2.0528204
24700 2.0081286
24800 2.0816057
24900 2.1803422
25000 2.0037825
25100 2.1412473
25200 1.8718376
25300 1.9002122
25400 1.9810579
25500 2.0959506
25600 2.06974
25700 2.213981
25800 2.0821893
25900 2.2189097
26000 2.2510662
26100 2.1119263
26200 1.9632516
26300 2.0895689
26400 2.10133
26500 2.0183587
26600 2.1120336
26700 2.1462512
26800 1.9570726
26900 2.1786058
27000 2.1039355
27100 2.0028896
27200 2.0760365
27300 1.9083036
27400 2.1188097
27500 1.9743189
27600 2.190161
27700 1.9462851
27800 2.0737367
27900 2.0297503
28000 1.9046584
28100 2.0983236
28200 2.3909914
28300 1.8888679
28400 2.598331
28500 2.0704749
28600 2.2236247
28700 1.9768806
28800 2.3351
28900 2.5312982
29000 1.9774821
29100 2.1389418
29200 1.9499986
29300 2.110876
29400 1.9053478
29500 2.1289623
29600 2.2957695
29700 1.8204477
29800 2.0398643
29900 2.065865
30000 2.2278636
30100 1.9027271
30200 2.1383002
30300 1.9205531
30400 2.3642995
30500 2.2132502
30600 2.0614283
