0 3.2944407
100 2.162278
200 1.9942847
300 1.7330693
400 1.7728055
500 1.6311315
600 1.5740391
700 1.7078272
800 1.7404026
900 1.7651024
1000 1.6619697
1100 1.8693278
1200 1.697288
1300 1.7967424
1400 1.6307765
1500 1.604086
1600 1.6910018
1700 1.8202204
1800 1.5678543
1900 1.5557215
2000 1.5810767
2100 1.647508
2200 1.654908
2300 1.4231522
2400 1.5138433
2500 1.7806975
2600 1.6239736
2700 1.5012498
2800 1.5870472
2900 1.4432935
3000 1.681508
3100 1.6505811
3200 1.6290803
3300 1.3502233
3400 1.5635887
3500 1.5841389
3600 1.6281666
3700 1.5491241
3800 1.6570915
3900 1.713969
4000 1.5357882
4100 1.6260579
4200 1.494333
4300 1.3680539
4400 1.5448896
4500 1.5640329
4600 1.3374596
4700 1.4537363
4800 1.3096676
4900 1.4365588
5000 1.2429745
5100 1.5738765
5200 1.7261527
5300 1.6378138
5400 1.5021343
5500 1.2973092
5600 1.5524249
5700 1.4180052
5800 1.6137775
5900 1.5526223
6000 1.7000033
6100 1.6182328
6200 1.6022301
6300 1.5549295
6400 1.6420842
6500 1.5058231
6600 1.3049539
6700 1.5376251
6800 1.6134504
6900 1.43962
7000 1.5866228
7100 1.5102998
7200 1.4471265
7300 1.5607027
7400 1.6350999
7500 1.6120601
7600 1.7586956
7700 1.4299415
7800 1.3971708
7900 1.4868438
8000 1.399848
8100 1.4430603
8200 1.4791971
8300 1.5082245
8400 1.3897676
8500 1.6308944
8600 1.4262959
8700 1.4257094
8800 1.7204835
8900 1.5324852
9000 1.473859
9100 1.5118682
9200 1.517993
9300 1.5183777
9400 1.7185847
9500 1.4448652
9600 1.358855
9700 1.3173884
9800 1.3611231
9900 1.5328784
10000 1.5246171
10100 1.4961201
10200 1.2848369
10300 1.2517678
10400 1.4696349
10500 1.6603963
10600 1.5368334
10700 1.6035756
10800 1.3007646
10900 1.4377681
11000 1.3914816
11100 1.5025976
11200 1.4843215
11300 1.6306361
11400 1.6153822
11500 1.5556251
11600 1.487257
11700 1.5849936
11800 1.5942585
11900 1.4629525
12000 1.4051801
12100 1.4920301
12200 1.4057435
12300 1.3836675
12400 1.560613
12500 1.6657476
12600 1.5077021
12700 1.3415618
12800 1.4820747
12900 1.5890161
13000 1.726804
13100 1.5355096
13200 1.3037196
13300 1.6254869
13400 1.5461342
13500 1.4929941
13600 1.4742789
13700 1.5863819
13800 1.4718643
13900 1.5166712
14000 1.4044234
14100 1.4736046
14200 1.6885562
14300 1.3731936
14400 1.5321093
14500 1.6512529
14600 1.4951758
14700 1.429122
14800 1.3679844
14900 1.4799414
15000 1.5060806
15100 1.444856
15200 1.2278857
15300 1.3772413
15400 1.5303853
15500 1.6275778
15600 1.4490223
15700 1.4587307
15800 1.7735457
15900 1.5988331
16000 1.35826
16100 1.4261864
16200 1.5022109
16300 1.86221
16400 1.5191886
16500 1.4456295
16600 1.3962169
16700 1.6161264
16800 1.4464643
16900 1.5667586
17000 1.3982602
17100 1.3712748
17200 1.474498
17300 1.4675606
17400 1.4510528
17500 1.2912225
17600 1.2586914
17700 1.3689408
17800 1.4758396
17900 1.5513186
18000 1.4494941
18100 1.6265483
18200 1.441661
18300 1.5881709
18400 1.4698272
18500 1.3155732
18600 1.4510602
18700 1.5341389
18800 1.3285056
18900 1.3336833
19000 1.3430847
19100 1.4767398
19200 1.374928
19300 1.5185424
19400 1.5036516
19500 1.5436689
19600 1.4459641
19700 1.4082778
19800 1.2566522
19900 1.3483549
20000 1.5477148
20100 1.394026
20200 1.4633507
20300 1.3400646
20400 1.3364911
20500 1.4371083
20600 1.5411541
20700 1.327772
20800 1.4190621
20900 1.5066448
21000 1.3697284
21100 1.507006
21200 1.5436538
21300 1.498879
21400 1.4040385
21500 1.3276662
21600 1.5824555
21700 1.2747003
21800 1.3973175
21900 1.3276645
22000 1.5829813
22100 1.4211481
22200 1.4315685
22300 1.4347627
22400 1.5331842
22500 1.36888
22600 1.358365
22700 1.5186169
22800 1.3337588
22900 1.567758
23000 1.7466556
23100 1.3562771
23200 1.5090287
23300 1.4937937
23400 1.2311218
23500 1.2996204
23600 1.4831764
23700 1.3967394
23800 1.481311
23900 1.4035792
24000 1.5195026
24100 1.4806154
24200 1.4045011
24300 1.4513898
24400 1.6419505
24500 1.2383332
24600 1.4229066
24700 1.3919287
24800 1.442859
24900 1.5112981
25000 1.3889163
25100 1.4841995
25200 1.297459
25300 1.3171268
25400 1.3731647
25500 1.4528022
25600 1.4346344
25700 1.5346147
25800 1.4432636
25900 1.538031
26000 1.5603203
26100 1.4638758
26200 1.3608223
26300 1.4483788
26400 1.4565309
26500 1.3990197
26600 1.4639502
26700 1.487668
26800 1.3565394
26900 1.5100944
27000 1.458337
27100 1.3882973
27200 1.4389988
27300 1.3227353
27400 1.468647
27500 1.3684936
27600 1.518104
27700 1.3490621
27800 1.4374048
27900 1.4069157
28000 1.3202087
28100 1.454447
28200 1.657309
28300 1.3092635
28400 1.8010259
28500 1.4351438
28600 1.5412992
28700 1.3702692
28800 1.618568
28900 1.7545621
29000 1.3706862
29100 1.4826014
29200 1.351636
29300 1.4631478
29400 1.3206865
29500 1.4756842
29600 1.5913061
29700 1.2618382
29800 1.4139262
29900 1.4319485
30000 1.5442374
30100 1.31887
30200 1.4821568
30300 1.331226
30400 1.6388075
30500 1.5341082
30600 1.4288732
