0 26.366203
100 10.513602
200 8.5482
300 8.152853
400 7.4352117
500 7.183596
600 7.1809163
700 7.4035363
800 7.4553533
900 7.5907516
1000 6.446438
1100 7.3075476
1200 7.4551373
1300 6.8156986
1400 7.030345
1500 6.6081204
1600 6.8075724
1700 6.9862285
1800 6.566622
1900 6.3766413
2000 6.8726726
2100 6.9563046
2200 6.68326
2300 6.1157475
2400 6.578741
2500 7.018135
2600 6.413308
2700 6.634536
2800 6.547926
2900 6.293527
3000 6.4837523
3100 6.400324
3200 6.1564665
3300 6.117097
3400 6.671241
3500 6.451707
3600 6.142857
3700 6.1973276
3800 6.760698
3900 6.5253296
4000 6.6925654
4100 6.6365395
4200 6.028022
4300 6.2765102
4400 6.281221
4500 6.2672567
4600 5.6028366
4700 5.9326077
4800 5.886248
4900 6.173556
5000 5.905932
5100 6.6025705
5200 6.364528
5300 6.378714
5400 6.0159173
5500 5.941
5600 6.1717734
5700 6.5158243
5800 6.127946
5900 5.9027624
6000 6.8261023
6100 6.5203047
6200 6.456625
6300 5.9577255
6400 6.29927
6500 6.0831738
6600 5.842876
6700 6.586977
6800 6.3450236
6900 6.520055
7000 6.4431925
7100 6.199394
7200 6.389229
7300 6.1434307
7400 6.040694
7500 6.1077414
7600 6.8819637
7700 6.168268
7800 6.004646
7900 6.115263
8000 5.8514028
8100 6.059691
8200 6.223667
8300 6.1585474
8400 5.7869587
8500 6.547896
8600 6.255751
8700 6.4319067
8800 6.2674055
8900 6.2249036
9000 6.443624
9100 5.8350496
9200 6.183363
9300 6.564124
9400 6.5663075
9500 6.1016097
9600 5.969879
9700 6.051975
9800 5.8052225
9900 6.408452
10000 6.411298
10100 6.052154
10200 6.0551825
10300 5.525921
10400 6.3661723
10500 6.678413
10600 6.5469947
10700 6.513693
10800 5.9237747
10900 6.537725
11000 6.195765
11100 6.3526793
11200 6.2687683
11300 6.495047
11400 6.295026
11500 6.3942986
11600 5.8498373
11700 6.527395
11800 6.271188
11900 6.059091
12000 6.1565742
12100 6.300811
12200 5.6402187
12300 6.105628
12400 5.9405823
12500 6.6075644
12600 5.7788157
12700 5.663633
12800 6.1465745
12900 6.2480917
13000 6.8533673
13100 6.1731772
13200 6.0184956
13300 6.676585
13400 6.317372
13500 6.3811026
13600 5.965687
13700 6.1712055
13800 6.213197
13900 5.953793
14000 5.8975506
14100 6.066535
14200 6.6977797
14300 6.342111
14400 5.5794234
14500 6.4822025
14600 6.3708196
14700 6.026594
14800 6.2435293
14900 6.345307
15000 6.3099217
15100 5.5173826
15200 5.7459455
15300 5.902875
15400 6.6259727
15500 6.617996
15600 6.0867066
15700 6.2536626
15800 6.71056
15900 6.752139
16000 6.0304513
16100 6.0828776
16200 6.266427
16300 7.35904
16400 6.102796
16500 6.5849476
16600 5.8687997
16700 6.2219434
16800 6.590836
16900 7.0219374
17000 6.0767536
17100 6.2292795
17200 6.127754
17300 6.578821
17400 6.513973
17500 5.851612
17600 5.8778224
17700 6.1197457
17800 6.395377
17900 6.0875387
18000 5.908966
18100 6.5274286
18200 6.131339
18300 6.5693903
18400 6.128128
18500 6.0811434
18600 6.1468773
18700 6.2081614
18800 6.050555
18900 5.8137107
19000 6.1697917
19100 6.372311
19200 6.3323097
19300 6.2726107
19400 6.673813
19500 6.576149
19600 5.7565775
19700 6.4013267
19800 5.8898168
19900 6.527304
20000 6.71884
20100 6.478093
20200 6.30494
20300 5.9727235
20400 6.1114364
20500 6.2979136
20600 6.3207064
20700 6.25614
20800 6.007058
20900 6.519024
21000 6.3475037
21100 6.199936
21200 6.2654343
21300 6.358081
21400 6.277516
21500 6.076681
21600 6.6106253
21700 5.770533
21800 6.30141
21900 5.941572
22000 6.488841
22100 6.286175
22200 6.4111156
22300 6.2293315
22400 6.533923
22500 6.021661
22600 6.05251
22700 6.278867
22800 6.192582
22900 6.325975
23000 6.3375154
23100 6.205257
23200 6.682708
23300 6.1000967
23400 5.7668552
23500 5.9807076
23600 6.640555
23700 6.247883
23800 6.0796013
23900 6.204194
24000 6.320755
24100 6.360765
24200 6.359002
24300 6.594759
24400 6.170357
24500 6.213814
24600 6.1524115
24700 6.220683
24800 6.4919705
24900 6.5112433
25000 5.794114
25100 6.505667
25200 5.7398996
25300 5.8399696
25400 5.9615774
25500 6.353793
25600 6.1787043
25700 6.2168636
25800 6.421204
25900 6.47694
26000 6.455794
26100 6.1999063
26200 5.853421
26300 6.0625644
26400 6.1598744
26500 6.142286
26600 6.3602715
26700 6.3588696
26800 6.333483
26900 6.140954
27000 6.357749
27100 5.9184265
27200 6.1148396
27300 6.331482
27400 6.415462
27500 6.2659574
27600 6.5743575
27700 5.9985175
27800 5.8423786
27900 6.0576305
28000 6.2432733
28100 6.61331
28200 6.6768036
28300 6.025566
28400 7.174584
28500 6.203969
28600 6.362649
28700 6.1267304
28800 6.722046
28900 6.8568597
29000 6.133134
29100 6.3806887
29200 6.504244
29300 6.330564
29400 6.0818615
29500 6.2544236
29600 6.046108
29700 6.165027
29800 6.1412916
29900 6.389003
30000 6.7593074
30100 5.999137
30200 6.085866
30300 6.0823274
30400 6.48453
30500 6.3140736
30600 6.464756
