0 0.15625
100 0.34375
200 0.34375
300 0.4375
400 0.28125
500 0.40625
600 0.28125
700 0.4375
800 0.34375
900 0.4375
1000 0.625
1100 0.375
1200 0.34375
1300 0.40625
1400 0.3125
1500 0.46875
1600 0.375
1700 0.5625
1800 0.5625
1900 0.65625
2000 0.40625
2100 0.53125
2200 0.3125
2300 0.59375
2400 0.46875
2500 0.4375
2600 0.5625
2700 0.46875
2800 0.5625
2900 0.46875
3000 0.34375
3100 0.5
3200 0.4375
3300 0.53125
3400 0.65625
3500 0.625
3600 0.53125
3700 0.4375
3800 0.6875
3900 0.59375
4000 0.5
4100 0.46875
4200 0.5
4300 0.71875
4400 0.53125
4500 0.5625
4600 0.5625
4700 0.4375
4800 0.53125
4900 0.625
5000 0.625
5100 0.4375
5200 0.4375
5300 0.625
5400 0.625
5500 0.5625
5600 0.5
5700 0.5
5800 0.5625
5900 0.59375
6000 0.6875
6100 0.625
6200 0.625
6300 0.46875
6400 0.625
6500 0.625
6600 0.5625
6700 0.375
6800 0.59375
6900 0.5625
7000 0.59375
7100 0.625
7200 0.53125
7300 0.65625
7400 0.46875
7500 0.5
7600 0.6875
7700 0.65625
7800 0.46875
7900 0.59375
8000 0.5625
8100 0.625
8200 0.59375
8300 0.59375
8400 0.59375
8500 0.65625
8600 0.6875
8700 0.6875
8800 0.59375
8900 0.5
9000 0.6875
9100 0.53125
9200 0.59375
9300 0.6875
9400 0.65625
9500 0.71875
9600 0.625
9700 0.6875
9800 0.5625
9900 0.59375
10000 0.5625
10100 0.5625
10200 0.59375
10300 0.5625
10400 0.5
10500 0.78125
10600 0.5
10700 0.5625
10800 0.625
10900 0.78125
11000 0.8125
11100 0.71875
11200 0.71875
11300 0.625
11400 0.59375
11500 0.46875
11600 0.59375
11700 0.4375
11800 0.5625
11900 0.65625
12000 0.65625
12100 0.625
12200 0.6875
12300 0.71875
12400 0.625
12500 0.78125
12600 0.75
12700 0.6875
12800 0.5625
12900 0.65625
13000 0.5625
13100 0.78125
13200 0.78125
13300 0.6875
13400 0.625
13500 0.78125
13600 0.6875
13700 0.59375
13800 0.65625
13900 0.53125
14000 0.90625
14100 0.75
14200 0.625
14300 0.78125
14400 0.5625
14500 0.65625
14600 0.78125
14700 0.59375
14800 0.71875
14900 0.6875
15000 0.625
15100 0.84375
15200 0.78125
15300 0.625
15400 0.71875
15500 0.6875
15600 0.71875
15700 0.6875
15800 0.875
15900 0.625
16000 0.53125
16100 0.75
16200 0.6875
16300 0.71875
16400 0.84375
16500 0.8125
16600 0.78125
16700 0.65625
16800 0.71875
16900 0.6875
17000 0.65625
17100 0.6875
17200 0.78125
17300 0.78125
17400 0.71875
17500 0.8125
17600 0.75
17700 0.65625
17800 0.75
17900 0.6875
18000 0.6875
18100 0.625
18200 0.65625
18300 0.71875
18400 0.65625
18500 0.8125
18600 0.84375
18700 0.65625
18800 0.75
18900 0.84375
19000 0.8125
19100 0.6875
19200 0.6875
19300 0.78125
19400 0.6875
19500 0.65625
19600 0.9375
19700 0.75
19800 0.78125
19900 0.84375
20000 0.8125
20100 0.78125
20200 0.6875
20300 0.75
20400 0.90625
20500 0.78125
20600 0.75
20700 0.78125
20800 0.78125
20900 0.6875
21000 0.65625
21100 0.78125
21200 0.75
21300 0.625
21400 0.6875
21500 0.78125
21600 0.75
21700 0.875
21800 0.8125
21900 0.65625
22000 0.8125
22100 0.65625
22200 0.78125
22300 0.75
22400 0.75
22500 0.8125
22600 0.8125
22700 0.75
22800 0.90625
22900 0.78125
23000 0.71875
23100 0.90625
23200 0.84375
23300 0.625
23400 0.75
23500 0.75
23600 0.625
23700 0.84375
23800 0.8125
23900 0.6875
24000 0.625
24100 0.71875
24200 0.75
24300 0.59375
24400 0.8125
24500 0.71875
24600 0.8125
24700 0.65625
24800 0.6875
24900 0.65625
25000 0.875
25100 0.75
25200 0.71875
25300 0.75
25400 0.71875
25500 0.84375
25600 0.6875
25700 0.84375
25800 0.78125
25900 0.75
26000 0.71875
26100 0.78125
26200 0.75
26300 0.65625
26400 0.6875
0 0.0
100 0.34375
