0 3.3122172
100 2.926924
200 2.6527083
300 2.371964
400 2.5172086
500 2.2932322
600 2.597489
700 2.158133
800 2.4781723
900 2.1246548
1000 2.0377657
1100 2.1334207
1200 2.1065116
1300 2.1892343
1400 2.6953144
1500 2.029774
1600 2.174602
1700 2.08928
1800 2.4712439
1900 1.8911195
2000 2.1154563
2100 1.9820459
2200 2.338024
2300 1.874778
2400 2.0480945
2500 2.0823524
2600 1.8636367
2700 1.8953931
2800 2.0190783
2900 2.318043
3000 2.2534344
3100 1.5322467
3200 1.878478
3300 1.5895166
3400 1.6571847
3500 1.7127281
3600 2.154371
3700 2.245298
3800 1.6377418
3900 1.7842501
4000 1.8333075
4100 2.2164478
4200 2.1839578
4300 1.4553082
4400 1.7053803
4500 1.8048764
4600 1.5476815
4700 2.0024133
4800 1.8340292
4900 1.5588834
5000 1.8534216
5100 2.2500286
5200 2.026195
5300 1.5776346
5400 1.9228603
5500 1.7144958
5600 1.9563365
5700 1.8718349
5800 1.7250214
5900 1.6444145
6000 1.4676012
6100 1.5517522
6200 1.776964
6300 1.7316053
6400 1.9115928
6500 1.5466591
6600 1.6838503
6700 2.5564866
6800 1.5614755
6900 1.9678586
7000 1.4536998
7100 1.8275954
7200 2.2507017
7300 1.7575599
7400 1.7372693
7500 2.0228748
7600 1.5779363
7700 1.4273927
7800 2.1115925
7900 1.3838602
8000 1.7577504
8100 1.3918346
8200 1.6251893
8300 1.634134
8400 1.4203063
8500 1.6136326
8600 1.2737925
8700 1.6077334
8800 1.7500597
8900 1.9406542
9000 1.448438
9100 1.8556422
9200 1.5347441
9300 1.4148629
9400 1.6094886
9500 1.366599
9600 1.3583728
9700 1.8101115
9800 1.7523977
9900 1.4253988
10000 2.011226
10100 2.125754
10200 1.7296622
10300 1.5596353
10400 1.9363155
10500 1.4529555
10600 1.7319138
10700 2.2096367
10800 1.709366
10900 1.1544354
11000 1.0312597
11100 1.2100197
11200 1.1877465
11300 1.8958579
11400 1.725197
11500 2.3164203
11600 1.7317969
11700 2.3264291
11800 1.6201934
11900 1.2074208
12000 1.6307153
12100 1.3132652
12200 1.5483925
12300 1.4059757
12400 1.4872215
12500 1.1502736
12600 1.0722977
12700 1.3454787
12800 1.5243572
12900 1.170189
13000 1.9649633
13100 1.1324327
13200 1.254103
13300 1.8267013
13400 1.3968413
13500 1.2886649
13600 1.5340714
13700 1.5440286
13800 1.4193835
13900 1.4574195
14000 0.74772435
14100 0.8812762
14200 1.4365441
14300 1.0604732
14400 1.7765623
14500 1.4493757
14600 1.3562914
14700 1.3728875
14800 1.1000657
14900 1.5215535
15000 1.6313543
15100 1.0336801
15200 1.4772596
15300 1.6403878
15400 1.1247166
15500 1.2701962
15600 1.4754217
15700 1.3424124
15800 1.0097805
15900 1.7061483
16000 1.6059159
16100 1.1880296
16200 1.1631695
16300 1.1825761
16400 0.9602848
16500 1.1128
16600 1.0874951
16700 1.7981771
16800 1.187628
16900 1.220916
17000 1.3301811
17100 1.1485894
17200 1.4432808
17300 0.9588779
17400 1.2741947
17500 0.93259895
17600 1.1142492
17700 1.4307977
17800 1.1844236
17900 1.2615128
18000 1.2568076
18100 1.5092465
18200 1.1425711
18300 1.0979985
18400 1.1836056
18500 0.98276955
18600 0.8908956
18700 1.4705497
18800 1.2482319
18900 0.9941937
19000 0.974339
19100 1.2411281
19200 1.6405389
19300 1.2093302
19400 1.3409483
19500 1.4469516
19600 0.66119266
19700 0.9585712
19800 0.98217064
19900 0.93197864
20000 1.0310802
20100 1.0114541
20200 1.2391148
20300 1.2386861
20400 0.7506256
20500 1.1627027
20600 1.075017
20700 0.91869736
20800 0.9210989
20900 1.348243
21000 1.4203906
21100 1.1023037
21200 1.1927657
21300 1.4687053
21400 1.2367373
21500 1.068554
21600 1.0390812
21700 0.88788
21800 0.8689244
21900 1.2441149
22000 0.8360455
22100 1.7395519
22200 1.0077891
22300 1.184587
22400 1.05006
22500 1.0846473
22600 1.0960017
22700 1.0832949
22800 0.6902497
22900 1.0907067
23000 1.1490835
23100 0.7542172
23200 0.94787645
23300 1.48198
23400 1.1234695
23500 1.0146359
23600 1.3833324
23700 0.8730214
23800 1.0300995
23900 1.2540333
24000 1.3919519
24100 1.2020776
24200 1.0748534
24300 1.2989489
24400 1.3897774
24500 1.1636068
24600 0.7658993
24700 1.128562
24800 1.2855759
24900 1.1564333
25000 1.0274384
25100 1.2272587
25200 1.0749983
25300 1.1650224
25400 1.4124293
25500 1.1901691
25600 1.3626692
25700 0.86660904
25800 1.040682
25900 1.2149454
26000 1.0546591
26100 0.9011429
26200 1.0954397
26300 1.5092888
26400 1.2370709
0 3.3291
100 2.61796
