0 2.295854
100 2.028789
200 1.8387172
300 1.6441202
400 1.744796
500 1.5895474
600 1.8004422
700 1.4959038
800 1.7177382
900 1.4726985
1000 1.4124715
1100 1.4787745
1200 1.4601226
1300 1.5174615
1400 1.8682495
1500 1.4069321
1600 1.5073192
1700 1.4481785
1800 1.7129357
1900 1.3108242
2000 1.4663227
2100 1.3738495
2200 1.6205947
2300 1.2994971
2400 1.419631
2500 1.4433768
2600 1.2917745
2700 1.3137864
2800 1.3995184
2900 1.606745
3000 1.5619617
3100 1.0620725
3200 1.3020618
3300 1.101769
3400 1.1486729
3500 1.1871727
3600 1.4932963
3700 1.5563219
3800 1.1351961
3900 1.236748
4000 1.270752
4100 1.5363246
4200 1.5138042
4300 1.0087428
4400 1.1820796
4500 1.251045
4600 1.0727711
4700 1.3879671
4800 1.2712522
4900 1.0805357
5000 1.284694
5100 1.5596011
5200 1.4044514
5300 1.0935329
5400 1.3328252
5500 1.1883979
5600 1.3560292
5700 1.2974571
5800 1.1956937
5900 1.1398213
6000 1.0172637
6100 1.0755926
6200 1.2316976
6300 1.2002573
6400 1.3250152
6500 1.0720624
6600 1.1671561
6700 1.7720214
6800 1.0823324
6900 1.3640156
7000 1.007628
7100 1.2667925
7200 1.5600675
7300 1.2182477
7400 1.2041833
7500 1.40215
7600 1.0937421
7700 0.98939323
7800 1.4636444
7900 0.95921886
8000 1.2183797
8100 0.96474624
8200 1.1264954
8300 1.1326954
8400 0.98448133
8500 1.1184849
8600 0.8829257
8700 1.1143959
8800 1.2130489
8900 1.3451589
9000 1.0039808
9100 1.2862332
9200 1.0638036
9300 0.9807082
9400 1.1156125
9500 0.9472542
9600 0.9415523
9700 1.2546737
9800 1.2146695
9900 0.9880112
10000 1.3940756
10100 1.4734604
10200 1.1989105
10300 1.0810568
10400 1.3421516
10500 1.007112
10600 1.2004712
10700 1.5316035
10800 1.1848422
10900 0.8001936
11000 0.7148147
11100 0.83872175
11200 0.82328314
11300 1.3141086
11400 1.1958154
11500 1.6056203
11600 1.2003901
11700 1.6125578
11800 1.1230325
11900 0.8369203
12000 1.1303257
12100 0.91028607
12200 1.0732639
12300 0.9745481
12400 1.0308634
12500 0.79730886
12600 0.7432601
12700 0.93261474
12800 1.0566039
12900 0.81111324
13000 1.3620088
13100 0.78494257
13200 0.86927795
13300 1.2661729
13400 0.9682166
13500 0.8932345
13600 1.0633373
13700 1.0702391
13800 0.9838417
13900 1.0102062
14000 0.518283
14100 0.6108541
14200 0.9957365
14300 0.735064
14400 1.2314192
14500 1.0046307
14600 0.9401096
14700 0.95161307
14800 0.76250744
14900 1.0546606
15000 1.1307687
15100 0.7164924
15200 1.0239583
15300 1.1370301
15400 0.7795942
15500 0.8804329
15600 1.0226843
15700 0.9304893
15800 0.6999265
15900 1.1826118
16000 1.113136
16100 0.8234794
16200 0.80624765
16300 0.8196993
16400 0.6656187
16500 0.7713342
16600 0.7537942
16700 1.2464014
16800 0.823201
16900 0.8462745
17000 0.92201126
17100 0.7961415
17200 1.000406
17300 0.6646435
17400 0.88320446
17500 0.64642835
17600 0.7723387
17700 0.9917534
17800 0.82097983
17900 0.874414
18000 0.87115264
18100 1.04613
18200 0.7919699
18300 0.76107454
18400 0.8204129
18500 0.68120396
18600 0.61752176
18700 1.0193074
18800 0.8652084
18900 0.68912256
19000 0.6753603
19100 0.86028445
19200 1.1371349
19300 0.83824384
19400 0.9294746
19500 1.0029504
19600 0.45830384
19700 0.6644309
19800 0.6807888
19900 0.64599836
20000 0.7146903
20100 0.7010866
20200 0.85888886
20300 0.8585918
20400 0.520294
20500 0.8059241
20600 0.745145
20700 0.6367925
20800 0.6384571
20900 0.93453085
21000 0.98453975
21100 0.7640587
21200 0.8267622
21300 1.018029
21400 0.8572409
21500 0.7406652
21600 0.7202362
21700 0.61543155
21800 0.6022925
21900 0.8623547
22000 0.5795026
22100 1.2057655
22200 0.69854623
22300 0.82109314
22400 0.72784615
22500 0.7518202
22600 0.7596905
22700 0.7508828
22800 0.47844464
22900 0.7560203
23000 0.796484
23100 0.5227835
23200 0.6570179
23300 1.0272303
23400 0.7787297
23500 0.703292
23600 0.95885295
23700 0.60513234
23800 0.7140106
23900 0.8692297
24000 0.96482754
24100 0.8332167
24200 0.74503165
24300 0.90036273
24400 0.9633203
24500 0.80655074
24600 0.5308809
24700 0.7822596
24800 0.89109325
24900 0.8015785
25000 0.7121661
25100 0.85067093
25200 0.745132
25300 0.807532
25400 0.97902143
25500 0.8249624
25600 0.94453037
25700 0.6006876
25800 0.7213458
25900 0.84213597
26000 0.73103404
26100 0.62462467
26200 0.7593009
26300 1.0461593
26400 0.8574722
0 2.30756
100 1.81463
