0 9.997557
100 9.093765
200 7.2509537
300 6.2760158
400 6.2556615
500 5.640421
600 6.0540404
700 5.007798
800 5.5126543
900 5.6961317
1000 5.4791355
1100 5.2861795
1200 5.48479
1300 5.6256104
1400 5.855201
1500 4.5857325
1600 5.0477924
1700 5.1239805
1800 4.810954
1900 5.0443354
2000 5.2322226
2100 5.058754
2200 4.9673996
2300 4.729426
2400 4.8102818
2500 4.9892907
2600 4.5340266
2700 4.4366183
2800 5.023913
2900 4.4915
3000 4.777485
3100 4.1663837
3200 4.0278378
3300 4.311337
3400 4.489826
3500 4.665856
3600 4.8774557
3700 4.623305
3800 4.439395
3900 4.621457
4000 4.7535434
4100 4.0414076
4200 4.097198
4300 4.285016
4400 4.5993257
4500 4.5837107
4600 3.9875088
4700 4.57747
4800 4.1042056
4900 4.6305237
5000 4.4990053
5100 3.9050722
5200 5.0069437
5300 4.1531153
5400 4.446038
5500 3.669119
5600 4.4541907
5700 4.2258263
5800 3.5649047
5900 3.5857267
6000 3.974432
6100 3.4900594
6200 4.36854
6300 3.895429
6400 3.8304186
6500 4.173466
6600 3.8921297
6700 4.31677
6800 4.398222
6900 3.6304922
7000 4.164012
7100 3.8693671
7200 4.172727
7300 3.4505405
7400 4.088763
7500 3.5912979
7600 3.647964
7700 3.7228367
7800 4.025443
7900 3.518835
8000 4.6379027
8100 3.6364474
8200 3.7783945
8300 3.7608871
8400 3.276322
8500 4.039
8600 3.371737
8700 3.6923294
8800 3.9027624
8900 4.1898413
9000 3.8344438
9100 4.221303
9200 3.4056659
9300 3.4896278
9400 3.2287223
9500 3.208786
9600 3.722969
9700 3.17277
9800 3.6728644
9900 2.9974802
10000 3.2434695
10100 3.3697863
10200 3.8173008
10300 3.6443257
10400 4.008356
10500 3.583002
10600 4.0179935
10700 3.8411837
10800 3.7722394
10900 3.080933
11000 3.482448
11100 3.428907
11200 3.146277
11300 3.6830845
11400 3.4592175
11500 3.5775723
11600 3.7019286
11700 3.6643624
11800 3.738453
11900 3.4858575
12000 3.3280153
12100 3.0852976
12200 3.4675236
12300 3.69032
12400 3.1575344
12500 3.61825
12600 2.9867148
12700 3.1638403
12800 3.295868
12900 3.309716
13000 3.8277404
13100 3.4065819
13200 3.5303895
13300 3.309042
13400 3.4353964
13500 3.7832296
13600 3.8599935
13700 3.7688243
13800 3.684342
13900 3.813385
14000 2.8292432
14100 2.844682
14200 3.8641675
14300 3.5101318
14400 3.4955606
14500 3.6216507
14600 3.9038548
14700 3.4162493
14800 3.296048
14900 3.4217339
15000 3.4643621
15100 2.849311
15200 3.4385843
15300 3.0077574
15400 3.0810742
15500 3.2687502
15600 3.6893163
15700 3.4421563
15800 3.4648001
15900 4.076031
16000 3.5068347
16100 3.1639395
16200 3.1555276
16300 3.1208737
16400 3.2718203
16500 3.682873
16600 3.1749253
16700 3.8338668
16800 3.1631997
16900 3.535854
17000 3.6889431
17100 3.0208955
17200 3.399442
17300 3.047373
17400 3.5626156
17500 2.9228406
17600 3.3259935
17700 3.4288306
17800 3.085019
17900 3.712103
18000 2.7994466
18100 3.0963302
18200 3.1686208
18300 3.4243035
18400 3.103887
18500 3.2488656
18600 3.005302
18700 3.3475757
18800 3.065471
18900 2.8137398
19000 2.6453552
19100 3.0362248
19200 3.376548
19300 3.3939233
19400 3.403203
19500 3.4989638
19600 2.884132
19700 3.087018
19800 3.126053
19900 3.1008563
20000 3.302973
20100 3.4371424
20200 3.2811413
20300 3.1757436
20400 2.887164
20500 3.1518373
20600 3.4321692
20700 2.9625413
20800 2.8236861
20900 3.7144055
21000 3.9089432
21100 2.776512
21200 3.3524709
21300 3.0948062
21400 3.5017343
21500 2.8211646
21600 3.2054667
21700 3.0459824
21800 2.9408436
21900 3.2597294
22000 2.8607965
22100 3.4134269
22200 3.1882558
22300 3.2848737
22400 3.236465
22500 3.0082967
22600 2.8607178
22700 3.1991823
22800 2.5311034
22900 3.5852442
23000 2.9692798
23100 3.1412542
23200 2.8518066
23300 3.0672507
23400 2.609274
23500 3.1544294
23600 3.2014105
23700 2.9260051
23800 3.431054
23900 3.220028
24000 3.3349938
24100 3.239584
24200 3.358574
24300 3.5655103
24400 3.3910508
24500 3.6017237
24600 2.8903155
24700 3.1391137
24800 3.2313457
24900 3.0158334
25000 3.0046868
25100 3.0552497
25200 3.4665701
25300 3.0555482
25400 3.4656327
25500 3.0485287
25600 3.4325454
25700 2.7682283
25800 2.8976603
25900 3.612156
26000 3.083788
26100 2.6131291
26200 2.539307
26300 3.2560165
26400 3.5497518
0 9.99668
100 6.32544
