0 0.056250006
100 0.34375003
200 0.415625
300 0.47500002
400 0.440625
500 0.51875
600 0.521875
700 0.4625
800 0.465625
900 0.49375004
1000 0.478125
1100 0.45000002
1200 0.490625
1300 0.478125
1400 0.5125
1500 0.53437495
1600 0.46249998
1700 0.459375
1800 0.503125
1900 0.52500004
2000 0.53125
2100 0.546875
2200 0.50937504
2300 0.56874996
2400 0.55
2500 0.49062502
2600 0.540625
2700 0.54375
2800 0.54375005
2900 0.55
3000 0.51874995
3100 0.484375
3200 0.515625
3300 0.61875
3400 0.50937504
3500 0.503125
3600 0.534375
3700 0.54375
3800 0.5125
3900 0.4875
4000 0.53125
4100 0.55625004
4200 0.5625
4300 0.603125
4400 0.56875
4500 0.5343751
4600 0.596875
4700 0.596875
4800 0.609375
4900 0.55625
5000 0.66562504
5100 0.509375
5200 0.48749998
5300 0.515625
5400 0.53125006
5500 0.603125
5600 0.54375
5700 0.54375005
5800 0.49687505
5900 0.51875
6000 0.52812505
6100 0.5125
6200 0.509375
6300 0.54687494
6400 0.534375
6500 0.55937505
6600 0.596875
6700 0.540625
6800 0.49375
6900 0.58750004
7000 0.515625
7100 0.528125
7200 0.5625
7300 0.53749996
7400 0.52500004
7500 0.54375
7600 0.48125002
7700 0.590625
7800 0.559375
7900 0.521875
8000 0.59374994
8100 0.56562495
8200 0.56875
8300 0.603125
8400 0.5625
8500 0.53125
8600 0.584375
8700 0.5875
8800 0.50625
8900 0.53125
9000 0.565625
9100 0.57500005
9200 0.540625
9300 0.559375
9400 0.49999997
9500 0.56249994
9600 0.61875
9700 0.575
9800 0.55625004
9900 0.54062504
10000 0.53125
10100 0.5625
10200 0.59687495
10300 0.578125
10400 0.525
10500 0.51875
10600 0.55
10700 0.51250005
10800 0.60625
10900 0.565625
11000 0.58750004
11100 0.553125
11200 0.50937504
11300 0.49687505
11400 0.54062504
11500 0.49375
11600 0.559375
11700 0.51875
11800 0.5375
11900 0.55625004
12000 0.5375
12100 0.515625
12200 0.56875
12300 0.59375006
12400 0.521875
12500 0.48125002
12600 0.55625004
12700 0.58124995
12800 0.53125
12900 0.540625
13000 0.503125
13100 0.553125
13200 0.58125
13300 0.5125
13400 0.534375
13500 0.571875
13600 0.56249994
13700 0.53125
13800 0.51250005
13900 0.54375005
14000 0.56875
14100 0.51875
14200 0.503125
14300 0.584375
14400 0.55937505
14500 0.49687502
14600 0.55625004
14700 0.58124995
14800 0.546875
14900 0.571875
15000 0.5375
15100 0.559375
15200 0.6125
15300 0.578125
15400 0.53125
15500 0.4875
15600 0.57187504
15700 0.56250006
15800 0.49687502
15900 0.52187496
16000 0.59062505
16100 0.57500005
16200 0.57500005
16300 0.47500002
16400 0.58124995
16500 0.5625
16600 0.571875
16700 0.525
16800 0.54375005
16900 0.46875
17000 0.56875
17100 0.6
17200 0.553125
17300 0.55
17400 0.528125
17500 0.553125
17600 0.590625
17700 0.5625
17800 0.55
17900 0.51875
18000 0.58125
18100 0.515625
18200 0.56250006
18300 0.49375004
18400 0.521875
18500 0.6125
18600 0.52500004
18700 0.55625004
18800 0.6
18900 0.59687495
19000 0.58750004
19100 0.54375005
19200 0.6
19300 0.54999995
19400 0.525
19500 0.58750004
19600 0.59062505
19700 0.571875
19800 0.60625005
19900 0.59062505
20000 0.52812505
20100 0.578125
20200 0.503125
20300 0.59375
20400 0.56874996
20500 0.55937505
20600 0.54375
20700 0.59062505
20800 0.565625
20900 0.534375
21000 0.596875
21100 0.584375
21200 0.54375005
21300 0.54375
21400 0.54375
21500 0.6
21600 0.490625
21700 0.62187505
21800 0.553125
21900 0.596875
22000 0.540625
22100 0.553125
22200 0.56249994
22300 0.578125
22400 0.534375
22500 0.553125
22600 0.596875
22700 0.54062504
22800 0.58437496
22900 0.53125
23000 0.45937502
23100 0.6
23200 0.56874996
23300 0.5625
23400 0.6125
23500 0.60625
23600 0.5375
23700 0.55625004
23800 0.58750004
23900 0.56874996
24000 0.515625
24100 0.578125
24200 0.596875
24300 0.546875
24400 0.52187496
24500 0.615625
24600 0.559375
24700 0.5625
24800 0.553125
24900 0.53125
25000 0.57187504
25100 0.54375
25200 0.58750004
25300 0.5749999
25400 0.596875
25500 0.5625
25600 0.6
25700 0.540625
25800 0.55
25900 0.54375
26000 0.534375
26100 0.5875
26200 0.57500005
26300 0.57500005
26400 0.546875
26500 0.553125
26600 0.55625
26700 0.55
26800 0.584375
26900 0.578125
27000 0.59062505
27100 0.63124996
27200 0.55625
27300 0.615625
27400 0.546875
27500 0.6
27600 0.55312496
27700 0.57187504
27800 0.5625
27900 0.565625
28000 0.590625
28100 0.54375005
28200 0.5
28300 0.565625
28400 0.49375
28500 0.525
28600 0.51562506
28700 0.57500005
28800 0.53125
28900 0.48437503
29000 0.5625
29100 0.5625
29200 0.584375
29300 0.53125
29400 0.59375
29500 0.55625004
29600 0.515625
29700 0.646875
29800 0.60625005
29900 0.571875
30000 0.54062504
30100 0.578125
30200 0.559375
30300 0.5625
30400 0.49687502
30500 0.50624996
30600 0.53437495
30700 0.55
30800 0.5
30900 0.55625004
31000 0.528125
31100 0.553125
31200 0.559375
31300 0.53125
31400 0.5625
31500 0.59374994
31600 0.546875
31700 0.58437496
31800 0.54375
31900 0.54999995
32000 0.54375
32100 0.54062504
32200 0.53124994
32300 0.590625
32400 0.58125
32500 0.615625
32600 0.55625
32700 0.503125
32800 0.515625
32900 0.56250006
33000 0.56874996
33100 0.5125
33200 0.59999996
33300 0.553125
33400 0.565625
33500 0.5375
33600 0.51875
33700 0.53125006
33800 0.578125
33900 0.565625
34000 0.56249994
34100 0.57812494
34200 0.56874996
34300 0.578125
34400 0.575
34500 0.55937505
34600 0.546875
34700 0.525
34800 0.5625
34900 0.571875
35000 0.56875
35100 0.60937506
35200 0.578125
35300 0.565625
35400 0.565625
35500 0.584375
35600 0.5812501
35700 0.559375
35800 0.57187504
35900 0.534375
36000 0.54375005
36100 0.596875
36200 0.553125
36300 0.565625
36400 0.534375
36500 0.60625
36600 0.5
36700 0.57187504
36800 0.609375
36900 0.57500005
37000 0.621875
37100 0.5687501
37200 0.61562496
37300 0.553125
37400 0.584375
37500 0.56875
37600 0.57187504
37700 0.55
37800 0.5875
37900 0.57812506
38000 0.5656251
38100 0.528125
38200 0.54375005
38300 0.56875
38400 0.5625
38500 0.521875
38600 0.528125
38700 0.540625
38800 0.509375
38900 0.52500004
39000 0.55937505
39100 0.60312504
39200 0.553125
39300 0.51250005
39400 0.55
39500 0.553125
39600 0.54375005
39700 0.603125
39800 0.553125
39900 0.55
40000 0.56874996
40100 0.509375
40200 0.56875
40300 0.578125
40400 0.56874996
40500 0.57187504
40600 0.559375
40700 0.571875
40800 0.50937504
40900 0.56875
41000 0.50937504
41100 0.584375
41200 0.575
41300 0.5375
41400 0.6000001
41500 0.525
41600 0.52812505
41700 0.50625
41800 0.52187496
41900 0.5375
42000 0.5625
42100 0.5625
42200 0.5656251
42300 0.55625
42400 0.575
42500 0.5375
42600 0.5625
42700 0.528125
42800 0.575
42900 0.59375
43000 0.60312504
