0 4.7527266
100 3.2027338
200 2.871519
300 2.4798396
400 2.5233343
500 2.2836404
600 2.252687
700 2.4765556
800 2.4602563
900 2.4946055
1000 2.4530673
1100 2.636391
1200 2.4695315
1300 2.559188
1400 2.335956
1500 2.1883888
1600 2.3347113
1700 2.5187535
1800 2.231085
1900 2.2463188
2000 2.2439148
2100 2.2753944
2200 2.3067014
2300 2.070929
2400 2.1381707
2500 2.4483554
2600 2.2350488
2700 2.2103062
2800 2.2652977
2900 2.0634725
3000 2.2677224
3100 2.3887517
3200 2.2632296
3300 1.8612664
3400 2.1902566
3500 2.323241
3600 2.3356776
3700 2.2449908
3800 2.3338287
3900 2.295119
4000 2.186024
4100 2.2011073
4200 2.0854163
4300 1.9051151
4400 2.0880613
4500 2.2274966
4600 1.8542404
4700 1.9953171
4800 1.8193095
4900 2.017586
5000 1.756653
5100 2.1712124
5200 2.4525826
5300 2.3077135
5400 2.1945148
5500 1.8585936
5600 2.2472458
5700 1.9715995
5800 2.238936
5900 2.2367702
6000 2.273832
6100 2.342099
6200 2.2234998
6300 2.2760923
6400 2.2335424
6500 2.1203685
6600 1.8257124
6700 2.1581666
6800 2.2659073
6900 1.9810619
7000 2.321932
7100 2.1080108
7200 2.0610414
7300 2.227943
7400 2.311277
7500 2.2444475
7600 2.536519
7700 1.8666646
7800 1.9582547
7900 2.133894
8000 1.974242
8100 2.0369825
8200 2.1001236
8300 2.116798
8400 2.0202534
8500 2.2586832
8600 1.9865073
8700 2.0443406
8800 2.4193347
8900 2.226664
9000 2.0754411
9100 2.1713014
9200 2.2129533
9300 2.2121747
9400 2.4307125
9500 2.1294148
9600 2.0288868
9700 1.886125
9800 2.0928264
9900 2.3154643
10000 2.2264857
10100 2.0988402
10200 1.876642
10300 1.8522347
10400 2.1142416
10500 2.3541198
10600 2.1434894
10700 2.2417116
10800 1.8578064
10900 2.0577211
11000 1.9939847
11100 2.1965063
11200 2.1893299
11300 2.395431
11400 2.2600162
11500 2.3485274
11600 2.1410239
11700 2.2795324
11800 2.2269845
11900 2.1911323
12000 2.0775685
12100 2.0643785
12200 2.0657885
12300 2.026526
12400 2.2600853
12500 2.343646
12600 2.1563435
12700 1.9271371
12800 2.152486
12900 2.3068686
13000 2.3495433
13100 2.1965766
13200 1.9130785
13300 2.3274202
13400 2.160458
13500 2.1016755
13600 2.0390408
13700 2.2571099
13800 2.177257
13900 2.1449752
14000 1.9748582
14100 2.1771035
14200 2.3528545
14300 1.9973532
14400 2.1609755
14500 2.388509
14600 2.1611829
14700 2.0352912
14800 1.9940424
14900 2.1123421
15000 2.0923882
15100 2.1228278
15200 1.7830927
15300 1.9922563
15400 2.2322955
15500 2.3621876
15600 2.114474
15700 2.080794
15800 2.471209
15900 2.167664
16000 1.8740664
16100 2.0957532
16200 2.2538638
16300 2.6094894
16400 2.1307676
16500 2.0607452
16600 1.9796369
16700 2.3298097
16800 2.1154773
16900 2.2999084
17000 2.062269
17100 1.9939106
17200 2.0785427
17300 2.1341593
17400 2.0823772
17500 1.8995676
17600 1.8282303
17700 1.9913259
17800 2.1528108
17900 2.1979864
18000 2.1582549
18100 2.3128366
18200 2.0685878
18300 2.3723342
18400 2.1926866
18500 1.8739847
18600 2.129607
18700 2.1725063
18800 1.9159153
18900 1.8752221
19000 1.8697817
19100 2.1405163
19200 1.9725717
19300 2.1688526
19400 2.117322
19500 2.1933522
19600 2.0037332
19700 1.9530514
19800 1.7516351
19900 1.9105347
20000 2.2535758
20100 2.026104
20200 2.1138325
20300 1.9234916
20400 1.9683982
20500 2.0705323
20600 2.2249115
20700 1.8858947
20800 2.0081954
20900 2.149265
21000 2.02633
21100 2.102604
21200 2.1030133
21300 2.0551126
21400 2.048265
21500 1.8345157
21600 2.1819396
21700 1.8549168
21800 2.0764549
21900 1.9004891
22000 2.2301493
22100 2.0930657
22200 2.1497474
22300 2.0364635
22400 2.19482
22500 1.9392844
22600 1.8909014
22700 2.1601129
22800 1.9194502
22900 2.1896768
23000 2.5277941
23100 1.9498514
23200 2.0749857
23300 2.060307
23400 1.8263211
23500 1.8566654
23600 2.2375028
23700 2.0082195
23800 2.0634992
23900 1.9626608
24000 2.2354279
24100 2.1193602
24200 1.913125
24300 2.08613
24400 2.319399
24500 1.7849677
24600 2.0838628
24700 1.9775201
24800 2.0104377
24900 2.141215
25000 1.9322392
25100 2.1026428
25200 1.954697
25300 1.8656567
25400 1.9350618
25500 2.0889447
25600 1.9642285
25700 2.2745538
25800 2.0748055
25900 2.110754
26000 2.2154398
26100 2.0353563
26200 1.9783397
26300 2.0444794
26400 2.0854602
26500 2.0096278
26600 2.1511831
26700 2.160792
26800 1.8922935
26900 2.2161858
27000 2.088073
27100 1.8867116
27200 2.1700444
27300 1.9003694
27400 2.1791744
27500 1.9585699
27600 2.1872497
27700 1.9666818
27800 2.135802
27900 1.9983447
28000 1.9063001
28100 2.0774074
28200 2.3157086
28300 1.890368
28400 2.5242758
28500 2.1406388
28600 2.1941304
28700 1.9942927
28800 2.272573
28900 2.5061042
29000 1.9411198
29100 2.1491141
29200 1.978682
29300 2.0349452
29400 1.8607056
29500 2.162287
29600 2.2117703
29700 1.7974929
29800 2.0184736
29900 2.0172915
30000 2.1737335
30100 1.9129945
30200 2.0970318
30300 1.906495
30400 2.2466526
30500 2.0884943
30600 2.093903
30700 2.2005107
30800 2.4853175
30900 1.9114578
31000 2.290366
31100 1.9767232
31200 2.1816003
31300 2.1880789
31400 2.0516994
31500 2.0797768
31600 2.099381
31700 1.9801127
31800 2.1429265
31900 2.0006044
32000 2.13814
32100 2.3087776
32200 2.1575909
32300 1.9196671
32400 1.9791889
32500 1.8989837
32600 1.9023314
32700 2.2884583
32800 2.1775312
32900 2.096379
33000 1.8917989
33100 2.167646
33200 1.9184321
33300 2.0802035
33400 2.0194554
33500 2.2723744
33600 2.12602
33700 2.2066524
33800 1.994227
33900 2.0823257
34000 2.1255987
34100 1.9307139
34200 1.9796364
34300 1.9834794
34400 1.9405887
34500 2.0089722
34600 2.1704452
34700 2.1376472
34800 2.0568175
34900 2.024492
35000 1.9752012
35100 1.9214243
35200 1.9226528
35300 1.9454397
35400 2.06476
35500 1.8807163
35600 1.8761382
35700 1.9693898
35800 2.0105612
35900 2.2723567
36000 2.126343
36100 1.8914318
36200 2.0854697
36300 1.994783
36400 2.1440744
36500 1.8440056
36600 2.3130522
36700 1.961945
36800 1.7631915
36900 1.8371539
37000 1.841139
37100 2.0256855
37200 1.7734267
37300 1.9935646
37400 2.0059676
37500 2.0193837
37600 1.9834523
37700 2.1725664
37800 1.8425651
37900 1.9448693
38000 2.0774534
38100 2.3324218
38200 2.191125
38300 1.9820436
38400 2.0419595
38500 2.2692642
38600 2.3758075
38700 2.204365
38800 2.3614254
38900 2.2657592
39000 2.0975025
39100 1.8538232
39200 2.1973412
39300 2.191714
39400 2.156071
39500 2.2102678
39600 2.1666005
39700 1.8319248
39800 2.0983787
39900 2.1159594
40000 2.0345805
40100 2.3698437
40200 2.1320949
40300 2.1154976
40400 2.1022792
40500 1.9497054
40600 2.1166832
40700 1.910732
40800 2.3209217
40900 2.1066477
41000 2.1887147
41100 1.9823811
41200 1.992905
41300 2.2189605
41400 1.9015411
41500 2.2240016
41600 2.250241
41700 2.2973068
41800 2.156395
41900 2.191357
42000 2.134814
42100 2.0624661
42200 2.0102499
42300 2.1099691
42400 1.9783462
42500 2.2038486
42600 1.8680551
42700 2.1746497
42800 2.0014057
42900 2.0665493
43000 1.9309145
