0 3.2943392
100 2.219966
200 1.9903854
300 1.7188938
400 1.749042
500 1.5828989
600 1.5614436
700 1.7166176
800 1.7053198
900 1.7291288
1000 1.7003367
1100 1.827407
1200 1.7117488
1300 1.773894
1400 1.6191614
1500 1.5168755
1600 1.6182985
1700 1.7458669
1800 1.5464704
1900 1.5570296
2000 1.5553633
2100 1.5771832
2200 1.5988836
2300 1.4354587
2400 1.482067
2500 1.6970706
2600 1.5492178
2700 1.5320674
2800 1.5701847
2900 1.4302902
3000 1.5718654
3100 1.6557565
3200 1.5687512
3300 1.2901316
3400 1.5181701
3500 1.610348
3600 1.6189684
3700 1.5561091
3800 1.6176867
3900 1.5908554
4000 1.5152364
4100 1.5256913
4200 1.4455004
4300 1.3205252
4400 1.4473338
4500 1.543983
4600 1.2852615
4700 1.3830484
4800 1.2610493
4900 1.398484
5000 1.2176191
5100 1.5049697
5200 1.7000008
5300 1.599585
5400 1.5211217
5500 1.2882789
5600 1.557672
5700 1.3666086
5800 1.5519121
5900 1.550411
6000 1.5761002
6100 1.6234193
6200 1.5412127
6300 1.577667
6400 1.5481737
6500 1.4697275
6600 1.2654874
6700 1.4959271
6800 1.5706073
6900 1.3731675
7000 1.6094407
7100 1.4611617
7200 1.428605
7300 1.5442924
7400 1.6020551
7500 1.5557325
7600 1.758181
7700 1.2938733
7800 1.3573587
7900 1.4791026
8000 1.3684403
8100 1.4119287
8200 1.4556948
8300 1.4672525
8400 1.4003329
8500 1.5655999
8600 1.3769419
8700 1.4170289
8800 1.676955
8900 1.5434059
9000 1.4385861
9100 1.5050315
9200 1.5339023
9300 1.5333626
9400 1.6848415
9500 1.4759979
9600 1.4063171
9700 1.3073622
9800 1.4506366
9900 1.6049576
10000 1.5432823
10100 1.4548051
10200 1.3007891
10300 1.2838713
10400 1.4654806
10500 1.6317514
10600 1.4857535
10700 1.5538361
10800 1.2877333
10900 1.4263036
11000 1.3821249
11100 1.5225022
11200 1.5175278
11300 1.6603863
11400 1.5665239
11500 1.6278752
11600 1.4840447
11700 1.5800514
11800 1.5436281
11900 1.5187773
12000 1.4400607
12100 1.4309181
12200 1.4318955
12300 1.4046808
12400 1.5665718
12500 1.6244917
12600 1.4946634
12700 1.3357897
12800 1.4919896
12900 1.5989994
13000 1.6285793
13100 1.522551
13200 1.326045
13300 1.6132448
13400 1.4975154
13500 1.4567705
13600 1.4133554
13700 1.5645093
13800 1.5091596
13900 1.4867835
14000 1.3688674
14100 1.5090532
14200 1.6308744
14300 1.3844597
14400 1.497874
14500 1.6555884
14600 1.4980178
14700 1.4107563
14800 1.3821648
14900 1.464164
15000 1.4503329
15100 1.4714321
15200 1.2359457
15300 1.3809268
15400 1.5473093
15500 1.6373438
15600 1.4656417
15700 1.4422965
15800 1.7129116
15900 1.5025102
16000 1.2990038
16100 1.4526654
16200 1.5622593
16300 1.8087603
16400 1.4769355
16500 1.4283997
16600 1.3721797
16700 1.6149011
16800 1.4663371
16900 1.594175
17000 1.429456
17100 1.3820735
17200 1.440736
17300 1.4792866
17400 1.4433938
17500 1.31668
17600 1.2672327
17700 1.3802819
17800 1.4922147
17900 1.523528
18000 1.4959882
18100 1.6031362
18200 1.4338359
18300 1.6443768
18400 1.5198545
18500 1.2989472
18600 1.4761311
18700 1.5058666
18800 1.3280113
18900 1.2998049
19000 1.296034
19100 1.4836928
19200 1.3672825
19300 1.503334
19400 1.4676157
19500 1.5203159
19600 1.3888819
19700 1.3537521
19800 1.2141409
19900 1.3242818
20000 1.5620598
20100 1.4043882
20200 1.4651971
20300 1.3332628
20400 1.3643897
20500 1.4351836
20600 1.542191
20700 1.3072026
20800 1.391975
20900 1.4897571
21000 1.404545
21100 1.4574139
21200 1.4576977
21300 1.4244955
21400 1.419749
21500 1.2715894
21600 1.5124053
21700 1.2857304
21800 1.4392889
21900 1.3173187
22000 1.5458217
22100 1.4508026
22200 1.4900913
22300 1.4115689
22400 1.5213332
22500 1.3442096
22600 1.310673
22700 1.4972761
22800 1.3304615
22900 1.5177683
23000 1.7521334
23100 1.351534
23200 1.4382706
23300 1.4280959
23400 1.2659093
23500 1.2869424
23600 1.5509187
23700 1.3919916
23800 1.4303087
23900 1.3604128
24000 1.5494804
24100 1.4690286
24200 1.3260772
24300 1.4459951
24400 1.607685
24500 1.2372453
24600 1.4444236
24700 1.3707125
24800 1.3935292
24900 1.4841772
25000 1.3393261
25100 1.457441
25200 1.3548927
25300 1.2931747
25400 1.3412826
25500 1.4479461
25600 1.3614994
25700 1.5766006
25800 1.4381456
25900 1.4630632
26000 1.5356258
26100 1.4108014
26200 1.3712806
26300 1.4171251
26400 1.4455309
26500 1.3929678
26600 1.4910866
26700 1.497747
26800 1.3116379
26900 1.536143
27000 1.4473419
27100 1.3077688
27200 1.5041602
27300 1.3172357
27400 1.5104886
27500 1.3575772
27600 1.5160859
27700 1.3632
27800 1.4804251
27900 1.385147
28000 1.3213465
28100 1.439949
28200 1.605127
28300 1.3103032
28400 1.7496946
28500 1.4837778
28600 1.5208553
28700 1.3823384
28800 1.5752275
28900 1.737099
29000 1.3454818
29100 1.4896524
29200 1.3715179
29300 1.4105166
29400 1.2897428
29500 1.4987831
29600 1.5330824
29700 1.2459271
29800 1.3990993
29900 1.3982799
30000 1.5067172
30100 1.3259867
30200 1.4535518
30300 1.3214816
30400 1.557261
30500 1.447634
30600 1.451383
30700 1.5252779
30800 1.7226908
30900 1.3249216
31000 1.5875607
31100 1.3701601
31200 1.5121701
31300 1.5166607
31400 1.4221296
31500 1.4415914
31600 1.45518
31700 1.3725095
31800 1.4853635
31900 1.3867133
32000 1.4820458
32100 1.6003227
32200 1.495528
32300 1.3306118
32400 1.3718692
32500 1.3162752
32600 1.3185956
32700 1.5862384
32800 1.5093497
32900 1.4530993
33000 1.311295
33100 1.5024977
33200 1.3297558
33300 1.4418873
33400 1.3997799
33500 1.5750899
33600 1.4736447
33700 1.5295348
33800 1.3822929
33900 1.4433582
34000 1.4733527
34100 1.3382689
34200 1.3721794
34300 1.3748431
34400 1.3451136
34500 1.3925134
34600 1.504438
34700 1.4817041
34800 1.4256773
34900 1.403271
35000 1.3691052
35100 1.3318298
35200 1.3326814
35300 1.348476
35400 1.4311826
35500 1.3036132
35600 1.30044
35700 1.365077
35800 1.3936148
35900 1.5750777
36000 1.4738687
36100 1.3110406
36200 1.4455374
36300 1.3826783
36400 1.4861591
36500 1.2781672
36600 1.6032857
36700 1.3599167
36800 1.2221512
36900 1.2734181
37000 1.2761803
37100 1.4040982
37200 1.2292457
37300 1.3818337
37400 1.3904308
37500 1.3997301
37600 1.3748244
37700 1.5059084
37800 1.2771688
37900 1.3480806
38000 1.439981
38100 1.6167116
38200 1.518772
38300 1.373848
38400 1.4153785
38500 1.572934
38600 1.6467843
38700 1.5279493
38800 1.6368154
38900 1.5705047
39000 1.4538779
39100 1.2849723
39200 1.5230808
39300 1.5191804
39400 1.4944745
39500 1.5320408
39600 1.501773
39700 1.2697935
39800 1.4544853
39900 1.4666712
40000 1.4102637
40100 1.6426505
40200 1.4778556
40300 1.4663512
40400 1.4571888
40500 1.3514328
40600 1.467173
40700 1.3244185
40800 1.6087403
40900 1.460217
41000 1.5171015
41100 1.3740819
41200 1.3813765
41300 1.5380663
41400 1.3180479
41500 1.5415604
41600 1.5597482
41700 1.5923717
41800 1.4946991
41900 1.5189329
42000 1.4797404
42100 1.4295926
42200 1.393399
42300 1.4625192
42400 1.3712851
42500 1.5275915
42600 1.2948371
42700 1.5073524
42800 1.3872687
42900 1.4324228
43000 1.338408
