0 26.985353
100 11.255195
200 9.204578
300 8.31789
400 7.9648476
500 7.371233
600 7.3138056
700 7.884222
800 7.69949
900 7.8753557
1000 6.910301
1100 7.6775846
1200 7.5865145
1300 7.057965
1400 7.2999196
1500 6.8294067
1600 7.0705886
1700 7.2888155
1800 6.7430763
1900 6.6987877
2000 6.8187833
2100 6.891649
2200 6.977873
2300 6.436192
2400 6.440595
2500 7.357832
2600 6.462537
2700 6.752893
2800 6.371965
2900 6.4191093
3000 6.6206326
3100 6.7624145
3200 6.360361
3300 6.142867
3400 6.509367
3500 6.6457367
3600 6.1130977
3700 6.243637
3800 6.621255
3900 6.5628195
4000 6.767865
4100 6.582956
4200 6.2486687
4300 6.151517
4400 6.3832083
4500 6.4984555
4600 5.6782613
4700 5.951596
4800 5.945789
4900 6.104555
5000 6.0303335
5100 6.5372686
5200 6.565164
5300 6.6622295
5400 6.2511044
5500 6.0708895
5600 6.2823815
5700 6.502383
5800 6.280821
5900 5.822017
6000 6.9334245
6100 6.333411
6200 6.4111085
6300 6.0936522
6400 6.2379804
6500 6.102941
6600 5.9640994
6700 6.6550207
6800 6.4165115
6900 6.492702
7000 6.479444
7100 6.291377
7200 6.4473686
7300 6.365242
7400 6.2172537
7500 6.2087307
7600 6.7472305
7700 6.156825
7800 6.0149317
7900 6.1344814
8000 5.860941
8100 6.013782
8200 6.2434874
8300 6.262036
8400 5.8745594
8500 6.3749394
8600 6.187177
8700 6.307699
8800 6.3794065
8900 6.3516707
9000 6.3167496
9100 5.902633
9200 6.138062
9300 6.5543633
9400 6.571527
9500 6.246713
9600 6.073181
9700 6.124337
9800 5.9108605
9900 6.5789704
10000 6.4696302
10100 6.166809
10200 6.074083
10300 5.850728
10400 6.2935495
10500 6.7626047
10600 6.570698
10700 6.429965
10800 5.789465
10900 6.5057554
11000 5.8961887
11100 6.480405
11200 6.2584796
11300 6.405028
11400 6.2950444
11500 6.59495
11600 6.065568
11700 6.6064787
11800 6.3243146
11900 6.067337
12000 6.171495
12100 6.2262774
12200 5.734369
12300 6.12619
12400 6.122487
12500 6.724879
12600 5.887847
12700 5.588234
12800 6.342618
12900 6.158294
13000 6.9128175
13100 6.2482514
13200 5.968258
13300 6.5236855
13400 6.2159963
13500 6.42262
13600 6.167059
13700 6.2611904
13800 6.2808537
13900 6.136797
14000 5.92246
14100 5.9979773
14200 6.6831045
14300 6.3723974
14400 5.521214
14500 6.511642
14600 6.315078
14700 5.834665
14800 6.1091623
14900 6.3739505
15000 6.2225065
15100 5.4775248
15200 6.000866
15300 5.8251486
15400 6.6822257
15500 6.5705366
15600 6.1412134
15700 6.1513834
15800 6.736622
15900 6.6486397
16000 5.9089265
16100 6.1302032
16200 6.203182
16300 7.303051
16400 6.1813755
16500 6.5871315
16600 6.06219
16700 6.342025
16800 6.5041175
16900 7.0132256
17000 6.0618887
17100 6.1852098
17200 6.014278
17300 6.6585965
17400 6.549658
17500 5.883876
17600 5.737945
17700 6.2470903
17800 6.4517384
17900 6.09546
18000 5.9079933
18100 6.55921
18200 6.104165
18300 6.4645476
18400 6.117735
18500 6.011229
18600 6.2995625
18700 6.225069
18800 6.105671
18900 5.7028933
19000 5.991333
19100 6.2783737
19200 6.289899
19300 6.1574326
19400 6.5585914
19500 6.6206393
19600 5.7058916
19700 6.212554
19800 5.7439423
19900 6.440028
20000 6.6923404
20100 6.422631
20200 6.3070507
20300 5.8425255
20400 5.966916
20500 6.1445436
20600 6.256955
20700 6.0968065
20800 5.956969
20900 6.432994
21000 6.2014766
21100 6.0675898
21200 6.371422
21300 6.287176
21400 6.227274
21500 6.0763655
21600 6.566975
21700 5.8169365
21800 6.3024883
21900 5.7868185
22000 6.411086
22100 6.3832335
22200 6.2221375
22300 6.162707
22400 6.4067693
22500 6.058039
22600 6.004371
22700 6.292084
22800 6.0145946
22900 6.3168054
23000 6.2471147
23100 6.299576
23200 6.663405
23300 6.0713077
23400 5.6213784
23500 5.8477454
23600 6.400164
23700 6.203186
23800 5.9804926
23900 6.1760497
24000 6.474052
24100 6.3039756
24200 6.428625
24300 6.5208893
24400 6.039586
24500 6.0619097
24600 6.187692
24700 6.0294557
24800 6.2314057
24900 6.3960304
25000 5.764623
25100 6.405963
25200 5.4708624
25300 5.6975822
25400 5.780649
25500 6.269484
25600 6.1328526
25700 6.0887322
25800 6.24267
25900 6.443507
26000 6.338171
26100 6.125991
26200 5.858046
26300 6.0183015
26400 6.335062
26500 6.1061354
26600 6.122441
26700 6.3471637
26800 6.331703
26900 6.048504
27000 6.261861
27100 5.864158
27200 6.104859
27300 6.2222004
27400 6.457755
27500 6.091917
27600 6.590811
27700 6.165537
27800 5.7720585
27900 6.043704
28000 6.258389
28100 6.5650797
28200 6.6175137
28300 5.9731383
28400 7.1889586
28500 6.295985
28600 6.4060717
28700 6.122609
28800 6.8108296
28900 6.780236
29000 5.984227
29100 6.3125267
29200 6.425061
29300 6.254954
29400 6.0750766
29500 6.2453547
29600 5.87433
29700 6.045825
29800 6.1780953
29900 6.4243817
30000 6.5138574
30100 5.9845166
30200 6.031644
30300 6.0161586
30400 6.4098744
30500 6.246417
30600 6.347128
30700 6.639339
30800 6.5655565
30900 5.9781494
31000 6.402326
31100 6.0566826
31200 6.504755
31300 6.675409
31400 6.234247
31500 6.3240385
31600 6.0985327
31700 5.8589945
31800 6.0537014
31900 6.529051
32000 6.4154778
32100 6.312564
32200 6.2750654
32300 5.782832
32400 6.2554407
32500 5.615861
32600 6.034282
32700 6.5821943
32800 6.3529854
32900 6.225856
33000 5.9961333
33100 6.6648517
33200 5.9209213
33300 5.9003425
33400 6.311217
33500 6.1548896
33600 6.472149
33700 6.6171474
33800 5.831504
33900 5.811808
34000 5.9634833
34100 6.130908
34200 6.0057416
34300 6.0852156
34400 5.792383
34500 5.9149456
34600 6.4439235
34700 6.1627192
34800 6.347828
34900 6.3303022
35000 6.097993
35100 5.844713
35200 6.084968
35300 6.0121727
35400 6.3300796
35500 5.669233
35600 6.001984
35700 5.694934
35800 6.371272
35900 5.7375727
36000 5.858878
36100 6.172892
36200 6.097706
36300 6.0738726
36400 6.6299777
36500 6.105788
36600 6.6111503
36700 5.7944794
36800 5.6616726
36900 5.962593
37000 6.097477
37100 6.066008
37200 5.793806
37300 6.295857
37400 5.8592415
37500 6.4193773
37600 6.2429333
37700 6.089566
37800 5.705212
37900 5.8408103
38000 6.0103297
38100 6.1821995
38200 6.1949315
38300 6.1277676
38400 6.041558
38500 6.471593
38600 6.2623634
38700 6.3518486
38800 6.356226
38900 6.4689636
39000 5.9458933
39100 5.637788
39200 6.422074
39300 6.299163
39400 5.920952
39500 6.0248895
39600 6.4104953
39700 6.007679
39800 6.072197
39900 6.270552
40000 5.9783316
40100 5.952858
40200 6.0359726
40300 6.3324003
40400 6.36423
40500 6.1773853
40600 6.477635
40700 6.2164845
40800 6.205802
40900 6.1214943
41000 6.378449
41100 5.9136
41200 6.0683727
41300 6.1879406
41400 6.087497
41500 6.857853
41600 6.411358
41700 6.4287
41800 6.382455
41900 6.411504
42000 6.362112
42100 5.7130823
42200 5.932943
42300 6.0844097
42400 6.149196
42500 6.4846463
42600 5.7837057
42700 6.1817207
42800 6.044986
42900 6.079179
43000 5.803385
