0 4.202318
100 0.6643406
200 0.41977268
300 0.11488175
400 0.034497064
500 0.259676
600 0.1573155
700 0.08853318
800 0.045510232
900 0.055342846
1000 0.26268724
1100 0.37315825
1200 0.34727713
1300 0.08310234
1400 0.3588924
1500 0.22635621
1600 0.2649198
1700 0.17841022
1800 0.06691803
1900 0.04936607
2000 0.12720278
2100 0.067910776
2200 0.14273192
2300 0.40158468
2400 0.23226207
2500 0.048276722
2600 0.020417724
2700 0.07238515
2800 0.027391024
2900 0.07077419
3000 0.10776085
3100 0.17406942
3200 0.12757121
3300 0.060788337
3400 0.2708915
3500 0.080510005
3600 0.006555848
3700 0.05995691
3800 0.008937422
3900 0.017349424
4000 0.0329363
4100 0.04001914
4200 0.038485564
4300 0.009682358
4400 0.10483622
4500 0.089993306
4600 0.097253285
4700 0.02407286
4800 0.17445698
4900 0.2700192
5000 0.31297943
5100 0.009202027
5200 0.06824339
5300 0.029615283
5400 0.005465648
5500 0.0138842
5600 0.12874274
5700 0.011790902
5800 0.06847058
5900 0.03285342
6000 0.022950502
6100 0.02174612
6200 0.009771445
6300 0.0047677634
6400 0.035650466
6500 0.00507003
6600 0.06358478
6700 0.012382497
6800 0.059308756
6900 0.042003375
7000 0.0064162957
7100 0.0023785757
7200 0.009659122
7300 0.004925339
7400 0.08613149
7500 0.02256347
7600 0.0008814164
7700 0.008503007
7800 0.009242101
7900 0.011198282
8000 0.03223653
8100 0.02039199
8200 0.019497434
8300 0.04457377
8400 0.023863265
8500 0.045160145
8600 0.0040814546
8700 0.005612973
8800 0.0077102995
8900 0.020654853
9000 0.0011525115
9100 0.06763659
9200 0.0017860808
9300 0.0040539885
9400 0.0031762747
9500 0.0064887106
9600 0.006873937
9700 0.005984065
9800 0.00495637
9900 0.024005098
10000 0.0030010976
10100 0.0034674013
10200 0.0055600703
10300 0.05647034
10400 0.010956013
10500 0.0027300243
10600 0.0071878787
10700 0.0010767053
10800 0.0008797799
10900 0.010300867
11000 0.0032557675
11100 0.01834246
11200 0.019894587
11300 0.00826467
11400 0.0044398704
11500 0.0013427815
11600 0.037116077
11700 0.0038158214
11800 0.0009108686
11900 0.07363804
12000 0.0029006745
12100 0.0002000909
12200 0.0034679791
12300 0.0016675626
12400 0.0017557511
12500 0.0020481714
12600 0.005254083
12700 0.0013607941
12800 0.0078097763
12900 0.008352268
13000 0.0020221795
13100 0.0029819242
13200 0.002041952
13300 0.0016046684
13400 0.00032227184
13500 0.0038582738
13600 0.0056610326
13700 0.06145852
13800 0.0023646466
13900 0.00019751745
14000 0.0021207207
14100 0.0010796201
14200 0.003467799
14300 0.0041167364
14400 0.002124049
14500 0.00038744826
14600 0.0034807047
14700 0.0015151586
14800 0.0049790684
14900 0.0008578146
15000 0.0012862394
15100 0.0025914584
15200 0.0024772384
15300 0.0020512328
15400 0.0021197456
15500 0.004074347
15600 0.0007461156
15700 0.0034327055
15800 0.0028733262
15900 0.0022690722
16000 0.0010346051
16100 0.0032070435
16200 0.0013371046
16300 0.004169915
16400 0.00027324844
16500 0.0027280923
16600 0.000459279
16700 0.00026923776
16800 0.004920985
16900 0.0029596125
17000 0.0033269324
17100 0.00032566447
17200 0.0022541
17300 0.0021379767
17400 0.003250085
17500 0.0017092967
17600 0.011476984
