0 2.9128249
100 0.46048585
200 0.29096425
300 0.07962996
400 0.023911543
500 0.17999369
600 0.10904279
700 0.061366525
800 0.03154529
900 0.038360737
1000 0.18208092
1100 0.25865358
1200 0.24071418
1300 0.057602152
1400 0.24876526
1500 0.15689817
1600 0.1836284
1700 0.123664536
1800 0.046384044
1900 0.034217954
2000 0.08817025
2100 0.047072165
2200 0.098934226
2300 0.2783573
2400 0.1609918
2500 0.033462875
2600 0.014152488
2700 0.050173562
2800 0.01898601
2900 0.049056932
3000 0.07469413
3100 0.12065573
3200 0.08842563
3300 0.042135265
3400 0.18776767
3500 0.055805285
3600 0.0045441673
3700 0.041558962
3800 0.006194949
3900 0.012025705
4000 0.022829704
4100 0.027739154
4200 0.02667616
4300 0.006711299
4400 0.07266693
4500 0.062378608
4600 0.06741084
4700 0.016686035
4800 0.12092437
4900 0.18716305
5000 0.21694082
5100 0.006378359
5200 0.047302715
5300 0.02052775
5400 0.0037884985
5500 0.009623794
5600 0.08923767
5700 0.008172831
5800 0.04746019
5900 0.022772256
6000 0.015908075
6100 0.015073261
6200 0.0067730495
6300 0.0033047618
6400 0.02471102
6500 0.0035142773
6600 0.04407361
6700 0.008582893
6800 0.041109696
6900 0.02911452
7000 0.0044474374
7100 0.001648703
7200 0.0066951932
7300 0.003413985
7400 0.0597018
7500 0.015639806
7600 0.0006109513
7700 0.005893835
7800 0.0064061363
7900 0.0077620577
8000 0.02234466
8100 0.01413465
8200 0.013514591
8300 0.030896181
8400 0.016540755
8500 0.031302627
8600 0.0028290488
8700 0.0038906166
8800 0.0053443722
8900 0.014316854
9000 0.00079886004
9100 0.046882108
9200 0.0012380169
9300 0.0028100107
9400 0.0022016258
9500 0.0044976315
9600 0.00476465
9700 0.004147838
9800 0.003435494
9900 0.016639067
10000 0.0020802023
10100 0.0024034195
10200 0.003853947
10300 0.039142255
10400 0.007594129
10500 0.0018923087
10600 0.0049822577
10700 0.0007463152
10800 0.000609817
10900 0.007140017
11000 0.0022567261
11100 0.012714024
11200 0.013789877
11300 0.0057286327
11400 0.0030774835
11500 0.00093074515
11600 0.025726903
11700 0.0026449258
11800 0.000631366
11900 0.051041998
12000 0.0020105944
12100 0.00013869244
12200 0.00240382
12300 0.0011558663
12400 0.0012169939
12500 0.0014196843
12600 0.0036418526
12700 0.0009432306
12800 0.0054133246
12900 0.0057893507
13000 0.0014016681
13100 0.0020669124
13200 0.0014153733
13300 0.0011122714
13400 0.00022338182
13500 0.0026743517
13600 0.003923929
13700 0.0425998
13800 0.0016390482
13900 0.00013690867
14000 0.0014699716
14100 0.0007483356
14200 0.0024036951
14300 0.0028535041
14400 0.0014722786
14500 0.00026855868
14600 0.0024126407
14700 0.0010502279
14800 0.0034512272
14900 0.0005945918
15000 0.0008915532
15100 0.0017962621
15200 0.0017170908
15300 0.0014218063
15400 0.0014692957
15500 0.0028241223
15600 0.0005171679
15700 0.0023793702
15800 0.001991638
15900 0.001572801
16000 0.0007171336
16100 0.0022229531
16200 0.0009268103
16300 0.0028903647
16400 0.00018940138
16500 0.0018909695
16600 0.00031834794
16700 0.00018662139
16800 0.003410967
16900 0.002051447
17000 0.0023060539
17100 0.00022573341
17200 0.0015624231
17300 0.0014819325
17400 0.0022527874
17500 0.0011847942
17600 0.007955239
