0 4.507942
100 1.6390793
200 1.4656429
300 1.2082355
400 1.1319298
500 1.3473353
600 1.2515689
700 1.1876255
800 1.15169
900 1.1568575
1000 1.240001
1100 1.1615431
1200 1.2592411
1300 1.2222855
1400 1.2665846
1500 1.1570292
1600 1.2616348
1700 1.155632
1800 1.2068348
1900 1.1047642
2000 1.1128825
2100 1.1141906
2200 1.1859617
2300 1.290976
2400 1.1824263
2500 1.1170286
2600 1.0723484
2700 1.2438531
2800 1.0751865
2900 1.1354991
3000 1.1406285
3100 1.1058679
3200 1.151186
3300 1.1821607
3400 1.3380442
3500 1.0737438
3600 1.0279114
3700 1.1241336
3800 1.0321536
3900 1.0646293
4000 1.0953346
4100 1.1292868
4200 1.0909312
4300 1.0350868
4400 1.152272
4500 1.0945473
4600 1.1338207
4700 1.0870457
4800 1.0297889
4900 1.10499
5000 1.1264379
5100 1.0326579
5200 1.1436327
5300 1.0876446
5400 1.0206608
5500 1.0449357
5600 1.066278
5700 1.0414257
5800 1.1517059
5900 1.0752741
6000 1.0699176
6100 1.0613921
6200 1.0325948
6300 1.0187261
6400 1.0940362
6500 1.0183845
6600 1.0536528
6700 1.0352023
6800 1.0705385
6900 1.0724416
7000 1.025497
7100 1.0105417
7200 1.0385604
7300 1.0212822
7400 1.1153289
7500 1.0443803
7600 1.0042006
7700 1.030209
7800 1.0268658
7900 1.0411128
8000 1.0485697
8100 1.0517387
8200 1.060222
8300 1.0856594
8400 1.0659325
8500 1.0540493
8600 1.0129688
8700 1.0235126
8800 1.0262194
8900 1.0533924
9000 1.0064476
9100 1.1389052
9200 1.0078803
9300 1.0170795
9400 1.0129423
9500 1.0231994
9600 1.0267794
9700 1.0212328
9800 1.0160518
9900 1.0476916
10000 1.0135987
10100 1.0109899
10200 1.022011
10300 1.1098917
10400 1.0350862
10500 1.010605
10600 1.0259442
10700 1.0053535
10800 1.0042346
10900 1.033155
11000 1.0139
11100 1.0534422
11200 1.0411339
11300 1.0282693
11400 1.0158587
11500 1.0061672
11600 1.0901449
11700 1.0124128
11800 1.0043225
11900 1.0799506
12000 1.0106009
12100 1.0012202
12200 1.015104
12300 1.007079
12400 1.0075619
12500 1.0090941
12600 1.0190241
12700 1.0056367
12800 1.0281292
12900 1.031641
13000 1.0076909
13100 1.0111405
13200 1.0084083
13300 1.0067025
13400 1.001891
13500 1.0149777
13600 1.0208187
13700 1.0298125
13800 1.00967
13900 1.001209
14000 1.0094972
14100 1.0053805
14200 1.0130224
14300 1.0152133
14400 1.0099914
14500 1.0021245
14600 1.0131013
14700 1.007451
14800 1.0177947
14900 1.0040178
15000 1.0057682
15100 1.0116956
15200 1.0110259
15300 1.0075183
15400 1.0093637
15500 1.0157287
15600 1.0036299
15700 1.0132968
15800 1.0101533
15900 1.0095055
16000 1.0047538
16100 1.0125068
16200 1.0056103
16300 1.0147514
16400 1.0014026
16500 1.0127783
16600 1.0025275
16700 1.0015814
16800 1.0192308
16900 1.0128028
17000 1.0126585
17100 1.0018148
17200 1.0095983
17300 1.0097628
17400 1.0119376
17500 1.0071918
17600 1.0383077
