0 0.21875
100 0.84375
200 0.875
300 0.96875
400 0.9375
500 0.90625
600 0.90625
700 0.875
800 0.9375
900 0.9375
1000 1.0
1100 0.90625
1200 0.9375
1300 0.9375
1400 0.9375
1500 0.96875
1600 0.90625
1700 0.96875
1800 0.9375
1900 1.0
2000 1.0
2100 0.96875
2200 0.96875
2300 1.0
2400 0.96875
2500 0.9375
2600 1.0
2700 1.0
2800 0.9375
2900 0.96875
3000 1.0
3100 1.0
3200 1.0
3300 0.96875
3400 1.0
3500 1.0
3600 0.9375
3700 1.0
3800 0.96875
3900 0.96875
4000 1.0
4100 1.0
4200 1.0
4300 1.0
4400 0.96875
4500 0.96875
4600 1.0
4700 1.0
4800 1.0
4900 0.96875
5000 0.9375
5100 1.0
5200 1.0
5300 1.0
5400 1.0
5500 0.96875
5600 1.0
5700 1.0
5800 1.0
5900 1.0
6000 1.0
6100 1.0
6200 1.0
6300 0.96875
6400 1.0
6500 1.0
6600 1.0
6700 0.96875
6800 1.0
6900 1.0
7000 1.0
7100 1.0
7200 1.0
7300 1.0
7400 1.0
7500 1.0
7600 1.0
7700 1.0
7800 1.0
7900 1.0
8000 1.0
8100 1.0
8200 1.0
8300 1.0
8400 0.96875
8500 1.0
8600 1.0
8700 0.96875
8800 1.0
8900 1.0
9000 1.0
9100 1.0
9200 1.0
9300 1.0
9400 1.0
9500 1.0
9600 1.0
9700 1.0
9800 1.0
9900 1.0
10000 1.0
10100 1.0
10200 1.0
10300 1.0
10400 1.0
10500 1.0
10600 1.0
10700 1.0
10800 1.0
10900 1.0
11000 1.0
11100 1.0
11200 1.0
11300 1.0
11400 1.0
11500 1.0
11600 1.0
11700 1.0
11800 1.0
11900 1.0
12000 1.0
12100 1.0
12200 1.0
12300 1.0
12400 1.0
12500 1.0
12600 1.0
12700 1.0
12800 1.0
12900 1.0
13000 1.0
13100 1.0
13200 1.0
13300 1.0
13400 1.0
13500 1.0
13600 1.0
13700 1.0
13800 1.0
13900 1.0
14000 1.0
14100 1.0
14200 1.0
14300 1.0
14400 1.0
14500 1.0
14600 1.0
14700 1.0
14800 1.0
14900 1.0
15000 1.0
15100 1.0
15200 1.0
15300 1.0
15400 1.0
15500 1.0
15600 1.0
15700 1.0
15800 1.0
15900 1.0
16000 1.0
16100 1.0
16200 1.0
16300 1.0
16400 1.0
16500 1.0
16600 1.0
