0 5.578694
100 0.5215708
200 0.38201234
300 0.1304721
400 0.29022682
500 0.5084947
600 0.3598345
700 0.591228
800 0.26825994
900 0.33303353
1000 0.025970424
1100 0.31288394
1200 0.24178825
1300 0.4698151
1400 0.19074097
1500 0.12646423
1600 0.16855246
1700 0.09961904
1800 0.2822436
1900 0.009027603
2000 0.021831702
2100 0.06082269
2200 0.055841632
2300 0.046885286
2400 0.22321938
2500 0.14210138
2600 0.020726055
2700 0.01589906
2800 0.21505333
2900 0.10323785
3000 0.009888518
3100 0.017493099
3200 0.038400598
3300 0.11125378
3400 0.015564167
3500 0.02185221
3600 0.20855625
3700 0.01593197
3800 0.051165998
3900 0.08564452
4000 0.04953947
4100 0.010004209
4200 0.013557517
4300 0.05935164
4400 0.06719138
4500 0.20643933
4600 0.011585913
4700 0.023729118
4800 0.0099059185
4900 0.083330065
5000 0.35117656
5100 0.07453871
5200 0.009521779
5300 0.0063383966
5400 0.028286459
5500 0.0889262
5600 0.009749318
5700 0.0064753992
5800 0.023176841
5900 0.024768157
6000 0.009292483
6100 0.016558554
6200 0.015581013
6300 0.08689355
6400 0.0068768715
6500 0.034616392
6600 0.010222219
6700 0.10558043
6800 0.016418247
6900 0.02218446
7000 0.013317823
7100 0.013415999
7200 0.0014250801
7300 0.011047374
7400 0.0008324735
7500 0.0006879823
7600 0.008382163
7700 0.0027253595
7800 0.0021772857
7900 0.015917823
8000 0.019056702
8100 0.010874981
8200 0.0036449751
8300 0.019416612
8400 0.045886625
8500 0.0019974224
8600 0.0012598867
8700 0.065148816
8800 0.01066328
8900 0.0008675593
9000 0.033928923
9100 0.035381917
9200 0.04323827
9300 0.0019770614
9400 0.0023489993
9500 0.0023582564
9600 0.002068873
9700 0.020530831
9800 0.015801191
9900 0.0010656475
10000 0.00051112904
10100 0.0043856315
10200 0.008452127
10300 0.0069546425
10400 0.0030995198
10500 0.00928162
10600 0.0017421305
10700 0.0068188664
10800 0.004295153
10900 0.006475983
11000 0.0048607644
11100 0.018577026
11200 0.0044142525
11300 0.010025233
11400 0.0051811635
11500 0.0073520164
11600 0.002274306
11700 0.010247785
11800 0.005778707
11900 0.008336592
12000 0.0022548796
12100 0.005870958
12200 0.0018774483
12300 0.0040499126
12400 0.0009155891
12500 0.004454868
12600 0.006501807
12700 0.00487999
12800 0.0014441464
12900 0.015258502
13000 0.0052975607
13100 0.0039190743
13200 0.008738347
13300 0.0108175045
13400 0.004258157
13500 0.003459779
13600 0.015079131
13700 0.017263506
13800 0.003163994
13900 0.0015631295
14000 0.0025275666
14100 0.0034292093
14200 0.010972539
14300 0.0059956633
14400 0.0007415888
14500 0.003253314
14600 0.0026781422
14700 0.006335442
14800 0.0037114676
14900 0.0049197297
15000 0.0020303584
15100 0.002309581
15200 0.00076116546
15300 0.0016484489
15400 0.0021968065
15500 0.0050816275
15600 0.005200796
15700 0.0034993186
15800 0.0028251705
15900 0.0040116715
16000 0.004774702
16100 0.0012320968
16200 0.0033533627
16300 0.006075992
16400 0.0020873628
16500 0.0023778067
16600 0.004459593
