0 3.866856
100 0.36152533
200 0.26479077
300 0.09043637
400 0.2011699
500 0.35246164
600 0.24941826
700 0.409808
800 0.18594363
900 0.23084126
1000 0.018001325
1100 0.21687461
1200 0.16759485
1300 0.32565102
1400 0.13221157
1500 0.08765833
1600 0.11683166
1700 0.069050655
1800 0.19563636
1900 0.0062574577
2000 0.015132584
2100 0.042159077
2200 0.03870647
2300 0.032498404
2400 0.15472388
2500 0.09849717
2600 0.014366207
2700 0.011020389
2800 0.14906362
2900 0.07155903
3000 0.0068541984
3100 0.012125292
3200 0.026617266
3300 0.077115245
3400 0.010788258
3500 0.015146798
3600 0.14456017
3700 0.0110432
3800 0.03546557
3900 0.05936426
4000 0.034338143
4100 0.0069343895
4200 0.009397355
4300 0.041139424
4400 0.046573512
4500 0.14309284
4600 0.008030742
4700 0.016447771
4800 0.0068662595
4900 0.05776
5000 0.24341704
5100 0.051666297
5200 0.0065999944
5300 0.0043934416
5400 0.01960668
5500 0.061638948
5600 0.006757712
5700 0.004488405
5800 0.016064962
5900 0.017167978
6000 0.0064410586
6100 0.011477515
6200 0.010799935
6300 0.06023002
6400 0.004766684
6500 0.023994254
6600 0.007085502
6700 0.07318278
6800 0.011380262
6900 0.015377096
7000 0.009231212
7100 0.0092992615
7200 0.0009877903
7300 0.0076574567
7400 0.0005770267
7500 0.000476873
7600 0.0058100726
7700 0.0018890753
7800 0.0015091795
7900 0.011033393
8000 0.013209099
8100 0.0075379624
8200 0.0025265042
8300 0.0134585695
8400 0.031806186
8500 0.0013845077
8600 0.00087328686
8700 0.045157716
8800 0.0073912228
8900 0.00060134626
9000 0.023517737
9100 0.024524877
9200 0.029970486
9300 0.0013703945
9400 0.0016282022
9500 0.0016346187
9600 0.0014340335
9700 0.014230887
9800 0.010952552
9900 0.00073865056
10000 0.00035428765
10100 0.003039888
10200 0.0058585675
10300 0.004820591
10400 0.0021484233
10500 0.006433529
10600 0.0012075529
10700 0.004726478
10800 0.0029771733
10900 0.0044888095
11000 0.0033692252
11100 0.012876613
11200 0.0030597267
11300 0.0069489623
11400 0.0035913088
11500 0.0050960295
11600 0.0015764289
11700 0.0071032234
11800 0.0040054945
11900 0.0057784854
12000 0.0015629634
12100 0.0040694377
12200 0.001301348
12300 0.0028071855
12400 0.000634638
12500 0.0030878792
12600 0.004506709
12700 0.0033825513
12800 0.001001006
12900 0.010576388
13000 0.0036719893
13100 0.0027164952
13200 0.006056961
13300 0.0074981228
13400 0.0029515298
13500 0.002398136
13600 0.010452057
13700 0.01196615
13800 0.0021931136
13900 0.0010834788
14000 0.0017519757
14100 0.0023769469
14200 0.0076055843
14300 0.004155877
14400 0.0005140302
14500 0.0022550253
14600 0.0018563467
14700 0.0043913936
14800 0.0025725933
14900 0.0034100967
15000 0.0014073373
15100 0.0016008796
15200 0.0005275997
15300 0.0011426177
15400 0.0015227102
15500 0.0035223158
15600 0.003604917
15700 0.0024255428
15800 0.001958259
15900 0.002780679
16000 0.003309571
16100 0.00085402443
16200 0.002324374
16300 0.0042115566
16400 0.0014468497
16500 0.00164817
16600 0.0030911542
