0 3.0904222
100 1.7934198
200 1.565527
300 1.2860656
400 1.423778
500 1.5249819
600 1.3720758
700 1.2604566
800 1.2951651
900 1.3164784
1000 1.0936778
1100 1.3279568
1200 1.215441
1300 1.191514
1400 1.2094038
1500 1.1125288
1600 1.2055919
1700 1.2594354
1800 1.1423821
1900 1.0400131
2000 1.0735489
2100 1.09111
2200 1.0919785
2300 1.1171031
2400 1.2157314
2500 1.1442299
2600 1.0745437
2700 1.0586377
2800 1.2370255
2900 1.0891992
3000 1.0312486
3100 1.0519862
3200 1.109494
3300 1.15868
3400 1.0521033
3500 1.0830617
3600 1.1302049
3700 1.0455527
3800 1.0867078
3900 1.0932167
4000 1.1183795
4100 1.0300045
4200 1.0468063
4300 1.1250612
4400 1.1444069
4500 1.0792161
4600 1.0411437
4700 1.0696917
4800 1.0383582
4900 1.1148407
5000 1.1679717
5100 1.1793741
5200 1.0368495
5300 1.0259262
5400 1.0796709
5500 1.083942
5600 1.0383627
5700 1.0227158
5800 1.0662745
5900 1.0731267
6000 1.0362692
6100 1.0503672
6200 1.0503337
6300 1.0702682
6400 1.0269144
6500 1.0742003
6600 1.0379232
6700 1.032485
6800 1.030684
6900 1.0636141
7000 1.0416794
7100 1.0406177
7200 1.0067722
7300 1.0315024
7400 1.0043741
7500 1.003491
7600 1.0256764
7700 1.0130581
7800 1.0098236
7900 1.0452331
8000 1.0626231
8100 1.031115
8200 1.0132399
8300 1.0568945
8400 1.0750926
8500 1.0093399
8600 1.0056434
8700 1.1226664
8800 1.0316446
8900 1.0044634
9000 1.074554
9100 1.0927982
9200 1.0794957
9300 1.0082338
9400 1.0106039
9500 1.0105882
9600 1.0088832
9700 1.0373074
9800 1.0397503
9900 1.005384
10000 1.0028853
10100 1.0172515
10200 1.0309453
10300 1.0237969
10400 1.0118431
10500 1.0291685
10600 1.0081115
10700 1.0259354
10800 1.0161628
10900 1.0207942
11000 1.0146221
11100 1.0459285
11200 1.017293
11300 1.0336852
11400 1.0181699
11500 1.0259936
11600 1.0101428
11700 1.029484
11800 1.0238734
11900 1.029178
12000 1.00841
12100 1.0241282
12200 1.0078233
12300 1.0165645
12400 1.0044394
12500 1.017664
12600 1.0193672
12700 1.0201101
12800 1.0074899
12900 1.0523858
13000 1.0218499
13100 1.0120296
13200 1.0271215
13300 1.0388408
13400 1.0132167
13500 1.011646
13600 1.0376359
13700 1.054451
13800 1.0128582
13900 1.0065191
14000 1.0106215
14100 1.0139446
14200 1.0397539
14300 1.0226595
14400 1.0040399
14500 1.0133971
14600 1.0102148
14700 1.024759
14800 1.0163894
14900 1.0208883
15000 1.0093167
15100 1.0097077
15200 1.0038126
15300 1.007483
15400 1.0083834
15500 1.0177311
15600 1.0205433
15700 1.0152183
15800 1.0115153
15900 1.0179241
16000 1.0177145
16100 1.0062132
16200 1.0133169
16300 1.0252683
16400 1.0093718
16500 1.010612
16600 1.0154631
