0 0.065625004
100 0.3625
200 0.41875
300 0.465625
400 0.45937502
500 0.5218751
600 0.5
700 0.48749998
800 0.45
900 0.5
1000 0.50937504
1100 0.428125
1200 0.50625
1300 0.45937502
1400 0.50625
1500 0.51250005
1600 0.46249998
1700 0.44375002
1800 0.496875
1900 0.52187496
2000 0.5125
2100 0.48437497
2200 0.484375
2300 0.58125
2400 0.521875
2500 0.48437503
2600 0.53437495
2700 0.5125
2800 0.54375
2900 0.51875
3000 0.46562505
3100 0.50625
3200 0.484375
3300 0.559375
3400 0.515625
3500 0.48437503
3600 0.5187501
3700 0.53749996
3800 0.471875
3900 0.478125
4000 0.565625
4100 0.5031251
4200 0.54375005
4300 0.55312496
4400 0.55625004
4500 0.509375
4600 0.546875
4700 0.546875
4800 0.625
4900 0.54375
5000 0.61875004
5100 0.48437503
5200 0.459375
5300 0.515625
5400 0.5625
5500 0.58750004
5600 0.55625
5700 0.553125
5800 0.49062502
5900 0.47812504
6000 0.48437503
6100 0.5125
6200 0.528125
6300 0.559375
6400 0.49375
6500 0.571875
6600 0.57500005
6700 0.52187496
6800 0.49375004
6900 0.57187504
7000 0.471875
7100 0.515625
7200 0.546875
7300 0.534375
7400 0.5031251
7500 0.521875
7600 0.46875006
7700 0.54999995
7800 0.5625
7900 0.53125
8000 0.540625
8100 0.571875
8200 0.55937505
8300 0.575
8400 0.55625
8500 0.509375
8600 0.58437496
8700 0.5625
8800 0.50625
8900 0.509375
9000 0.571875
9100 0.5375
9200 0.5375
9300 0.51875
9400 0.44687504
9500 0.546875
9600 0.546875
9700 0.584375
9800 0.5375
9900 0.53125006
10000 0.503125
10100 0.528125
10200 0.58125
10300 0.58125
10400 0.52812505
10500 0.5375
10600 0.54062504
10700 0.484375
10800 0.590625
10900 0.53749996
11000 0.590625
11100 0.51250005
11200 0.509375
11300 0.490625
11400 0.54375
11500 0.5
11600 0.553125
11700 0.49062502
11800 0.50625
11900 0.546875
12000 0.546875
12100 0.521875
12200 0.54375005
12300 0.565625
12400 0.515625
12500 0.496875
12600 0.56874996
12700 0.553125
12800 0.546875
12900 0.525
13000 0.515625
13100 0.51875
13200 0.6
13300 0.503125
13400 0.5375
13500 0.559375
13600 0.54999995
13700 0.525
13800 0.5125
13900 0.521875
14000 0.58437496
14100 0.540625
14200 0.50937504
14300 0.55625
14400 0.51875
14500 0.48750004
14600 0.55625
14700 0.54062504
14800 0.565625
14900 0.55625004
15000 0.546875
15100 0.54375005
15200 0.60625005
15300 0.565625
15400 0.525
15500 0.54687506
15600 0.57812506
15700 0.559375
15800 0.49062502
15900 0.52187496
16000 0.5875
16100 0.559375
16200 0.559375
16300 0.440625
16400 0.5625
16500 0.56875
16600 0.56875
16700 0.5375
16800 0.53125
16900 0.50625
17000 0.559375
17100 0.603125
17200 0.525
17300 0.521875
17400 0.5375
17500 0.56875
17600 0.60312504
17700 0.578125
17800 0.54375005
17900 0.52500004
18000 0.58125
18100 0.50937504
18200 0.571875
18300 0.50624996
18400 0.575
18500 0.62812495
18600 0.534375
18700 0.55937505
18800 0.58750004
18900 0.62500006
19000 0.590625
19100 0.53125
19200 0.5875
19300 0.56875
19400 0.521875
19500 0.54375005
19600 0.584375
19700 0.559375
19800 0.63125
19900 0.6
20000 0.5375
20100 0.56875
20200 0.48125
20300 0.584375
20400 0.546875
20500 0.553125
20600 0.5125
20700 0.571875
20800 0.5625
20900 0.55
21000 0.60312504
21100 0.57187504
21200 0.50937504
21300 0.5625
21400 0.55625004
21500 0.59375
21600 0.540625
21700 0.60625005
21800 0.57500005
21900 0.603125
22000 0.5625
22100 0.534375
22200 0.559375
22300 0.56562495
22400 0.52812505
22500 0.57812506
22600 0.57812506
22700 0.52500004
22800 0.59999996
22900 0.52500004
23000 0.5
23100 0.584375
23200 0.528125
23300 0.54375
23400 0.65312505
23500 0.615625
23600 0.528125
23700 0.56874996
23800 0.57812506
23900 0.55625
24000 0.50624996
24100 0.559375
24200 0.55937505
24300 0.55625004
24400 0.515625
24500 0.63125
24600 0.546875
24700 0.546875
24800 0.53125
24900 0.5125
25000 0.59999996
25100 0.5562501
25200 0.60312504
25300 0.584375
25400 0.60625
25500 0.540625
25600 0.56875
25700 0.546875
25800 0.55625004
25900 0.54062504
26000 0.546875
26100 0.57500005
26200 0.54375
26300 0.5375
26400 0.54062504
26500 0.56875
26600 0.55
26700 0.546875
26800 0.571875
26900 0.559375
27000 0.5625
27100 0.625
27200 0.571875
27300 0.6062499
27400 0.5375
27500 0.56875
27600 0.546875
27700 0.56875
27800 0.575
27900 0.56875
28000 0.57187504
28100 0.53125
28200 0.48750004
28300 0.55
28400 0.46875003
28500 0.525
28600 0.534375
28700 0.58750004
28800 0.55
28900 0.453125
29000 0.540625
29100 0.565625
29200 0.58437496
29300 0.53125
29400 0.590625
29500 0.546875
29600 0.540625
29700 0.609375
29800 0.57812506
29900 0.584375
30000 0.5375
30100 0.596875
30200 0.53125006
30300 0.5875
30400 0.490625
30500 0.52500004
30600 0.5375
30700 0.521875
30800 0.484375
30900 0.55625004
31000 0.5125
31100 0.578125
31200 0.528125
31300 0.52500004
31400 0.5625
31500 0.571875
31600 0.565625
31700 0.59375006
31800 0.53125
31900 0.546875
32000 0.5125
32100 0.521875
32200 0.54062504
32300 0.5875
32400 0.5718751
32500 0.59375
32600 0.578125
32700 0.49687502
32800 0.534375
32900 0.584375
33000 0.58437496
33100 0.51874995
33200 0.596875
33300 0.578125
33400 0.57500005
33500 0.50625
33600 0.53125
33700 0.5625
33800 0.578125
33900 0.578125
34000 0.540625
34100 0.575
34200 0.5875
34300 0.578125
34400 0.5625
34500 0.58437496
34600 0.521875
34700 0.55
34800 0.559375
34900 0.6
35000 0.553125
35100 0.60312504
35200 0.571875
35300 0.559375
35400 0.565625
35500 0.6
35600 0.571875
35700 0.565625
35800 0.57187504
35900 0.53125
36000 0.5375
36100 0.615625
36200 0.5625
36300 0.55312496
36400 0.54999995
36500 0.6
36600 0.50624996
36700 0.59687495
36800 0.60312504
36900 0.58437496
37000 0.57187504
37100 0.553125
37200 0.61875004
37300 0.546875
37400 0.571875
37500 0.559375
37600 0.60625
37700 0.5375
37800 0.58437496
37900 0.553125
38000 0.54375
38100 0.521875
38200 0.55312496
38300 0.56875
38400 0.55625
38500 0.50625
38600 0.50000006
38700 0.521875
38800 0.490625
38900 0.5
39000 0.5625
39100 0.58125
39200 0.52812505
39300 0.49062502
39400 0.534375
39500 0.5625
39600 0.5375
39700 0.603125
39800 0.559375
