0 4.7330017
100 3.1267195
200 2.84888
300 2.5181878
400 2.5343401
500 2.2985592
600 2.2712991
700 2.454733
800 2.5296714
900 2.5877273
1000 2.3456092
1100 2.6560683
1200 2.4318795
1300 2.6158369
1400 2.3599072
1500 2.321153
1600 2.4300454
1700 2.489302
1800 2.329132
1900 2.2326882
2000 2.335797
2100 2.4595923
2200 2.3969326
2300 2.0063171
2400 2.1667528
2500 2.4676447
2600 2.2927809
2700 2.259623
2800 2.3103132
2900 2.1837559
3000 2.420744
3100 2.4578261
3200 2.3662357
3300 1.9427669
3400 2.292133
3500 2.4183385
3600 2.393821
3700 2.307771
3800 2.404841
3900 2.4969082
4000 2.177853
4100 2.2781477
4200 2.1511939
4300 1.956676
4400 2.2441895
4500 2.233038
4600 1.9157206
4700 2.111119
4800 1.924317
4900 2.0789394
5000 1.9020959
5100 2.29479
5200 2.5636904
5300 2.34497
5400 2.1226115
5500 1.962214
5600 2.1578863
5700 2.061418
5800 2.2618697
5900 2.2977684
6000 2.3850415
6100 2.4232132
6200 2.2128198
6300 2.2274013
6400 2.331889
6500 2.2128425
6600 1.9176269
6700 2.2819185
6800 2.2757273
6900 2.0681114
7000 2.287329
7100 2.2023375
7200 2.1053343
7300 2.2596383
7400 2.3897467
7500 2.1927297
7600 2.5648224
7700 2.0296378
7800 1.9872824
7900 2.1644022
8000 2.0871232
8100 2.0727837
8200 2.1564507
8300 2.1012142
8400 2.0166984
8500 2.3128421
8600 2.0841672
8700 2.089372
8800 2.543418
8900 2.306154
9000 2.159334
9100 2.2774918
9200 2.2849264
9300 2.3289363
9400 2.559268
9500 2.1215596
9600 2.059193
9700 1.9708014
9800 2.1572316
9900 2.261554
10000 2.3298054
10100 2.140901
10200 1.9017788
10300 1.950044
10400 2.1832845
10500 2.410051
10600 2.2184522
10700 2.362107
10800 1.9749277
10900 2.1873987
11000 2.0137916
11100 2.2723513
11200 2.2284377
11300 2.4325075
11400 2.302915
11500 2.3274884
11600 2.1934266
11700 2.370394
11800 2.3362827
11900 2.1871796
12000 2.1451347
12100 2.1478868
12200 2.0695007
12300 2.0791862
12400 2.2553089
12500 2.313601
12600 2.1342747
12700 2.0337157
12800 2.208023
12900 2.3520944
13000 2.3951204
13100 2.3160584
13200 1.8548417
13300 2.3546128
13400 2.263954
13500 2.1301682
13600 2.1730213
13700 2.2225785
13800 2.2057364
13900 2.285593
14000 1.976415
14100 2.1700356
14200 2.3647356
14300 2.0456312
14400 2.2576957
14500 2.3985596
14600 2.134769
14700 2.074689
14800 2.0420752
14900 2.167199
15000 2.1407366
15100 2.1021106
15200 1.7990866
15300 2.072462
15400 2.173201
15500 2.3849628
15600 2.1104348
15700 2.1197095
15800 2.5144193
15900 2.2610269
16000 1.9874208
16100 2.1392505
16200 2.2412164
16300 2.6225202
16400 2.1802106
16500 2.1368077
16600 2.0341406
16700 2.2638311
16800 2.094484
16900 2.3503463
17000 2.0419462
17100 2.0137482
17200 2.1463437
17300 2.1957166
17400 2.0617511
17500 1.8685517
17600 1.8907217
17700 2.0648787
17800 2.2036855
17900 2.2112136
18000 2.1463788
18100 2.3187404
18200 2.063227
18300 2.3488765
18400 2.1238227
18500 1.8788617
18600 2.1982927
18700 2.165857
18800 1.901897
18900 1.8699558
19000 1.8984057
19100 2.099178
19200 1.957482
19300 2.112455
19400 2.145266
19500 2.2459862
19600 2.0253654
19700 2.0455935
19800 1.7751762
19900 1.899785
20000 2.227402
20100 2.0285408
20200 2.179993
20300 1.9061244
20400 1.9789603
20500 2.053028
20600 2.271566
20700 1.9172717
20800 2.0328493
20900 2.1668448
21000 1.8891972
21100 2.1436121
21200 2.21766
21300 2.1052155
21400 2.0221922
21500 1.8771485
21600 2.1773696
21700 1.8681836
21800 1.9766474
21900 1.8879133
22000 2.232503
22100 2.0407462
22200 2.114454
22300 2.044901
22400 2.142106
22500 1.9151653
22600 1.940182
22700 2.178236
22800 1.8997929
22900 2.2247145
23000 2.5073245
23100 1.9235145
23200 2.1508226
23300 2.1245952
23400 1.7873503
23500 1.852205
23600 2.180461
23700 1.9761219
23800 2.0600777
23900 1.9976469
24000 2.1989992
24100 2.1348636
24200 1.9684011
24300 2.0567353
24400 2.312321
24500 1.7800738
24600 2.074201
24700 2.0038567
24800 2.0781248
24900 2.1871617
25000 1.9579844
25100 2.0873475
25200 1.985627
25300 1.909485
25400 1.9778208
25500 2.205353
25600 2.0373902
25700 2.2206466
25800 2.0391068
25900 2.158197
26000 2.1401942
26100 2.0658112
26200 2.0295236
26300 2.024401
26400 2.0644922
26500 2.0054488
26600 2.1091065
26700 2.089954
26800 1.9359406
26900 2.1544547
27000 2.131762
27100 1.8963715
27200 2.0705888
27300 1.9371315
27400 2.136223
27500 2.0079796
27600 2.2439227
27700 1.9527024
27800 2.0248346
27900 2.0114703
28000 1.9799314
28100 2.0522192
28200 2.3439233
28300 1.9231299
28400 2.4798546
28500 2.082102
28600 2.1175437
28700 1.9192896
28800 2.2792628
28900 2.5278459
29000 2.051433
29100 2.102944
29200 1.9606999
29300 2.1249347
29400 1.8446444
29500 2.1197414
29600 2.2295249
29700 1.8393183
29800 2.0446215
29900 1.949445
30000 2.1780515
30100 1.8333043
30200 2.1417038
30300 1.8493237
30400 2.3269002
30500 2.1600409
30600 2.0618715
30700 2.2433329
30800 2.4335275
30900 1.9579715
31000 2.349813
31100 1.9773781
31200 2.1848571
31300 2.2750995
31400 2.0467188
31500 2.0831835
31600 2.024509
31700 1.9976294
31800 2.155218
31900 2.0313284
32000 2.2558916
32100 2.2577243
32200 2.234687
32300 1.8883216
32400 2.00473
32500 1.8740119
32600 1.9198408
32700 2.2935865
32800 2.157225
32900 2.100908
33000 1.8797556
33100 2.178808
33200 1.9554822
33300 2.0814161
33400 1.9973664
33500 2.2726104
33600 2.079939
33700 2.1705408
33800 1.9916732
33900 1.9986305
34000 2.0897114
34100 2.000959
34200 2.0026455
34300 2.0300658
34400 1.9506944
34500 1.9869747
34600 2.1858702
34700 2.0822978
34800 2.040305
34900 2.0191133
35000 2.0450332
35100 1.8586117
35200 1.9856675
35300 1.9193809
35400 2.0730665
35500 1.86797
35600 1.9156243
35700 1.9697719
35800 2.0260823
35900 2.3160079
36000 2.1453607
36100 1.8597597
36200 2.116468
36300 2.0469053
36400 2.1709483
36500 1.8951466
36600 2.3697927
36700 1.9039311
36800 1.857938
36900 1.856155
37000 1.8883243
37100 2.1048627
37200 1.6695114
37300 2.0052576
37400 2.096632
37500 2.0300856
37600 1.9409918
37700 2.3280668
37800 1.8274665
37900 1.9430715
38000 2.0876777
38100 2.262738
38200 2.2197902
38300 2.002858
38400 2.0239892
38500 2.2325816
38600 2.3862963
38700 2.20616
38800 2.3899984
38900 2.2848659
39000 2.0849633
39100 1.8405564
39200 2.2195034
39300 2.2841158
39400 2.1785765
39500 2.1123028
39600 2.0995445
39700 1.8648815
39800 2.1411002
