0 3.2806668
100 2.1672769
200 1.9746932
300 1.7454748
400 1.7566707
500 1.5932399
600 1.5743445
700 1.7014911
800 1.7534347
900 1.7936759
1000 1.6258525
1100 1.8410463
1200 1.6856505
1300 1.81316
1400 1.635763
1500 1.6089005
1600 1.6843791
1700 1.7254527
1800 1.6144313
1900 1.5475816
2000 1.6190511
2100 1.7048595
2200 1.6614271
2300 1.390673
2400 1.5018786
2500 1.710441
2600 1.5892346
2700 1.5662513
2800 1.601387
2900 1.5136642
3000 1.6779318
3100 1.7036353
3200 1.6401496
3300 1.3466234
3400 1.5887856
3500 1.6762645
3600 1.6592703
3700 1.5996249
3800 1.6669087
3900 1.7307249
4000 1.5095727
4100 1.5790917
4200 1.491094
4300 1.3562645
4400 1.5555536
4500 1.547824
4600 1.3278763
4700 1.4633162
4800 1.3338349
4900 1.441011
5000 1.3184325
5100 1.5906272
5200 1.7770147
5300 1.6254094
5400 1.4712822
5500 1.3601031
5600 1.4957328
5700 1.4288661
5800 1.5678085
5900 1.5926917
6000 1.6531848
6100 1.6796434
6200 1.5338099
6300 1.543917
6400 1.6163423
6500 1.5338255
6600 1.3291976
6700 1.5817055
6800 1.5774139
6900 1.4335055
7000 1.5854557
7100 1.5265441
7200 1.4593065
7300 1.566262
7400 1.6564462
7500 1.5198845
7600 1.7777994
7700 1.4068377
7800 1.3774792
7900 1.5002494
8000 1.4466835
8100 1.4367442
8200 1.4947377
8300 1.4564507
8400 1.3978688
8500 1.60314
8600 1.4446347
8700 1.4482423
8800 1.7629629
8900 1.5985042
9000 1.4967363
9100 1.578637
9200 1.5837903
9300 1.6142956
9400 1.7739494
9500 1.470553
9600 1.4273237
9700 1.3660554
9800 1.495279
9900 1.5675898
10000 1.614898
10100 1.4839596
10200 1.3182126
10300 1.3516675
10400 1.5133375
10500 1.6705201
10600 1.5377139
10700 1.6372879
10800 1.3689156
10900 1.5161892
11000 1.395854
11100 1.575074
11200 1.5446353
11300 1.6860857
11400 1.5962591
11500 1.613292
11600 1.5203675
11700 1.643032
11800 1.6193877
11900 1.5160373
12000 1.4868941
12100 1.4888017
12200 1.4344686
12300 1.4411821
12400 1.563261
12500 1.6036661
12600 1.4793665
12700 1.4096644
12800 1.5304849
12900 1.6303476
13000 1.6601709
13100 1.6053693
13200 1.2856783
13300 1.6320933
13400 1.5692532
13500 1.4765201
13600 1.5062237
13700 1.5405741
13800 1.5288999
13900 1.5842524
14000 1.3699465
14100 1.5041541
14200 1.6391098
14300 1.4179235
14400 1.5649154
14500 1.6625547
14600 1.4797091
14700 1.4380647
14800 1.4154586
14900 1.5021878
15000 1.4838455
15100 1.4570721
15200 1.2470318
15300 1.4365213
15400 1.5063481
15500 1.6531302
15600 1.462842
15700 1.4692707
15800 1.7428627
15900 1.5672244
16000 1.3775752
16100 1.4828155
16200 1.5534929
16300 1.8177924
16400 1.5112069
16500 1.4811223
16600 1.4099588
16700 1.5691682
16800 1.4517857
16900 1.629136
17000 1.4153693
17100 1.3958238
17200 1.4877322
17300 1.5219548
17400 1.4290969
17500 1.2951814
17600 1.3105484
17700 1.4312649
17800 1.5274785
17900 1.5326965
18000 1.4877564
18100 1.6072284
18200 1.4301199
18300 1.6281171
18400 1.4721217
18500 1.3023276
18600 1.5237404
18700 1.5012577
18800 1.3182945
18900 1.2961546
19000 1.3158746
19100 1.4550394
19200 1.3568231
19300 1.4642422
19400 1.4869851
19500 1.556799
19600 1.4038763
19700 1.4178973
19800 1.2304584
19900 1.3168306
20000 1.5439174
20100 1.4060774
20200 1.511056
20300 1.3212247
20400 1.3717108
20500 1.4230506
20600 1.5745295
20700 1.3289515
20800 1.4090638
20900 1.5019424
21000 1.3094918
21100 1.4858387
21200 1.5371648
21300 1.4592242
21400 1.4016768
21500 1.3011402
21600 1.5092375
21700 1.2949262
21800 1.3701075
21900 1.3086019
22000 1.547453
22100 1.4145374
22200 1.4656279
22300 1.4174173
22400 1.4847949
22500 1.3274914
22600 1.3448317
22700 1.5098381
22800 1.3168361
22900 1.5420545
23000 1.7379448
23100 1.3332787
23200 1.4908366
23300 1.4726572
23400 1.2388968
23500 1.2838507
23600 1.5113803
23700 1.3697433
23800 1.427937
23900 1.3846633
24000 1.5242301
24100 1.4797747
24200 1.3643917
24300 1.4256203
24400 1.6027787
24500 1.2338531
24600 1.4377266
24700 1.3889676
24800 1.4404463
24900 1.516025
25000 1.3571714
25100 1.4468391
25200 1.3763318
25300 1.3235542
25400 1.3709209
25500 1.5286342
25600 1.4122113
25700 1.5392349
25800 1.4134011
25900 1.4959481
26000 1.4834696
26100 1.4319111
26200 1.4067585
26300 1.4032078
26400 1.430997
26500 1.3900713
26600 1.4619212
26700 1.4486456
26800 1.3418918
26900 1.4933542
27000 1.4776248
27100 1.3144646
27200 1.4352229
27300 1.3427173
27400 1.4807171
27500 1.3918254
27600 1.5553687
27700 1.3535101
27800 1.4035084
27900 1.394245
28000 1.3723838
28100 1.4224899
28200 1.6246839
28300 1.3330121
28400 1.7189043
28500 1.4432032
28600 1.4677694
28700 1.3303502
28800 1.5798646
28900 1.7521693
29000 1.4219451
29100 1.4576497
29200 1.3590536
29300 1.4728924
29400 1.2786101
29500 1.4692929
29600 1.5453888
29700 1.2749183
29800 1.4172237
29900 1.3512523
30000 1.5097103
30100 1.2707497
30200 1.4845159
30300 1.2818536
30400 1.6128843
30500 1.4972262
30600 1.4291804
30700 1.5549599
30800 1.6867927
30900 1.3571624
31000 1.6287663
31100 1.370614
31200 1.5144275
31300 1.5769788
31400 1.4186774
31500 1.4439528
31600 1.4032826
31700 1.3846512
31800 1.4938831
31900 1.4080096
32000 1.5636649
32100 1.5649352
32200 1.5489671
32300 1.3088849
32400 1.389573
32500 1.298966
32600 1.3307322
32700 1.589793
32800 1.4952743
32900 1.4562385
33000 1.3029473
33100 1.5102346
33200 1.355437
33300 1.4427278
33400 1.3844689
33500 1.5752535
33600 1.4417038
33700 1.5045042
33800 1.3805227
33900 1.3853451
34000 1.4484776
34100 1.3869591
34200 1.3881282
34300 1.4071343
34400 1.3521184
34500 1.3772659
34600 1.5151297
34700 1.4433389
34800 1.4142317
34900 1.3995427
35000 1.417509
35100 1.2882915
35200 1.3763598
35300 1.3304135
35400 1.4369402
35500 1.2947781
35600 1.3278096
35700 1.3653418
35800 1.4043733
35900 1.6053343
36000 1.4870507
36100 1.2890872
36200 1.4670237
36300 1.4188066
36400 1.5047866
36500 1.3136156
36600 1.6426151
36700 1.3197045
36800 1.2878245
36900 1.2865887
37000 1.3088866
37100 1.4589796
37200 1.1572171
37300 1.3899386
37400 1.4532745
37500 1.4071481
37600 1.345393
37700 1.6136929
37800 1.2667032
37900 1.3468345
38000 1.447068
38100 1.5684104
38200 1.5386413
38300 1.3882754
38400 1.4029224
38500 1.5475076
38600 1.6540545
38700 1.5291936
38800 1.6566206
38900 1.5837483
39000 1.4451864
39100 1.2757765
39200 1.5384425
39300 1.5832285
39400 1.5100741
39500 1.4641367
39600 1.4552934
39700 1.2926373
39800 1.4840975
