0 26.344933
100 10.573405
200 8.231171
300 8.106891
400 7.5462494
500 7.1592093
600 7.2434616
700 7.4671373
800 7.2920265
900 7.4896674
1000 6.30912
1100 7.266872
1200 7.557333
1300 6.879092
1400 7.1385117
1500 6.8201594
1600 6.9339185
1700 7.0809894
1800 6.4476266
1900 6.4955997
2000 6.8275123
2100 7.085056
2200 6.7269464
2300 6.055941
2400 6.6069794
2500 7.007483
2600 6.385327
2700 6.674713
2800 6.536176
2900 6.282346
3000 6.738914
3100 6.3273606
3200 6.3714647
3300 6.0607834
3400 6.926211
3500 6.4814405
3600 5.9926615
3700 6.308975
3800 6.825569
3900 6.4792786
4000 6.6193
4100 6.7756333
4200 6.125221
4300 6.2037907
4400 6.3356094
4500 6.5667005
4600 5.6763926
4700 5.935541
4800 5.926072
4900 6.0902286
5000 6.273925
5100 6.466641
5200 6.552691
5300 6.451197
5400 6.1126676
5500 6.0525746
5600 6.2797737
5700 6.4870367
5800 6.18857
5900 5.984028
6000 6.782316
6100 6.3940554
6200 6.3630624
6300 6.158635
6400 6.3939953
6500 6.2483835
6600 5.9099493
6700 6.6212597
6800 6.560055
6900 6.367793
7000 6.622252
7100 6.29975
7200 6.359718
7300 6.3620915
7400 6.1815696
7500 6.219606
7600 6.9454756
7700 6.3910937
7800 6.1719565
7900 6.202284
8000 5.9853806
8100 6.133304
8200 6.223058
8300 6.0677147
8400 5.836314
8500 6.3513346
8600 6.2063293
8700 6.416744
8800 6.3860064
8900 6.1600437
9000 6.6052976
9100 5.95698
9200 6.193396
9300 6.586316
9400 6.7251854
9500 6.3695097
9600 5.896704
9700 6.1469026
9800 5.8595715
9900 6.6101975
10000 6.5847387
10100 6.10526
10200 6.0342207
10300 5.5417337
10400 6.5479684
10500 6.7073526
10600 6.6585083
10700 6.695725
10800 5.8013515
10900 6.577053
11000 6.277382
11100 6.464053
11200 6.377213
11300 6.3633614
11400 6.245287
11500 6.4654503
11600 5.9501343
11700 6.5834284
11800 6.2371006
11900 6.066626
12000 6.192641
12100 6.2562485
12200 5.870617
12300 6.2623577
12400 6.138772
12500 6.688212
12600 6.0061226
12700 5.713622
12800 6.163556
12900 6.266586
13000 6.6251664
13100 6.319846
13200 6.0385647
13300 6.5532365
13400 6.451363
13500 6.5803013
13600 6.1786613
13700 6.15547
13800 6.1972265
13900 5.9125223
14000 5.997995
14100 6.191011
14200 6.8800154
14300 6.3593235
14400 5.8495455
14500 6.4301014
14600 6.131326
14700 5.991957
14800 6.336835
14900 6.523169
15000 6.2827444
15100 5.5563154
15200 5.908781
15300 5.655582
15400 6.7951045
15500 6.584267
15600 6.1894026
15700 6.3106246
15800 6.9985147
15900 6.867144
16000 6.031964
16100 5.8904448
16200 6.0455585
16300 7.378212
16400 6.136903
16500 6.435453
16600 5.948412
16700 6.3371434
16800 6.491334
16900 6.9491158
17000 6.0586295
17100 6.177606
17200 6.0374017
17300 6.611078
17400 6.667813
17500 5.8976836
17600 5.7010202
17700 6.3720155
17800 6.4943414
17900 6.050469
18000 6.038894
18100 6.5413346
18200 6.1306067
18300 6.578507
18400 6.135833
18500 6.0460114
18600 6.3155107
18700 6.088266
18800 6.035288
18900 5.696395
19000 6.12824
19100 6.273092
19200 6.335209
19300 6.3435397
19400 6.6800737
19500 6.717459
19600 5.909274
19700 6.3588753
19800 5.7842183
19900 6.477019
20000 6.825591
20100 6.605211
20200 6.3026886
20300 5.9384737
20400 6.0584683
20500 6.28358
20600 6.479297
20700 6.2038302
20800 6.15198
20900 6.708834
21000 6.232462
21100 6.078555
21200 6.3817396
21300 6.289848
21400 6.187104
21500 6.1890035
21600 6.659971
21700 5.7386565
21800 6.2638597
21900 5.868944
22000 6.510624
22100 6.285016
22200 6.3139796
22300 6.278816
22400 6.578401
22500 6.033855
22600 6.212427
22700 6.242714
22800 6.277232
22900 6.27831
23000 6.273437
23100 6.1407223
23200 6.6504073
23300 6.1235013
23400 5.7015204
23500 5.9894934
23600 6.447385
23700 6.098647
23800 5.984561
23900 6.2183027
24000 6.376035
24100 6.327897
24200 6.454035
24300 6.6124344
24400 6.2179213
24500 6.0056286
24600 6.2582016
24700 6.1235795
24800 6.2587824
24900 6.3367095
25000 5.8528857
25100 6.366273
25200 5.956208
25300 5.887615
25400 5.90625
25500 6.315345
25600 6.140657
25700 6.274284
25800 6.369177
25900 6.6198273
26000 6.3417187
26100 6.23254
26200 5.8681726
26300 6.0992785
26400 6.194422
26500 6.08105
26600 6.193785
26700 6.389765
26800 6.231617
26900 5.972942
27000 6.2902284
27100 5.9347124
27200 6.058442
27300 6.325088
27400 6.530444
27500 6.1866903
27600 6.5227537
27700 6.119798
27800 5.939412
27900 6.025137
28000 6.337475
28100 6.5708065
28200 6.7099066
28300 6.0912337
28400 7.192635
28500 6.16579
28600 6.298698
28700 5.995589
28800 6.797092
28900 6.837784
29000 6.09893
29100 6.3565025
29200 6.4019427
29300 6.362766
29400 6.0397167
29500 6.228705
29600 6.0766244
29700 6.084422
29800 6.215623
29900 6.3097095
30000 6.5702205
30100 6.0391145
30200 6.1276546
30300 6.04356
30400 6.620055
30500 6.2983403
30600 6.597328
30700 6.721138
30800 6.598414
30900 5.9474006
31000 6.261923
31100 6.154606
31200 6.543947
31300 6.8129296
31400 6.1988826
31500 6.283535
31600 6.043466
31700 5.9584002
31800 6.0687504
31900 6.6844664
32000 6.456044
32100 6.2295103
32200 6.2344317
32300 5.845462
32400 6.316883
32500 5.617391
32600 6.0699005
32700 6.7200813
32800 6.2596817
32900 6.115243
33000 5.9716387
33100 6.6136694
33200 5.931061
33300 5.767837
33400 6.355873
33500 6.34795
33600 6.350563
33700 6.687341
33800 5.886555
33900 5.9205427
34000 6.167116
34100 6.1742344
34200 6.0149393
34300 6.108025
34400 5.792954
34500 6.05988
34600 6.3481145
34700 6.1645308
34800 6.284759
34900 6.2205753
35000 6.07105
35100 5.872957
35200 6.119481
35300 5.977493
35400 6.3831854
35500 5.6873507
35600 6.0502906
35700 5.664931
35800 6.356865
35900 5.895563
36000 6.0089207
36100 6.188698
36200 6.0211816
36300 6.167727
36400 6.5858016
36500 6.1629915
36600 6.726652
36700 5.8243313
36800 5.6919255
36900 6.029613
37000 6.211344
37100 6.0276203
37200 5.624428
37300 6.4381576
37400 5.884722
37500 6.4011345
37600 6.1393027
37700 6.0863075
37800 5.716023
37900 5.9368386
38000 6.099985
38100 6.2021365
38200 6.2331233
38300 6.028589
38400 6.0305815
38500 6.4689736
38600 6.3030834
38700 6.327119
38800 6.348354
38900 6.4245887
39000 6.045313
39100 5.6452603
39200 6.4373746
39300 6.263067
39400 6.084739
39500 6.0028744
39600 6.346124
39700 5.8862166
39800 5.9886103
