0 0.040625002
100 0.35937503
200 0.4375
300 0.471875
400 0.45000002
500 0.51875
600 0.515625
700 0.48437503
800 0.453125
900 0.47187498
1000 0.503125
1100 0.45937502
1200 0.47812498
1300 0.459375
1400 0.51875
1500 0.534375
1600 0.45937502
1700 0.4625
1800 0.5125
1900 0.5125
2000 0.53125
2100 0.50937504
2200 0.5
2300 0.55312496
2400 0.53125
2500 0.45000005
2600 0.5125
2700 0.52812505
2800 0.54375005
2900 0.5375
3000 0.50625
3100 0.47187498
3200 0.49062502
3300 0.56875
3400 0.50937504
3500 0.49687505
3600 0.5375
3700 0.50937504
3800 0.48125002
3900 0.475
4000 0.53749996
4100 0.49062502
4200 0.55937505
4300 0.5656251
4400 0.553125
4500 0.52500004
4600 0.55
4700 0.55625004
4800 0.58125
4900 0.525
5000 0.6374999
5100 0.49375
5200 0.453125
5300 0.515625
5400 0.534375
5500 0.60625
5600 0.54375005
5700 0.54062504
5800 0.49999997
5900 0.48437497
6000 0.45000005
6100 0.49687502
6200 0.5
6300 0.503125
6400 0.50000006
6500 0.55312496
6600 0.56875
6700 0.55
6800 0.48749998
6900 0.56875
7000 0.51875
7100 0.52187496
7200 0.54375
7300 0.546875
7400 0.553125
7500 0.50625
7600 0.46562502
7700 0.55312496
7800 0.5875
7900 0.54062504
8000 0.590625
8100 0.565625
8200 0.54999995
8300 0.57187504
8400 0.55
8500 0.534375
8600 0.58437496
8700 0.525
8800 0.49374998
8900 0.525
9000 0.540625
9100 0.528125
9200 0.53125
9300 0.54062504
9400 0.49062502
9500 0.540625
9600 0.58750004
9700 0.575
9800 0.55
9900 0.50625
10000 0.51875
10100 0.54375
10200 0.59375
10300 0.59999996
10400 0.496875
10500 0.5343751
10600 0.54062504
10700 0.51562494
10800 0.621875
10900 0.52187496
11000 0.57812494
11100 0.525
11200 0.503125
11300 0.4875
11400 0.528125
11500 0.50937504
11600 0.521875
11700 0.484375
11800 0.47812504
11900 0.54062504
12000 0.528125
12100 0.5
12200 0.534375
12300 0.55625004
12400 0.49687502
12500 0.46875
12600 0.528125
12700 0.553125
12800 0.50625
12900 0.49062505
13000 0.5125
13100 0.54375
13200 0.59062505
13300 0.48125002
13400 0.5031251
13500 0.54375005
13600 0.515625
13700 0.52500004
13800 0.515625
13900 0.49687505
14000 0.553125
14100 0.53125
14200 0.48124996
14300 0.578125
14400 0.54687506
14500 0.46562502
14600 0.52500004
14700 0.503125
14800 0.546875
14900 0.5625
15000 0.5187501
15100 0.509375
15200 0.596875
15300 0.5500001
15400 0.52500004
15500 0.5187501
15600 0.5375
15700 0.55625
15800 0.4875
15900 0.496875
16000 0.571875
16100 0.54375
16200 0.534375
16300 0.425
16400 0.540625
16500 0.553125
16600 0.559375
16700 0.509375
16800 0.5375
16900 0.47812504
17000 0.534375
17100 0.56562495
17200 0.50937504
17300 0.52812505
17400 0.528125
17500 0.53749996
17600 0.603125
17700 0.56562495
