0 4.7707877
100 3.1026902
200 2.8121939
300 2.4601264
400 2.5724058
500 2.3488872
600 2.301251
700 2.4401128
800 2.5069835
900 2.589867
1000 2.3613234
1100 2.5862842
1200 2.4645548
1300 2.6224873
1400 2.3522184
1500 2.2855964
1600 2.4228077
1700 2.569574
1800 2.3537943
1900 2.2756965
2000 2.2221081
2100 2.3750443
2200 2.3892806
2300 2.1383944
2400 2.1542733
2500 2.5411363
2600 2.3283727
2700 2.2788324
2800 2.2781522
2900 2.123929
3000 2.372808
3100 2.4365602
3200 2.3430145
3300 1.9270058
3400 2.246035
3500 2.368397
3600 2.3868155
3700 2.3147013
3800 2.4113414
3900 2.4370837
4000 2.2139788
4100 2.3283389
4200 2.1303387
4300 2.0093334
4400 2.2077527
4500 2.2849293
4600 1.959559
4700 2.1056306
4800 1.9295274
4900 2.1286387
5000 1.8639815
5100 2.3054192
5200 2.5477138
5300 2.3717651
5400 2.2438593
5500 1.8959957
5600 2.2182019
5700 2.083961
5800 2.275479
5900 2.2936912
6000 2.500793
6100 2.3655922
6200 2.368834
6300 2.3718002
6400 2.3704922
6500 2.1744106
6600 1.8970917
6700 2.1595762
6800 2.372246
6900 2.1178367
7000 2.3041992
7100 2.121394
7200 2.1262114
7300 2.2901483
7400 2.3184724
7500 2.32238
7600 2.4991975
7700 2.0679762
7800 2.0043323
7900 2.1800053
8000 2.0182092
8100 2.0381856
8200 2.2004287
8300 2.052859
8400 2.0344853
8500 2.3095021
8600 2.0449514
8700 2.1192884
8800 2.3620634
8900 2.226937
9000 2.2492044
9100 2.17355
9200 2.3322544
9300 2.2594533
9400 2.533995
9500 2.1952243
9600 2.0454566
9700 2.004629
9800 2.1727195
9900 2.2871325
10000 2.2848706
10100 2.1661606
10200 1.9427897
10300 1.9067345
10400 2.2204196
10500 2.4511223
10600 2.2218318
10700 2.2605033
10800 1.9271733
10900 2.1640258
11000 2.0668182
11100 2.214509
11200 2.2192109
11300 2.4520574
11400 2.4017687
11500 2.3291569
11600 2.285913
11700 2.4142697
11800 2.3514888
11900 2.2367396
12000 2.1965432
12100 2.2221057
12200 2.1322722
12300 2.0900598
12400 2.3061674
12500 2.4007974
12600 2.2050884
12700 2.0730848
12800 2.296112
12900 2.438654
13000 2.399352
13100 2.3071978
13200 1.9308162
13300 2.3777885
13400 2.267913
13500 2.2675834
13600 2.1836052
13700 2.3477552
13800 2.2220168
13900 2.3566046
14000 2.0629354
14100 2.1309264
14200 2.4841638
14300 2.0306382
14400 2.2752826
14500 2.6106856
14600 2.2566357
14700 2.1022651
14800 2.1498053
14900 2.1546633
15000 2.2666695
15100 2.257726
15200 1.8594668
15300 2.0875561
15400 2.2614748
15500 2.4652278
15600 2.2663634
15700 2.2009768
15800 2.4913955
15900 2.2795324
16000 1.9632765
16100 2.25064
16200 2.2941358
16300 2.7518258
16400 2.2688384
16500 2.1226633
16600 2.0149827
16700 2.322621
16800 2.1513672
16900 2.3170624
17000 2.1248143
17100 2.0801198
17200 2.1688597
17300 2.2124102
17400 2.1477146
17500 2.020129
17600 1.8681438
17700 2.052925
