0 3.306858
100 2.150621
200 1.9492643
300 1.7052296
400 1.7830558
500 1.6281245
600 1.5951056
700 1.6913574
800 1.7377086
900 1.7951591
1000 1.6367446
1100 1.7926756
1200 1.7082993
1300 1.8177698
1400 1.6304336
1500 1.5842546
1600 1.6793623
1700 1.7810931
1800 1.631526
1900 1.5773926
2000 1.5402479
2100 1.6462554
2200 1.6561232
2300 1.482222
2400 1.4932284
2500 1.7613814
2600 1.613905
2700 1.5795662
2800 1.5790948
2900 1.4721954
3000 1.6447052
3100 1.6888947
3200 1.624054
3300 1.3356986
3400 1.5568329
3500 1.6416477
3600 1.6544144
3700 1.6044288
3800 1.6714145
3900 1.6892577
4000 1.5346131
4100 1.6138815
4200 1.4766383
4300 1.3927637
4400 1.5302976
4500 1.5837923
4600 1.3582628
4700 1.459512
4800 1.3374465
4900 1.4754599
5000 1.2920135
5100 1.5979948
5200 1.7659407
5300 1.6439823
5400 1.5553247
5500 1.3142041
5600 1.5375403
5700 1.4444917
5800 1.5772419
5900 1.5898656
6000 1.7334176
6100 1.6397036
6200 1.6419506
6300 1.6440066
6400 1.6431
6500 1.5071865
6600 1.3149638
6700 1.4969041
6800 1.6443156
6900 1.4679725
7000 1.5971493
7100 1.4704382
7200 1.4737774
7300 1.5874097
7400 1.6070427
7500 1.6097512
7600 1.7323117
7700 1.4334118
7800 1.3892972
7900 1.5110645
8000 1.398916
8100 1.4127625
8200 1.525221
8300 1.4229335
8400 1.4101979
8500 1.6008248
8600 1.4174523
8700 1.4689788
8800 1.6372576
8900 1.5435951
9000 1.5590297
9100 1.50659
9200 1.6165956
9300 1.5661337
9400 1.7564315
9500 1.5216135
9600 1.4178026
9700 1.3895029
9800 1.5060145
9900 1.5853194
10000 1.5837517
10100 1.5014682
10200 1.3466392
10300 1.3216476
10400 1.5390776
10500 1.6989886
10600 1.5400565
10700 1.5668615
10800 1.3358147
10900 1.4999883
11000 1.4326092
11100 1.5349807
11200 1.5382397
11300 1.6996366
11400 1.6647792
11500 1.6144485
11600 1.5844741
11700 1.6734443
11800 1.6299279
11900 1.5503898
12000 1.5225277
12100 1.5402464
12200 1.4779785
12300 1.448719
12400 1.5985134
12500 1.6641059
12600 1.5284507
12700 1.436953
12800 1.5915437
12900 1.6903461
13000 1.663104
13100 1.5992277
13200 1.3383398
13300 1.6481574
13400 1.5719976
13500 1.571769
13600 1.5135598
13700 1.6273398
13800 1.5401847
13900 1.6334739
14000 1.4299178
14100 1.4770455
14200 1.7218912
14300 1.4075311
14400 1.5771058
14500 1.8095894
14600 1.5641806
14700 1.4571792
14800 1.4901315
14900 1.4934988
15000 1.5711356
15100 1.5649364
15200 1.2888842
15300 1.4469836
15400 1.5675349
15500 1.7087657
15600 1.5709234
15700 1.5256009
15800 1.7269038
15900 1.5800514
16000 1.3608396
16100 1.5600247
16200 1.5901737
16300 1.9074203
16400 1.5726389
16500 1.471318
16600 1.3966796
16700 1.6099184
16800 1.491214
16900 1.6060653
17000 1.4728091
17100 1.4418292
17200 1.5033389
17300 1.533526
17400 1.4886823
17500 1.4002467
17600 1.2948986
17700 1.4229792
