0 26.385723
100 10.440245
200 8.5275135
300 8.064087
400 7.397915
500 7.1215687
600 6.9367003
700 7.300775
800 7.3581185
900 7.8677683
1000 6.6141124
1100 7.319098
1200 7.6965075
1300 6.856495
1400 7.1709647
1500 6.790396
1600 7.038524
1700 7.3080006
1800 6.6386986
1900 6.3891892
2000 6.7243176
2100 6.875367
2200 6.6272974
2300 6.1457396
2400 6.4416113
2500 7.0232673
2600 6.6403966
2700 6.549431
2800 6.5396414
2900 6.4033303
3000 6.6396933
3100 6.5793514
3200 6.2852316
3300 6.2076945
3400 6.759154
3500 6.526367
3600 5.9931393
3700 6.3116
3800 6.645608
3900 6.520382
4000 6.4690857
4100 6.676858
4200 6.241633
4300 6.3644876
4400 6.2485733
4500 6.344785
4600 5.672514
4700 5.986663
4800 5.8988333
4900 6.3821945
5000 5.961822
5100 6.5327473
5200 6.4790406
5300 6.4808846
5400 6.1422095
5500 5.910044
5600 6.2205663
5700 6.7568827
5800 6.272265
5900 6.05834
6000 7.00601
6100 6.592179
6200 6.3124185
6300 5.982306
6400 6.318878
6500 6.1734443
6600 5.9313207
6700 6.593727
6800 6.4474607
6900 6.552884
7000 6.568543
7100 6.2548876
7200 6.447085
7300 6.286188
7400 6.173049
7500 6.252453
7600 6.927034
7700 6.386052
7800 6.2965584
7900 6.3826756
8000 5.938746
8100 6.0745635
8200 6.2723503
8300 5.8916106
8400 5.892085
8500 6.4767466
8600 6.152946
8700 6.3511963
8800 6.5097585
8900 6.22666
9000 6.566749
9100 5.9154825
9200 6.2083364
9300 6.449588
9400 6.499241
9500 6.2261934
9600 5.961303
9700 6.289915
9800 5.9560637
9900 6.6875057
10000 6.429696
10100 6.049939
10200 6.210111
10300 5.4881854
10400 6.4366584
10500 6.7244883
10600 6.763499
10700 6.6954226
10800 5.881195
10900 6.6178465
11000 6.063284
11100 6.412801
11200 6.406
11300 6.487377
11400 6.2982736
11500 6.48611
11600 6.147768
11700 6.6472645
11800 6.437688
11900 6.047722
12000 6.2808313
12100 6.3903923
12200 5.770465
12300 6.0902753
12400 5.9319615
12500 6.50996
12600 6.0748205
12700 5.5690117
12800 6.1692944
12900 6.2634315
13000 6.7716923
13100 6.281421
13200 5.96834
13300 6.7908287
13400 6.440796
13500 6.4111624
13600 6.0601664
13700 6.2888966
13800 6.400668
13900 6.022048
14000 6.0152855
14100 6.070802
14200 6.721053
14300 6.294323
14400 5.669716
14500 6.6473036
14600 6.300742
14700 6.1057262
14800 6.05694
14900 6.341761
15000 6.2421827
15100 5.562565
15200 5.8154116
15300 6.093333
15400 6.6526327
15500 6.6580443
15600 5.9670963
15700 6.088766
15800 6.8026285
15900 6.6602564
16000 5.9558406
16100 6.2594957
16200 6.2181344
16300 7.4143543
16400 6.2282457
16500 6.526379
16600 5.862694
16700 6.213065
16800 6.7359695
16900 7.0908947
17000 6.0709424
17100 6.223608
17200 6.1776404
17300 6.680655
17400 6.596549
17500 5.996874
17600 5.8305163
17700 6.245113
