0 3.322064
100 0.5267254
200 0.49754438
300 0.28316975
400 0.07772157
500 0.81149954
600 0.40327808
700 0.1261044
800 0.14087163
900 0.20815948
1000 0.25149134
1100 0.16113824
1200 0.47389415
1300 0.437849
1400 0.095427506
1500 0.10806848
1600 0.12307716
1700 0.026405714
1800 0.045923732
1900 0.037924737
2000 0.21475725
2100 0.03955211
2200 0.124612376
2300 0.046299674
2400 0.040387116
2500 0.28468192
2600 0.23022963
2700 0.033528037
2800 0.9897005
2900 0.064062886
3000 0.016811574
3100 0.14075162
3200 0.009489109
3300 0.042358972
3400 0.68736213
3500 0.01215076
3600 0.18286829
3700 0.055505864
3800 0.10950578
3900 0.13461713
4000 0.021616943
4100 0.020239227
4200 0.0344539
4300 0.20404646
4400 0.034224454
4500 0.019888
4600 0.029175717
4700 0.28797516
4800 0.061477285
4900 0.019545268
5000 0.0018549198
5100 0.01926781
5200 0.004999869
5300 0.037113525
5400 0.012844537
5500 0.056732163
5600 0.07072268
5700 0.014794545
5800 0.007904218
5900 0.00904085
6000 0.0071069226
6100 0.2669897
6200 0.025519455
6300 0.0018897792
6400 0.13825743
6500 0.0455082
6600 0.1146125
6700 0.0011973932
6800 0.23656131
6900 0.0013071634
7000 0.01807287
7100 0.015522132
7200 0.0010083651
7300 0.05515381
7400 0.005548592
7500 0.19604199
7600 0.0073388526
7700 0.0030533297
7800 0.020649763
7900 0.07729069
8000 0.000770687
8100 0.011873827
8200 0.009258167
8300 0.0007782946
8400 0.058508918
8500 7.7840334e-05
8600 0.013853704
8700 0.0010358844
8800 0.027828475
8900 0.012694139
9000 0.0037315139
9100 0.00043999028
9200 0.0010725261
9300 0.0028421814
9400 0.015132255
9500 0.00019819092
9600 0.007537456
9700 0.023931222
9800 0.0027688418
9900 0.00014578692
10000 0.008916283
10100 0.1588654
10200 0.003068138
10300 0.0034225443
10400 6.9427486e-05
10500 0.0058992463
10600 0.024919055
10700 0.0018762347
10800 0.07162818
10900 0.011775818
11000 0.0006821576
11100 0.03048757
11200 0.0002340226
11300 0.0007938338
11400 0.15931219
11500 0.00074970117
11600 0.0045778207
11700 0.017915605
11800 0.00045295243
11900 0.000264688
12000 0.00021047117
12100 0.00079074316
12200 0.00978866
12300 0.0006295644
12400 0.010213222
12500 0.0026540104
12600 0.002046323
12700 0.00010013501
12800 0.00110709
12900 7.01135e-05
13000 0.00462895
13100 0.00031692337
13200 0.0011399665
13300 0.0039201975
13400 0.00011431224
13500 0.000113038455
13600 0.0007394786
13700 0.0038154968
13800 3.2201187e-05
13900 0.016239587
14000 0.0012450357
14100 0.0011756397
14200 0.0004898098
14300 0.0031483823
14400 0.00032843955
14500 0.0011235662
14600 1.926648e-05
14700 0.0005088502
14800 0.00070044794
14900 0.0005199018
15000 0.0017128136
15100 0.27697828
15200 0.00041215433
15300 0.000102433565
15400 0.0031519174
15500 0.0014490548
15600 0.0003398225
15700 0.0014163808
15800 0.011862404
15900 0.008795661
16000 0.0011712116
16100 0.00046441454
16200 0.003201909
16300 0.0048601422
16400 0.0027254352
16500 0.047624838
16600 0.0043787323
16700 0.00016963136
16800 0.002629095
16900 0.000156122
17000 8.271999e-05
17100 0.0019096907
17200 0.00048634276
17300 0.4558316
17400 0.006718384
17500 0.005428055
17600 0.0017563282
17700 0.0025655895
17800 0.00041441878
17900 0.00013584201
18000 0.0013455732
18100 0.00097133283
18200 0.0035140289
18300 0.0008544419
18400 0.00084085163
18500 0.00034032963
18600 0.00022486896
18700 0.00362361
18800 0.0005932177
18900 0.0019891895
19000 0.0007119522
19100 1.7385035e-05
19200 0.0053951857
19300 0.0012285757
19400 0.0004942818
19500 0.00017360176
19600 9.1602786e-05
19700 0.0014020776
19800 0.00039482568
19900 0.0007346438
20000 0.00014063534
20100 0.00081180775
20200 0.00038213466
20300 0.0005903585
20400 0.0023675053
20500 0.009863779
20600 0.00048185844
20700 0.0035895647
20800 0.00016902704
