0 2.3026793
100 0.36509824
200 0.3448715
300 0.1962783
400 0.05387249
500 0.5624886
600 0.27953106
700 0.08740891
800 0.097644776
900 0.14428516
1000 0.1743205
1100 0.11169252
1200 0.3284784
1300 0.3034938
1400 0.06614531
1500 0.07490736
1600 0.085310586
1700 0.018303046
1800 0.031831905
1900 0.026287423
2000 0.14885838
2100 0.027415434
2200 0.086374715
2300 0.03209249
2400 0.027994215
2500 0.19732647
2600 0.15958302
2700 0.023239864
2800 0.6860081
2900 0.04440501
3000 0.011652895
3100 0.09756158
3200 0.006577349
3300 0.029361002
3400 0.4764431
3500 0.008422265
3600 0.12675464
3700 0.038473733
3800 0.075903624
3900 0.093309484
4000 0.014983723
4100 0.0140287625
4200 0.023881622
4300 0.14143422
4400 0.023722583
4500 0.013785311
4600 0.020223066
4700 0.19960918
4800 0.042612806
4900 0.013547747
5000 0.0012857325
5100 0.013355428
5200 0.0034656452
5300 0.025725136
5400 0.008903155
5500 0.03932374
5600 0.04902122
5700 0.0102547975
5800 0.0054787863
5900 0.00626664
6000 0.004926143
6100 0.18506317
6200 0.017688738
6300 0.0013098952
6400 0.09583275
6500 0.03154388
6600 0.07944333
6700 0.0008299697
6800 0.16397181
6900 0.0009060566
7000 0.0125271585
7100 0.010759122
7200 0.00069894537
7300 0.038229708
7400 0.003845991
7500 0.13588595
7600 0.005086905
7700 0.0021164068
7800 0.014313325
7900 0.053573824
8000 0.0005341995
8100 0.00823031
8200 0.0064172726
8300 0.0005394727
8400 0.04055529
8500 5.3954805e-05
8600 0.009602656
8700 0.0007180203
8800 0.019289229
8900 0.008798907
9000 0.0025864884
9100 0.00030497802
9200 0.0007434184
9300 0.00197005
9400 0.01048888
9500 0.00013737548
9600 0.0052245664
9700 0.016587859
9800 0.001919215
9900 0.000101051795
10000 0.0061802967
10100 0.11011711
10200 0.0021266711
10300 0.002372327
10400 4.8123467e-05
10500 0.004089046
10600 0.017272573
10700 0.0013005068
10800 0.049648874
10900 0.008162375
11000 0.00047283559
11100 0.021132374
11200 0.0001622121
11300 0.00055024365
11400 0.11042679
11500 0.00051965326
11600 0.0031731036
11700 0.012418151
11800 0.0003139627
11900 0.00018346774
12000 0.0001458875
12100 0.0005481014
12200 0.0067849825
12300 0.0004363808
12400 0.0070792665
12500 0.0018396198
12600 0.0014184029
12700 6.94083e-05
12800 0.00076737633
12900 4.8598973e-05
13000 0.0032085436
13100 0.00021967455
13200 0.00079016463
13300 0.0027172738
13400 7.923521e-05
13500 7.8352285e-05
13600 0.0005125675
13700 0.002644701
13800 2.2320162e-05
13900 0.011256424
14000 0.000862993
14100 0.0008148913
14200 0.00033951027
14300 0.0021822923
14400 0.00022765696
14500 0.00077879673
14600 1.3354505e-05
14700 0.0003527081
14800 0.00048551353
14900 0.00036036846
15000 0.001187232
15100 0.19198671
15200 0.0002856836
15300 7.100154e-05
15400 0.0021847426
15500 0.0010044082
15600 0.000235547
15700 0.0009817603
15800 0.008222392
15900 0.0060966876
16000 0.000811822
16100 0.00032190763
16200 0.002219394
16300 0.0033687938
16400 0.0018891277
16500 0.033011023
16600 0.003035106
16700 0.0001175795
16800 0.0018223497
16900 0.00010821552
17000 5.733713e-05
17100 0.0013236967
17200 0.0003371071
17300 0.31595838
17400 0.004656829
17500 0.003762441
17600 0.0012173939
17700 0.0017783311
17800 0.0002872532
17900 9.415851e-05
18000 0.00093268027
18100 0.0006732766
18200 0.0024357392
18300 0.000592254
18400 0.00058283395
18500 0.00023589852
18600 0.00015586728
18700 0.002511695
18800 0.00041118715
18900 0.0013788011
19000 0.0004934877
19100 1.2050388e-05
19200 0.0037396578
19300 0.0008515838
19400 0.00034261006
19500 0.00012033157
19600 6.349421e-05
19700 0.0009718461
19800 0.0002736723
19900 0.0005092163
20000 9.748099e-05
20100 0.00056270225
20200 0.00026487556
20300 0.00040920533
20400 0.0016410296
20500 0.006837051
20600 0.00033399882
20700 0.0024880967
20800 0.00011716062
