0 9.999994
100 1.9697094
200 1.4270383
300 1.3360339
400 1.2396946
500 1.2928795
600 1.142315
700 1.1582764
800 1.1313415
900 1.1392099
1000 1.2588556
1100 1.1734748
1200 1.2572067
1300 1.163862
1400 1.1449127
1500 1.1750684
1600 1.1466973
1700 1.0563846
1800 1.1283854
1900 1.0808048
2000 1.1108887
2100 1.1317759
2200 1.1029556
2300 1.0979229
2400 1.0909698
2500 1.1921172
2600 1.1047444
2700 1.1020433
2800 1.1697668
2900 1.0621765
3000 1.0356381
3100 1.1037326
3200 1.0370932
3300 1.1127725
3400 1.0766023
3500 1.0465605
3600 1.0505253
3700 1.1054792
3800 1.0935991
3900 1.2226493
4000 1.048451
4100 1.0331033
4200 1.0598879
4300 1.0469909
4400 1.0570633
4500 1.0638335
4600 1.0563858
4700 1.1459663
4800 1.0291281
4900 1.0616634
5000 1.0069345
5100 1.0662736
5200 1.020655
5300 1.0642554
5400 1.0408257
5500 1.041739
5600 1.0470375
5700 1.0332848
5800 1.0278561
5900 1.0296843
6000 1.0231314
6100 1.1606313
6200 1.0426128
6300 1.008217
6400 1.0426476
6500 1.0361254
6600 1.0911112
6700 1.0052063
6800 1.0330312
6900 1.0060167
7000 1.0417483
7100 1.0376239
7200 1.0045614
7300 1.055084
7400 1.0200871
7500 1.0213857
7600 1.0204957
7700 1.0109622
7800 1.034554
7900 1.0334605
8000 1.0038425
8100 1.0411422
8200 1.0214694
8300 1.0036447
8400 1.0766841
8500 1.0004836
8600 1.0378639
8700 1.0052112
8800 1.0783265
8900 1.0448822
9000 1.0115342
9100 1.0023031
9200 1.0044872
9300 1.0111197
9400 1.0392265
9500 1.0011436
9600 1.0225003
9700 1.0378771
9800 1.008815
9900 1.0008756
10000 1.0264257
10100 1.0482264
10200 1.0120187
10300 1.0114987
10400 1.0004885
10500 1.0168762
10600 1.0434775
10700 1.0070179
10800 1.0749671
10900 1.030979
11000 1.003226
11100 1.0506358
11200 1.0014064
11300 1.0037844
11400 1.0664574
11500 1.0036092
11600 1.016175
11700 1.0322423
11800 1.0023553
11900 1.001358
12000 1.0010467
12100 1.0034132
12200 1.0231435
12300 1.0031953
12400 1.0333765
12500 1.0084531
12600 1.0073558
12700 1.000642
12800 1.0045671
12900 1.00044
13000 1.0146646
13100 1.0016329
13200 1.0055592
13300 1.0111523
13400 1.0006356
13500 1.0007012
13600 1.0033169
13700 1.0129406
13800 1.0002315
13900 1.0394921
14000 1.0054038
14100 1.0051444
14200 1.0024567
14300 1.0112495
14400 1.0017041
14500 1.004159
14600 1.0001478
14700 1.0024331
14800 1.0028253
14900 1.0024977
15000 1.005832
15100 1.0272305
15200 1.002077
15300 1.0006417
15400 1.012531
15500 1.0061834
15600 1.001764
15700 1.0060847
15800 1.0328355
15900 1.0207009
16000 1.0048885
16100 1.0021942
16200 1.0105358
16300 1.0147545
16400 1.0105717
16500 1.0643357
16600 1.0123641
16700 1.0009464
16800 1.0091959
16900 1.0009395
17000 1.0005357
17100 1.0076102
17200 1.0021806
17300 1.001029
17400 1.015931
17500 1.0148972
17600 1.006812
17700 1.0104797
17800 1.0018239
17900 1.0008082
18000 1.0055019
18100 1.003886
18200 1.0130885
18300 1.003927
18400 1.0034838
18500 1.0016241
18600 1.0011928
18700 1.0127354
18800 1.0025554
18900 1.0078249
19000 1.003449
19100 1.0001296
19200 1.0180514
19300 1.0061419
19400 1.0022309
19500 1.0009562
19600 1.0005853
19700 1.0051608
19800 1.0021298
19900 1.0032024
20000 1.0008016
20100 1.0034454
20200 1.0020652
20300 1.0024037
20400 1.0094298
20500 1.0295366
20600 1.002379
20700 1.010551
20800 1.0009971
