0 4.9073315
100 0.6190527
200 0.16677356
300 0.07923817
400 0.1407481
500 0.08687565
600 0.03701622
700 0.40990347
800 0.08884862
900 0.0649329
1000 0.19323781
1100 0.7631822
1200 0.12932453
1300 0.2451332
1400 0.09015508
1500 0.20427087
1600 0.023482393
1700 0.07738949
1800 0.1548402
1900 0.0021795984
2000 0.019741418
2100 0.049852572
2200 0.13741525
2300 0.08445108
2400 0.018430091
2500 0.03374604
2600 0.115758285
2700 0.02162161
2800 0.056940347
2900 0.03820307
3000 0.11958164
3100 0.024365295
3200 0.029016497
3300 0.016698949
3400 0.03557419
3500 0.009886521
3600 0.0355867
3700 0.02713225
3800 0.0014299861
3900 0.080219075
4000 0.08088884
4100 0.033622302
4200 0.0038467725
4300 0.008844229
4400 0.011254999
4500 0.013283841
4600 0.04413157
4700 0.22071464
4800 0.034722526
4900 0.045034304
5000 0.048047762
5100 0.013671373
5200 0.013185039
5300 0.04020061
5400 0.026918447
5500 0.044170782
5600 0.00916874
5700 0.0028032686
5800 0.040732156
5900 0.035650447
6000 0.087993756
6100 0.04486039
6200 0.10122573
6300 0.009064072
6400 0.014174048
6500 0.0041981745
6600 0.0044617653
6700 0.034490667
6800 0.004558459
6900 0.015736787
7000 0.00608637
7100 0.0013036787
7200 0.0048782337
7300 0.004780146
7400 0.004853022
7500 0.019639825
7600 0.0036935676
7700 0.051652726
7800 0.00093305134
7900 0.0047979006
8000 0.016142752
8100 0.0064071417
8200 0.0048281816
8300 0.0026833408
8400 0.0054729218
8500 0.0010467144
8600 0.009767045
8700 0.0032532832
8800 0.0109757045
8900 0.004221962
9000 0.048372068
9100 0.022717712
9200 0.002127898
9300 0.032304432
9400 0.0032420491
9500 0.0065565035
9600 0.0008148966
9700 0.002489449
9800 0.0024162363
9900 0.0025629406
10000 0.014382483
10100 0.006155076
10200 0.00046904344
10300 0.0033928216
10400 0.0009495674
10500 0.0067487657
10600 0.0023514847
10700 0.0024694637
10800 0.0055215214
10900 0.006210452
11000 0.0012384409
11100 0.003169826
11200 0.0010728384
11300 0.001011454
11400 0.005327655
11500 0.0087137725
11600 0.041775804
11700 0.004798757
11800 0.0251585
11900 0.0021930328
12000 0.0027036378
12100 0.0034686471
12200 0.010272343
12300 0.00076459534
12400 0.0015291409
12500 0.010180983
12600 0.0044999737
12700 0.004051746
12800 0.0026739342
12900 0.013398121
13000 0.005970346
13100 0.0009862112
13200 0.0003384817
13300 0.0014663704
13400 0.0021010991
13500 0.0013786666
13600 0.0029823326
13700 0.007914633
13800 0.00014501248
13900 0.0010838044
14000 0.0033437598
14100 0.0031765308
