0 3.084038
100 1.3610659
200 1.3856589
300 1.2059342
400 1.2800007
500 1.2579882
600 1.1805594
700 1.3925724
800 1.2468842
900 1.1732078
1000 1.6657914
1100 1.3409898
1200 1.20383
1300 1.1825724
1400 1.1902859
1500 1.113908
1600 1.1124309
1700 1.1801518
1800 1.3401781
1900 1.0152798
2000 1.0618156
2100 1.198876
2200 1.1008065
2300 1.0651692
2400 1.070639
2500 1.1130617
2600 1.324542
2700 1.0873883
2800 1.1579162
2900 1.143439
3000 1.2542949
3100 1.1091473
3200 1.1385238
3300 1.08522
3400 1.1259849
3500 1.0549502
3600 1.0853951
3700 1.1220493
3800 1.0092936
3900 1.0977194
4000 1.1706195
4100 1.0721102
4200 1.0215011
4300 1.0327628
4400 1.053388
4500 1.051466
4600 1.1485982
4700 1.0999823
4800 1.1068157
4900 1.0646565
5000 1.0845683
5100 1.0667018
5200 1.0712781
5300 1.160079
5400 1.099483
5500 1.0641913
5600 1.0466206
5700 1.0172844
5800 1.0419893
5900 1.1285415
6000 1.1322399
6100 1.074317
6200 1.0593383
6300 1.0410347
6400 1.0620265
6500 1.0251524
6600 1.0245359
6700 1.0763127
6800 1.0251853
6900 1.0456731
7000 1.0293777
7100 1.0090796
7200 1.0268956
7300 1.0265869
7400 1.0263124
7500 1.0670879
7600 1.0194328
7700 1.0834893
7800 1.0065827
7900 1.0253382
8000 1.0617055
8100 1.0306476
8200 1.0232838
8300 1.0168982
8400 1.0288267
8500 1.00791
8600 1.0322562
8700 1.0162965
8800 1.0415306
8900 1.023342
9000 1.2080524
9100 1.0716923
9200 1.0119995
9300 1.045856
9400 1.0175583
9500 1.0354378
9600 1.0062673
9700 1.0141451
9800 1.0140438
9900 1.0141048
10000 1.0431762
10100 1.025164
10200 1.0034693
10300 1.0170842
10400 1.006676
10500 1.0280095
10600 1.014092
10700 1.0153503
10800 1.028888
10900 1.0232172
11000 1.008351
11100 1.0178308
11200 1.0077503
11300 1.0072622
11400 1.0267193
11500 1.0395484
11600 1.1489428
11700 1.0242767
11800 1.0439413
11900 1.0142199
12000 1.0137835
12100 1.0194886
12200 1.0383487
12300 1.005144
12400 1.0106186
12500 1.0450294
12600 1.0230359
12700 1.0200639
12800 1.0162898
12900 1.049062
13000 1.0240328
13100 1.006388
13200 1.0026281
13300 1.0090334
13400 1.011622
13500 1.0086904
13600 1.0143476
13700 1.0441908
13800 1.0013071
13900 1.0063174
14000 1.0167778
14100 1.0182959
