0 0.00625
100 0.36249998
200 0.40312502
300 0.428125
400 0.45625004
500 0.503125
600 0.50625
700 0.45625
800 0.44062498
900 0.48437503
1000 0.475
1100 0.409375
1200 0.46875
1300 0.48125002
1400 0.503125
1500 0.525
1600 0.48125002
1700 0.45000002
1800 0.50625
1900 0.54062504
2000 0.50312495
2100 0.50625
2200 0.465625
2300 0.55625
2400 0.525
2500 0.46562502
2600 0.521875
2700 0.48437503
2800 0.528125
2900 0.55937505
3000 0.4875
3100 0.46250004
3200 0.5
3300 0.57812494
3400 0.50937504
3500 0.47812504
3600 0.515625
3700 0.51875
3800 0.45625
3900 0.47187504
4000 0.515625
4100 0.52812505
4200 0.55625004
4300 0.578125
4400 0.546875
4500 0.49062502
4600 0.55937505
4700 0.54375005
4800 0.596875
4900 0.565625
5000 0.625
5100 0.50625
5200 0.46875
5300 0.49374998
5400 0.540625
5500 0.609375
5600 0.53125
5700 0.50624996
5800 0.48437503
5900 0.50937504
6000 0.496875
6100 0.515625
6200 0.540625
6300 0.525
6400 0.5125
6500 0.53125
6600 0.596875
6700 0.52500004
6800 0.47500002
6900 0.5812501
7000 0.49375
7100 0.528125
7200 0.553125
7300 0.540625
7400 0.50624996
7500 0.515625
7600 0.496875
7700 0.55625
7800 0.54999995
7900 0.53125
8000 0.55625004
8100 0.5656251
8200 0.571875
8300 0.55
8400 0.521875
8500 0.509375
8600 0.584375
8700 0.5625
8800 0.51875
8900 0.51875
9000 0.553125
9100 0.559375
9200 0.559375
9300 0.55
9400 0.5125
9500 0.553125
9600 0.596875
9700 0.56875
9800 0.58125
9900 0.5
10000 0.5125
10100 0.54375005
10200 0.584375
10300 0.559375
10400 0.534375
10500 0.5
10600 0.52500004
10700 0.53125
10800 0.62500006
10900 0.58125
11000 0.5687501
11100 0.546875
11200 0.515625
11300 0.49375004
11400 0.5
11500 0.50937504
11600 0.54375
11700 0.47812504
11800 0.47812498
11900 0.56250006
12000 0.53749996
12100 0.49062502
12200 0.521875
12300 0.5625
12400 0.50937504
12500 0.484375
12600 0.546875
12700 0.54375
12800 0.5
12900 0.503125
13000 0.50625
13100 0.503125
13200 0.58437496
13300 0.49062502
13400 0.5125
13500 0.540625
13600 0.521875
13700 0.51875
13800 0.521875
13900 0.49687502
14000 0.521875
14100 0.53125
14200 0.490625
14300 0.5906249
14400 0.56875
14500 0.50937504
14600 0.54062504
14700 0.546875
14800 0.5625
14900 0.5375
15000 0.528125
15100 0.528125
15200 0.6125001
15300 0.5625
15400 0.5
15500 0.5375
15600 0.559375
15700 0.56250006
15800 0.49375004
15900 0.5125
16000 0.6
16100 0.5625
16200 0.54375
16300 0.49062502
16400 0.56562495
16500 0.54999995
16600 0.578125
16700 0.53125
16800 0.55
16900 0.49999997
17000 0.5625
17100 0.578125
17200 0.534375
17300 0.54375
17400 0.515625
17500 0.534375
17600 0.60625005
17700 0.56874996
17800 0.546875
17900 0.515625
18000 0.565625
18100 0.5125
18200 0.54999995
18300 0.49687505
18400 0.51874995
18500 0.6375
18600 0.546875
18700 0.528125
18800 0.5875
18900 0.59375
19000 0.58437496
19100 0.540625
19200 0.58125
19300 0.55
19400 0.5
19500 0.525
19600 0.60625005
19700 0.57500005
19800 0.61875
19900 0.61875
20000 0.49374998
20100 0.55
20200 0.534375
20300 0.5625
20400 0.55625
20500 0.53125
20600 0.5375
20700 0.584375
20800 0.571875
20900 0.509375
21000 0.61249995
21100 0.5656251
21200 0.534375
21300 0.5375
21400 0.553125
21500 0.590625
21600 0.5
21700 0.6125
21800 0.559375
21900 0.584375
22000 0.54375
22100 0.54375
22200 0.5875
22300 0.57500005
22400 0.52187496
22500 0.546875
22600 0.590625
22700 0.52812505
22800 0.571875
22900 0.509375
23000 0.49374998
23100 0.609375
23200 0.53749996
23300 0.534375
23400 0.63125
23500 0.590625
23600 0.521875
23700 0.55625004
23800 0.5812501
23900 0.55312496
24000 0.52187496
24100 0.540625
24200 0.57500005
24300 0.5625
24400 0.51875
24500 0.6
24600 0.54062504
24700 0.56874996
24800 0.55937505
24900 0.521875
25000 0.57500005
25100 0.52187496
25200 0.57500005
25300 0.60625
25400 0.596875
25500 0.54375
25600 0.565625
25700 0.5
25800 0.55937505
25900 0.534375
26000 0.528125
26100 0.55625
26200 0.571875
26300 0.58125
26400 0.54375005
26500 0.5625
26600 0.56875
26700 0.540625
26800 0.584375
26900 0.565625
27000 0.546875
27100 0.60625
27200 0.56875
27300 0.60312504
27400 0.54375
27500 0.59375
27600 0.546875
27700 0.5656251
27800 0.59062505
27900 0.59375006
28000 0.57187504
28100 0.540625
28200 0.50312495
28300 0.58750004
28400 0.48125
28500 0.534375
28600 0.528125
28700 0.565625
28800 0.55937505
28900 0.47812504
29000 0.546875
29100 0.575
29200 0.5625
29300 0.55
29400 0.5875
29500 0.54062504
29600 0.5125
29700 0.61562496
29800 0.59062505
29900 0.58125
30000 0.553125
30100 0.578125
30200 0.534375
30300 0.56874996
30400 0.51250005
30500 0.521875
