0 4.842362
100 3.24045
200 2.9199982
300 2.6110098
400 2.6255555
500 2.4537563
600 2.2966416
700 2.5829327
800 2.5545065
900 2.5519347
1000 2.5121238
1100 2.662875
1200 2.5100982
1300 2.5683928
1400 2.32109
1500 2.3127728
1600 2.38419
1700 2.6070232
1800 2.2881064
1900 2.2369194
2000 2.3021424
2100 2.431666
2200 2.4685676
2300 2.1197555
2400 2.106702
2500 2.529217
2600 2.3212078
2700 2.2810965
2800 2.3412433
2900 2.1194458
3000 2.372772
3100 2.422048
3200 2.3457153
3300 1.9416989
3400 2.262348
3500 2.4194875
3600 2.340369
3700 2.3085945
3800 2.43824
3900 2.5173755
4000 2.2786973
4100 2.2597806
4200 2.146463
4300 1.9506212
4400 2.167145
4500 2.3186316
4600 1.9354582
4700 2.111831
4800 1.880305
4900 2.0351284
5000 1.8142694
5100 2.27908
5200 2.5112746
5300 2.299087
5400 2.1841059
5500 1.920943
5600 2.2651987
5700 2.1078234
5800 2.3298802
5900 2.2943804
6000 2.3159153
6100 2.2786918
6200 2.317166
6300 2.3205132
6400 2.3197412
6500 2.237938
6600 1.9002225
6700 2.2304068
6800 2.3684745
6900 2.1024823
7000 2.371212
7100 2.1438355
7200 2.145282
7300 2.248803
7400 2.3382702
7500 2.3019593
7600 2.55048
7700 2.0004888
7800 1.9796886
7900 2.2604098
8000 2.061089
8100 2.0591516
8200 2.1995862
8300 2.1516516
8400 2.145473
8500 2.3957772
8600 2.089602
8700 2.1151478
8800 2.4103987
8900 2.3044336
9000 2.1705203
9100 2.171816
9200 2.1579041
9300 2.2169409
9400 2.4653187
9500 2.132065
9600 2.0698195
9700 2.0771334
9800 2.129491
9900 2.3545136
10000 2.2548935
10100 2.149363
10200 1.9817841
10300 1.9635247
10400 2.204948
10500 2.5721676
10600 2.2025223
10700 2.33903
10800 1.9289763
10900 2.0837383
11000 2.0602582
11100 2.2409348
11200 2.1480901
11300 2.3680542
11400 2.3829224
11500 2.34213
11600 2.221299
11700 2.3545685
11800 2.3902442
11900 2.180708
12000 2.1309712
12100 2.243182
12200 2.150185
12300 2.108521
12400 2.320837
12500 2.3804955
12600 2.2131748
12700 2.0714695
12800 2.3636365
12900 2.4476488
13000 2.371328
13100 2.3584988
13200 1.9263737
13300 2.374976
13400 2.3070016
13500 2.2046056
13600 2.185387
13700 2.3256695
13800 2.1665852
13900 2.2511935
14000 2.0653567
14100 2.1835432
14200 2.4683857
14300 2.0500634
14400 2.214487
14500 2.4456983
14600 2.2453647
14700 2.0215755
14800 2.0466242
14900 2.2362783
15000 2.1316497
15100 2.1512227
15200 1.7944381
15300 2.0455184
15400 2.250025
15500 2.4315183
15600 2.0506158
15700 2.0616064
15800 2.6190383
15900 2.2808716
16000 1.924072
16100 2.0808003
16200 2.1813855
16300 2.660225
16400 2.1648397
16500 2.1058304
16600 2.050681
16700 2.3225842
16800 2.0897
16900 2.3104682
17000 2.1178875
17100 1.9906731
17200 2.1238046
17300 2.1096158
17400 2.1562955
17500 1.9043247
17600 1.8505354
17700 2.0427809
17800 2.1579556
17900 2.2226202
18000 2.150734
18100 2.3008494
18200 2.1047072
18300 2.3382223
18400 2.2340348
18500 1.8522418
18600 2.129521
18700 2.2862372
18800 1.907715
18900 1.8459077
19000 1.8894947
19100 2.1425416
19200 2.0432405
19300 2.1592858
19400 2.204921
19500 2.2436364
19600 1.9858885
19700 2.041664
19800 1.7751971
19900 1.8827851
20000 2.2605207
20100 2.0756078
20200 2.1572275
20300 1.9433931
20400 1.9852961
20500 2.1192393
20600 2.2616682
20700 1.898426
20800 2.041435
20900 2.1868453
21000 1.961902
21100 2.0759265
21200 2.163461
21300 2.177609
21400 2.04387
21500 1.8475051
21600 2.174728
21700 1.8435862
21800 2.013445
21900 1.9436228
22000 2.2571397
22100 2.070327
22200 2.136046
22300 2.072469
22400 2.1796672
22500 1.9307128
22600 1.9089822
22700 2.124602
22800 1.9154385
22900 2.2587636
23000 2.4171453
23100 1.905712
23200 2.1957633
23300 2.1764858
23400 1.8383002
23500 1.8575268
23600 2.1865726
23700 2.0529323
23800 2.107709
23900 1.9823745
24000 2.217495
24100 2.114384
24200 1.9879785
24300 2.0862944
24400 2.36675
24500 1.824686
24600 2.107796
24700 1.9735625
24800 2.023614
24900 2.168601
25000 2.092053
25100 2.1329167
25200 1.9920152
25300 1.8751816
25400 1.9611684
25500 2.1489558
25600 2.0584416
25700 2.300752
25800 2.1189525
25900 2.1545055
26000 2.1572618
26100 2.0708873
26200 1.9718415
26300 2.0463114
26400 2.1386554
26500 2.0337312
26600 2.1724215
26700 2.108433
26800 1.9177777
26900 2.127225
27000 2.1110408
27100 2.030164
27200 2.1155348
27300 1.9405541
27400 2.191362
27500 1.9677471
27600 2.248406
27700 1.9308279
27800 2.1310828
27900 1.9802574
28000 1.9789816
28100 2.1196826
28200 2.3698146
28300 1.9129319
28400 2.480041
28500 2.0470243
28600 2.1894436
28700 1.9541811
28800 2.318046
28900 2.4781902
29000 1.9683387
29100 2.1605837
29200 2.0199313
29300 2.064854
29400 1.8764493
29500 2.1411095
29600 2.3423429
29700 1.86878
29800 2.0446825
29900 2.0527787
30000 2.179136
30100 1.875807
30200 2.1201699
30300 1.8918666
30400 2.2894273
30500 2.1420383
