0 3.3564696
100 2.2461088
200 2.0239885
300 1.8098141
400 1.8198965
500 1.7008142
600 1.5919106
700 1.7903525
800 1.770649
900 1.7688664
1000 1.7412715
1100 1.8457643
1200 1.7398674
1300 1.7802743
1400 1.6088569
1500 1.6030918
1600 1.6525947
1700 1.8070508
1800 1.5859946
1900 1.5505145
2000 1.5957235
2100 1.6855023
2200 1.7110807
2300 1.4693025
2400 1.4602545
2500 1.7531197
2600 1.6089387
2700 1.5811355
2800 1.6228262
2900 1.4690878
3000 1.6446803
3100 1.6788357
3200 1.625926
3300 1.3458831
3400 1.5681401
3500 1.677061
3600 1.6222202
3700 1.6001958
3800 1.6900592
3900 1.7449118
4000 1.5794727
4100 1.5663606
4200 1.4878147
4300 1.3520676
4400 1.5021504
4500 1.607153
4600 1.3415574
4700 1.4638096
4800 1.3033282
4900 1.4106435
5000 1.2575557
5100 1.5797378
5200 1.7406828
5300 1.5936056
5400 1.5139068
5500 1.3314962
5600 1.570116
5700 1.4610319
5800 1.61495
5900 1.5903434
6000 1.6052701
6100 1.5794688
6200 1.6061372
6300 1.6084572
6400 1.6079221
6500 1.5512203
6600 1.3171339
6700 1.5460001
6800 1.6417015
6900 1.4573298
7000 1.6435989
7100 1.4859936
7200 1.4869962
7300 1.5587513
7400 1.6207653
7500 1.5955966
7600 1.767858
7700 1.3866332
7800 1.3722156
7900 1.5667968
8000 1.428638
8100 1.4272951
8200 1.524637
8300 1.4914112
8400 1.4871285
8500 1.6606263
8600 1.4484018
8700 1.4661088
8800 1.6707611
8900 1.5973116
9000 1.50449
9100 1.5053881
9200 1.4957452
9300 1.5366664
9400 1.7088287
9500 1.4778348
9600 1.4346895
9700 1.4397593
9800 1.4760507
9900 1.6320245
10000 1.562973
10100 1.4898249
10200 1.3736681
10300 1.3610116
10400 1.5283535
10500 1.7828908
10600 1.5266721
10700 1.621292
10800 1.3370645
10900 1.4443374
11000 1.4280622
11100 1.5532976
11200 1.4889426
11300 1.6414101
11400 1.651716
11500 1.6234407
11600 1.5396872
11700 1.6320624
11800 1.6567911
11900 1.5115516
12000 1.4770766
12100 1.5548552
12200 1.4903948
12300 1.4615154
12400 1.6086817
12500 1.6500338
12600 1.5340558
12700 1.4358333
12800 1.638348
12900 1.6965809
13000 1.6436794
13100 1.6347868
13200 1.3352605
13300 1.6462078
13400 1.5990916
13500 1.5281161
13600 1.5147947
13700 1.6120312
13800 1.5017624
13900 1.5604085
14000 1.4315963
14100 1.5135169
14200 1.7109547
14300 1.4209956
14400 1.5349655
14500 1.6952288
14600 1.5563682
14700 1.4012493
14800 1.4186118
14900 1.55007
15000 1.4775469
15100 1.491114
15200 1.2438097
15300 1.4178452
15400 1.5595984
15500 1.6854
15600 1.4213785
15700 1.4289967
15800 1.815379
15900 1.5809798
16000 1.3336651
16100 1.4423008
16200 1.5120212
16300 1.8439274
16400 1.5005525
16500 1.4596504
16600 1.4214238
16700 1.6098927
16800 1.4484696
16900 1.6014946
17000 1.4680077
17100 1.3798294
17200 1.4721092
17300 1.4622742
17400 1.4946302
17500 1.3199773
17600 1.2826934
17700 1.4159478
17800 1.4957808
17900 1.5406029
18000 1.4907752
18100 1.5948273
18200 1.4588718
18300 1.6207322
18400 1.548515
18500 1.2838762
18600 1.4760715
18700 1.5846989
18800 1.3223273
18900 1.2794857
19000 1.3096979
19100 1.4850967
19200 1.4162664
19300 1.4967029
19400 1.5283349
19500 1.5551702
19600 1.376513
19700 1.4151736
19800 1.2304729
19900 1.3050472
20000 1.5668736
20100 1.4387017
20200 1.4952761
20300 1.3470575
20400 1.3761024
20500 1.4689448
20600 1.5676689
20700 1.3158886
20800 1.415015
20900 1.5158057
21000 1.3598869
21100 1.4389226
21200 1.4995968
21300 1.5094035
21400 1.4167027
21500 1.2805929
21600 1.5074066
21700 1.2778766
21800 1.3956137
21900 1.3472167
22000 1.56453
22100 1.4350414
22200 1.4805942
22300 1.4365261
22400 1.5108303
22500 1.3382682
22600 1.3232056
22700 1.472662
22800 1.3276808
22900 1.5656556
23000 1.6754375
23100 1.320939
23200 1.5219872
23300 1.508625
23400 1.2742126
23500 1.2875395
23600 1.5156167
23700 1.4229842
23800 1.4609525
23900 1.3740773
24000 1.5370504
24100 1.4655793
24200 1.3779616
24300 1.446109
24400 1.6405061
24500 1.264776
24600 1.4610128
24700 1.3679693
24800 1.4026623
24900 1.5031596
25000 1.4501007
25100 1.4784251
25200 1.3807597
25300 1.2997768
25400 1.3593783
25500 1.4895427
25600 1.426803
25700 1.5947597
25800 1.468746
25900 1.4933894
26000 1.4953
26100 1.4354297
26200 1.3667763
26300 1.418395
26400 1.482403
26500 1.409675
26600 1.5058079
26700 1.4614544
26800 1.3293022
26900 1.4744799
27000 1.463262
27100 1.4072025
27200 1.4663769
27300 1.3450897
27400 1.5189364
27500 1.3639383
27600 1.5584762
27700 1.3383479
27800 1.477154
27900 1.3726099
28000 1.3717256
28100 1.469252
28200 1.6426303
28300 1.3259434
28400 1.7190335
28500 1.418889
28600 1.5176066
28700 1.3545351
28800 1.6067472
28900 1.7177505
29000 1.3643484
29100 1.4976026
29200 1.4001096
29300 1.4312476
29400 1.3006556
29500 1.4841039
29600 1.6235883
29700 1.2953396
29800 1.4172659
29900 1.4228778
30000 1.510462
30100 1.3002104
30200 1.4695898
30300 1.311342
30400 1.58691
30500 1.4847479
