0 26.330704
100 10.623804
200 9.144679
300 8.442939
400 8.208819
500 7.546398
600 7.3703327
700 7.512344
800 7.8367343
900 7.503673
1000 6.9072156
1100 7.79976
1200 7.3463306
1300 6.977863
1400 7.2735796
1500 7.0871477
1600 7.119774
1700 7.269396
1800 6.7458887
1900 6.440691
2000 6.674189
2100 6.849619
2200 6.9229727
2300 6.0714865
2400 6.281635
2500 7.5663037
2600 6.340673
2700 6.5632477
2800 6.5968313
2900 6.22449
3000 6.761253
3100 6.701491
3200 6.465948
3300 5.8717456
3400 6.455331
3500 6.7957964
3600 6.0662537
3700 6.1360717
3800 6.9934244
3900 6.4032173
4000 6.5605946
4100 6.7016907
4200 6.365217
4300 6.2073307
4400 6.4689345
4500 6.4391394
4600 5.699915
4700 6.0537567
4800 6.030332
4900 5.951644
5000 6.159993
5100 6.5115185
5200 6.6350317
5300 6.5876217
5400 6.081838
5500 5.9150386
5600 6.260304
5700 6.6771927
5800 6.1108975
5900 5.8629904
6000 6.730004
6100 6.415673
6200 6.475895
6300 6.0284934
6400 6.397906
6500 6.074933
6600 5.6679835
6700 6.9565334
6800 6.4745765
6900 6.5627947
7000 6.3254766
7100 6.221384
7200 6.404706
7300 6.265545
7400 6.5913525
7500 6.210093
7600 6.51348
7700 6.1413145
7800 6.073082
7900 6.1553316
8000 5.8618355
8100 6.210268
8200 5.943108
8300 6.517648
8400 5.8522363
8500 6.4072666
8600 6.105918
8700 6.408731
8800 6.4030676
8900 6.199322
9000 6.3590384
9100 6.013107
9200 6.172061
9300 6.632766
9400 6.438383
9500 6.1947675
9600 5.972141
9700 5.988008
9800 5.779723
9900 6.845955
10000 6.5313644
10100 6.2232733
10200 6.3001623
10300 5.8514442
10400 6.2868147
10500 6.5721483
10600 6.7673483
10700 6.6689434
10800 5.5845327
10900 6.4544125
11000 6.141237
11100 6.4337125
11200 6.413363
11300 6.509316
11400 6.3622665
11500 6.56842
11600 5.9906006
11700 6.463516
11800 6.497299
11900 6.105833
12000 6.2008424
12100 6.116883
12200 5.6976905
12300 5.959441
12400 6.1680436
12500 6.74333
12600 5.7826476
12700 5.4438767
12800 6.1686964
12900 6.3009887
13000 6.521883
13100 6.3406944
13200 6.0194683
13300 6.6779385
13400 6.3044147
13500 6.415307
13600 6.2363124
13700 6.3531065
13800 6.4847
13900 6.078614
14000 5.9289885
14100 6.043246
14200 6.722613
14300 6.407694
14400 5.620191
14500 6.5712395
14600 6.340672
14700 5.8915634
14800 6.1194596
14900 6.4993277
15000 6.3968115
15100 5.453182
15200 5.985462
15300 5.839819
15400 6.6584673
15500 6.6828136
15600 6.144531
15700 6.334571
15800 6.6062894
15900 6.5402136
16000 5.975054
16100 6.037717
16200 6.1754203
16300 7.3935256
16400 6.149925
16500 6.5284195
16600 6.053021
16700 6.3199515
16800 6.435003
16900 7.003342
17000 6.0544524
17100 6.338869
17200 5.956247
17300 6.5684843
17400 6.548172
17500 5.9880204
17600 5.7853775
17700 6.3429866
17800 6.4272885
17900 6.1055536
18000 5.984499
18100 6.566776
18200 6.1207676
18300 6.6063914
18400 6.3028708
18500 6.009638
18600 6.332381
18700 6.0653725
18800 5.964835
18900 5.787136
19000 6.234251
19100 6.2933283
19200 6.323488
19300 6.2374063
19400 6.648825
19500 6.642543
19600 5.644179
19700 6.268146
19800 5.7487473
19900 6.535143
20000 6.8077564
20100 6.4495177
20200 6.244727
20300 5.9747205
20400 6.0353665
20500 6.513843
20600 6.311156
20700 6.2126055
20800 6.1016836
20900 6.5229287
21000 6.3486176
21100 6.06922
21200 6.3441205
21300 6.355238
21400 6.268864
21500 6.048537
21600 6.6320095
21700 5.757063
21800 6.1723914
21900 5.938833
22000 6.4693685
22100 6.410812
22200 6.22763
22300 6.2149544
22400 6.468644
22500 6.0921884
22600 6.1294947
22700 6.261357
22800 6.090205
22900 6.261518
23000 6.410662
23100 6.0873566
23200 6.662006
23300 5.933533
23400 5.7095838
23500 6.0316367
23600 6.4462867
23700 6.2681885
23800 5.922942
23900 6.2274
24000 6.417201
24100 6.3903117
24200 6.3296723
24300 6.566229
24400 6.2683463
24500 6.1158834
24600 6.173386
24700 6.1067686
24800 6.2879486
24900 6.295201
25000 5.8093996
25100 6.527199
25200 5.732438
25300 5.8469653
25400 6.0329113
25500 6.366034
25600 6.2320585
25700 6.260955
25800 6.431698
25900 6.5148406
26000 6.2501793
26100 6.182539
26200 5.942776
26300 6.0597186
26400 6.1473317
26500 6.0473695
26600 6.184629
26700 6.3863835
26800 6.366896
26900 6.1428494
27000 6.317116
27100 5.9981365
27200 6.163698
27300 6.340829
27400 6.5394373
27500 6.25443
27600 6.618932
27700 6.1338015
27800 6.035251
27900 6.067356
28000 6.369441
28100 6.5490704
28200 6.582177
28300 6.0292134
28400 7.154045
28500 6.32476
28600 6.372058
28700 6.069286
28800 6.704853
28900 6.803424
29000 6.0111876
29100 6.3558416
29200 6.495931
29300 6.3359685
29400 6.0334325
29500 6.212411
29600 6.0328655
29700 6.076756
29800 6.2987576
29900 6.328155
30000 6.631401
30100 6.02789
30200 6.117546
30300 6.0560374
30400 6.572867
30500 6.2769723
