0 0.09375
100 0.15625
200 0.09375
300 0.0
400 0.28125
500 0.0625
600 0.03125
700 0.0625
800 0.0625
900 0.0625
1000 0.09375
1100 0.0625
1200 0.125
1300 0.0625
1400 0.0
1500 0.125
1600 0.21875
1700 0.15625
1800 0.0625
1900 0.0625
2000 0.0625
2100 0.125
2200 0.09375
2300 0.1875
2400 0.09375
2500 0.125
2600 0.09375
2700 0.0625
2800 0.125
2900 0.0625
3000 0.09375
3100 0.0625
3200 0.09375
3300 0.09375
3400 0.15625
3500 0.03125
3600 0.0625
3700 0.09375
3800 0.15625
3900 0.03125
4000 0.0625
0 0.125
100 0.0625
200 0.125
300 0.15625
400 0.1875
0 0.15625
100 0.09375
200 0.0625
