0 4.49432
100 3.31039
200 3.32661
300 3.34992
400 2.83546
500 3.34111
600 3.33163
700 3.38125
800 3.36815
900 3.39108
1000 3.31366
1100 3.31435
1200 3.36472
1300 3.28962
1400 3.32495
1500 3.32716
1600 3.27948
1700 3.30361
1800 3.30899
1900 3.34885
2000 3.38611
2100 3.28742
2200 3.37187
2300 3.27497
2400 3.30733
2500 3.27745
2600 3.35969
2700 3.35179
2800 3.2891
2900 3.31019
3000 3.35887
3100 3.35915
3200 3.31073
3300 3.32983
3400 3.31879
3500 3.3684
3600 3.31821
3700 3.32731
3800 3.30025
3900 3.39376
4000 3.37735
0 150.483
100 nan
200 nan
300 nan
400 nan
0 136.693
100 nan
200 nan
