0 3.11523
100 2.29459
200 2.30583
300 2.32198
400 1.96539
500 2.31588
600 2.30931
700 2.34371
800 2.33463
900 2.35052
1000 2.29686
1100 2.29733
1200 2.33225
1300 2.28019
1400 2.30468
1500 2.30621
1600 2.27316
1700 2.28989
1800 2.29362
1900 2.32125
2000 2.34707
2100 2.27867
2200 2.3372
2300 2.27004
2400 2.29246
2500 2.27176
2600 2.32876
2700 2.32329
2800 2.27983
2900 2.29445
3000 2.32819
3100 2.32838
3200 2.29482
3300 2.30806
3400 2.30041
3500 2.3348
3600 2.30001
3700 2.30631
3800 2.28756
3900 2.35237
4000 2.341
0 104.307
100 nan
200 nan
300 nan
400 nan
0 94.7485
100 nan
200 nan
