0 6.27761
100 9.7695
200 9.88815
300 9.95383
400 7.89095
500 9.93333
600 9.97257
700 9.87788
800 9.86023
900 9.86418
1000 9.93186
1100 9.92291
1200 9.86078
1300 9.9045
1400 9.95874
1500 9.97393
1600 9.92383
1700 9.95173
1800 9.90592
1900 9.9312
2000 9.88181
2100 9.89651
2200 9.91378
2300 9.86849
2400 9.95445
2500 9.97045
2600 9.90996
2700 9.86675
2800 9.94834
2900 9.95358
3000 9.8926
3100 9.9607
3200 9.96054
3300 9.91308
3400 9.83544
3500 9.87966
3600 9.85377
3700 9.94035
3800 9.84885
3900 9.88994
4000 9.89006
0 1.03679
100 nan
200 nan
300 nan
400 nan
0 1.06119
100 nan
200 nan
