0 0.059375003
100 0.37187502
200 0.41250002
300 0.43124998
400 0.45312503
500 0.490625
600 0.509375
700 0.47500002
800 0.434375
900 0.51250005
1000 0.5
1100 0.45000005
1200 0.490625
1300 0.47812498
1400 0.51250005
1500 0.521875
1600 0.4375
1700 0.428125
1800 0.509375
1900 0.52187496
2000 0.515625
2100 0.5
2200 0.484375
2300 0.578125
2400 0.534375
2500 0.45000002
2600 0.515625
2700 0.52812505
2800 0.534375
2900 0.54687506
3000 0.465625
3100 0.47500005
3200 0.48125005
3300 0.571875
3400 0.50625
3500 0.47812504
3600 0.546875
3700 0.51875
3800 0.5031251
3900 0.471875
4000 0.528125
4100 0.49375
4200 0.54375
4300 0.56875
4400 0.584375
4500 0.496875
4600 0.546875
4700 0.51875
4800 0.609375
4900 0.55
5000 0.6375
5100 0.49062502
5200 0.496875
5300 0.478125
5400 0.5625
5500 0.63125
5600 0.55312496
5700 0.49687505
5800 0.48125005
5900 0.51250005
6000 0.47500002
6100 0.521875
6200 0.515625
6300 0.54375
6400 0.5
6500 0.54375
6600 0.58124995
6700 0.52500004
6800 0.49062505
6900 0.57187504
7000 0.4875
7100 0.5375
7200 0.525
7300 0.546875
7400 0.540625
7500 0.48437503
7600 0.49687502
7700 0.53125
7800 0.559375
7900 0.553125
8000 0.5968751
8100 0.553125
8200 0.54375
8300 0.55312496
8400 0.559375
8500 0.5125
8600 0.55937505
8700 0.57500005
8800 0.49062502
8900 0.503125
9000 0.57500005
9100 0.51250005
9200 0.503125
9300 0.52812505
9400 0.45937502
9500 0.54062504
9600 0.58437496
9700 0.609375
9800 0.553125
9900 0.5
10000 0.50625
10100 0.54687506
10200 0.6
10300 0.578125
10400 0.49375
10500 0.51875
10600 0.54375
10700 0.47812498
10800 0.621875
10900 0.578125
11000 0.565625
11100 0.55625004
11200 0.53125
11300 0.45937496
11400 0.5375
11500 0.49687502
11600 0.54375005
11700 0.4875
11800 0.509375
11900 0.546875
12000 0.54375
12100 0.521875
12200 0.525
12300 0.54687506
12400 0.51875
12500 0.48437503
12600 0.528125
12700 0.56250006
12800 0.49374998
12900 0.49375004
13000 0.478125
13100 0.5
13200 0.58125
13300 0.49375
13400 0.52187496
13500 0.51250005
13600 0.546875
13700 0.51875
13800 0.52187496
13900 0.509375
14000 0.51875
14100 0.54999995
14200 0.459375
14300 0.57187504
14400 0.52812505
14500 0.50000006
14600 0.52500004
14700 0.55937505
14800 0.55625004
14900 0.53125
15000 0.51875
15100 0.546875
15200 0.603125
15300 0.584375
15400 0.50937504
15500 0.49687502
15600 0.57187504
15700 0.56875
15800 0.5
15900 0.49687502
16000 0.565625
16100 0.55
16200 0.546875
16300 0.4
16400 0.528125
16500 0.525
16600 0.54375
16700 0.50624996
16800 0.528125
16900 0.47187498
17000 0.53125
17100 0.56874996
17200 0.54062504
17300 0.54062504
17400 0.52812505
17500 0.54062504
17600 0.578125
17700 0.55
