0 3.3236384
100 2.143361
200 1.9774542
300 1.7613263
400 1.780218
500 1.6411029
600 1.596949
700 1.697753
800 1.7616395
900 1.7693099
1000 1.6828988
1100 1.8063847
1200 1.7031779
1300 1.7944704
1400 1.6430247
1500 1.5856944
1600 1.6626134
1700 1.7795978
1800 1.5998995
1900 1.561323
2000 1.6054701
2100 1.6209915
2200 1.6866544
2300 1.4075503
2400 1.470346
2500 1.7742565
2600 1.5792663
2700 1.5578432
2800 1.6027224
2900 1.5038136
3000 1.6491939
3100 1.700697
3200 1.669116
3300 1.3506905
3400 1.5702015
3500 1.6635662
3600 1.6369718
3700 1.6037979
3800 1.660233
3900 1.7035717
4000 1.5867052
4100 1.6010647
4200 1.4534593
4300 1.3759825
4400 1.4715136
4500 1.5327417
4600 1.397136
4700 1.5168813
4800 1.2922614
4900 1.4490567
5000 1.2581671
5100 1.5738307
5200 1.7322251
5300 1.6646001
5400 1.4779148
5500 1.307123
5600 1.5483125
5700 1.4834288
5800 1.5937033
5900 1.6128136
6000 1.6351414
6100 1.6348201
6200 1.5737816
6300 1.610163
6400 1.7029084
6500 1.5051494
6600 1.3183614
6700 1.5042871
6800 1.6272156
6900 1.400764
7000 1.6005994
7100 1.4659735
7200 1.5019526
7300 1.5563463
7400 1.6088575
7500 1.5628719
7600 1.7408466
7700 1.393011
7800 1.4246422
7900 1.4889872
8000 1.4006864
8100 1.4450164
8200 1.5007834
8300 1.4905212
8400 1.4384812
8500 1.6750512
8600 1.4194669
8700 1.4768656
8800 1.7506273
8900 1.5782748
9000 1.4734828
9100 1.5478822
9200 1.5563146
9300 1.5592622
9400 1.7840801
9500 1.4946235
9600 1.3685902
9700 1.3007438
9800 1.4629102
9900 1.5762478
10000 1.6248176
10100 1.4838747
10200 1.2732632
10300 1.3318053
10400 1.5331771
10500 1.6456892
10600 1.5897949
10700 1.6085291
10800 1.3180578
10900 1.4444307
11000 1.4176068
11100 1.5592768
11200 1.5163759
11300 1.7530192
11400 1.6342428
11500 1.6300684
11600 1.5622892
11700 1.6465641
11800 1.6197315
11900 1.5115384
12000 1.4775051
12100 1.5094608
12200 1.462364
12300 1.4965055
12400 1.6133895
12500 1.6518703
12600 1.5615528
12700 1.4023606
12800 1.67989
12900 1.7100749
13000 1.7285739
13100 1.6618704
13200 1.386378
13300 1.6998743
13400 1.5592852
13500 1.5421512
13600 1.5100143
13700 1.5634143
13800 1.5252106
13900 1.6156723
14000 1.4966047
14100 1.5628738
14200 1.7270188
14300 1.4633969
14400 1.5577239
14500 1.7613263
14600 1.5590212
14700 1.4190631
14800 1.4696908
14900 1.5123193
15000 1.523867
15100 1.5379846
15200 1.3208584
15300 1.3992801
15400 1.5827094
15500 1.6899812
15600 1.518206
15700 1.535764
15800 1.7369256
15900 1.5832688
16000 1.4387292
16100 1.5059199
16200 1.5451055
16300 1.9325829
16400 1.5763695
16500 1.512029
16600 1.5022478
16700 1.610842
16800 1.5363216
16900 1.6436294
17000 1.4975718
17100 1.4912001
17200 1.5164162
17300 1.5263202
17400 1.4946012
17500 1.4214848
17600 1.258064
17700 1.4397668
