0 3.43423
100 1.08297
200 0.525614
300 0.40345
400 0.65941
500 0.154665
600 0.196106
700 0.156002
800 0.0907495
900 0.548326
1000 0.0546988
1100 0.151963
1200 0.296613
1300 0.0567902
1400 0.449935
1500 0.142446
1600 0.0791768
1700 0.301547
1800 0.181856
1900 0.705777
2000 0.0437137
2100 0.418422
2200 0.144481
2300 0.276515
2400 0.138319
2500 0.141092
2600 0.0290588
2700 0.329629
2800 0.00339982
2900 0.023156
3000 0.000919269
3100 0.0289521
3200 0.0321488
3300 0.0201511
3400 0.0038249
3500 0.342785
3600 0.452883
3700 0.143755
3800 0.226595
3900 0.000945487
4000 0.00211845
4100 0.795436
4200 0.219258
4300 0.0392166
4400 0.16415
4500 0.019023
4600 0.0155518
4700 0.528733
4800 0.106627
4900 0.00521759
5000 0.231339
5100 0.16138
5200 0.00811955
5300 0.200985
5400 0.134206
5500 8.83042e-05
5600 0.00692807
5700 0.21911
5800 0.000560555
5900 0.0366163
6000 0.00323925
6100 0.00115828
6200 0.097813
6300 0.00714337
6400 0.0035762
6500 0.00544181
6600 0.00522368
6700 0.0886418
6800 0.000609844
6900 0.00119073
7000 0.00104282
7100 0.000128032
7200 0.00612367
7300 0.00490755
7400 0.034596
7500 0.00600995
7600 0.00256811
7700 0.000366037
7800 0.00197037
7900 0.0142138
8000 0.0133883
8100 0.0156984
8200 0.00817831
8300 0.000278373
8400 0.167664
8500 0.00676633
8600 0.000559531
8700 0.00172549
8800 0.000144747
8900 0.00184057
9000 0.00693028
9100 0.00658767
9200 0.0513321
9300 0.00353655
9400 0.0222984
9500 0.00284483
9600 0.0187314
9700 0.143829
9800 0.000542366
9900 0.398598
10000 0.000311055
10100 0.00496025
10200 0.00282345
10300 3.89025e-05
10400 9.97381e-05
10500 0.000267621
10600 0.0027129
10700 0.0259034
10800 0.00192048
10900 0.0549992
11000 0.0106815
11100 0.000752183
11200 0.00105242
11300 0.000270976
11400 0.000428734
11500 0.0258725
11600 0.000175272
11700 0.0024401
11800 0.00658248
11900 0.00782296
12000 0.0126469
12100 0.0014727
12200 0.00321006
12300 0.0225092
12400 0.000629093
12500 0.00361029
12600 0.00109464
12700 7.58141e-05
12800 0.00662475
12900 0.00701231
13000 0.00211981
13100 0.00224093
13200 0.00491839
13300 0.000640072
13400 0.000171456
13500 0.00125767
13600 0.00167374
13700 0.00840308
13800 0.0028785
13900 0.00478445
14000 0.00211239
14100 0.00125911
14200 0.00414661
14300 0.00311118
14400 0.000264914
14500 0.0181628
14600 0.000698304
14700 0.00185274
14800 0.0444219
14900 0.00112015
15000 0.00110857
15100 0.00126886
15200 0.000166167
15300 0.0640652
15400 0.00127845
15500 0.000919051
15600 0.000480554
15700 0.00254879
15800 0.00258114
15900 0.00685107
16000 0.00939736
16100 0.00113142
16200 0.0232614
16300 0.000502307
16400 0.0025308
16500 0.00313305
16600 0.000498396
16700 0.00161918
16800 0.000588814
16900 0.00041913
17000 0.000270372
17100 0.000265725
17200 0.000876073
17300 2.97152e-05
17400 0.00111887
17500 0.00647319
17600 0.000714097
17700 0.00918898
17800 0.010042
17900 0.00019102
18000 0.00248448
18100 0.00221727
18200 0.000151289
18300 0.00416802
18400 0.000860011
18500 0.000839863
18600 0.000335966
18700 0.000279924
18800 0.0480446
18900 0.0101656
19000 0.0576155
19100 0.000394339
19200 9.52732e-05
19300 0.00140867
19400 0.00155636
19500 0.000460644
19600 0.00054312
19700 0.000826151
19800 0.00119994
19900 0.0039642
20000 0.000343612
20100 0.000187051
20200 0.000289502
20300 0.00132338
20400 0.00248855
20500 0.000575667
20600 0.0198105
20700 0.00075228
20800 0.00239676
20900 0.00238184
21000 0.000314722
21100 0.000440789
21200 0.000697095
21300 0.00147588
21400 8.36602e-05
21500 0.00222884
21600 0.000163652
21700 0.00231666
21800 0.00027062
21900 0.000250827
22000 0.00441257
22100 0.000140877
22200 0.00311941
22300 0.000879715
22400 0.00135881
22500 0.00109089
22600 0.000338307
22700 0.000905004
22800 0.000102692
22900 0.00029224
23000 0.0138187
23100 0.000211315
23200 0.000346314
23300 0.00103883
