0 2.38043
100 0.750658
200 0.364328
300 0.27965
400 0.457068
500 0.107206
600 0.13593
700 0.108132
800 0.0629027
900 0.380071
1000 0.0379143
1100 0.105333
1200 0.205596
1300 0.039364
1400 0.311871
1500 0.0987364
1600 0.0548811
1700 0.209017
1800 0.126053
1900 0.489207
2000 0.0303
2100 0.290028
2200 0.100147
2300 0.191666
2400 0.0958753
2500 0.0977973
2600 0.0201421
2700 0.228481
2800 0.00235658
2900 0.0160505
3000 0.000637189
3100 0.0200681
3200 0.0222838
3300 0.0139676
3400 0.00265122
3500 0.2376
3600 0.313915
3700 0.0996433
3800 0.157064
3900 0.000655362
4000 0.0014684
4100 0.551354
4200 0.151978
4300 0.0271829
4400 0.11378
4500 0.0131858
4600 0.0107797
4700 0.36649
4800 0.0739085
4900 0.00361656
5000 0.160352
5100 0.11186
5200 0.00562805
5300 0.139312
5400 0.0930245
5500 6.12078e-05
5600 0.00480217
5700 0.151875
5800 0.000388547
5900 0.0253805
6000 0.00224528
6100 0.000802859
6200 0.0677988
6300 0.00495141
6400 0.00247883
6500 0.00377198
6600 0.00362078
6700 0.0614418
6800 0.000422712
6900 0.00082535
7000 0.000722827
7100 8.87449e-05
7200 0.0042446
7300 0.00340166
7400 0.0239801
7500 0.00416578
7600 0.00178008
7700 0.000253717
7800 0.00136575
7900 0.00985228
8000 0.00928008
8100 0.0108813
8200 0.00566877
8300 0.000192954
8400 0.116216
8500 0.00469006
8600 0.000387837
8700 0.00119602
8800 0.000100331
8900 0.00127578
9000 0.00480371
9100 0.00456622
9200 0.0355807
9300 0.00245135
9400 0.0154561
9500 0.00197189
9600 0.0129836
9700 0.099695
9800 0.000375939
9900 0.276287
10000 0.000215607
10100 0.00343819
10200 0.00195707
10300 2.69651e-05
10400 6.91332e-05
10500 0.000185501
10600 0.00188044
10700 0.0179549
10800 0.00133117
10900 0.0381226
11000 0.00740383
11100 0.000521374
11200 0.000729483
11300 0.000187826
11400 0.000297176
11500 0.0179335
11600 0.000121489
11700 0.00169135
11800 0.00456263
11900 0.00542246
12000 0.00876613
12100 0.0010208
12200 0.00222504
12300 0.0156022
12400 0.000436054
12500 0.00250246
12600 0.000758747
12700 5.25504e-05
12800 0.00459193
12900 0.00486057
13000 0.00146934
13100 0.00155329
13200 0.00340917
13300 0.000443664
13400 0.000118844
13500 0.000871747
13600 0.00116015
13700 0.00582457
13800 0.00199522
13900 0.00331632
14000 0.0014642
14100 0.000872748
14200 0.00287421
14300 0.00215651
14400 0.000183624
14500 0.0125895
14600 0.000484027
14700 0.00128422
14800 0.0307909
14900 0.000776429
15000 0.000768403
15100 0.00087951
15200 0.000115178
15300 0.0444066
15400 0.000886153
15500 0.000637038
15600 0.000333095
15700 0.00176668
15800 0.00178911
15900 0.0047488
16000 0.00651375
16100 0.000784239
16200 0.0161235
16300 0.000348173
16400 0.00175422
16500 0.00217166
16600 0.000345462
16700 0.00112233
16800 0.000408135
16900 0.000290519
17000 0.000187408
17100 0.000184187
17200 0.000607247
17300 2.0597e-05
17400 0.000775544
17500 0.00448687
17600 0.000494974
17700 0.00636932
17800 0.00696059
17900 0.000132405
18000 0.00172211
18100 0.00153689
18200 0.000104866
18300 0.00288905
18400 0.000596114
18500 0.000582149
18600 0.000232874
18700 0.000194029
18800 0.033302
18900 0.00704624
19000 0.039936
19100 0.000273335
19200 6.60384e-05
19300 0.000976415
19400 0.00107879
19500 0.000319294
19600 0.000376462
19700 0.000572645
19800 0.000831739
19900 0.00274778
20000 0.000238174
20100 0.000129654
20200 0.000200667
20300 0.0009173
20400 0.00172493
20500 0.000399022
20600 0.0137316
20700 0.000521441
20800 0.00166131
20900 0.00165096
21000 0.000218148
21100 0.000305532
21200 0.00048319
21300 0.001023
21400 5.79888e-05
21500 0.00154492
21600 0.000113435
21700 0.00160578
21800 0.00018758
21900 0.00017386
22000 0.00305856
22100 9.76482e-05
22200 0.00216221
22300 0.000609772
22400 0.000941855
22500 0.000756147
22600 0.000234497
22700 0.000627301
22800 7.11806e-05
22900 0.000202566
23000 0.0095784
23100 0.000146472
23200 0.000240047
23300 0.000720065
