0 9.68662
100 3.27553
200 1.5279
300 1.23761
400 1.31591
500 1.26711
600 1.34044
700 1.27118
800 1.21538
900 1.22297
1000 1.05646
1100 1.10082
1200 1.20894
1300 1.10814
1400 1.17777
1500 1.02745
1600 1.18472
1700 1.21629
1800 1.08985
1900 1.23189
2000 1.13383
2100 1.01039
2200 1.17743
2300 1.14646
2400 1.10552
2500 1.04052
2600 1.04849
2700 1.05732
2800 1.01326
2900 1.05471
3000 1.00464
3100 1.06664
3200 1.0697
3300 1.0461
3400 1.01279
3500 1.03131
3600 1.04637
3700 1.00777
3800 1.09559
3900 1.00432
4000 1.00819
4100 1.00698
4200 1.03189
4300 1.05453
4400 1.00624
4500 1.03621
4600 1.03544
4700 1.02067
4800 1.02813
4900 1.01879
5000 1.20938
5100 1.07704
5200 1.02239
5300 1.01379
5400 1.01749
5500 1.00053
5600 1.01921
5700 1.03294
5800 1.00259
5900 1.07188
6000 1.01173
6100 1.00432
6200 1.02032
6300 1.02407
6400 1.01117
6500 1.01663
6600 1.02
6700 1.03054
6800 1.00331
6900 1.00551
7000 1.00402
7100 1.00077
7200 1.02015
7300 1.01693
7400 1.08739
7500 1.01484
7600 1.00983
7700 1.00208
7800 1.00754
7900 1.03889
8000 1.03612
8100 1.03904
8200 1.02428
8300 1.00154
8400 1.02465
8500 1.0169
8600 1.00291
8700 1.00612
8800 1.00092
8900 1.00657
9000 1.01725
9100 1.02182
9200 1.04278
9300 1.01278
9400 1.05362
9500 1.00962
9600 1.03461
9700 1.00909
9800 1.00236
9900 1.02358
10000 1.00149
10100 1.01632
10200 1.00947
10300 1.00028
10400 1.00064
10500 1.00132
10600 1.00968
10700 1.04286
10800 1.00738
10900 1.03052
11000 1.02445
11100 1.00364
11200 1.00468
11300 1.0014
11400 1.00226
11500 1.05107
11600 1.001
11700 1.00745
11800 1.02273
11900 1.02348
12000 1.02404
12100 1.00682
12200 1.01177
12300 1.06317
12400 1.00287
12500 1.0141
12600 1.00493
12700 1.00042
12800 1.02507
12900 1.02101
13000 1.00765
13100 1.00817
13200 1.01595
13300 1.00328
13400 1.00099
13500 1.00515
13600 1.00673
13700 1.02096
13800 1.0119
13900 1.01339
14000 1.00803
14100 1.00525
14200 1.01581
14300 1.01187
14400 1.00149
14500 1.0507
14600 1.00309
14700 1.00597
14800 1.04001
14900 1.00477
15000 1.00508
15100 1.00487
15200 1.001
15300 1.0284
15400 1.00452
15500 1.00421
15600 1.00256
15700 1.00944
15800 1.00992
15900 1.01593
16000 1.02371
16100 1.00532
16200 1.04623
16300 1.00252
16400 1.01042
16500 1.01234
16600 1.00229
16700 1.00684
16800 1.00295
16900 1.00213
17000 1.00152
17100 1.00138
17200 1.00415
17300 1.0002
17400 1.00576
17500 1.02343
17600 1.00386
17700 1.02682
17800 1.0218
17900 1.00109
18000 1.00942
18100 1.01006
18200 1.00085
18300 1.01296
18400 1.00365
18500 1.0044
18600 1.00181
18700 1.00146
18800 1.03528
18900 1.02769
19000 1.06226
19100 1.00208
19200 1.00062
19300 1.00583
19400 1.00717
19500 1.00234
19600 1.00246
19700 1.00408
19800 1.00462
19900 1.01343
20000 1.00182
20100 1.00117
20200 1.00154
20300 1.00611
20400 1.00956
20500 1.00244
20600 1.0303
20700 1.00375
20800 1.01018
20900 1.0092
21000 1.00173
21100 1.00212
21200 1.00343
21300 1.00636
21400 1.00044
21500 1.00825
21600 1.00096
21700 1.00893
21800 1.00145
21900 1.00128
22000 1.01737
22100 1.00093
22200 1.011
22300 1.00398
22400 1.00605
22500 1.0043
22600 1.00168
22700 1.0044
22800 1.00062
22900 1.0015
23000 1.02933
23100 1.00116
23200 1.00191
23300 1.00465
