0 5.812693
100 0.16362083
200 0.12961905
300 0.4228089
400 0.1655856
500 0.37719834
600 0.06097237
700 0.11469435
800 0.154098
900 0.26183653
1000 0.04927354
1100 0.06833121
1200 0.17543809
1300 0.15301046
1400 0.36214256
1500 0.37714455
1600 0.21247435
1700 0.11566117
1800 0.024715772
1900 0.023363946
2000 0.06885196
2100 0.17961073
2200 0.0042575393
2300 0.024420045
2400 0.047998432
2500 0.15946795
2600 0.017645068
2700 0.09149901
2800 0.025348008
2900 0.15592349
3000 0.033074565
3100 0.35971376
3200 0.02967376
3300 0.07549802
3400 0.082495786
3500 0.014497799
3600 0.04563262
3700 0.046710003
3800 0.0144148115
3900 0.06724031
4000 0.124498636
4100 0.21891169
4200 0.013852705
4300 0.008911575
4400 0.030101618
4500 0.17605022
4600 0.23382738
4700 0.049061555
4800 0.010558446
4900 0.005533874
5000 0.026784895
5100 0.13668075
5200 0.018434262
5300 0.041581053
5400 0.013308364
5500 0.07442931
5600 0.08160194
5700 0.017707868
5800 0.038781825
5900 0.017239334
6000 0.030165287
6100 0.001411469
6200 0.013622489
6300 0.142739
6400 0.009961301
6500 0.08812612
6600 0.008352257
6700 0.0053503327
6800 0.016220909
6900 0.021252898
7000 0.05675067
7100 0.014798308
7200 0.005578304
7300 0.014622707
7400 0.01972888
7500 0.0013691299
7600 0.0044148765
7700 0.0031483776
7800 0.003127728
7900 0.008679932
8000 0.011418477
8100 0.018171763
8200 0.011298983
8300 0.009465419
8400 0.0025798967
8500 0.010470471
8600 0.0018382593
8700 0.011420535
8800 0.0034002042
8900 0.010898288
9000 0.0068458444
9100 0.06924766
9200 0.02435274
9300 0.008750706
9400 0.004969355
9500 0.0032745453
9600 0.008002385
9700 0.011294893
9800 0.015627626
9900 0.0071878713
10000 0.0042184344
10100 0.021964176
10200 0.0027435964
10300 0.00857841
10400 0.0074318014
10500 0.0048738364
10600 0.00047440574
10700 0.016791366
10800 0.008593815
10900 0.021814713
11000 0.004921001
11100 0.004280767
11200 0.0034348823
11300 0.009124917
11400 0.02539596
11500 0.00023124584
11600 0.018503528
11700 0.018325975
11800 0.00642659
11900 0.00093837804
12000 0.010122688
12100 0.007990356
12200 0.007462735
12300 0.0045619225
12400 0.00056765013
12500 0.0019188932
12600 0.0017917722
12700 0.0013384605
12800 0.0031360264
12900 0.006218059
13000 0.0075037507
13100 0.012271672
13200 0.007890979
13300 0.0016667437
13400 0.0030962254
13500 0.0010108469
13600 0.00051397266
13700 0.0006154956
13800 0.007894662
13900 0.0031185106
14000 0.002786388
14100 0.0008660356
14200 0.006060705
14300 0.0008143576
14400 0.0026365768
14500 0.01499812
14600 0.0025420303
14700 0.00064007286
14800 0.0035314858
14900 0.0038595158
