0 3.82401
100 1.4756137
200 1.2061698
300 1.4200156
400 1.3873124
500 1.2739935
600 1.2018461
700 1.2970083
800 1.3313118
900 1.5058302
1000 1.1184896
1100 1.1563034
1200 1.2758845
1300 1.2349163
1400 1.1617887
1500 1.2037458
1600 1.3783927
1700 1.1710217
1800 1.0820804
1900 1.0750775
2000 1.097899
2100 1.168519
2200 1.0191271
2300 1.0754087
2400 1.1337895
2500 1.1365715
2600 1.0602181
2700 1.1688628
2800 1.0879257
2900 1.2022967
3000 1.1108915
3100 1.2651188
3200 1.0953164
3300 1.1377344
3400 1.1054537
3500 1.050647
3600 1.1421726
3700 1.0819229
3800 1.0576285
3900 1.0799673
4000 1.0557728
4100 1.0518963
4200 1.0535158
4300 1.03355
4400 1.0956426
4500 1.1071715
4600 1.0350732
4700 1.1149675
4800 1.0426809
4900 1.0233412
5000 1.0861742
5100 1.0290499
5200 1.0598118
5300 1.0623022
5400 1.0446482
5500 1.1810548
5600 1.1880254
5700 1.0429428
5800 1.056282
5900 1.0535204
6000 1.0828693
6100 1.0076156
6200 1.0490236
6300 1.0773015
6400 1.0363984
6500 1.1007893
6600 1.029327
6700 1.0184796
6800 1.0466473
6900 1.0729413
7000 1.0864236
7100 1.0473561
7200 1.0223496
7300 1.0391734
7400 1.0683627
7500 1.0065792
7600 1.016856
7700 1.0123968
7800 1.0116487
7900 1.036132
8000 1.0357761
8100 1.0550479
8200 1.0366576
8300 1.0324459
8400 1.0126455
8500 1.0344334
8600 1.0087129
8700 1.0362151
8800 1.0125089
8900 1.037852
9000 1.0243167
9100 1.0512239
9200 1.0587761
9300 1.0308571
9400 1.0189272
9500 1.0142174
9600 1.026412
9700 1.0354735
9800 1.0504371
9900 1.0271612
10000 1.0155208
10100 1.059237
10200 1.0129704
10300 1.0290174
10400 1.0296068
10500 1.0143613
10600 1.0027215
10700 1.0424249
10800 1.0341992
10900 1.0447993
11000 1.0181704
11100 1.0146878
11200 1.0135127
11300 1.0333936
11400 1.0658784
11500 1.0015055
11600 1.0577049
11700 1.0629053
11800 1.0213368
11900 1.0049275
12000 1.030762
12100 1.0280229
12200 1.022177
12300 1.015867
12400 1.0030569
12500 1.008081
12600 1.0078359
12700 1.0057312
12800 1.0131952
12900 1.0222316
13000 1.027497
13100 1.0404414
13200 1.025537
13300 1.0083363
13400 1.0113908
13500 1.0051517
13600 1.0029118
13700 1.0034746
13800 1.0261503
13900 1.0123832
14000 1.010904
14100 1.0044726
14200 1.023948
14300 1.0044221
14400 1.010679
14500 1.0486994
14600 1.0105916
14700 1.0035433
14800 1.0146598
14900 1.0140471
