0 0.025
100 0.15625001
200 0.3875
300 0.46875003
400 0.453125
500 0.540625
600 0.540625
700 0.5125
800 0.48125005
900 0.48437503
1000 0.478125
1100 0.43437502
1200 0.48125005
1300 0.47500002
1400 0.54062504
1500 0.5375
1600 0.48437506
1700 0.46562502
1800 0.51250005
1900 0.515625
2000 0.528125
2100 0.525
2200 0.490625
2300 0.57187504
2400 0.509375
2500 0.475
2600 0.553125
2700 0.54375
2800 0.54687506
2900 0.515625
3000 0.51875
3100 0.48437506
3200 0.496875
3300 0.603125
3400 0.503125
3500 0.503125
3600 0.534375
3700 0.51875
3800 0.49687505
3900 0.46562505
4000 0.54062504
4100 0.51562506
4200 0.56249994
4300 0.58750004
4400 0.58437496
4500 0.52500004
4600 0.578125
4700 0.56875
4800 0.63125
4900 0.55312496
5000 0.62812495
5100 0.51875
5200 0.49687502
5300 0.5375
5400 0.53125
5500 0.62812495
5600 0.54062504
5700 0.515625
5800 0.484375
5900 0.5125
6000 0.52500004
6100 0.50312495
6200 0.509375
6300 0.55
6400 0.5125
6500 0.54999995
6600 0.57187504
6700 0.5
6800 0.5
6900 0.575
7000 0.521875
7100 0.55625
7200 0.578125
7300 0.57500005
7400 0.546875
7500 0.52812505
7600 0.47187504
7700 0.58437496
7800 0.559375
7900 0.55937505
8000 0.6
8100 0.578125
8200 0.571875
8300 0.58437496
8400 0.590625
8500 0.50624996
8600 0.5625
8700 0.56875
8800 0.5
8900 0.54375
9000 0.571875
9100 0.56250006
9200 0.55625
9300 0.5375
9400 0.5
9500 0.58124995
9600 0.60312504
9700 0.60625
9800 0.571875
9900 0.553125
10000 0.509375
10100 0.575
10200 0.6125
10300 0.57812506
10400 0.5375
10500 0.52500004
10600 0.5375
10700 0.50625
10800 0.625
10900 0.58750004
11000 0.59375006
11100 0.559375
11200 0.540625
11300 0.49687505
11400 0.5375
11500 0.521875
11600 0.559375
11700 0.51250005
11800 0.55625
11900 0.5625
12000 0.54062504
12100 0.521875
12200 0.52500004
12300 0.54375005
12400 0.54062504
12500 0.48125002
12600 0.56875
12700 0.57187504
12800 0.55937505
12900 0.5375
13000 0.509375
13100 0.53749996
13200 0.6
13300 0.51875
13400 0.53125
13500 0.5500001
13600 0.54375
13700 0.54375
13800 0.53125
13900 0.52812505
14000 0.575
14100 0.553125
14200 0.49687502
14300 0.59062505
14400 0.56875
14500 0.490625
14600 0.546875
14700 0.534375
14800 0.5625
14900 0.553125
15000 0.55312496
15100 0.578125
15200 0.60625
15300 0.55937505
15400 0.5125
15500 0.55
15600 0.575
15700 0.559375
15800 0.48125002
15900 0.528125
16000 0.58437496
16100 0.578125
16200 0.553125
16300 0.4875
16400 0.56875
16500 0.55937505
16600 0.578125
16700 0.546875
16800 0.52500004
16900 0.47500002
17000 0.565625
17100 0.59375
17200 0.54375
17300 0.55
17400 0.546875
17500 0.565625
17600 0.590625
17700 0.571875
17800 0.51875
17900 0.5125
18000 0.571875
18100 0.49687505
18200 0.59999996
18300 0.50625
18400 0.528125
18500 0.59999996
18600 0.53125
18700 0.521875
18800 0.5875
18900 0.6125
19000 0.60625
19100 0.53437495
19200 0.5875
19300 0.56875
19400 0.515625
19500 0.546875
19600 0.596875
19700 0.54375
