0 4.7558737
100 4.160131
200 3.0856092
300 2.5419633
400 2.5322347
500 2.2059474
600 2.1725135
700 2.444096
800 2.4811156
900 2.5087028
1000 2.3525088
1100 2.610861
1200 2.4058893
1300 2.49414
1400 2.2783623
1500 2.2372854
1600 2.2781174
1700 2.494026
1800 2.300951
1900 2.252342
2000 2.2719896
2100 2.2979317
2200 2.3952143
2300 2.0552022
2400 2.2701962
2500 2.4981802
2600 2.2359326
2700 2.199604
2800 2.2791276
2900 2.17397
3000 2.343056
3100 2.3508792
3200 2.3302774
3300 1.9254445
3400 2.2751124
3500 2.3034296
3600 2.3246558
3700 2.2674894
3800 2.3577087
3900 2.455766
4000 2.2523599
4100 2.2874403
4200 2.0522318
4300 1.9438555
4400 2.0706115
4500 2.180969
4600 1.8699626
4700 2.0636926
4800 1.860442
4900 1.9403962
5000 1.843676
5100 2.1871703
5200 2.4189863
5300 2.297333
5400 2.1095018
5500 1.798792
5600 2.1005697
5700 1.9946039
5800 2.2694626
5900 2.1635005
6000 2.2409208
6100 2.2467163
6200 2.2416952
6300 2.1936662
6400 2.2469175
6500 2.1448178
6600 1.8062243
6700 2.187007
6800 2.2923813
6900 1.9677371
7000 2.2425194
7100 2.0444567
7200 2.039271
7300 2.1759784
7400 2.2592347
7500 2.201914
7600 2.4977465
7700 1.9541993
7800 1.9502523
7900 2.10525
8000 1.9613193
8100 2.0002089
8200 2.09787
8300 2.0484478
8400 1.9819423
8500 2.320418
8600 1.9844238
8700 2.051895
8800 2.3492322
8900 2.1514196
9000 2.0601015
9100 2.1203272
9200 2.1504505
9300 2.23515
9400 2.3882098
9500 2.0669327
9600 1.9502059
9700 1.852735
9800 1.9673487
9900 2.2518203
10000 2.2295218
10100 2.0542161
10200 1.8260989
10300 1.8268814
10400 2.1478422
10500 2.3909392
10600 2.2102003
10700 2.2337787
10800 1.8191229
10900 2.0273569
11000 2.0021834
11100 2.1220875
11200 2.130141
11300 2.3525062
11400 2.2119768
11500 2.1979816
11600 2.1217532
11700 2.2944062
11800 2.2598376
11900 2.14956
12000 2.0738304
12100 2.1078014
12200 2.0872488
12300 2.0673065
12400 2.1654236
12500 2.3868206
12600 2.1770482
12700 1.9225868
12800 2.1323378
12900 2.336228
13000 2.4544668
13100 2.193516
13200 1.8981384
13300 2.3383005
13400 2.2070951
13500 2.1179583
13600 2.1754954
13700 2.2417662
13800 2.1395373
13900 2.1539297
14000 2.002916
14100 2.0506053
14200 2.414688
14300 1.9911631
14400 2.1759079
14500 2.3945405
14600 2.2216291
14700 2.0957885
14800 2.0261984
14900 2.1302996
15000 2.09346
15100 1.994213
15200 1.7874697
15300 2.0168588
15400 2.1921651
15500 2.2853663
15600 2.0852761
15700 2.099716
15800 2.5020673
15900 2.261696
16000 1.9445194
16100 2.1209645
16200 2.2012
16300 2.6809666
16400 2.1229813
16500 2.128901
16600 1.9587259
16700 2.3285086
16800 2.161346
16900 2.3013256
17000 2.0338602
17100 2.0199146
17200 2.0926905
17300 2.171917
17400 2.0262675
17500 1.8711596
17600 1.8341353
17700 1.9939927
17800 2.1991458
17900 2.2295818
18000 2.1301496
18100 2.3520312
18200 2.069247
18300 2.31802
18400 2.170897
18500 1.8889719
18600 2.1488957
18700 2.2667816
18800 1.9952857
18900 1.8755581
19000 1.9291916
19100 2.0675862
19200 2.043611
19300 2.1672812
19400 2.1426876
19500 2.2524283
19600 2.0253856
19700 2.0987415
