0 3.2965205
100 2.883583
200 2.1387813
300 1.7619547
400 1.7552114
500 1.5290463
600 1.5058715
700 1.6941183
800 1.7197783
900 1.7389003
1000 1.6306348
1100 1.809711
1200 1.6676353
1300 1.728806
1400 1.5792403
1500 1.5507681
1600 1.5790707
1700 1.7287271
1800 1.5948977
1900 1.5612046
2000 1.5748231
2100 1.5928049
2200 1.6602361
2300 1.4245576
2400 1.5735801
2500 1.7316065
2600 1.5498304
2700 1.5246494
2800 1.5797709
2900 1.5068812
3000 1.6240826
3100 1.6295053
3200 1.6152253
3300 1.3346164
3400 1.5769877
3500 1.5966157
3600 1.6113286
3700 1.5717039
3800 1.6342392
3900 1.7022073
4000 1.561217
4100 1.5855328
4200 1.4224987
4300 1.347378
4400 1.4352385
4500 1.5117326
4600 1.2961593
4700 1.4304427
4800 1.2895602
4900 1.3449801
5000 1.2779388
5100 1.5160309
5200 1.6767136
5300 1.59239
5400 1.4621953
5500 1.2468276
5600 1.4560039
5700 1.382554
5800 1.5730716
5900 1.4996243
6000 1.5532879
6100 1.5573051
6200 1.5538247
6300 1.5205336
6400 1.5574445
6500 1.4866744
6600 1.2519794
6700 1.5159178
6800 1.5889577
6900 1.3639314
7000 1.5543959
7100 1.4171095
7200 1.4135151
7300 1.5082734
7400 1.5659822
7500 1.5262506
7600 1.731306
7700 1.3545477
7800 1.3518119
7900 1.4592481
8000 1.359483
8100 1.3864392
8200 1.4541327
8300 1.4198759
8400 1.3737777
8500 1.6083912
8600 1.3754977
8700 1.4222652
8800 1.6283636
8900 1.4912505
9000 1.4279536
9100 1.4696988
9200 1.4905787
9300 1.5492879
9400 1.655381
9500 1.4326886
9600 1.3517797
9700 1.2842181
9800 1.3636622
9900 1.560843
10000 1.5453868
10100 1.4238741
10200 1.2657553
10300 1.2662977
10400 1.4887707
10500 1.6572728
10600 1.5319941
10700 1.5483375
10800 1.2609199
10900 1.4052567
11000 1.3878078
11100 1.4709189
11200 1.4765012
11300 1.630633
11400 1.5332254
11500 1.5235248
11600 1.4706873
11700 1.5903612
11800 1.5664
11900 1.4899614
12000 1.4374696
12100 1.4610167
12200 1.4467705
12300 1.4329476
12400 1.5009573
12500 1.6544179
12600 1.5090148
12700 1.3326356
12800 1.478024
12900 1.6193497
13000 1.7013067
13100 1.5204294
13200 1.3156893
13300 1.6207864
13400 1.5298418
13500 1.4680568
13600 1.5079385
13700 1.553874
13800 1.4830142
13900 1.4929903
14000 1.3883157
14100 1.4213712
14200 1.6737342
14300 1.3801692
14400 1.5082244
14500 1.659769
14600 1.5399159
14700 1.4526899
14800 1.4044538
14900 1.4766111
15000 1.4510759
15100 1.3822831
15200 1.2389796
15300 1.39798
15400 1.5194931
15500 1.5840952
15600 1.4454033
15700 1.4554121
15800 1.734301
15900 1.5676882
16000 1.3478382
16100 1.4701406
16200 1.5257555
16300 1.8583045
16400 1.4715385
16500 1.4756417
16600 1.3576853
16700 1.6139991
16800 1.4981308
16900 1.5951574
17000 1.4097645
17100 1.4000982
17200 1.4505424
17300 1.5054581
17400 1.4045017
17500 1.296989
17600 1.2713257
17700 1.3821304
17800 1.5243317
17900 1.5454284
18000 1.4765072
18100 1.6303039
18200 1.4342928
18300 1.606729
18400 1.5047511
18500 1.3093356
18600 1.489501
18700 1.5712132
18800 1.3830267
18900 1.3000379
19000 1.3372138
19100 1.4331415
19200 1.4165232
19300 1.5022448
19400 1.4851978
19500 1.5612643
19600 1.4038904
19700 1.4547368
