0 26.998684
100 18.631721
200 10.345533
300 8.469662
400 8.124569
500 7.07751
600 7.122697
700 7.4513216
800 7.457105
900 7.548441
1000 6.722438
1100 7.387761
1200 7.7115965
1300 6.895403
1400 7.044322
1500 6.7770367
1600 6.887436
1700 7.2272277
1800 6.596776
1900 6.5871134
2000 6.6290627
2100 6.9813366
2200 6.9328623
2300 6.266844
2400 6.5145617
2500 7.445747
2600 6.3805723
2700 6.6929674
2800 6.4528685
2900 6.4242077
3000 6.456115
3100 6.6393566
3200 6.509467
3300 6.1726604
3400 6.6955843
3500 6.6694155
3600 6.156404
3700 6.3740544
3800 6.8504033
3900 6.628446
4000 6.772602
4100 6.8402615
4200 6.2874007
4300 6.3429656
4400 6.342045
4500 6.5264845
4600 5.6611133
4700 6.2685947
4800 5.9200163
4900 6.1530437
5000 6.30305
5100 6.6487
5200 6.5808673
5300 6.3039
5400 6.20178
5500 5.9987783
5600 6.139515
5700 6.5149336
5800 6.2519827
5900 5.9257836
6000 6.8840055
6100 6.44269
6200 6.464299
6300 6.150321
6400 6.5621176
6500 6.146453
6600 5.745634
6700 6.596097
6800 6.610695
6900 6.3332725
7000 6.51317
7100 6.3511043
7200 6.362228
7300 6.434104
7400 6.3120904
7500 6.254633
7600 6.904477
7700 6.1670413
7800 6.0581617
7900 6.20074
8000 5.934936
8100 6.1107097
8200 6.19218
8300 6.1576853
8400 5.9243712
8500 6.5008473
8600 6.235058
8700 6.4282913
8800 6.4882326
8900 6.296593
9000 6.41898
9100 5.7947083
9200 6.188838
9300 6.642642
9400 6.4382534
9500 6.130533
9600 5.9557385
9700 5.939613
9800 5.905025
9900 6.3732734
10000 6.464141
10100 6.172927
10200 6.1805487
10300 5.783121
10400 6.3366385
10500 6.574555
10600 6.508418
10700 6.665946
10800 5.790207
10900 6.531928
11000 6.130174
11100 6.544514
11200 6.2784877
11300 6.4559803
11400 6.330574
11500 6.6417475
11600 6.0972314
11700 6.637309
11800 6.501108
11900 6.1289525
12000 6.1785045
12100 6.389966
12200 5.8377266
12300 6.1174607
12400 6.171213
12500 6.8115926
12600 6.006344
12700 5.700358
12800 6.1825366
12900 6.4257107
13000 6.901125
13100 6.241616
13200 5.972916
13300 6.8097167
13400 6.3779187
13500 6.542305
13600 6.0784516
13700 6.3040643
13800 6.356435
13900 6.1816134
14000 5.973498
14100 6.173647
14200 6.8347697
14300 6.4220514
14400 5.544146
14500 6.6139884
14600 6.246655
14700 6.05722
14800 6.196259
14900 6.4364896
15000 6.330655
15100 5.630342
15200 6.018278
15300 5.915174
15400 6.728547
15500 6.549811
15600 6.1955967
15700 6.342613
15800 6.802823
15900 6.8299108
16000 5.913149
16100 6.0594993
16200 6.173691
16300 7.473808
16400 6.113814
16500 6.6691337
16600 5.967928
16700 6.388828
16800 6.82273
16900 6.9534082
17000 6.2886744
17100 6.287053
17200 6.080412
17300 6.63165
17400 6.4927454
17500 5.976755
17600 5.8387046
17700 6.2625456
17800 6.387907
17900 6.0725465
18000 6.12851
18100 6.686816
18200 6.1609163
18300 6.6492834
18400 6.2762103
18500 6.044457
18600 6.398052
18700 6.2019897
18800 6.054196
18900 5.789624
19000 6.16028
19100 6.486231
19200 6.3525662
19300 6.33917
19400 6.737063
19500 6.730844
19600 5.908931
19700 6.3370543
