0 0.0625
100 0.3125
200 0.5625
300 0.46875
400 0.5
500 0.4375
600 0.5
700 0.40625
800 0.6875
900 0.4375
1000 0.53125
1100 0.375
1200 0.625
1300 0.5
1400 0.4375
1500 0.34375
1600 0.8125
1700 0.625
1800 0.53125
1900 0.53125
2000 0.5625
2100 0.5
2200 0.4375
2300 0.4375
2400 0.625
2500 0.40625
2600 0.5625
2700 0.65625
2800 0.53125
2900 0.46875
3000 0.53125
3100 0.53125
3200 0.65625
3300 0.59375
3400 0.5625
3500 0.6875
3600 0.625
3700 0.4375
3800 0.5
3900 0.5625
4000 0.625
4100 0.59375
4200 0.375
4300 0.625
4400 0.5625
4500 0.625
4600 0.71875
4700 0.46875
4800 0.59375
4900 0.5
5000 0.625
5100 0.59375
5200 0.59375
5300 0.5
5400 0.53125
5500 0.71875
5600 0.53125
5700 0.65625
5800 0.6875
5900 0.59375
6000 0.65625
6100 0.71875
6200 0.6875
6300 0.46875
6400 0.65625
6500 0.65625
6600 0.6875
6700 0.65625
6800 0.53125
6900 0.59375
7000 0.625
7100 0.6875
7200 0.53125
7300 0.53125
7400 0.75
7500 0.71875
7600 0.71875
7700 0.6875
7800 0.5625
7900 0.5625
8000 0.5625
8100 0.6875
8200 0.625
8300 0.65625
8400 0.65625
8500 0.78125
8600 0.71875
8700 0.53125
8800 0.625
8900 0.4375
9000 0.53125
9100 0.6875
9200 0.71875
9300 0.625
9400 0.59375
9500 0.65625
9600 0.53125
9700 0.65625
9800 0.5625
9900 0.53125
10000 0.71875
10100 0.65625
10200 0.5625
10300 0.46875
10400 0.65625
10500 0.6875
10600 0.65625
10700 0.625
10800 0.71875
10900 0.65625
11000 0.84375
11100 0.65625
11200 0.75
11300 0.71875
11400 0.6875
11500 0.6875
11600 0.75
11700 0.5625
11800 0.71875
11900 0.8125
12000 0.53125
12100 0.875
12200 0.6875
12300 0.6875
12400 0.8125
12500 0.6875
12600 0.65625
12700 0.6875
12800 0.78125
12900 0.71875
13000 0.65625
13100 0.53125
13200 0.84375
13300 0.75
13400 0.53125
13500 0.78125
13600 0.5625
13700 0.6875
13800 0.78125
13900 0.6875
14000 0.625
14100 0.6875
14200 0.75
14300 0.625
14400 0.65625
14500 0.71875
14600 0.5625
14700 0.6875
14800 0.6875
14900 0.65625
15000 0.65625
15100 0.84375
15200 0.65625
15300 0.6875
15400 0.78125
15500 0.75
15600 0.875
15700 0.8125
15800 0.78125
15900 0.875
16000 0.75
16100 0.78125
16200 0.8125
16300 0.71875
16400 0.84375
16500 0.71875
16600 0.6875
16700 0.6875
16800 0.625
16900 0.75
17000 0.75
17100 0.78125
17200 0.71875
17300 0.6875
17400 0.84375
17500 0.75
17600 0.875
17700 0.78125
17800 0.625
17900 0.6875
18000 0.78125
18100 0.625
18200 0.78125
18300 0.6875
18400 0.65625
18500 0.75
18600 0.6875
18700 0.75
18800 0.875
18900 0.6875
19000 0.8125
19100 0.75
19200 0.6875
19300 0.625
19400 0.875
19500 0.8125
19600 0.65625
19700 0.71875
19800 0.8125
19900 0.6875
20000 0.78125
20100 0.8125
20200 0.90625
20300 0.75
20400 0.84375
20500 0.65625
20600 0.875
20700 0.78125
20800 0.8125
20900 0.71875
21000 0.65625
21100 0.75
21200 0.75
21300 0.84375
21400 0.78125
21500 0.875
21600 0.75
21700 0.84375
21800 0.71875
21900 0.5
22000 0.65625
22100 0.71875
22200 0.65625
22300 0.65625
22400 0.65625
22500 0.90625
22600 0.875
22700 0.8125
22800 0.65625
22900 0.625
23000 0.8125
23100 0.78125
23200 0.71875
23300 0.84375
23400 0.8125
23500 0.75
23600 0.78125
23700 0.71875
23800 0.75
23900 0.78125
24000 0.65625
24100 0.875
24200 0.78125
24300 0.71875
24400 0.71875
24500 0.84375
24600 0.6875
24700 0.75
24800 0.6875
24900 0.75
25000 0.6875
25100 0.75
25200 0.75
25300 0.71875
25400 0.8125
25500 0.78125
25600 0.9375
25700 0.84375
25800 0.78125
25900 0.78125
26000 0.75
26100 0.8125
26200 0.8125
26300 0.6875
26400 0.8125
26500 0.8125
26600 0.875
26700 0.75
26800 0.84375
26900 0.6875
27000 0.71875
27100 0.84375
27200 0.78125
27300 0.8125
