0 3.536539
100 2.5513592
200 2.0828133
300 2.1159606
400 2.040397
500 2.058923
600 2.4302247
700 2.2724342
800 1.6335446
900 1.9716597
1000 2.0189974
1100 2.411796
1200 1.4259326
1300 2.1461995
1400 2.4558053
1500 2.6798637
1600 1.3679175
1700 2.087836
1800 1.8665179
1900 2.1592972
2000 1.9720664
2100 2.0943816
2200 1.9504116
2300 2.2757213
2400 2.1067271
2500 2.111298
2600 1.8634602
2700 1.5384722
2800 2.0304983
2900 1.9481307
3000 2.0045836
3100 1.9739691
3200 1.4448961
3300 1.7953761
3400 1.9709215
3500 1.6836401
3600 1.7304746
3700 1.933041
3800 1.7222027
3900 1.857954
4000 1.7781162
4100 1.6670585
4200 2.2494657
4300 1.9589039
4400 1.8809937
4500 1.623663
4600 1.3411108
4700 1.8558666
4800 1.8179517
4900 2.064585
5000 1.4646679
5100 1.7114781
5200 1.5289842
5300 2.0120168
5400 1.6321394
5500 1.2692418
5600 1.8567202
5700 1.4726489
5800 1.3771774
5900 1.397325
6000 1.7637701
6100 1.1390803
6200 1.3347344
6300 1.9477042
6400 1.6731884
6500 1.6259282
6600 1.2593273
6700 1.2538222
6800 1.8140814
6900 1.5064774
7000 1.8294479
7100 1.4974829
7200 1.5225965
7300 1.9268807
7400 1.4700443
7500 1.3221538
7600 1.2891142
7700 1.5065424
7800 1.8152944
7900 1.463591
8000 1.5913835
8100 1.614666
8200 1.6581722
8300 1.8259223
8400 1.2653602
8500 1.1391021
8600 1.4168401
8700 1.6652598
8800 1.8478167
8900 2.2704484
9000 1.7096305
9100 1.290506
9200 1.4405551
9300 1.7932727
9400 1.5928813
9500 1.4845005
9600 1.6754037
9700 1.5564619
9800 1.856796
9900 1.6358687
10000 1.4309087
10100 1.3038102
10200 1.5842767
10300 1.6671844
10400 1.6937944
10500 1.1935011
10600 1.3567263
10700 1.4606352
10800 1.1977909
10900 1.4023638
11000 0.9754577
11100 1.6483932
11200 1.1592661
11300 1.247491
11400 1.2011205
11500 1.5711262
11600 1.5186385
11700 1.727457
11800 1.3881494
11900 1.26667
12000 2.0202713
12100 0.69560087
12200 1.2756706
12300 1.3449314
12400 1.0045749
12500 1.256213
12600 1.4559639
12700 1.1150637
12800 1.093093
12900 1.2707212
13000 1.3939458
13100 2.0734022
13200 0.8279568
13300 1.4305478
13400 1.8728367
13500 1.4213061
13600 1.6946366
13700 1.263426
13800 0.9835991
13900 1.3405476
14000 1.3530158
14100 1.3319759
14200 0.9462931
14300 1.5827048
14400 1.5127298
14500 1.1548269
14600 1.4856409
14700 1.2304082
14800 1.4002135
14900 1.1221917
15000 1.4561666
15100 0.9646435
15200 1.1176848
15300 1.379904
15400 1.1091077
15500 1.1652616
15600 0.86674535
15700 0.8749024
15800 1.0300149
15900 0.8383351
16000 1.0460423
16100 1.2412251
16200 0.9299348
16300 1.4338243
16400 0.819761
16500 1.0013157
16600 1.4063672
16700 1.3643303
16800 1.5081809
16900 1.1849504
17000 1.296444
17100 1.1649182
17200 1.2629712
17300 1.3988637
17400 0.955121
17500 1.4218365
17600 0.9851284
17700 1.374173
17800 1.3650175
17900 1.1962684
18000 1.0332597
18100 1.726421
18200 1.1843481
18300 1.4501687
18400 1.2824398
18500 1.3719163
18600 1.0956107
18700 0.9907623
18800 0.83766186
18900 1.3438984
19000 1.0691139
19100 1.2098787
19200 1.0231918
19300 1.5860981
19400 0.8234102
19500 0.965915
19600 1.1722609
19700 0.9812883
19800 0.8913057
19900 1.506146
20000 0.86825925
20100 0.77574235
20200 0.7971891
20300 1.2632633
20400 1.0405982
20500 1.3712175
20600 0.9255346
20700 1.1971463
20800 0.84710777
20900 0.9669438
21000 1.2920173
21100 1.4226497
21200 1.1448458
21300 1.1205271
21400 1.248129
21500 0.9782272
21600 1.0791115
21700 1.0819132
21800 0.97690207
21900 1.7123433
22000 1.4230702
22100 1.1584375
22200 1.2161261
22300 1.1182398
22400 1.2986369
22500 0.6635037
22600 0.9322123
22700 0.9361251
22800 1.7586545
22900 1.3121455
23000 1.0525665
23100 1.0412368
23200 1.0702826
23300 0.9341117
23400 0.8476837
23500 1.3798032
23600 0.9194374
23700 1.0155315
23800 1.262226
23900 0.968925
24000 1.2791544
24100 0.7937756
24200 1.0393832
24300 1.3972065
24400 1.4568846
24500 0.89056635
24600 1.2706579
24700 1.1337106
24800 1.2400738
24900 1.3099316
25000 1.2260947
25100 0.9558535
25200 0.8727584
25300 1.1575716
25400 0.8347344
25500 1.0823934
25600 0.82294464
25700 1.0712813
25800 1.007126
25900 0.9964809
26000 1.1278436
26100 0.8667267
26200 0.9889624
26300 1.0455503
26400 1.1440593
26500 0.8255159
26600 0.87206984
26700 0.9498036
26800 1.0059665
26900 1.1861739
27000 1.3713996
27100 1.0421679
27200 1.1509793
27300 0.8948761
