0 2.451342
100 1.7684674
200 1.4436961
300 1.4666721
400 1.4142953
500 1.4271367
600 1.6845034
700 1.5751314
800 1.1322868
900 1.3666503
1000 1.3994625
1100 1.6717297
1200 0.9883812
1300 1.487632
1400 1.7022345
1500 1.8575399
1600 0.9481682
1700 1.4471776
1800 1.2937716
1900 1.4967108
2000 1.3669323
2100 1.4517146
2200 1.3519223
2300 1.5774097
2400 1.460272
2500 1.4634403
2600 1.2916522
2700 1.0663877
2800 1.4074342
2900 1.3503413
3000 1.3894715
3100 1.3682511
3200 1.0015256
3300 1.2444599
3400 1.3661387
3500 1.1670104
3600 1.1994736
3700 1.3398819
3800 1.1937399
3900 1.2878356
4000 1.2324963
4100 1.1555169
4200 1.5592108
4300 1.3578087
4400 1.3038055
4500 1.1254374
4600 0.9295872
4700 1.2863886
4800 1.2601081
4900 1.4310613
5000 1.0152304
5100 1.1863062
5200 1.0598111
5300 1.3946238
5400 1.1313128
5500 0.8797714
5600 1.2869804
5700 1.0207624
5800 0.9545866
5900 0.9685519
6000 1.2225523
6100 0.7895503
6200 0.92516744
6300 1.3500457
6400 1.1597658
6500 1.1270075
6600 0.8728992
6700 0.86908334
6800 1.2574254
6900 1.0442106
7000 1.2680767
7100 1.037976
7200 1.0553834
7300 1.3356119
7400 1.018957
7500 0.91644716
7600 0.8935459
7700 1.0442556
7800 1.2582662
7900 1.0144839
8000 1.103063
8100 1.1192012
8200 1.1493574
8300 1.2656329
8400 0.8770809
8500 0.7895654
8600 0.98207873
8700 1.1542702
8800 1.2808089
8900 1.5737549
9000 1.1850256
9100 0.89451057
9200 0.9985167
9300 1.2430019
9400 1.1041012
9500 1.0289774
9600 1.1613014
9700 1.0788572
9800 1.287033
9900 1.1338978
10000 0.99183035
10100 0.9037324
10200 1.0981369
10300 1.1556041
10400 1.1740488
10500 0.82727194
10600 0.940411
10700 1.0124352
10800 0.8302454
10900 0.9720445
11000 0.6761358
11100 1.1425791
11200 0.803542
11300 0.8646949
11400 0.83255327
11500 1.0890217
11600 1.05264
11700 1.197382
11800 0.9621918
11900 0.8779887
12000 1.4003453
12100 0.48215377
12200 0.8842275
12300 0.93223536
12400 0.69631827
12500 0.8707405
12600 1.0091972
12700 0.7729032
12800 0.75767434
12900 0.88079685
13000 0.96620965
13100 1.4371729
13200 0.57389593
13300 0.9915802
13400 1.2981515
13500 0.98517436
13600 1.1746325
13700 0.8757401
13800 0.68177897
13900 0.9291968
14000 0.9378391
14100 0.9232554
14200 0.6559204
14300 1.0970473
14400 1.0485444
14500 0.800465
14600 1.0297678
14700 0.85285395
14800 0.970554
14900 0.77784395
15000 1.0093378
15100 0.6686399
15200 0.7747201
15300 0.9564766
15400 0.7687749
15500 0.8076978
15600 0.6007821
15700 0.60643613
15800 0.7139519
15900 0.5810896
16000 0.7250613
16100 0.8603517
16200 0.6445817
16300 0.9938513
16400 0.568215
16500 0.6940592
16600 0.9748195
16700 0.9456817
16800 1.0453913
16900 0.821345
17000 0.89862657
17100 0.8074598
17200 0.87542486
17300 0.96961844
17400 0.6620394
17500 0.98554194
17600 0.682839
17700 0.95250416
17800 0.94615805
17900 0.82919014
18000 0.71620107
18100 1.1966639
18200 0.82092756
18300 1.0051804
18400 0.8889196
18500 0.9509399
18600 0.7594195
18700 0.6867441
18800 0.580623
18900 0.9315194
19000 0.7410533
19100 0.838624
19200 0.7092225
19300 1.0993994
19400 0.57074445
19500 0.6695213
19600 0.81254935
19700 0.6801772
19800 0.617806
19900 1.0439808
20000 0.60183144
20100 0.53770363
20200 0.5525694
20300 0.8756274
20400 0.72128767
20500 0.95045555
20600 0.6415317
20700 0.8297986
20800 0.58717036
20900 0.6702344
21000 0.8955582
21100 0.9861056
21200 0.7935467
21300 0.77669024
21400 0.8651371
21500 0.6780554
21600 0.7479831
21700 0.74992514
21800 0.6771369
21900 1.186906
22000 0.9863971
22100 0.80296767
22200 0.8429544
22300 0.77510476
22400 0.90014654
22500 0.45990574
22600 0.6461603
22700 0.6488725
22800 1.2190064
22900 0.90950996
23000 0.7295835
23100 0.72173035
23200 0.74186337
23300 0.6474769
23400 0.5875696
23500 0.95640665
23600 0.63730544
23700 0.70391285
23800 0.8749084
23900 0.6716076
24000 0.8866423
24100 0.5502033
24200 0.7204455
24300 0.9684698
24400 1.0098355
24500 0.61729354
24600 0.8807529
24700 0.7858283
24800 0.8595537
24900 0.90797544
25000 0.8498641
25100 0.6625472
25200 0.60495
25300 0.80236745
25400 0.5785938
25500 0.7502579
25600 0.57042176
25700 0.7425556
25800 0.6980865
25900 0.6907079
26000 0.78176165
26100 0.60076916
26200 0.6854965
26300 0.7247203
26400 0.7930015
26500 0.57220405
26600 0.60447276
26700 0.6583537
26800 0.6972829
26900 0.82219315
27000 0.9505818
27100 0.72237575
27200 0.79779804
27300 0.62028086
