0 9.535054
100 5.0639696
200 4.6666713
300 4.1828136
400 4.790857
500 5.0712643
600 4.6231403
700 5.5147657
800 4.59879
900 4.8657956
1000 4.433831
1100 4.9353213
1200 3.8480368
1300 4.382634
1400 5.3163652
1500 5.1026382
1600 4.335664
1700 4.7300696
1800 4.298126
1900 4.805854
2000 4.5611477
2100 4.3398356
2200 4.781601
2300 5.3056183
2400 4.5643044
2500 4.205255
2600 4.5214972
2700 3.967937
2800 4.2337704
2900 4.773191
3000 4.516176
3100 4.266916
3200 4.070495
3300 4.5212193
3400 3.8540115
3500 4.3475337
3600 4.2157755
3700 3.8445735
3800 4.5382223
3900 4.5040264
4000 4.1265793
4100 4.051189
4200 4.1499543
4300 4.811674
4400 4.4943748
4500 4.0087996
4600 3.960395
4700 3.9693396
4800 4.1233115
4900 4.6000233
5000 4.371132
5100 4.4879594
5200 3.8186586
5300 4.718025
5400 4.2826605
5500 3.8418908
5600 4.8543367
5700 3.7647643
5800 3.802829
5900 3.6538305
6000 3.89925
6100 3.4741316
6200 3.436868
6300 4.3983684
6400 4.215308
6500 3.634085
6600 3.6136835
6700 3.3564703
6800 4.004921
6900 3.6290865
7000 4.176753
7100 3.8149486
7200 3.8280747
7300 3.9278536
7400 3.7201397
7500 4.0085897
7600 3.6094115
7700 4.2066927
7800 3.9690223
7900 3.4668345
8000 3.9832823
8100 4.3766437
8200 3.7625985
8300 3.7702816
8400 3.7213154
8500 3.484803
8600 3.7638419
8700 3.6904864
8800 3.702622
8900 4.0411882
9000 4.146539
9100 3.5812492
9200 3.454701
9300 3.9403024
9400 3.667849
9500 3.6416838
9600 3.5985117
9700 4.0319223
9800 3.5792003
9900 4.11776
10000 3.4117336
10100 3.582455
10200 4.1441207
10300 3.4862325
10400 3.507985
10500 3.5371156
10600 3.411197
10700 3.6745458
10800 3.4162338
10900 3.9203038
11000 3.1795912
11100 4.147479
11200 3.6700091
11300 3.7014601
11400 3.2777133
11500 3.7780683
11600 3.6530647
11700 4.0244904
11800 3.378737
11900 3.6941333
12000 3.637323
12100 2.5405083
12200 3.5939248
12300 4.0869865
12400 3.4646306
12500 3.6033943
12600 3.743342
12700 3.1954484
12800 3.57413
12900 3.733832
13000 3.8945825
13100 3.6278477
13200 2.8964534
13300 3.3684738
13400 3.8622417
13500 3.323976
13600 3.6402774
13700 3.806499
13800 3.3422294
13900 3.6248565
14000 3.1892133
14100 3.5696793
14200 2.8668466
14300 4.0334473
14400 3.725338
14500 3.5839424
14600 3.1852632
14700 3.4690933
14800 3.1975098
14900 3.0810199
15000 3.2764604
15100 3.3092885
15200 2.830809
15300 3.3867059
15400 3.175264
15500 3.5978851
15600 2.9786954
15700 3.0757787
15800 3.0164647
15900 2.968903
16000 3.0379596
16100 3.7270489
16200 3.0825334
16300 4.004286
16400 2.8783164
16500 3.2270904
16600 3.5121856
16700 3.5368204
16800 3.1272643
16900 3.1377287
17000 2.8295028
17100 3.2950506
17200 3.4174898
17300 3.652094
17400 3.0659676
17500 3.887676
17600 3.0747561
17700 3.8307283
17800 3.1538353
17900 3.365045
18000 3.410143
18100 3.3939118
18200 3.567097
18300 3.128612
18400 3.8187618
18500 3.6110654
18600 3.4208612
18700 3.3461938
18800 3.070769
18900 3.196034
19000 3.3708017
19100 3.594488
19200 3.0181062
19300 3.1364713
19400 3.0195384
19500 3.0870357
19600 3.118248
19700 3.0089297
19800 3.049356
19900 3.9520383
20000 2.880275
20100 2.9942012
20200 3.1867442
20300 3.5274816
20400 3.5109453
20500 3.504146
20600 3.0044155
20700 3.3803477
20800 3.057554
20900 2.95405
21000 3.5939684
21100 3.557684
21200 3.2686749
21300 4.0293326
21400 3.5809572
21500 3.340446
21600 3.0286438
21700 3.0580714
21800 2.959902
21900 4.3763523
22000 3.1955752
22100 3.4027357
22200 3.6469123
22300 3.047883
22400 3.4139962
22500 2.282465
22600 3.3376753
22700 3.0344808
22800 3.7892184
22900 3.2301621
23000 3.1597989
23100 3.3940244
23200 2.957068
23300 3.1305957
23400 2.8860743
23500 3.7943044
23600 3.5145743
23700 2.7932005
23800 3.5136707
23900 2.9703152
24000 3.2602966
24100 2.9324067
24200 3.4733076
24300 3.588035
24400 3.349115
24500 3.398735
24600 3.5932426
24700 3.6001437
24800 3.1607962
24900 3.294764
25000 3.4357734
25100 3.0961123
25200 2.8645248
25300 3.7661219
25400 2.7775211
25500 3.2992697
25600 3.2093885
25700 3.6711648
25800 3.2298658
25900 3.4940338
26000 3.0569715
26100 3.179366
26200 3.2210588
26300 2.9260254
26400 3.3383374
26500 2.7099092
26600 3.2613456
26700 3.0185647
26800 3.576569
26900 3.0593643
27000 3.8871617
27100 3.0005493
27200 3.3997447
27300 3.0048962
