0 3.32295
100 1.39014
200 0.483503
300 0.429809
400 0.664935
500 0.530851
600 0.540892
700 0.232941
800 0.105709
900 0.0965112
1000 0.550067
1100 0.157178
1200 0.0727371
1300 0.130936
1400 0.285435
1500 0.395853
1600 0.0674605
1700 0.12184
1800 0.133696
1900 0.336269
2000 0.106441
2100 0.156775
2200 0.390666
2300 0.00880958
2400 0.0356445
2500 0.307389
2600 0.0068359
2700 0.0242675
2800 0.0376654
2900 0.00322181
3000 0.00733471
3100 0.480292
3200 0.350032
3300 0.193476
3400 0.0202894
3500 0.000547307
3600 0.00661046
3700 0.0947216
3800 0.10753
3900 0.0115276
4000 0.00470626
4100 0.0206023
4200 0.472325
4300 0.00125395
4400 0.207701
4500 0.0479653
4600 0.0647188
4700 0.0791793
4800 0.579234
4900 0.710633
5000 0.00499767
5100 0.0711667
5200 0.00345986
5300 0.000762653
5400 0.158202
5500 0.225851
5600 0.316725
5700 0.0392838
5800 0.129488
5900 0.0408295
6000 0.0039312
6100 0.00189478
6200 0.00076125
6300 0.160321
6400 0.00331648
6500 0.00251771
6600 0.0120237
6700 0.00281402
6800 0.00818199
6900 0.01281
7000 0.00299986
7100 0.000139011
7200 0.0020909
7300 0.0015615
7400 0.00068342
7500 0.00870541
7600 0.00444637
7700 0.000297548
7800 0.00138013
7900 0.000221107
8000 0.000625422
8100 9.67662e-05
8200 0.0689725
8300 0.0170169
8400 0.086065
8500 0.000939379
8600 0.00050349
8700 0.00343474
8800 0.0206733
8900 0.000787153
9000 0.000864409
9100 0.00322377
9200 0.000654387
9300 0.000487945
9400 0.00556641
9500 0.000645052
9600 0.0130407
9700 0.000328824
9800 0.00254906
9900 7.19927e-05
10000 8.74846e-05
10100 0.00203496
10200 0.00946816
10300 0.00218639
10400 0.00580116
10500 0.00174576
10600 0.00154998
10700 0.000459568
10800 0.00748322
10900 0.000255769
11000 0.00682316
11100 0.00418807
11200 0.000648696
11300 0.0098919
11400 0.0255877
11500 0.0198393
11600 0.000861581
11700 0.00291272
11800 0.0149715
11900 0.010583
12000 0.0676578
12100 0.00183484
12200 0.00526952
12300 0.01751
12400 0.000875995
12500 0.00632292
12600 0.00716554
12700 0.00179315
12800 0.00230738
12900 0.00175383
13000 0.00276516
13100 0.0631294
13200 0.000963469
13300 0.000257623
13400 0.00450372
13500 0.00329828
13600 0.000133528
13700 0.0423628
13800 0.001259
13900 0.00165637
14000 0.000160969
14100 0.0941549
14200 0.000546477
14300 0.00210219
14400 0.000466256
14500 0.00018001
14600 0.0876787
14700 0.000630096
14800 0.00223796
14900 0.000127196
15000 0.000432973
15100 0.0797789
15200 0.00356706
15300 0.000763451
15400 0.00856236
15500 0.00422128
15600 0.000721016
15700 0.001575
15800 0.0116161
15900 0.00241931
16000 0.00551982
16100 0.0432353
16200 0.00184717
16300 0.000495772
16400 0.000689048
16500 0.000428159
16600 0.000326437
16700 0.0565107
16800 0.0022993
16900 0.00113834
17000 0.00142733
17100 0.078018
17200 0.000403316
17300 0.0112728
17400 0.00107755
17500 0.00125925
17600 0.00220149
17700 0.0038161
17800 0.000626765
17900 0.000595845
18000 0.00191611
18100 0.0122634
18200 0.00401423
18300 0.00213115
18400 0.0025817
18500 0.000512561
18600 0.0240687
18700 0.000905348
18800 0.000302855
18900 0.016703
19000 0.000480026
19100 0.00804785
19200 0.0159205
19300 0.000744512
19400 0.0001423
19500 0.00205048
19600 0.0123601
19700 0.0345087
19800 0.000857949
19900 0.0520284
20000 0.00123674
20100 0.00180088
20200 0.00057761
20300 0.00133821
20400 0.00183092
20500 0.000962617
20600 0.000394057
20700 0.00128351
20800 0.00218637
20900 0.000734647
21000 0.150302
21100 0.000699423
21200 0.00190772
21300 0.00078112
21400 0.000422781
21500 0.00476291
21600 0.00308001
21700 0.000568519
21800 0.175778
21900 9.31203e-05
22000 0.000381663
22100 0.00616142
22200 0.52621
22300 0.00580289
22400 0.00188627
22500 0.000680536
22600 0.000488733
22700 0.000240947
22800 0.00105769
22900 0.000616318
23000 0.000678633
23100 0.00484941
23200 0.000498173
23300 0.000959228
23400 0.000560295
23500 0.000769245
23600 0.000431378
23700 0.00102616
23800 8.3113e-05
23900 0.00152573
24000 0.000105491
24100 0.00105017
24200 0.0195672
24300 0.000480302
24400 0.000852355
24500 0.00100322
24600 0.000878464
24700 0.000964443
24800 0.00181321
24900 0.000479595
25000 0.000159143
25100 0.000379251
25200 0.00151176
25300 0.000192504
25400 0.00495947
25500 0.000701966
25600 0.0023075
25700 0.0114726
25800 0.00354775
25900 0.00670583
26000 0.00093762
26100 0.00168788
26200 0.0018288
26300 0.000647669
26400 0.00354858
26500 0.00874577
26600 0.0360167
26700 0.000642957
26800 0.00100014
26900 0.0016003
27000 0.0124786
27100 0.00975586
27200 0.00103019
27300 0.00226996
27400 0.000916275
27500 0.000474538
27600 0.000603373
27700 0.00276885
27800 0.00275343
27900 0.000154569
28000 0.000254057
28100 0.0113753
28200 0.00427212
28300 0.000967266
28400 0.000439927
28500 0.000854704
28600 0.00164838
28700 0.00268295
28800 0.000291212
28900 0.00180592
29000 0.0044887
29100 0.000691893
29200 0.00172031
29300 0.000134206
29400 0.00140549
29500 0.00101419
29600 0.000564075
29700 0.00148374
29800 0.00109686
29900 0.000660201
30000 0.00131392
30100 0.00025253
30200 0.000172025
30300 0.00250557
30400 0.000442741
30500 0.00557681
30600 0.00287999
30700 0.0505284
30800 0.00154234
30900 0.00406109
31000 0.000665537
31100 0.00124563
31200 0.000490545
31300 0.000657564
31400 0.00160793
31500 0.000580819
