0 2.3033
100 0.963569
200 0.335138
300 0.297921
400 0.460898
500 0.367958
600 0.374917
700 0.161462
800 0.0732716
900 0.0668965
1000 0.381277
1100 0.108948
1200 0.0504175
1300 0.0907579
1400 0.197848
1500 0.274385
1600 0.04676
1700 0.0844533
1800 0.0926713
1900 0.233084
2000 0.0737793
2100 0.108668
2200 0.270789
2300 0.00610633
2400 0.0247069
2500 0.213066
2600 0.00473829
2700 0.016821
2800 0.0261077
2900 0.00223319
3000 0.00508403
3100 0.332913
3200 0.242624
3300 0.134107
3400 0.0140635
3500 0.000379364
3600 0.00458202
3700 0.065656
3800 0.0745345
3900 0.00799035
4000 0.00326213
4100 0.0142804
4200 0.327391
4300 0.000869175
4400 0.143967
4500 0.033247
4600 0.0448596
4700 0.0548829
4800 0.401495
4900 0.492573
5000 0.00346412
5100 0.049329
5200 0.00239819
5300 0.000528631
5400 0.109657
5500 0.156548
5600 0.219537
5700 0.0272295
5800 0.0897543
5900 0.0283009
6000 0.0027249
6100 0.00131336
6200 0.000527658
6300 0.111126
6400 0.00229881
6500 0.00174514
6600 0.00833421
6700 0.00195053
6800 0.00567132
6900 0.00887922
7000 0.00207935
7100 9.63554e-05
7200 0.0014493
7300 0.00108235
7400 0.00047371
7500 0.00603413
7600 0.00308199
7700 0.000206244
7800 0.000956635
7900 0.00015326
8000 0.00043351
8100 6.70732e-05
8200 0.0478081
8300 0.0117952
8400 0.0596557
8500 0.000651128
8600 0.000348993
8700 0.00238078
8800 0.0143297
8900 0.000545613
9000 0.000599163
9100 0.00223455
9200 0.000453586
9300 0.000338217
9400 0.00385834
9500 0.000447116
9600 0.0090391
9700 0.000227924
9800 0.00176688
9900 4.99016e-05
10000 6.06397e-05
10100 0.00141053
10200 0.00656283
10300 0.00151549
10400 0.00402106
10500 0.00121007
10600 0.00107436
10700 0.000318548
10800 0.00518698
10900 0.000177285
11000 0.00472945
11100 0.00290295
11200 0.000449642
11300 0.00685654
11400 0.017736
11500 0.0137515
11600 0.000597203
11700 0.00201894
11800 0.0103774
11900 0.00733556
12000 0.0468968
12100 0.00127181
12200 0.00365255
12300 0.012137
12400 0.000607194
12500 0.00438271
12600 0.00496678
12700 0.00124292
12800 0.00159935
12900 0.00121566
13000 0.00191666
13100 0.043758
13200 0.000667826
13300 0.000178571
13400 0.00312174
13500 0.00228619
13600 9.25544e-05
13700 0.0293637
13800 0.000872671
13900 0.00114811
14000 0.000111575
14100 0.0652632
14200 0.000378789
14300 0.00145713
14400 0.000323184
14500 0.000124774
14600 0.0607742
14700 0.000436749
14800 0.00155123
14900 8.81653e-05
15000 0.000300114
15100 0.0552985
15200 0.0024725
15300 0.000529184
15400 0.00593497
15500 0.00292597
15600 0.00049977
15700 0.00109171
15800 0.00805166
15900 0.00167694
16000 0.00382605
16100 0.0299684
16200 0.00128036
16300 0.000343643
16400 0.000477612
16500 0.000296777
16600 0.000226269
16700 0.0391702
16800 0.00159375
16900 0.000789036
17000 0.00098935
17100 0.054078
17200 0.000279558
17300 0.00781374
17400 0.000746898
17500 0.000872847
17600 0.00152596
17700 0.00264512
17800 0.00043444
17900 0.000413008
18000 0.00132814
18100 0.00850036
18200 0.00278245
18300 0.0014772
18400 0.0017895
18500 0.00035528
18600 0.0166831
18700 0.000627539
18800 0.000209923
18900 0.0115777
19000 0.000332729
19100 0.00557835
19200 0.0110352
19300 0.000516057
19400 9.86351e-05
19500 0.00142129
19600 0.00856738
19700 0.0239196
19800 0.000594685
19900 0.0360634
20000 0.000857246
20100 0.00124828
20200 0.000400368
20300 0.000927574
20400 0.00126909
20500 0.000667235
20600 0.000273139
20700 0.000889658
20800 0.00151548
20900 0.000509219
21000 0.104181
21100 0.000484803
21200 0.00132233
21300 0.000541431
21400 0.000293049
21500 0.0033014
21600 0.0021349
21700 0.000394067
21800 0.12184
21900 6.45461e-05
22000 0.000264549
22100 0.00427077
22200 0.364741
22300 0.00402226
22400 0.00130746
22500 0.000471712
22600 0.000338764
22700 0.000167012
22800 0.000733132
22900 0.000427199
23000 0.000470393
23100 0.00336136
23200 0.000345307
23300 0.000664886
23400 0.000388367
23500 0.0005332
23600 0.000299008
23700 0.000711283
23800 5.76095e-05
23900 0.00105756
24000 7.31205e-05
24100 0.000727922
24200 0.0135629
24300 0.00033292
24400 0.000590807
24500 0.000695381
24600 0.000608905
24700 0.000668501
24800 0.00125682
24900 0.00033243
25000 0.00011031
25100 0.000262877
25200 0.00104787
25300 0.000133434
25400 0.00343764
25500 0.000486566
25600 0.00159944
25700 0.00795219
25800 0.00245911
25900 0.00464813
26000 0.000649909
26100 0.00116995
26200 0.00126763
26300 0.00044893
26400 0.00245969
26500 0.00606211
26600 0.0249649
26700 0.000445664
26800 0.000693242
26900 0.00110924
27000 0.00864954
27100 0.00676224
27200 0.000714071
27300 0.00157342
27400 0.000635114
27500 0.000328925
27600 0.000418226
27700 0.00191922
27800 0.00190853
27900 0.000107139
28000 0.000176099
28100 0.00788474
28200 0.00296121
28300 0.000670458
28400 0.000304934
28500 0.000592436
28600 0.00114257
28700 0.00185968
28800 0.000201853
28900 0.00125177
29000 0.00311133
29100 0.000479584
29200 0.00119243
29300 9.30243e-05
29400 0.000974213
29500 0.000702982
29600 0.000390987
29700 0.00102845
29800 0.000760288
29900 0.000457616
30000 0.00091074
30100 0.00017504
30200 0.000119238
30300 0.00173673
30400 0.000306885
30500 0.00386555
30600 0.00199626
30700 0.0350237
30800 0.00106907
30900 0.00281493
31000 0.000461315
31100 0.000863405
31200 0.00034002
31300 0.000455789
31400 0.00111453
31500 0.000402593
