0 9.83803
100 3.22562
200 1.79254
300 1.46031
400 1.27585
500 1.24299
600 1.29235
700 1.22512
800 1.18194
900 1.08666
1000 1.19246
1100 1.2218
1200 1.051
1300 1.10333
1400 1.07459
1500 1.06726
1600 1.09124
1700 1.09086
1800 1.11904
1900 1.04522
2000 1.16724
2100 1.04239
2200 1.08159
2300 1.02808
2400 1.07309
2500 1.08816
2600 1.02179
2700 1.05749
2800 1.07965
2900 1.01235
3000 1.02206
3100 1.05737
3200 1.00706
3300 1.07513
3400 1.0684
3500 1.00302
3600 1.0229
3700 1.07847
3800 1.07112
3900 1.03525
4000 1.01378
4100 1.04703
4200 1.07718
4300 1.00532
4400 1.09184
4500 1.03781
4600 1.05584
4700 1.05779
4800 1.02602
4900 1.03067
5000 1.019
5100 1.11411
5200 1.01343
5300 1.00334
5400 1.01734
5500 1.03028
5600 1.01544
5700 1.04548
5800 1.02907
5900 1.04144
6000 1.01268
6100 1.00708
6200 1.00382
6300 1.02135
6400 1.01187
6500 1.01001
6600 1.03167
6700 1.01115
6800 1.0236
6900 1.02848
7000 1.01039
7100 1.00084
7200 1.00749
7300 1.00664
7400 1.00279
7500 1.0193
7600 1.01212
7700 1.00179
7800 1.00642
7900 1.00122
8000 1.0032
8100 1.00059
8200 1.02848
8300 1.04292
8400 1.05106
8500 1.00473
8600 1.0022
8700 1.01272
8800 1.04436
8900 1.00373
9000 1.00361
9100 1.0111
9200 1.0033
9300 1.00257
9400 1.01404
9500 1.00332
9600 1.02402
9700 1.00159
9800 1.00879
9900 1.00043
10000 1.00056
10100 1.00878
10200 1.02335
10300 1.00804
10400 1.0167
10500 1.00776
10600 1.00675
10700 1.00225
10800 1.02136
10900 1.00146
11000 1.02101
11100 1.01326
11200 1.00293
11300 1.02246
11400 1.0805
11500 1.05013
11600 1.00399
11700 1.01108
11800 1.04853
11900 1.03166
12000 1.04101
12100 1.00597
12200 1.01907
12300 1.03276
12400 1.00394
12500 1.01624
12600 1.02266
12700 1.00734
12800 1.00932
12900 1.00654
13000 1.01155
13100 1.06488
13200 1.00377
13300 1.00133
13400 1.01482
13500 1.01004
13600 1.00076
13700 1.08464
13800 1.00459
13900 1.00652
14000 1.00094
14100 1.01476
14200 1.00234
14300 1.00818
14400 1.00219
14500 1.00091
14600 1.11269
14700 1.0035
14800 1.00839
14900 1.00082
15000 1.00219
15100 1.05083
15200 1.0151
15300 1.00363
15400 1.02188
15500 1.01667
15600 1.00345
15700 1.00755
15800 1.03645
15900 1.01025
16000 1.01703
16100 1.05116
16200 1.00775
16300 1.00254
16400 1.0033
16500 1.00223
16600 1.00163
16700 1.05085
16800 1.00998
16900 1.00553
17000 1.0059
17100 1.07815
17200 1.00223
17300 1.03336
17400 1.00482
17500 1.00501
17600 1.0082
17700 1.01242
17800 1.00303
17900 1.00309
18000 1.00736
18100 1.03278
18200 1.01545
18300 1.0069
18400 1.00887
18500 1.00271
18600 1.04572
18700 1.00423
18800 1.00162
18900 1.03428
19000 1.00223
19100 1.02267
19200 1.03415
19300 1.00312
19400 1.00091
19500 1.00837
19600 1.03286
19700 1.04124
19800 1.00413
19900 1.03411
20000 1.00538
20100 1.00751
20200 1.00287
20300 1.0056
20400 1.00632
20500 1.00442
20600 1.0021
20700 1.00625
20800 1.00966
20900 1.00379
21000 1.02038
21100 1.00325
21200 1.00809
21300 1.00415
21400 1.00203
21500 1.01424
21600 1.01066
21700 1.00281
21800 1.00393
21900 1.00062
22000 1.00211
22100 1.01773
22200 1.00699
22300 1.02033
22400 1.0088
22500 1.00372
22600 1.00238
22700 1.00128
22800 1.0049
22900 1.00322
23000 1.00327
23100 1.01693
23200 1.00244
23300 1.00478
23400 1.00294
23500 1.00362
23600 1.0023
23700 1.00445
23800 1.00055
23900 1.00609
24000 1.0006
24100 1.00497
24200 1.0469
24300 1.0026
24400 1.00445
24500 1.00462
24600 1.00382
24700 1.00482
24800 1.00809
24900 1.00245
25000 1.00093
25100 1.00203
25200 1.00727
25300 1.00116
25400 1.01676
25500 1.00317
25600 1.00878
25700 1.02389
25800 1.01137
25900 1.01739
26000 1.00435
26100 1.00762
26200 1.00729
26300 1.00329
26400 1.01394
26500 1.02287
26600 1.06229
26700 1.00284
26800 1.00425
26900 1.00672
27000 1.02676
27100 1.03007
27200 1.00495
27300 1.00873
27400 1.00474
27500 1.00253
27600 1.00297
27700 1.01074
27800 1.01108
27900 1.00076
28000 1.0013
28100 1.0284
28200 1.01506
28300 1.0041
28400 1.00214
28500 1.00403
28600 1.00675
28700 1.01044
28800 1.00162
28900 1.00808
29000 1.01675
29100 1.00337
29200 1.00717
29300 1.00077
29400 1.00625
29500 1.00469
29600 1.00272
29700 1.00646
29800 1.00437
29900 1.0034
30000 1.00574
30100 1.00154
30200 1.00092
30300 1.00988
30400 1.00232
30500 1.01605
30600 1.00956
30700 1.0742
30800 1.00703
30900 1.01495
31000 1.00312
31100 1.00502
31200 1.00241
31300 1.00354
31400 1.00691
31500 1.00311
