0 3.3223753
100 1.0400076
200 0.48490655
300 0.51727533
400 0.51251215
500 0.2576822
600 0.29327828
700 0.13622114
800 0.2773886
900 0.06144133
1000 0.03805801
1100 0.07598726
1200 0.06662645
1300 0.014084671
1400 0.021649236
1500 0.017679123
1600 0.105903216
1700 0.011383353
1800 0.0925627
1900 0.019003024
2000 0.27482405
2100 0.04572387
2200 0.10549959
2300 0.0598752
2400 0.012573678
2500 0.080623046
2600 0.087157376
2700 0.059900615
2800 0.4977647
2900 0.26450318
3000 0.17054142
3100 0.054160997
3200 0.14045447
3300 0.5973847
3400 0.025996333
3500 0.41423622
3600 0.05076476
3700 0.07626858
3800 0.03883678
3900 0.026331322
4000 0.2402695
4100 0.038962327
4200 0.08030552
4300 0.27675647
4400 0.6925816
4500 0.41185606
4600 0.16043693
4700 0.05117332
4800 0.12296349
4900 0.016270183
5000 0.066597424
5100 0.0374891
5200 0.0025525698
5300 0.005357974
5400 0.07375187
5500 0.0013897987
5600 0.065833904
5700 0.21985544
5800 0.010390325
5900 0.12490737
6000 0.0043653985
6100 0.0017128098
6200 0.017204924
6300 0.35322717
6400 0.020672387
6500 0.032727018
6600 0.086501606
6700 0.070949756
6800 0.039673436
6900 0.10474592
7000 0.05138547
7100 0.001387879
7200 0.0010588769
7300 0.030412972
7400 0.0004687511
7500 0.00043905983
7600 0.00011581207
7700 0.018765
7800 0.12849846
7900 0.027814243
8000 0.001935608
8100 0.009199603
8200 0.06771112
8300 0.053654466
8400 0.03766962
8500 3.0487756e-05
8600 0.009061721
8700 0.0035605312
8800 0.035231404
8900 0.11611059
9000 0.005750766
9100 0.00027028896
9200 0.0017907475
9300 0.002007046
9400 0.026750412
9500 0.016322829
9600 8.426936e-06
9700 0.004583466
9800 0.010579919
9900 0.0019211691
10000 8.706704e-05
10100 0.007935386
10200 0.25119415
10300 0.06102649
10400 0.0027888566
10500 0.004663423
10600 0.0018867255
10700 0.005954034
10800 0.0010599275
10900 0.013088903
11000 0.0030095815
11100 0.13169698
11200 0.20985378
11300 0.0007923815
11400 4.8596172e-05
11500 0.00082158553
11600 0.0004202993
11700 0.01883931
11800 0.0008286309
11900 0.0023896212
12000 0.0016597467
12100 5.8059573e-05
12200 0.00035499095
12300 0.0005722845
12400 0.0001341423
12500 0.0026500563
12600 0.0011685736
12700 0.0046761585
12800 0.0019454318
12900 0.003601663
13000 5.833455e-05
13100 0.0004986891
13200 0.00074159674
13300 0.0011292284
13400 0.0005136027
13500 0.0045684194
13600 0.00048600466
13700 0.0009402036
13800 0.0016464945
13900 2.5832845e-05
14000 7.8382036e-05
14100 0.00068203843
14200 0.0006746404
14300 0.0006102384
14400 0.00092526514
14500 0.0001900429
14600 0.00161869
14700 0.0147008635
14800 0.00047271227
14900 0.002164446
15000 0.00035864906
