0 2.302895
100 0.72087836
200 0.3361116
300 0.35854793
400 0.35524634
500 0.1786117
600 0.20328501
700 0.0944213
800 0.19227113
900 0.042587884
1000 0.026379801
1100 0.052670352
1200 0.046181936
1300 0.00976275
1400 0.015006107
1500 0.012254234
1600 0.07340652
1700 0.007890339
1800 0.06415957
1900 0.013171893
2000 0.19049351
2100 0.031693373
2200 0.07312674
2300 0.041502327
2400 0.00871541
2500 0.055883635
2600 0.060412887
2700 0.041519944
2800 0.3450242
2900 0.18333963
3000 0.1182103
3100 0.037541542
3200 0.09735562
3300 0.41407552
3400 0.018019285
3500 0.28712666
3600 0.03518745
3700 0.052865352
3800 0.026919605
3900 0.018251482
4000 0.16654213
4100 0.027006626
4200 0.055663545
4300 0.19183297
4400 0.48006096
4500 0.28547686
4600 0.111206405
4700 0.035470642
4800 0.085231796
4900 0.011277631
5000 0.046161816
5100 0.025985464
5200 0.0017693066
5300 0.0037138646
5400 0.0511209
5500 0.00096333504
5600 0.045632586
5700 0.15239218
5800 0.0072020246
5900 0.08657919
6000 0.0030258636
6100 0.0011872293
6200 0.011925544
6300 0.24483842
6400 0.014329007
6500 0.022684641
6600 0.059958342
6700 0.049178623
6800 0.02749953
6900 0.072604336
7000 0.035617694
7100 0.0009620044
7200 0.0007339575
7300 0.021080665
7400 0.0003249135
7500 0.00030433308
7600 8.027481e-05
7700 0.013006907
7800 0.08906835
7900 0.019279364
8000 0.0013416612
8100 0.0063766795
8200 0.046933774
8300 0.03719044
8400 0.026110593
8500 2.1132502e-05
8600 0.0062811067
8700 0.0024679722
8800 0.024420548
8900 0.08048173
9000 0.003986127
9100 0.00018735003
9200 0.0012412516
9300 0.0013911783
9400 0.018541973
9500 0.011314123
9600 5.841107e-06
9700 0.0031770165
9800 0.007333441
9900 0.001331653
10000 6.0350274e-05
10100 0.0055003907
10200 0.17411453
10300 0.04230034
10400 0.0019330881
10500 0.0032324386
10600 0.0013077785
10700 0.004127022
10800 0.00073468575
10900 0.009072537
11000 0.002086083
11100 0.09128539
11200 0.14545956
11300 0.000549237
11400 3.36843e-05
11500 0.0005694797
11600 0.00029132928
11700 0.013058415
11800 0.00057436316
11900 0.0016563593
12000 0.0011504488
12100 4.024383e-05
12200 0.00024606098
12300 0.00039667738
12400 9.2980365e-05
12500 0.0018368791
12600 0.00080999354
12700 0.0032412661
12800 0.0013484706
12900 0.0024964826
13000 4.043443e-05
13100 0.00034566497
13200 0.0005140357
13300 0.0007827215
13400 0.00035600225
13500 0.003166587
13600 0.00033687276
13700 0.0006516995
13800 0.001141263
13900 1.7905964e-05
14000 5.4330285e-05
14100 0.00047275302
14200 0.0004676251
14300 0.00042298503
14400 0.00064134493
14500 0.0001317277
14600 0.0011219904
14700 0.010189862
14800 0.0003276592
14900 0.0015002798
15000 0.0002485966
