0 9.999992
100 2.213304
200 1.7321382
300 1.4102457
400 1.4631038
500 1.2558874
600 1.4959093
700 1.3420701
800 1.16361
900 1.153413
1000 1.0924451
1100 1.1486728
1200 1.1438482
1300 1.0503205
1400 1.0660402
1500 1.06477
1600 1.1480874
1700 1.0455709
1800 1.097744
1900 1.0651265
2000 1.0686843
2100 1.1396587
2200 1.132939
2300 1.1227137
2400 1.0413964
2500 1.1606292
2600 1.2427578
2700 1.1116621
2800 1.1391098
2900 1.0863888
3000 1.0701977
3100 1.0970383
3200 1.060037
3300 1.0540075
3400 1.0782758
3500 1.066486
3600 1.0968912
3700 1.088809
3800 1.078872
3900 1.0709279
4000 1.1012466
4100 1.0441899
4200 1.047079
4300 1.0805124
4400 1.0433521
4500 1.2075661
4600 1.0708869
4700 1.0470057
4800 1.0210004
4900 1.029529
5000 1.0289137
5100 1.0733211
5200 1.0101833
5300 1.0183048
5400 1.0906382
5500 1.0050545
5600 1.11824
5700 1.0587053
5800 1.0331051
5900 1.1676002
6000 1.0121355
6100 1.0081508
6200 1.0489984
6300 1.0684469
6400 1.0340269
6500 1.050168
6600 1.136432
6700 1.0544775
6800 1.049932
6900 1.021729
7000 1.066858
7100 1.0050441
7200 1.0045481
7300 1.0583043
7400 1.0024779
7500 1.0023036
7600 1.0007231
7700 1.0462526
7800 1.0726193
7900 1.0457196
8000 1.0079079
8100 1.0262078
8200 1.0318015
8300 1.0324738
8400 1.0844727
8500 1.000234
8600 1.0275373
8700 1.0105832
8800 1.038959
8900 1.1210238
9000 1.01861
9100 1.0015607
9200 1.0082057
9300 1.0064414
9400 1.0491908
9500 1.0278819
9600 1.0000672
9700 1.0145365
9800 1.0215317
9900 1.0074574
10000 1.0005374
10100 1.0236883
10200 1.0344071
10300 1.0396172
10400 1.0096557
10500 1.0144967
10600 1.0072511
10700 1.0158682
10800 1.0040936
10900 1.045071
11000 1.0104623
11100 1.0165584
11200 1.047298
11300 1.0038191
11400 1.0003155
11500 1.0041347
11600 1.001766
11700 1.0561967
11800 1.003737
11900 1.0092905
12000 1.0067217
12100 1.0003684
12200 1.0019045
12300 1.0027419
12400 1.000796
12500 1.0087355
12600 1.0045449
12700 1.0167313
12800 1.0078263
12900 1.0131489
13000 1.0003597
13100 1.0023149
13200 1.0033381
13300 1.00476
13400 1.0025709
13500 1.0142202
13600 1.0024081
13700 1.0035806
13800 1.0072988
13900 1.0001858
14000 1.0005083
14100 1.0032568
14200 1.003155
14300 1.0027108
14400 1.0037363
14500 1.0011494
14600 1.0069782
14700 1.0391502
14800 1.0023158
14900 1.0080738
15000 1.0018511
