0 0.09375
1 0.15625
2 0.1875
3 0.125
4 0.15625
5 0.09375
6 0.21875
7 0.15625
8 0.21875
9 0.1875
10 0.1875
11 0.3125
12 0.34375
13 0.3125
14 0.1875
15 0.28125
16 0.15625
17 0.1875
18 0.09375
19 0.15625
20 0.375
21 0.21875
22 0.09375
23 0.34375
24 0.1875
25 0.28125
26 0.4375
27 0.28125
28 0.15625
29 0.28125
30 0.21875
31 0.28125
32 0.25
33 0.1875
34 0.09375
35 0.28125
36 0.21875
37 0.0625
38 0.21875
39 0.28125
40 0.28125
41 0.25
42 0.21875
43 0.3125
44 0.34375
45 0.21875
46 0.125
47 0.3125
48 0.25
49 0.21875
50 0.3125
51 0.1875
52 0.34375
53 0.125
54 0.21875
55 0.125
56 0.21875
57 0.1875
58 0.1875
59 0.09375
60 0.3125
61 0.1875
62 0.21875
63 0.1875
64 0.21875
65 0.4375
66 0.28125
67 0.21875
68 0.09375
69 0.21875
70 0.34375
71 0.34375
72 0.21875
73 0.25
74 0.21875
75 0.3125
76 0.21875
77 0.125
78 0.28125
79 0.28125
80 0.15625
81 0.21875
82 0.3125
83 0.125
84 0.34375
85 0.1875
86 0.28125
87 0.34375
88 0.15625
89 0.1875
90 0.15625
91 0.25
92 0.375
93 0.15625
94 0.25
95 0.3125
96 0.09375
97 0.375
98 0.40625
99 0.15625
100 0.21875
101 0.28125
102 0.40625
103 0.125
104 0.3125
105 0.15625
106 0.34375
107 0.34375
108 0.25
109 0.28125
110 0.1875
111 0.53125
112 0.4375
113 0.21875
114 0.34375
115 0.5
116 0.34375
117 0.375
118 0.3125
119 0.21875
120 0.1875
121 0.375
122 0.21875
123 0.21875
124 0.09375
125 0.375
126 0.21875
127 0.21875
128 0.34375
129 0.4375
130 0.34375
131 0.25
132 0.21875
133 0.25
134 0.25
135 0.21875
136 0.28125
137 0.28125
138 0.25
139 0.125
140 0.1875
141 0.34375
142 0.40625
143 0.3125
144 0.375
145 0.25
146 0.375
147 0.25
148 0.3125
149 0.375
150 0.21875
151 0.21875
152 0.1875
153 0.34375
154 0.21875
155 0.28125
156 0.375
157 0.4375
158 0.3125
159 0.3125
160 0.21875
161 0.09375
162 0.15625
163 0.28125
164 0.21875
165 0.3125
166 0.34375
167 0.28125
168 0.3125
169 0.3125
170 0.21875
171 0.28125
172 0.15625
173 0.25
174 0.375
175 0.25
176 0.1875
177 0.40625
178 0.3125
179 0.09375
180 0.34375
181 0.3125
182 0.25
183 0.28125
184 0.21875
185 0.25
186 0.3125
187 0.1875
188 0.40625
189 0.3125
190 0.375
191 0.4375
192 0.28125
193 0.3125
194 0.1875
195 0.21875
196 0.375
197 0.1875
198 0.375
199 0.4375
200 0.21875
201 0.375
202 0.25
203 0.21875
204 0.28125
205 0.40625
206 0.28125
207 0.40625
208 0.34375
209 0.40625
210 0.3125
211 0.21875
212 0.375
213 0.21875
214 0.21875
215 0.40625
216 0.3125
217 0.375
218 0.34375
219 0.34375
220 0.28125
221 0.15625
222 0.34375
223 0.25
224 0.3125
225 0.34375
226 0.28125
227 0.46875
228 0.28125
229 0.46875
230 0.34375
231 0.25
232 0.3125
233 0.1875
234 0.15625
235 0.375
236 0.28125
237 0.3125
238 0.25
239 0.34375
240 0.34375
241 0.1875
242 0.34375
243 0.34375
244 0.34375
245 0.40625
246 0.15625
247 0.375
248 0.28125
249 0.125
250 0.3125
251 0.3125
252 0.25
253 0.25
254 0.21875
255 0.375
256 0.28125
257 0.3125
258 0.28125
259 0.3125
260 0.21875
261 0.21875
262 0.25
263 0.28125
264 0.25
265 0.21875
266 0.1875
267 0.1875
268 0.15625
269 0.375
270 0.28125
271 0.15625
272 0.375
273 0.40625
274 0.1875
275 0.5
276 0.28125
277 0.15625
278 0.1875
279 0.25
280 0.25
281 0.25
282 0.1875
283 0.375
284 0.28125
285 0.3125
286 0.28125
287 0.25
288 0.21875
289 0.25
290 0.3125
291 0.34375
292 0.3125
293 0.1875
294 0.21875
295 0.25
296 0.25
297 0.15625
298 0.375
299 0.15625
300 0.25
301 0.375
302 0.1875
303 0.34375
304 0.09375
305 0.34375
306 0.21875
307 0.3125
308 0.3125
309 0.28125
310 0.125
311 0.34375
312 0.3125
313 0.1875
314 0.1875
315 0.21875
316 0.3125
317 0.34375
318 0.21875
319 0.21875
320 0.3125
321 0.15625
322 0.15625
323 0.28125
324 0.28125
325 0.25
326 0.21875
327 0.375
328 0.21875
329 0.25
330 0.34375
331 0.34375
332 0.21875
333 0.21875
334 0.25
335 0.34375
336 0.25
337 0.25
338 0.34375
339 0.1875
340 0.1875
341 0.34375
342 0.28125
343 0.21875
344 0.21875
345 0.3125
346 0.3125
347 0.28125
348 0.375
349 0.5
350 0.21875
351 0.375
352 0.40625
353 0.28125
354 0.25
355 0.28125
356 0.34375
357 0.3125
358 0.21875
359 0.375
360 0.28125
361 0.28125
362 0.125
363 0.46875
364 0.34375
365 0.3125
366 0.28125
367 0.34375
368 0.34375
369 0.21875
370 0.25
371 0.34375
372 0.4375
373 0.21875
374 0.4375
375 0.28125
376 0.46875
377 0.25
378 0.34375
379 0.125
380 0.34375
381 0.1875
382 0.34375
383 0.28125
384 0.21875
385 0.3125
386 0.375
387 0.3125
388 0.25
389 0.375
390 0.4375
391 0.375
392 0.40625
393 0.1875
394 0.34375
395 0.40625
396 0.28125
397 0.375
398 0.4375
399 0.3125
400 0.25
401 0.375
402 0.59375
403 0.28125
404 0.28125
405 0.28125
406 0.28125
407 0.46875
408 0.1875
409 0.3125
410 0.375
411 0.1875
412 0.375
413 0.21875
414 0.3125
415 0.25
416 0.34375
417 0.34375
418 0.4375
419 0.40625
420 0.25
421 0.40625
422 0.4375
423 0.21875
424 0.3125
425 0.28125
426 0.375
427 0.25
428 0.34375
429 0.28125
430 0.34375
431 0.3125
432 0.28125
433 0.15625
434 0.25
435 0.3125
436 0.34375
437 0.3125
438 0.25
439 0.34375
440 0.3125
441 0.28125
442 0.3125
443 0.25
444 0.46875
445 0.1875
446 0.21875
447 0.25
448 0.3125
449 0.4375
450 0.21875
451 0.34375
452 0.34375
453 0.25
454 0.28125
455 0.25
456 0.46875
457 0.21875
458 0.3125
459 0.34375
460 0.28125
461 0.40625
462 0.34375
463 0.375
464 0.3125
465 0.34375
466 0.21875
467 0.34375
468 0.3125
469 0.28125
470 0.25
471 0.15625
472 0.3125
473 0.28125
474 0.21875
475 0.25
476 0.1875
477 0.34375
478 0.40625
479 0.375
480 0.46875
481 0.3125
482 0.25
483 0.28125
484 0.34375
485 0.375
486 0.3125
487 0.34375
488 0.28125
489 0.34375
490 0.25
491 0.15625
492 0.25
493 0.3125
494 0.21875
495 0.375
496 0.46875
497 0.40625
498 0.25
499 0.34375
500 0.375
501 0.28125
502 0.1875
503 0.21875
504 0.25
505 0.28125
506 0.34375
507 0.34375
508 0.21875
509 0.3125
510 0.3125
511 0.25
512 0.28125
513 0.34375
514 0.4375
515 0.25
516 0.4375
517 0.40625
518 0.28125
519 0.28125
520 0.40625
521 0.40625
522 0.3125
523 0.21875
524 0.21875
525 0.3125
526 0.34375
527 0.3125
528 0.28125
529 0.375
530 0.4375
531 0.28125
532 0.21875
533 0.34375
534 0.3125
535 0.34375
536 0.40625
537 0.40625
538 0.21875
539 0.21875
540 0.28125
541 0.375
542 0.375
543 0.28125
544 0.28125
545 0.40625
546 0.34375
547 0.3125
548 0.3125
549 0.3125
550 0.34375
551 0.34375
552 0.40625
553 0.28125
554 0.28125
555 0.375
556 0.3125
557 0.34375
558 0.40625
559 0.25
560 0.4375
561 0.25
562 0.375
563 0.4375
564 0.3125
565 0.28125
566 0.21875
567 0.34375
568 0.46875
569 0.4375
570 0.3125
571 0.28125
572 0.40625
573 0.28125
574 0.375
575 0.28125
576 0.375
577 0.28125
578 0.25
579 0.21875
580 0.40625
581 0.375
582 0.3125
583 0.15625
584 0.1875
585 0.28125
586 0.28125
587 0.4375
588 0.3125
589 0.34375
590 0.25
591 0.3125
592 0.25
593 0.34375
594 0.21875
595 0.28125
596 0.375
597 0.34375
598 0.3125
599 0.34375
600 0.28125
601 0.28125
602 0.25
603 0.3125
604 0.3125
605 0.40625
606 0.3125
607 0.21875
608 0.25
609 0.375
610 0.4375
611 0.375
612 0.3125
613 0.28125
614 0.40625
615 0.21875
616 0.34375
617 0.34375
618 0.5
619 0.28125
620 0.21875
621 0.53125
622 0.25
623 0.375
624 0.46875
625 0.28125
626 0.21875
627 0.3125
628 0.28125
629 0.25
630 0.34375
631 0.34375
632 0.375
633 0.34375
634 0.34375
635 0.28125
636 0.1875
637 0.3125
638 0.1875
639 0.4375
640 0.25
641 0.28125
642 0.1875
643 0.3125
644 0.21875
645 0.21875
646 0.375
647 0.375
648 0.375
649 0.28125
650 0.21875
651 0.1875
652 0.40625
653 0.3125
654 0.34375
655 0.3125
656 0.25
657 0.34375
658 0.3125
659 0.5
660 0.46875
661 0.375
662 0.3125
663 0.28125
664 0.25
665 0.34375
666 0.375
667 0.1875
668 0.3125
669 0.34375
670 0.28125
671 0.25
672 0.40625
673 0.1875
674 0.34375
675 0.25
676 0.3125
677 0.3125
678 0.375
679 0.34375
680 0.34375
681 0.21875
682 0.375
683 0.375
684 0.375
685 0.25
686 0.21875
687 0.1875
688 0.375
689 0.34375
690 0.34375
691 0.28125
692 0.28125
693 0.25
694 0.3125
695 0.21875
696 0.25
697 0.40625
698 0.40625
699 0.28125
700 0.21875
701 0.25
702 0.25
703 0.21875
704 0.25
705 0.25
706 0.25
707 0.25
708 0.28125
709 0.21875
710 0.40625
711 0.25
712 0.5
713 0.34375
714 0.40625
715 0.375
716 0.34375
717 0.21875
718 0.46875
719 0.40625
720 0.1875
721 0.3125
722 0.40625
723 0.3125
724 0.3125
725 0.375
726 0.3125
727 0.28125
728 0.25
729 0.46875
730 0.28125
731 0.3125
732 0.21875
733 0.28125
734 0.5
735 0.34375
736 0.1875
737 0.21875
738 0.3125
739 0.3125
740 0.1875
741 0.375
742 0.34375
743 0.34375
744 0.40625
745 0.3125
746 0.3125
747 0.375
748 0.46875
749 0.40625
750 0.28125
751 0.46875
752 0.28125
753 0.40625
754 0.375
755 0.375
756 0.40625
757 0.40625
758 0.25
759 0.3125
760 0.3125
761 0.34375
762 0.34375
763 0.3125
764 0.375
765 0.375
766 0.25
767 0.4375
768 0.3125
769 0.40625
770 0.4375
771 0.28125
772 0.4375
773 0.25
774 0.375
775 0.3125
776 0.375
777 0.3125
778 0.375
779 0.4375
780 0.34375
781 0.375
782 0.28125
783 0.28125
784 0.34375
785 0.40625
786 0.3125
787 0.3125
788 0.25
789 0.34375
790 0.34375
791 0.3125
792 0.4375
793 0.5
794 0.3125
795 0.34375
796 0.21875
797 0.15625
798 0.4375
799 0.3125
800 0.25
801 0.40625
802 0.34375
803 0.34375
804 0.34375
805 0.21875
806 0.40625
807 0.34375
808 0.25
809 0.1875
810 0.21875
811 0.4375
812 0.34375
813 0.40625
814 0.25
815 0.3125
816 0.34375
817 0.21875
818 0.3125
819 0.3125
820 0.40625
821 0.25
822 0.3125
823 0.1875
824 0.25
825 0.46875
826 0.375
827 0.25
828 0.4375
829 0.40625
830 0.40625
831 0.28125
832 0.40625
833 0.40625
834 0.34375
835 0.375
836 0.5
837 0.46875
838 0.4375
839 0.3125
840 0.3125
841 0.4375
842 0.375
843 0.34375
844 0.3125
845 0.28125
846 0.34375
847 0.34375
848 0.3125
849 0.3125
850 0.3125
851 0.25
852 0.4375
853 0.21875
854 0.4375
855 0.40625
856 0.28125
857 0.3125
858 0.34375
859 0.28125
860 0.34375
861 0.3125
862 0.5
863 0.3125
864 0.34375
865 0.40625
866 0.40625
867 0.3125
868 0.1875
869 0.46875
870 0.3125
871 0.28125
872 0.21875
873 0.375
874 0.28125
875 0.375
876 0.25
877 0.34375
878 0.34375
879 0.1875
880 0.125
881 0.34375
882 0.40625
883 0.34375
884 0.375
885 0.4375
886 0.28125
887 0.3125
888 0.34375
889 0.46875
890 0.1875
891 0.375
892 0.34375
893 0.34375
894 0.1875
895 0.25
896 0.4375
897 0.34375
898 0.375
899 0.28125
900 0.46875
901 0.1875
902 0.4375
903 0.34375
904 0.28125
905 0.4375
906 0.46875
907 0.375
908 0.28125
909 0.40625
910 0.28125
911 0.28125
912 0.25
913 0.3125
914 0.40625
915 0.5625
916 0.3125
917 0.3125
918 0.4375
919 0.46875
920 0.25
921 0.4375
922 0.28125
923 0.28125
924 0.25
925 0.3125
926 0.3125
927 0.28125
928 0.375
929 0.3125
930 0.34375
931 0.34375
932 0.4375
933 0.28125
934 0.46875
935 0.4375
936 0.34375
937 0.21875
938 0.34375
939 0.46875
940 0.53125
941 0.28125
942 0.34375
943 0.375
944 0.21875
945 0.25
946 0.40625
947 0.34375
948 0.28125
949 0.25
950 0.28125
951 0.15625
952 0.28125
953 0.3125
954 0.15625
955 0.375
956 0.34375
957 0.375
958 0.40625
959 0.3125
960 0.25
961 0.28125
962 0.3125
963 0.4375
964 0.4375
965 0.3125
966 0.28125
967 0.34375
968 0.34375
969 0.25
970 0.3125
971 0.4375
972 0.3125
973 0.28125
974 0.3125
975 0.40625
976 0.28125
977 0.46875
978 0.3125
979 0.21875
980 0.28125
981 0.3125
982 0.15625
983 0.3125
984 0.375
985 0.3125
986 0.28125
987 0.3125
988 0.25
989 0.34375
990 0.34375
991 0.3125
992 0.34375
993 0.40625
994 0.375
995 0.375
996 0.3125
997 0.375
998 0.40625
999 0.375
1000 0.375
0 0.09375
1 0.25
2 0.125
3 0.0625
4 0.15625
5 0.15625
6 0.28125
7 0.28125
8 0.28125
9 0.21875
10 0.15625
11 0.1875
12 0.3125
13 0.25
14 0.15625
15 0.1875
16 0.21875
17 0.125
18 0.21875
19 0.3125
20 0.3125
21 0.28125
