0 11.848072
1 14.673216
2 23.278414
3 26.468126
4 24.064842
5 25.718946
6 22.611479
7 22.329224
8 20.719404
9 19.072083
10 20.35267
11 20.224882
12 14.228128
13 26.673046
14 25.211685
15 18.859236
16 18.9439
17 20.571455
18 21.280867
19 24.82499
20 12.608136
21 16.888702
22 24.852694
23 13.450986
24 19.618196
25 13.78463
26 13.749763
27 15.576166
28 16.641855
29 13.2467985
30 15.511883
31 13.028529
32 15.043529
33 14.960404
34 16.081278
35 14.180718
36 17.796642
37 17.261913
38 19.457968
39 13.4496565
40 15.954844
41 19.261312
42 15.641718
43 13.805792
44 12.812354
45 14.260438
46 15.348044
47 14.613886
48 16.20413
49 15.410545
50 16.295994
51 15.731345
52 15.014251
53 22.008307
54 14.946967
55 23.624847
56 23.202227
57 20.142534
58 17.362562
59 18.488173
60 9.956287
61 16.821527
62 22.058794
63 14.1240425
64 14.705567
65 14.3468075
66 13.118695
67 18.221329
68 18.173729
69 15.009185
70 14.77182
71 13.593438
72 12.062486
73 12.340245
74 15.579695
75 11.075771
76 14.277653
77 14.744757
78 13.969332
79 11.38467
80 15.998349
81 12.804047
82 9.453742
83 17.09408
84 13.635024
85 14.921249
86 14.143969
87 9.51758
88 13.796518
89 13.761019
90 12.088774
91 13.495601
92 10.20336
93 14.120419
94 12.024606
95 11.241725
96 12.566584
97 8.886621
98 10.860382
99 13.401464
100 11.9157505
101 9.643962
102 7.2517147
103 15.048212
104 9.060702
105 10.879022
106 12.871903
107 9.699611
108 12.150115
109 7.268507
110 13.3744135
111 4.1170177
112 9.985912
113 12.118263
114 8.725809
115 8.821533
116 10.491964
117 6.2875648
118 10.661568
119 11.054496
120 10.538384
121 7.8544006
122 9.930179
123 11.468968
124 11.121677
125 11.084748
126 8.657622
127 9.9751425
128 10.394796
129 8.064004
130 9.1815815
131 14.2616005
132 10.109812
133 10.613312
134 10.393875
135 9.30997
136 9.44324
137 10.124998
138 7.5236692
139 15.125087
140 12.635926
141 10.115126
142 8.428585
143 8.855837
144 7.9552627
145 10.873414
146 11.063997
147 9.837964
148 9.373813
149 10.389758
150 10.80188
151 9.811697
152 8.7996435
153 10.122014
154 10.906213
155 12.744026
156 8.946804
157 6.3025284
158 7.0604086
159 9.953103
160 10.530579
161 11.820442
162 11.9595
163 8.48408
164 8.772582
165 9.356205
166 10.822462
167 8.9199705
168 7.5886545
169 10.078522
170 11.630875
171 8.216271
172 10.365372
173 10.812327
174 9.360699
175 14.140613
176 13.161832
177 7.3955293
178 9.2337265
179 11.673111
180 9.882713
181 9.58654
182 5.819253
183 9.783535
184 8.092069
185 8.648465
186 7.860126
187 10.718393
188 6.0397844
189 7.3215528
190 6.690805
191 6.004347
192 9.648063
193 8.909872
194 8.4372635
195 10.661148
196 7.233895
197 10.728863
198 5.515418
199 6.2166486
200 7.7807426
201 5.800237
202 8.51833
203 8.838205
204 8.550803
205 7.2574353
206 8.846892
207 6.2379336
208 7.4760137
209 5.7518897
210 5.8959255
211 8.05951
212 6.3877354
213 5.271095
214 9.098447
215 5.413276
216 5.429437
217 6.6280684
218 5.0390067
219 5.547284
220 7.914029
221 7.5281544
222 5.962764
223 7.523114
224 5.947329
225 5.92028
226 5.8157034
227 3.6364563
228 5.0811095
229 5.080011
230 5.1207647
231 7.006325
232 7.322018
233 8.421947
234 7.385184
235 5.8198133
236 7.7256284
237 6.3140116
238 8.434553
239 7.461023
240 5.8671846
241 7.718331
242 6.1438723
243 5.0937567
244 4.885726
245 5.3774605
246 7.1966114
247 7.800753
248 5.4309697
249 7.391535
250 6.990992
251 4.8665223
252 7.3748217
253 8.4424515
254 6.4701457
255 5.516102
256 6.5679183
257 7.9575677
258 6.6381273
259 7.920266
260 7.824743
261 8.340979
262 6.1326013
263 6.2222657
264 6.6842456
265 7.378648
266 6.336544
267 8.030766
268 6.6243258
269 5.7808585
270 6.9851646
271 8.237411
272 6.0754275
273 5.963264
274 5.7995
275 3.8491938
276 6.1540027
277 7.4033604
278 7.3094726
279 5.6708403
280 6.2405334
281 6.424979
282 7.9863954
283 6.612225
284 6.07861
285 5.655884
286 6.398525
287 5.7715364
288 7.113924
289 8.036833
290 6.4361506
291 5.072297
292 5.522683
293 5.3329606
294 5.639427
295 5.6405544
296 6.60981
297 5.141222
298 6.0915313
299 9.822631
300 6.6575146
301 4.9291716
302 7.051856
303 4.511537
304 8.67104
305 5.5598264
306 9.18388
307 5.9117494
308 6.2751064
309 5.389957
310 8.088062
311 4.888337
312 6.6250467
313 7.43709
314 7.6948957
315 6.9859366
316 5.3930087
317 6.482831
318 5.5217175
319 6.429698
320 4.9046555
321 7.7922587
322 6.140532
323 7.307825
324 5.747521
325 7.1254416
326 4.392524
327 5.745165
328 5.534316
329 5.0212927
330 4.2362175
331 4.2311287
332 4.7889524
333 5.817186
334 5.674185
335 4.210815
336 6.323141
337 7.06221
338 4.7989674
339 5.955821
340 7.153463
341 4.6759667
342 6.128682
343 6.7673025
344 4.591901
345 7.3553414
346 4.7345934
347 4.9282894
348 5.804095
349 3.8101661
350 5.9231954
351 5.3122287
352 3.9236438
353 3.765247
354 6.578022
355 6.5182953
356 5.0671964
357 4.1222534
358 5.297734
359 4.629826
360 4.639498
361 5.04731
362 5.935999
363 4.3616815
364 4.7450366
365 5.1665764
366 5.012715
367 3.912422
368 5.606613
369 5.371228
370 5.1541348
371 4.009182
372 4.9376802
373 5.1363053
374 5.3405595
375 3.9618556
376 3.551851
377 4.532887
378 3.5431666
379 5.147709
380 4.059924
381 5.452622
382 5.095193
383 6.3353853
384 4.8942137
385 5.1016994
386 4.811354
387 4.1679454
388 5.647899
389 4.8276796
390 4.3185887
391 3.9656086
392 4.935473
393 4.9779477
394 4.3690586
395 4.8297296
396 3.5210676
397 3.6128314
398 3.933694
399 3.7963312
400 4.7918444
401 4.18085
402 3.4740226
403 6.0948324
404 5.0707865
405 5.559807
406 4.5922947
407 2.3480923
408 4.8162103
409 4.6008115
410 3.6152432
411 5.3799496
412 4.499583
413 5.063742
414 4.365676
415 4.908961
416 4.7141175
417 4.6963663
418 3.9029887
419 3.6518257
420 5.2612996
421 3.7616684
422 4.5684433
423 6.1986957
424 3.4945714
425 5.6182637
426 3.0586014
427 5.6729965
428 4.40936
429 5.4033694
430 4.550803
431 4.343859
432 4.152555
433 4.7473187
434 5.0716066
435 5.3576474
436 4.023869
437 5.0429277
438 4.986735
439 3.9334896
440 4.5974746
441 5.413368
442 3.4708164
443 5.151035
444 3.5060272
445 4.3008313
446 4.606575
447 3.6600432
448 6.055717
449 3.1118975
450 5.433416
451 3.4165385
452 3.1949818
453 4.439586
454 5.0851545
455 4.869299
456 3.455734
457 4.102667
458 4.853912
459 4.2747555
460 3.6915317
461 4.278474
462 3.8208106
463 4.012699
464 3.3453271
465 4.5904403
466 4.5773053
467 4.7512
468 5.580584
469 4.5306454
470 4.9290075
471 5.8853407
472 4.149964
473 4.7758975
474 4.189811
475 4.3369226
476 3.9065583
477 4.6801763
478 4.023783
479 3.4755366
480 3.318273
481 3.6704035
482 4.706996
483 4.472158
484 2.9342854
485 4.0699143
486 4.701065
487 3.1734617
488 3.6300929
489 4.138863
490 5.2047143
491 4.2420835
492 4.1137652
493 2.9625769
494 4.642316
495 4.378882
496 2.7662096
497 3.2995012
498 4.705856
499 4.2079053
500 3.0492427
501 4.427826
502 5.379626
503 4.846832
504 5.14857
505 4.581954
506 4.317731
507 3.8024125
508 4.632956
509 4.0424647
510 4.5054836
511 4.2492595
512 4.7088194
513 4.7247453
514 2.9857883
515 4.385199
516 3.2759871
517 3.7377949
518 4.580798
519 6.4697065
520 3.1293123
521 3.7790704
522 3.9911866
523 3.9158213
524 3.8397913
525 3.137971
526 3.1784563
527 3.7894576
528 4.1948204
529 3.249326
530 3.782548
531 4.2890334
532 4.005517
533 3.2767544
534 3.6203957
535 3.886067
536 3.6076136
537 4.02947
538 4.227404
539 5.6240005
540 3.5780036
541 3.9406605
542 3.216326
543 4.459939
544 3.6224842
545 4.252892
546 4.28432
547 4.0183225
548 4.04333
549 4.571226
550 3.855204
551 2.989258
552 4.0118213
553 4.7353663
554 4.0570774
555 4.236204
556 3.6646101
557 3.5333264
558 3.2926571
559 3.9585605
560 3.093703
561 4.2488446
562 3.813593
563 3.5349517
564 4.33866
565 4.158737
566 4.443074
567 3.9856467
568 2.8658655
569 3.2128046
570 3.6173675
571 3.9359732
572 2.9711688
573 4.3595643
574 4.2237644
575 2.835115
576 3.6506083
577 3.8779995
578 4.334599
579 4.326301
580 4.0407915
581 4.121431
582 3.851999
583 5.137082
584 3.962404
585 4.533295
586 2.8775337
587 3.4483736
588 3.239005
589 3.5769236
590 3.570999
591 4.0301914
592 4.5110807
593 3.8030744
594 4.143499
595 3.817419
596 3.2369845
597 4.288261
598 3.6675913
599 3.9208512
600 3.3018978
601 4.5414634
602 4.4749637
603 4.790012
604 3.3358452
605 3.9958127
606 3.2734241
607 4.7068334
608 4.780632
609 2.7676837
610 3.5662541
611 2.7557054
612 4.73427
613 3.4249966
614 2.830795
615 4.5447454
616 3.7767222
617 3.7802825
618 2.5278091
619 4.623956
620 4.189541
621 2.6644905
622 4.026455
623 3.4011269
624 2.6509633
625 4.126486
626 3.7704425
627 3.2858207
628 3.59338
629 3.1522756
630 3.7143059
631 3.8785772
632 3.6690407
633 3.418804
634 3.6959295
635 4.1570783
636 5.0847764
637 4.431959
638 4.804457
639 3.7703185
640 4.2283077
641 3.402767
642 4.0551887
643 4.485741
644 4.2534
645 4.7421236
646 3.323778
647 3.7223103
648 3.858867
649 4.1125054
650 5.165551
651 5.1036305
652 3.7844775
653 4.3217835
654 3.240488
655 4.936143
656 4.5355334
657 3.5179737
658 4.128634
659 2.169425
660 3.0093772
661 3.2646544
662 4.751983
663 4.4861026
664 4.0174494
665 3.8284948
666 2.996739
667 4.4854956
668 3.6226714
669 2.934784
670 4.3411365
671 4.795128
672 3.4406116
673 3.5146344
674 4.267353
675 3.6177886
676 3.0397098
677 3.4200299
678 3.4540184
679 3.2279224
680 3.4343367
681 4.3511295
682 3.0833073
683 3.0691528
684 3.682059
685 4.411685
686 4.420447
687 5.213663
688 2.94871
689 3.4527555
690 3.262754
691 4.2214737
692 5.0034
693 4.5881386
694 3.4650645
695 4.149876
696 4.8691416
697 2.8933728
698 3.6009135
699 4.0207915
700 5.1895833
701 3.639516
702 4.395352
703 4.887527
704 4.4120393
705 3.9999945
706 3.9845002
707 4.726283
708 3.8503098
709 3.5267699
710 3.2223718
711 4.573666
712 3.37069
713 3.778597
714 3.0129483
715 3.489008
716 3.4314756
717 4.6655245
718 3.462417
719 2.884201
720 4.331736
721 4.127176
722 4.029116
723 3.7408786
724 3.8981423
725 3.070521
726 3.935587
727 4.1245384
728 4.224631
729 3.0187316
730 4.2769675
731 4.3693843
732 4.4595423
733 3.881749
734 3.4384549
735 4.2978053
736 4.9501004
737 4.3833246
738 3.7287912
739 3.964316
740 4.2469163
741 3.3609984
742 3.5746086
743 3.9642642
744 3.6900153
745 4.9262757
746 3.6493886
747 4.377218
748 3.647541
749 3.0666103
750 4.6254168
751 2.9735725
752 3.9312155
753 2.9817557
754 3.4394493
755 3.152888
756 4.1358647
757 4.5053144
758 3.0925806
759 3.2829857
760 4.0923157
761 3.5644798
762 4.3876047
763 3.6522021
764 3.1010919
765 3.4846842
766 5.122045
767 4.064281
768 4.0172315
769 3.5450034
770 3.4748878
771 3.6689405
772 3.0405085
773 5.035576
774 3.6598024
775 4.3109455
776 3.7116642
777 4.5721493
778 3.978961
779 3.028506
780 2.9438887
781 3.661121
782 3.3840723
783 3.2770767
784 3.0280933
785 3.7427847
786 3.3976116
787 3.6774304
788 3.8301582
789 4.2250547
790 3.3169076
791 3.619053
792 3.2319255
793 3.428838
794 3.6483107
795 3.565906
796 5.0796375
797 4.2794833
798 3.2232678
799 3.8781805
800 4.764126
801 3.1777608
802 3.6819603
803 4.0197444
804 3.2841609
805 4.8476434
806 2.5280762
807 3.4605317
808 5.259042
809 4.642428
810 4.2969494
811 4.1323476
812 4.7711763
813 3.3340738
814 4.2117515
815 2.8630364
816 3.4059691
817 5.0492663
818 3.2129173
819 4.7380457
820 3.117403
821 4.290435
822 3.2675765
823 4.993274
824 4.095138
825 3.2768087
826 4.548484
827 3.5233793
828 2.9317524
829 3.155085
830 3.4586773
831 3.5458386
832 3.0017388
833 5.427914
834 3.3505018
835 3.5949938
836 3.4178586
837 3.3051343
838 3.155106
839 4.1847587
840 3.8093414
841 2.9493496
842 4.613853
843 3.884683
844 3.5556848
845 4.516262
846 3.5823464
847 4.2721357
848 3.7808168
849 3.4530897
850 4.0618005
851 3.594063
852 3.083717
853 4.1753917
854 3.2738683
855 3.1992335
856 4.66639
857 3.7867532
858 3.7757847
859 3.6910098
860 3.1925173
861 3.3426208
862 2.5942261
863 2.825043
864 3.4869406
865 4.025281
866 3.1053228
867 3.5265565
868 4.3097143
869 2.9507937
870 3.1153958
871 3.8080416
872 4.5511193
873 3.0293684
874 3.5109584
875 3.8252592
876 3.3479614
877 3.1989813
878 3.2460053
879 4.7016172
880 4.868906
881 3.2170873
882 3.7421124
883 4.3132243
884 3.3089757
885 3.0083914
886 4.320229
887 3.7892294
888 3.3126245
889 3.1436434
890 4.215077
891 3.3334937
892 3.2565184
893 4.508133
894 4.2280707
895 3.6381664
896 4.099531
897 3.3370066
898 3.5108318
899 4.4382353
900 3.1274185
901 4.5517554
902 3.3391132
903 3.8558276
904 3.8741524
905 3.1828349
906 3.8245106
907 3.0195916
908 3.2650335
909 3.5816255
910 3.875338
911 4.8836536
912 3.9029884
913 3.2814999
914 4.9383407
915 2.0954428
916 3.7848153
917 3.2972713
918 3.461708
919 2.9493582
920 3.541016
921 3.6567357
922 4.3802056
923 4.481065
924 4.1376557
925 3.614846
926 3.5702999
927 4.6528277
928 3.3418672
929 3.133956
930 3.920215
931 2.793317
932 3.1297874
933 4.0204964
934 3.431927
935 3.0418777
936 4.016842
937 4.4091744
938 4.697897
939 3.0373113
940 2.8586845
941 4.035799
942 3.9249482
943 4.2163835
944 3.784116
945 3.9018984
946 3.4721699
947 3.0555434
948 3.4755087
949 4.098001
950 3.730133
951 4.1837916
952 3.2130089
953 3.9659941
954 3.6278675
955 3.1050413
956 3.534195
957 3.2415988
958 3.8599064
959 5.155413
960 3.7608285
961 4.3834906
962 3.7109232
963 3.5557826
964 3.492482
965 3.4274006
966 4.0268
967 3.5279474
968 4.1344995
969 3.8828557
970 5.2075
971 3.1651707
972 5.740112
973 3.4981375
974 4.729506
975 2.844218
976 4.5194397
977 3.3690844
978 5.0667825
979 4.1289706
980 4.465773
981 4.2031493
982 4.64305
983 3.6785514
984 2.8480246
985 3.9282956
986 4.2258134
987 4.3148203
988 4.7400255
989 3.7535706
990 3.1395805
991 4.2012877
992 3.525763
993 2.8188162
994 3.697348
995 2.8796086
996 3.8186698
997 2.2420602
998 3.9035769
999 3.4868884
1000 4.036358
0 12.0087
1 15.995
2 30.1136
3 27.6376
4 16.6616
5 18.0611
6 14.7604
7 18.5189
8 17.6482
9 17.8992
10 21.9394
11 19.4349
12 15.5175
13 16.9129
14 23.8838
15 18.5563
16 28.0666
17 25.1917
18 17.5764
19 15.8291
20 17.7588
21 15.129
