0 8.212458
1 10.170698
2 16.135366
3 18.346308
4 16.680477
5 17.827015
6 15.673083
7 15.477439
8 14.361596
9 13.219761
10 14.107396
11 14.01882
12 9.862187
13 18.488346
14 17.475409
15 13.072226
16 13.13091
17 14.259047
18 14.750772
19 17.20737
20 8.739294
21 11.706356
22 17.226574
23 9.323513
24 13.598297
25 9.554777
26 9.530609
27 10.796576
28 11.5352545
29 9.181981
30 10.752018
31 9.030688
32 10.42738
33 10.369762
34 11.146692
35 9.829325
36 12.335692
37 11.965046
38 13.487235
39 9.322592
40 11.059055
41 13.3509245
42 10.842012
43 9.569446
44 8.880847
45 9.8845825
46 10.6384535
47 10.129574
48 11.231848
49 10.681776
50 11.295523
51 10.904138
52 10.407085
53 15.254995
54 10.360448
55 16.375496
56 16.082558
57 13.9617405
58 12.034811
59 12.815025
60 6.9011726
61 11.659794
62 15.289991
63 9.79004
64 10.193123
65 9.944449
66 9.093186
67 12.630062
68 12.597069
69 10.403574
70 10.239045
71 9.422254
72 8.361078
73 8.553606
74 10.799022
75 7.6771398
76 9.896515
77 10.220286
78 9.682803
79 7.891252
80 11.0892105
81 8.875089
82 6.5528345
83 11.848713
84 9.451078
85 10.342622
86 9.803852
87 6.5970836
88 9.563018
89 9.538411
90 8.379299
91 9.354438
92 7.0724297
93 9.787528
94 8.334822
95 7.79217
96 8.710492
97 6.1597366
98 7.5278435
99 9.289187
100 8.259369
101 6.6846848
102 5.0265055
103 10.430626
104 6.2804003
105 7.540763
106 8.922124
107 6.723258
108 8.421818
109 5.038145
110 9.270437
111 2.8536992
112 6.921707
113 8.39974
114 6.04827
115 6.1146207
116 7.2724752
117 4.3582077
118 7.3900356
119 7.6623926
120 7.3046513
121 5.444256
122 6.883075
123 7.949683
124 7.7089596
125 7.683362
126 6.0010066
127 6.914242
128 7.205124
129 5.5895414
130 6.3641872
131 9.885388
132 7.0075874
133 7.356587
134 7.204485
135 6.4531794
136 6.5455556
137 7.018114
138 5.21501
139 10.4839115
140 8.758556
141 7.0112705
142 5.84225
143 6.138398
144 5.514168
145 7.536876
146 7.6689787
147 6.819157
148 6.4974318
149 7.2016315
150 7.4872923
151 6.80095
152 6.099448
153 7.0160456
154 7.5596104
155 8.833486
156 6.201452
157 4.36858
158 4.8939023
159 6.8989654
160 7.299241
161 8.193306
162 8.289694
163 5.8807163
164 6.0806904
165 6.485227
166 7.5015593
167 6.1828527
168 5.2600546
169 6.985899
170 8.061908
171 5.695085
172 7.184728
173 7.4945345
174 6.488342
175 9.801526
176 9.123087
177 5.12619
178 6.4003315
179 8.091184
180 6.850175
181 6.644883
182 4.033599
183 6.78143
184 5.6089945
185 5.9946594
186 5.448224
187 7.4294243
188 4.1864595
189 5.0749135
190 4.6377125
191 4.161896
192 6.687527
193 6.175853
194 5.8482656
195 7.3897448
196 5.014154
197 7.436681
198 3.8229966
199 4.3090525
200 5.3932
201 4.020418
202 5.904456
203 6.1261773
204 5.926965
205 5.030471
206 6.1321983
207 4.3238063
208 5.1819777
209 3.986906
210 4.0867443
211 5.5864267
212 4.427641
213 3.6536446
214 6.306563
215 3.7521973
216 3.7633991
217 4.594227
218 3.4927733
219 3.8450844
220 5.485587
221 5.218119
222 4.133073
223 5.2146254
224 4.1223745
225 4.1036253
226 4.0311384
227 2.5205994
228 3.5219567
229 3.5211952
230 3.5494435
231 4.8564143
232 5.0752363
233 5.8376484
234 5.1190195
235 4.033987
236 5.3549976
237 4.376539
238 5.846387
239 5.171587
240 4.0668225
241 5.3499393
242 4.258608
243 3.530723
244 3.386527
245 3.7273717
246 4.988311
247 5.40707
248 3.7644613
249 5.1234217
250 4.8457866
251 3.3732164
252 5.111837
253 5.8518615
254 4.484763
255 3.8234706
256 4.552534
257 5.5157657
258 4.601199
259 5.48991
260 5.4236984
261 5.7815256
262 4.2507954
263 4.312946
264 4.633166
265 5.114489
266 4.3921576
267 5.5665026
268 4.591633
269 4.0069857
270 4.8417473
271 5.709738
272 4.2111654
273 4.1334195
274 4.019907
275 2.668058
276 4.26563
277 5.1316185
278 5.0665402
279 3.930727
280 4.3256083
281 4.4534564
282 5.5357475
283 4.5832453
284 4.2133713
285 3.9203598
286 4.4351196
287 4.000524
288 4.9309964
289 5.5707083
290 4.4611998
291 3.5158484
292 3.8280323
293 3.6965265
294 3.908953
295 3.9097342
296 4.581571
297 3.5636234
298 4.2223277
299 6.808529
300 4.6146374
301 3.4166412
302 4.8879743
303 3.127159
304 6.0103064
305 3.853778
306 6.3657804
307 4.0977125
308 4.349572
309 3.7360334
310 5.6062174
311 3.3883371
312 4.5921326
313 5.154998
314 5.3336954
315 4.8422823
316 3.7381487
317 4.493556
318 3.827363
319 4.456727
320 3.3996482
321 5.401182
322 4.2562923
323 5.065398
324 3.983878
325 4.9389796
326 3.0446656
327 3.982245
328 3.8360956
329 3.4804947
330 2.9363222
331 2.9327948
332 3.3194487
333 4.032166
334 3.9330451
335 2.9187145
336 4.3828673
337 4.895151
338 3.3263907
339 4.1282606
340 4.9584026
341 3.2411332
342 4.248079
343 4.690737
344 3.1828632
345 5.0983343
346 3.2817702
347 3.41603
348 4.023092
349 2.641006
350 4.105646
351 3.6821563
352 2.7196627
353 2.6098704
354 4.5595374
355 4.518138
356 3.512313
357 2.8573284
358 3.6721091
359 3.209151
360 3.2158551
361 3.4985285
362 4.114521
363 3.023287
364 3.2890086
365 3.5811977
366 3.4745493
367 2.7118843
368 3.886208
369 3.7230515
370 3.5725741
371 2.778953
372 3.422539
373 3.5602155
374 3.7017937
375 2.746149
376 2.4619555
377 3.1419578
378 2.455936
379 3.56812
380 2.814125
381 3.7794695
382 3.5317187
383 4.3913546
384 3.3924103
385 3.5362284
386 3.3349767
387 2.8889997
388 3.9148254
389 3.3462925
390 2.9934175
391 2.7487504
392 3.4210093
393 3.4504504
394 3.0284007
395 3.3477135
396 2.440618
397 2.5042238
398 2.7266288
399 2.6314163
400 3.3214533
401 2.8979445
402 2.408009
403 4.224616
404 3.5148015
405 3.8537645
406 3.183136
407 1.6275736
408 3.3383427
409 3.1890395
410 2.5058956
411 3.729097
412 3.1188731
413 3.5099187
414 3.026056
415 3.4026322
416 3.2675772
417 3.255273
418 2.7053456
419 2.5312526
420 3.6468549
421 2.60739
422 3.1666036
423 4.2966084
424 2.4222524
425 3.8942838
426 2.120061
427 3.9322214
428 3.0563354
429 3.7453303
430 3.1543765
431 3.0109339
432 2.8783317
433 3.2905908
434 3.51537
435 3.713638
436 2.7891335
437 3.495491
438 3.456541
439 2.7264872
440 3.1867266
441 3.752261
442 2.4057865
443 3.5704253
444 2.430193
445 2.9811091
446 3.1930346
447 2.5369487
448 4.197503
449 2.157003
450 3.766157
451 2.368164
452 2.2145927
453 3.0772865
454 3.5247605
455 3.375141
456 2.3953323
457 2.843752
458 3.3644755
459 2.9630346
460 2.5587747
461 2.965612
462 2.648384
463 2.7813911
464 2.318804
465 3.1818507
466 3.1727462
467 3.293281
468 3.868166
469 3.1404042
470 3.4165277
471 4.079407
472 2.876536
473 3.3104
474 2.9041557
475 3.0061257
476 2.70782
477 3.244051
478 2.789074
479 2.4090583
480 2.3000517
481 2.5441298
482 3.262641
483 3.0998635
484 2.0338917
485 2.8210497
486 3.25853
487 2.199676
488 2.5161886
489 2.8688412
490 3.607633
491 2.9403882
492 2.8514447
493 2.0535018
494 3.2178082
495 3.0352097
496 1.9173905
497 2.28704
498 3.2618508
499 2.9166977
500 2.113574
501 3.0691352
502 3.7288723
503 3.3595676
504 3.5687168
505 3.1759686
506 2.992823
507 2.6356316
508 3.2113204
509 2.802023
510 3.1229632
511 2.945362
512 3.2639048
513 3.2749438
514 2.0695908
515 3.0395885
516 2.2707412
517 2.590842
518 3.1751673
519 4.484459
520 2.169074
521 2.619452
522 2.7664797
523 2.7142406
524 2.6615405
525 2.1750758
526 2.203138
527 2.6266518
528 2.907628
529 2.2522612
530 2.6218624
531 2.9729314
532 2.7764127
533 2.2712731
534 2.5094671
535 2.6936164
536 2.5006073
537 2.7930157
538 2.9302132
539 3.89826
540 2.4800832
541 2.7314577
542 2.2293873
543 3.0913942
544 2.5109148
545 2.9478803
546 2.969664
547 2.785289
548 2.8026228
549 3.1685324
550 2.6722238
551 2.0719957
552 2.7807827
553 3.2823057
554 2.812152
555 2.936313
556 2.5401142
557 2.4491153
558 2.282296
559 2.743865
560 2.1443915
561 2.9450746
562 2.643381
563 2.4502418
564 3.00733
565 2.882617
566 3.0797043
567 2.7626398
568 1.9864665
569 2.2269464
570 2.507368
571 2.7282088
572 2.0594573
573 3.0218196
574 2.9276905
575 1.9651519
576 2.5304089
577 2.6880245
578 3.0045152
579 2.9987633
580 2.8008633
581 2.856758
582 2.6700022
583 3.5607538
584 2.746529
585 3.1422408
586 1.9945543
587 2.3902304
588 2.2451072
589 2.4793346
590 2.4752278
591 2.793516
592 3.126843
593 2.6360903
594 2.8720546
595 2.6460333
596 2.2437067
597 2.972396
598 2.5421805
599 2.717727
600 2.288701
601 3.1479025
602 3.1018083
603 3.3201833
604 2.3122318
605 2.7696862
606 2.2689648
607 3.2625284
608 3.3136816
609 1.9184122
610 2.471939
611 1.9101094
612 3.2815459
613 2.3740268
614 1.9621576
615 3.1501775
616 2.6178243
617 2.6202922
618 1.7521437
619 3.2050822
620 2.9039686
621 1.846884
622 2.7909257
623 2.3574815
624 1.8375077
625 2.860262
626 2.6134715
627 2.2775574
628 2.4907413
629 2.184991
630 2.5745606
631 2.6884248
632 2.5431852
633 2.3697343
634 2.5618231
635 2.881467
636 3.5244985
637 3.072
638 3.330196
639 2.6133857
640 2.9308395
641 2.3586183
642 2.8108425
643 3.1092787
644 2.9482322
645 3.2869897
646 2.3038673
647 2.580109
648 2.6747627
649 2.8505716
650 3.5804873
651 3.5375671
652 2.6232
653 2.9956322
654 2.2461352
655 3.4214735
656 3.1437922
657 2.4384735
658 2.861751
659 1.5037308
660 2.0859413
661 2.262886
662 3.2938237
663 3.1095295
664 2.7846837
665 2.6537104
666 2.077181
667 3.1091087
668 2.5110445
669 2.0342371
670 3.0090466
671 3.3237295
672 2.3848503
673 2.436159
674 2.9579039
675 2.50766
676 2.1069663
677 2.370584
678 2.394143
679 2.2374253
680 2.3805008
681 3.0159733
682 2.1371858
683 2.1273746
684 2.552209
685 3.057947
686 3.0640202
687 3.613836
688 2.04389
689 2.3932676
690 2.2615688
691 2.9261026
692 3.4680924
693 3.1802554
694 2.4017997
695 2.8764749
696 3.3750317
697 2.0055332
698 2.495963
699 2.7870004
700 3.597145
701 2.5227203
702 3.0466256
703 3.3877754
704 3.0581927
705 2.772585
706 2.761845
707 3.2760098
708 2.6688313
709 2.4445705
710 2.233578
711 3.1702237
712 2.3363843
713 2.619124
714 2.0884166
715 2.418396
716 2.3785176
717 3.2338953
718 2.3999646
719 1.9991759
720 3.0025306
721 2.8607402
722 2.7927704
723 2.5929794
724 2.7019863
725 2.128323
726 2.727941
727 2.8589122
728 2.9282908
729 2.0924253
730 2.964568
731 3.0286264
732 3.0911193
733 2.6906233
734 2.3833554
735 2.9790115
736 3.4311483
737 3.038289
738 2.5846012
739 2.7478545
740 2.9437382
741 2.3296666
742 2.4777298
743 2.7478185
744 2.5577238
745 3.414634
746 2.5295634
747 3.0340562
748 2.5282829
749 2.1256123
750 3.2060947
751 2.0611234
752 2.724911
753 2.0667956
754 2.3840446
755 2.1854155
756 2.866763
757 3.122846
758 2.1436136
759 2.2755923
760 2.836577
761 2.470709
762 3.041256
763 2.5315137
764 2.149513
765 2.415399
766 3.550331
767 2.8171449
768 2.7845328
769 2.457209
770 2.4086087
771 2.5431159
772 2.1075199
773 3.490395
774 2.5367818
775 2.9881196
776 2.5727296
777 3.1691725
778 2.7580056
779 2.0992005
780 2.040548
781 2.5376956
782 2.3456602
783 2.2714965
784 2.0989144
785 2.5943007
786 2.3550448
787 2.5490005
788 2.6548634
789 2.9285848
790 2.2991052
791 2.5085363
792 2.2402
793 2.3766894
794 2.5288162
795 2.4716978
796 3.5209365
797 2.966312
798 2.234199
799 2.68815
800 3.3022404
801 2.202656
802 2.5521405
803 2.7862744
804 2.2764068
805 3.3601303
806 1.7523289
807 2.3986578
808 3.64529
809 3.2178857
810 2.9784184
811 2.864325
812 3.3071275
813 2.311004
814 2.9193637
815 1.9845057
816 2.360838
817 3.4998846
818 2.2270246
819 3.284163
820 2.160819
821 2.9739027
822 2.2649114
823 3.4610739
824 2.8385334
825 2.2713108
826 3.1527689
827 2.4422204
828 2.032136
829 2.1869383
830 2.3973725
831 2.457788
832 2.0806468
833 3.7623434
834 2.3223908
835 2.49186
836 2.369079
837 2.2909446
838 2.1869528
839 2.9006538
840 2.6404343
841 2.0443335
842 3.198079
843 2.692657
844 2.464613
845 3.1304343
846 2.4830933
847 2.9612188
848 2.6206625
849 2.3934994
850 2.8154254
851 2.4912148
852 2.1374698
853 2.894161
854 2.2692726
855 2.2175398
856 3.2344952
857 2.6247773
858 2.6171746
859 2.558413
860 2.2128844
861 2.3169281
862 1.7981806
863 1.9581705
864 2.416963
865 2.790112
866 2.1524458
867 2.4444227
868 2.9872663
869 2.0453343
870 2.159428
871 2.6395333
872 3.1545956
873 2.0997982
874 2.433611
875 2.6514676
876 2.32063
877 2.2173648
878 2.2499595
879 3.2589128
880 3.3748684
881 2.229915
882 2.5938346
883 2.9896994
884 2.2936072
885 2.085258
886 2.9945548
887 2.6264937
888 2.2961364
889 2.1790075
890 2.9216688
891 2.3106017
892 2.2572465
893 3.1247997
894 2.9306753
895 2.5217848
896 2.8415785
897 2.3130367
898 2.4335232
899 3.0763502
900 2.1677613
901 3.1550364
902 2.314497
903 2.672656
904 2.6853578
905 2.206173
906 2.6509488
907 2.0930214
908 2.2631488
909 2.4825935
910 2.6861796
911 3.3850908
912 2.7053454
913 2.2745624
914 3.4229968
915 1.4524503
916 2.623434
917 2.2854943
918 2.3994732
919 2.0443394
920 2.4544454
921 2.534656
922 3.036127
923 3.1060374
924 2.8680043
925 2.5056202
926 2.4747434
927 3.2250943
928 2.3164058
929 2.1722927
930 2.7172859
931 1.9361799
932 2.1694033
933 2.7867956
934 2.3788304
935 2.108469
936 2.7842627
937 3.0562067
938 3.256334
939 2.1053038
940 1.9814892
941 2.7974026
942 2.7205667
943 2.9225743
944 2.6229494
945 2.7045898
946 2.4067247
947 2.1179414
948 2.409039
949 2.8405178
950 2.5855312
951 2.8999834
952 2.227088
953 2.7490177
954 2.514646
955 2.1522505
956 2.4497173
957 2.246905
958 2.6754832
959 3.57346
960 2.6068077
961 3.038404
962 2.572216
963 2.4646807
964 2.420804
965 2.375693
966 2.791165
967 2.445387
968 2.8658166
969 2.6913905
970 3.6095638
971 2.1939292
972 3.9787424
973 2.424724
974 3.2782438
975 1.9714618
976 3.132637
977 2.3352714
978 3.5120258
979 2.8619843
980 3.095438
981 2.9134011
982 3.218317
983 2.5497775
984 1.9741002
985 2.722887
986 2.9291108
987 2.9908056
988 3.2855353
989 2.6017768
990 2.1761913
991 2.9121108
992 2.4438727
993 1.9538544
994 2.5628064
995 1.9959927
996 2.6469002
997 1.5540776
998 2.7057533
999 2.4169269
1000 2.79779
0 8.32377
1 11.0869
2 20.8731
3 19.1569
4 11.549
5 12.519
6 10.2311
7 12.8363
8 12.2328
9 12.4068
10 15.2073
11 13.4713
12 10.7559
13 11.7231
14 16.555
15 12.8623
16 19.4543
17 17.4616
18 12.1831
19 10.9719
20 12.3094
21 10.4866
