0 1.6980597
1 1.2548635
2 1.3385388
3 1.1862631
4 1.2476861
5 1.4943639
6 1.3500482
7 1.291509
8 1.3527999
9 1.3247454
10 1.2204001
11 1.3392358
12 1.2364889
13 1.2263124
14 1.2500468
15 1.3729012
16 1.3481829
17 1.3533581
18 1.2216287
19 1.3016336
20 1.2513009
21 1.3870023
22 1.1308212
23 1.4808381
24 1.297338
25 1.4428622
26 1.3526175
27 1.4433564
28 1.3771513
29 1.4171789
30 1.4570315
31 1.431804
32 1.3074305
33 1.5879633
34 1.4275274
35 1.2830031
36 1.2534778
37 1.3103051
38 1.3583424
39 1.4024224
40 1.3303266
41 1.3290365
42 1.3479466
43 1.3106819
44 1.4568627
45 1.3052977
46 1.3270932
47 1.4776055
48 1.2580432
49 1.2071004
50 1.2657464
51 1.4177094
52 1.3553088
53 1.3360946
54 1.4624033
55 1.3067093
56 1.3612425
57 1.3731754
58 1.364835
59 1.3910264
60 1.4942634
61 1.4001658
62 1.2915342
63 1.3477325
64 1.369287
65 1.3428736
66 1.3214629
67 1.440583
68 1.3098501
69 1.4113299
70 1.3926144
71 1.4305158
72 1.4586012
73 1.4783139
74 1.3637507
75 1.363955
76 1.5955971
77 1.4033318
78 1.2564646
79 1.4979227
80 1.3414102
81 1.4208395
82 1.4655416
83 1.3785435
84 1.2298143
85 1.379223
86 1.3875511
87 1.6479666
88 1.4312881
89 1.4097155
90 1.6444632
91 1.666451
92 1.510251
93 1.429923
94 1.2837304
95 1.5246035
96 1.5012631
97 1.582415
98 1.386923
99 1.5506413
100 1.629087
101 1.6418822
102 1.6531447
103 1.4693843
104 1.7204505
105 1.8160602
106 1.5067852
107 1.6562765
108 1.536988
109 1.6480522
110 1.7634165
111 1.6575089
112 1.3022263
113 1.7240102
114 1.7290888
115 1.5101581
116 1.5299491
117 1.6825697
118 1.5981649
119 1.5349367
120 1.6442405
121 1.702353
122 1.7165153
123 1.6868691
124 1.815248
125 1.4373815
126 1.5687642
127 1.7882082
128 1.8824003
129 1.740535
130 1.4643594
131 1.7708766
132 1.4263184
133 1.5308409
134 1.6459203
135 1.4336071
136 1.8037548
137 1.626159
138 1.6268511
139 1.5614762
140 1.6290785
141 1.698914
142 1.445303
143 1.5612288
144 1.4937854
145 1.6817994
146 1.3886929
147 1.7033756
148 1.6739811
149 1.8976754
150 1.4891331
151 1.7007039
152 1.6130762
153 1.5252275
154 1.56177
155 1.7183247
156 1.5074039
157 1.4799833
158 1.5679681
159 1.569905
160 1.650136
161 1.5250309
162 1.7654697
163 1.8824675
164 1.7852616
165 1.4746082
166 1.544796
167 1.678616
168 1.5165622
169 1.6084412
170 1.7153254
171 1.916155
172 1.5203161
173 1.7067814
174 1.3402779
175 1.5133407
176 1.6946079
177 1.5910151
178 1.3970839
179 1.725446
180 1.3696532
181 1.6721777
182 1.9733648
183 1.94457
184 1.7742885
185 1.7014458
186 1.7351122
187 1.7312973
188 1.6525697
189 1.7045877
190 1.9559126
191 1.6934016
192 1.6725068
193 1.6486622
194 1.8178217
195 1.6929004
196 1.7613873
197 1.5484923
198 2.0052948
199 1.662687
200 2.0307631
201 1.6720839
202 1.879596
203 1.7545706
204 1.7220455
205 1.7017447
206 1.779859
207 1.7690856
208 1.5446994
209 1.643532
210 1.9491042
211 1.8378913
212 1.5746961
213 2.308517
214 2.0767076
215 1.7597615
216 1.883071
217 1.7062578
218 1.8465258
219 1.9798379
220 1.9319786
221 2.2001061
222 2.0600724
223 2.072158
224 2.1654267
225 1.9935591
226 1.7647481
227 2.0939193
228 2.0023108
229 1.8243322
230 2.0795183
231 1.7253525
232 2.1496348
233 1.9277055
234 2.0463943
235 2.0976264
236 1.6379015
237 1.9218804
238 1.8108319
239 1.7531419
240 1.9973016
241 1.8035948
242 2.0639699
243 2.0796804
244 1.9529909
245 1.7719829
246 2.0646043
247 2.0012913
248 2.2253895
249 1.9038619
250 2.0698247
251 2.066318
252 1.8380101
253 1.8685799
254 1.9101098
255 2.0397544
256 1.9062543
257 2.4460354
258 1.8971326
259 1.9829494
260 1.8532287
261 1.9444025
262 2.0170045
263 2.0235963
264 1.8118068
265 2.011796
266 1.9024757
267 2.2369957
268 2.2288446
269 1.9086083
270 1.9591761
271 2.303227
272 1.7152125
273 1.9199879
274 1.9525077
275 2.1165965
276 2.0845358
277 2.5274577
278 2.1961927
279 2.2701411
280 2.1545172
281 2.1994033
282 2.2026439
283 1.9737827
284 2.3112156
285 2.1199331
286 1.7535224
287 2.3199222
288 2.2539988
289 1.9635085
290 1.729232
291 1.947032
292 2.1690416
293 2.4629107
294 2.0897925
295 2.5215793
296 2.1314752
297 2.2517815
298 1.8558223
299 1.9124433
300 2.0358455
301 2.2501976
302 2.0936248
303 2.4358358
304 1.9857378
305 1.7721847
306 1.6993675
307 1.9473732
308 1.9148967
309 2.304143
310 1.8710814
311 2.1260934
312 2.0727699
313 2.2588954
314 2.0326583
315 2.2679458
316 2.2080889
317 2.0795448
318 2.0566926
319 2.1311336
320 2.4675562
321 2.3836613
322 2.192482
323 2.0920494
324 2.1886368
325 1.9769078
326 2.1925673
327 2.351513
328 2.3973694
329 2.7623024
330 2.8035703
331 2.4438381
332 2.3513403
333 2.7487078
334 2.3990564
335 2.3226676
336 2.0960581
337 2.4561214
338 2.5423307
339 2.0927074
340 2.0081158
341 2.2244143
342 2.5427032
343 2.263463
344 2.3182979
345 2.0432014
346 2.5172744
347 2.4062595
348 2.5280476
349 2.3391619
350 2.1776447
351 2.3482409
352 2.4052086
353 2.2345734
354 2.0596619
355 2.4739647
356 2.1492066
357 2.499312
358 2.4672894
359 2.5303273
360 2.4943078
361 2.7126093
362 2.7816017
363 2.7301502
364 2.646487
365 2.8545947
366 2.5295005
367 2.4124732
368 2.185481
369 2.5805466
370 2.7619095
371 2.4561534
372 2.5661225
373 2.3703737
374 2.0656734
375 2.5556867
376 2.5730472
377 2.6092181
378 2.464985
379 2.6102834
380 2.2561939
381 2.2841983
382 2.4817195
383 2.9122682
384 2.2592707
385 2.2513745
386 2.3452606
387 2.3984485
388 2.4733367
389 2.1122441
390 2.8466787
391 2.51693
392 3.0493522
393 2.7860737
394 2.3209767
395 2.412383
396 2.322167
397 2.566376
398 2.2913327
399 2.4998703
400 2.5364332
401 2.438682
402 2.2156045
403 2.5013843
404 2.2624872
405 2.5921926
406 2.2697985
407 2.7814128
408 2.676649
409 2.6693115
410 2.7793293
411 2.482503
412 2.5802908
413 2.6889343
414 2.4322186
415 2.4887755
416 2.367589
417 2.4181151
418 2.6889045
419 2.4202504
420 2.5507772
421 2.3635278
422 2.514092
423 2.6783352
424 2.568901
425 2.5660963
426 2.527605
427 2.6225119
428 2.4803038
429 2.5982716
430 2.6719656
431 2.808991
432 2.5222843
433 2.7375345
434 2.800085
435 2.5539808
436 2.8544195
437 2.2724028
438 2.5017943
439 2.9160337
440 2.8732052
441 2.465103
442 2.5995357
443 2.6484685
444 2.6964452
445 2.9480095
446 2.3585787
447 3.1037426
448 2.6224737
449 2.5220478
450 3.221261
451 2.8613553
452 2.9519687
453 3.0342908
454 2.7632778
455 3.0140185
456 2.5229902
457 2.7157636
458 2.752458
459 2.913558
460 2.9417615
461 2.5125608
462 2.7031322
463 2.6486206
464 3.1828423
465 2.7431872
466 2.8512154
467 2.9369996
468 2.578968
469 2.9715924
470 3.294815
471 3.0141783
472 2.7116675
473 2.7023933
474 3.142359
475 3.0819006
476 3.3862767
477 2.7727184
478 2.3267515
479 2.8027291
480 3.1053514
481 2.8691406
482 2.9968767
483 2.6740103
484 2.4417725
485 2.744243
486 2.2515988
487 3.001007
488 3.205335
489 3.011041
490 2.1778991
491 2.7384887
492 2.8597994
493 3.4205213
494 2.9399023
495 2.6765676
496 2.6004658
497 2.4746282
498 3.1008391
499 2.662851
500 3.0039878
501 3.1377406
502 2.876349
503 3.24395
504 3.0450332
505 2.7849205
506 3.2788806
507 3.0524926
508 3.151545
509 2.9231308
510 2.2995553
511 3.448411
512 2.660409
513 2.993208
514 3.4337583
515 3.0143425
516 2.7590756
517 2.5981324
518 2.8217807
519 2.2745757
520 2.7647693
521 2.7519064
522 2.6335602
523 3.025434
524 3.0882459
525 3.421795
526 3.0755959
527 3.1036048
528 2.8679643
529 3.4219599
530 2.717378
531 2.5774276
532 3.0035439
533 2.9095342
534 2.9658782
535 2.7460916
536 2.7289398
537 2.5637112
538 3.0256968
539 2.923221
540 2.7882986
541 3.5732992
542 2.891376
543 3.1947784
544 2.8842263
545 2.8427482
546 2.9294424
547 3.1432052
548 3.320612
549 3.0804806
550 2.9720361
551 3.2424822
552 2.5002139
553 2.7628288
554 3.0145063
555 3.0395463
556 3.3541071
557 2.935935
558 3.081622
559 3.4536996
560 2.9692779
561 2.6603847
562 2.9759672
563 3.0213857
564 3.1805205
565 3.4725342
566 3.2770925
567 2.829584
568 3.2715392
569 2.817521
570 3.0568526
571 3.0080197
572 3.0829802
573 3.2268846
574 2.8846495
575 3.1394434
576 2.6506314
577 3.0998147
578 3.1758623
579 2.7050884
580 3.2227259
581 2.6701295
582 3.1507227
583 3.2088275
584 2.994338
585 3.0808613
586 3.5611024
587 2.7062213
588 3.4671078
589 3.0737028
590 2.8442764
591 3.349937
592 2.662005
593 3.36958
594 3.3388195
595 3.1625652
596 3.0426912
597 2.9579186
598 2.956452
599 2.9946716
600 3.0230215
601 3.1961155
602 3.0204184
603 2.939704
604 3.4970675
605 2.7859855
606 3.4668121
607 3.3854096
608 3.378841
609 3.1771488
610 3.2237594
611 3.242161
612 3.4332752
613 3.2573543
614 2.9353158
615 3.1071227
616 3.0981498
617 2.4952097
618 3.123476
619 3.001966
620 3.970293
621 3.4345381
622 2.752839
623 2.835959
624 3.142292
625 3.143695
626 2.965705
627 3.2647526
628 3.0580742
629 3.6927657
630 3.2645805
631 2.885644
632 2.9100041
633 3.2776623
634 3.36117
635 2.892293
636 2.7689362
637 2.8698106
638 3.063725
639 3.0742714
640 2.7563264
641 3.6286478
642 3.1915126
643 3.287616
644 3.5797992
645 3.1265285
646 3.0147927
647 3.2953868
648 2.6417532
649 3.3669124
650 3.3050885
651 2.9985645
652 3.0943704
653 2.8827095
654 3.2498195
655 3.6437995
656 3.1738114
657 2.8974566
658 2.5146434
659 3.552131
660 3.2122972
661 3.1371236
662 2.5254245
663 2.8454509
664 3.014657
665 3.4293392
666 3.5499701
667 3.4371443
668 2.9546485
669 2.9824438
670 3.314266
671 3.045704
672 3.3223526
673 3.2775269
674 3.071107
675 3.0036788
676 3.0115776
677 2.6075044
678 3.0962148
679 3.4010844
680 2.762433
681 3.1900544
682 2.935473
683 3.0716429
684 3.0710351
685 3.3653426
686 3.213245
687 3.2613626
688 2.9867153
689 3.220437
690 3.0174608
691 3.2189465
692 2.8966644
693 2.686975
694 3.0209131
695 3.3463507
696 2.843699
697 3.7413552
698 3.1541662
699 3.251231
700 3.232215
701 3.4332464
702 3.4295802
703 3.2987833
704 3.3249598
705 2.9823534
706 2.9891124
707 2.7347786
708 3.1192741
709 3.2937877
710 2.6157296
711 3.0558686
712 3.2514033
713 3.0929031
714 3.5762048
715 2.8963914
716 3.1375527
717 3.3638284
718 2.7371478
719 3.3169503
720 3.4244597
721 3.3523588
722 2.6950438
723 3.0473104
724 3.2455888
725 3.0687556
726 3.071687
727 3.525346
728 2.9843373
729 3.2127633
730 3.131795
731 3.1349905
732 3.1049948
733 3.2932973
734 2.7765708
735 3.0029972
736 3.246564
737 3.073525
738 3.206355
739 2.5886245
740 3.2832708
741 3.4213343
742 3.3712316
743 2.9948907
744 2.8702793
745 2.707746
746 3.5372262
747 3.139507
748 2.9135847
749 3.1612697
750 2.9542432
751 2.9432192
752 3.1488857
753 3.1120062
754 2.769607
755 3.2365587
756 2.8403454
757 3.024127
758 3.2294216
759 3.1896577
760 3.3366575
761 3.1076539
762 2.871741
763 3.2873101
764 3.1110115
765 2.9444835
766 2.7605534
767 2.9100819
768 2.9523513
769 3.1486065
770 3.0180776
771 3.233922
772 3.0479028
773 2.7561967
774 2.7992158
775 3.1279812
776 2.796846
777 2.6320224
778 3.0933323
779 3.2347813
780 3.1289682
781 3.1050408
782 3.5219
783 3.4805708
784 3.1151648
785 2.959167
786 2.7102408
787 3.2915273
788 3.1929426
789 3.6166606
790 3.1522186
791 3.5180483
792 2.822368
793 2.9190462
794 3.595162
795 3.1527343
796 3.0269213
797 3.311148
798 2.9347854
799 3.087709
800 2.899076
801 3.397598
802 3.2012615
803 2.895722
804 3.2724779
805 3.68835
806 3.3749838
807 3.0850134
808 3.2429285
809 3.1780086
810 3.2068045
811 2.723737
812 3.1472704
813 3.1782947
814 3.3331146
815 3.593782
816 3.4573548
817 2.8874018
818 3.2940545
819 2.740207
820 3.0694706
821 3.2428088
822 3.4486363
823 3.4222507
824 3.18594
825 3.4561934
826 2.9670486
827 3.217379
828 2.8715372
829 2.7137265
830 3.498109
831 3.5424995
832 3.005352
833 2.681253
834 3.0380137
835 3.698841
836 3.8654792
837 2.914325
838 2.6673837
839 3.0478148
840 3.1005616
841 3.3877013
842 3.0193615
843 3.1501484
844 3.4189565
845 3.5451016
846 3.5214913
847 2.7138484
848 3.254528
849 3.4133184
850 3.4483192
851 3.21169
852 3.3527625
853 3.4247322
854 2.5805159
855 2.9244418
856 2.8236399
857 3.194839
858 3.0551105
859 3.143016
860 3.282055
861 3.4633408
862 2.7252004
863 3.12608
864 3.2581766
865 2.680119
866 3.0319326
867 3.3337872
868 3.5476253
869 3.0211287
870 3.0528846
871 2.9847536
872 3.3358822
873 3.1584215
874 2.8212428
875 2.5402753
876 3.1791208
877 3.5432868
878 3.0941243
879 3.1547666
880 3.4028435
881 2.7860951
882 2.546164
883 2.6670997
884 3.148896
885 3.6632352
886 2.8679202
887 2.9618018
888 3.2748413
889 2.8333845
890 3.1826744
891 3.1590269
892 3.0154061
893 2.981419
894 2.942927
895 3.0074008
896 3.024231
897 2.6878183
898 3.3140903
899 2.9458094
900 3.0094066
901 2.3741093
902 2.9506624
903 2.5900588
904 2.917257
905 2.88762
906 2.962005
907 3.118229
908 3.620274
909 3.289884
910 3.035637
911 3.0081577
912 3.1993847
913 3.1662831
914 3.3227384
915 2.8838391
916 2.822738
917 3.253686
918 3.1343613
919 3.0228047
920 3.245088
921 2.9382324
922 2.8799767
923 2.8743553
924 3.0628676
925 3.3002708
926 3.058855
927 3.4376636
928 3.2894392
929 3.454253
930 2.9830694
931 3.0230532
932 3.1150436
933 3.4312077
934 3.027671
935 3.502624
936 3.1384015
937 3.5972881
938 2.7852237
939 3.2917304
940 3.2198236
941 2.8518097
942 3.431569
943 2.6829338
944 3.6141694
945 3.0489812
946 3.0625157
947 3.0101604
948 3.5130472
949 3.1251998
950 3.5093937
951 3.3435931
952 3.3768618
953 2.913092
954 3.87211
955 2.884174
956 3.1297257
957 2.6847649
958 2.8043866
959 3.0752897
960 2.8896813
961 2.9160843
962 2.9002404
963 3.0729802
964 2.7793424
965 3.1221352
966 3.145967
967 3.8026023
968 2.727562
969 3.35392
970 2.7467115
971 2.8787022
972 2.5618577
973 2.893567
974 2.9662771
975 2.8954713
976 3.170836
977 2.941291
978 3.1878233
979 3.3709955
980 3.0703752
981 2.9992733
982 3.5585678
983 3.2247589
984 2.9846945
985 2.8266943
986 3.342203
987 3.0338454
988 2.8459349
989 2.827335
990 3.4162984
991 3.0953777
992 3.024368
993 2.9254525
994 2.7314496
995 2.6995635
996 3.0240123
997 2.9386492
998 2.9554956
999 3.2686381
1000 3.3223624
0 1.9925
1 1.33901
2 1.21429
3 1.28861
4 1.33767
5 1.32254
6 1.45113
7 1.41875
8 1.27956
9 1.48119
10 1.27714
11 1.42415
12 1.3142
13 1.47109
14 1.51796
15 1.328
16 1.22292
17 1.32672
18 1.24772
19 1.29957
20 1.34947
21 1.37495
