0 0.15625
100 0.4375
200 0.34375
300 0.4375
400 0.5
500 0.375
600 0.40625
700 0.40625
800 0.46875
900 0.375
1000 0.4375
1100 0.5625
1200 0.375
1300 0.5
1400 0.5
1500 0.46875
1600 0.4375
1700 0.625
1800 0.5625
1900 0.46875
2000 0.59375
2100 0.625
2200 0.65625
2300 0.40625
2400 0.6875
2500 0.59375
2600 0.625
2700 0.53125
2800 0.59375
2900 0.5625
3000 0.46875
3100 0.46875
3200 0.53125
3300 0.65625
3400 0.46875
3500 0.4375
3600 0.4375
3700 0.625
3800 0.4375
3900 0.53125
4000 0.65625
4100 0.46875
4200 0.5
4300 0.4375
4400 0.40625
4500 0.5625
4600 0.46875
4700 0.59375
4800 0.59375
4900 0.5
5000 0.46875
5100 0.46875
5200 0.46875
5300 0.65625
5400 0.4375
5500 0.5625
5600 0.5625
5700 0.625
5800 0.65625
5900 0.59375
6000 0.53125
6100 0.59375
6200 0.625
6300 0.4375
6400 0.5
6500 0.46875
6600 0.5625
6700 0.5
6800 0.71875
6900 0.65625
7000 0.5
7100 0.65625
7200 0.46875
7300 0.6875
7400 0.625
7500 0.5
7600 0.5625
7700 0.59375
7800 0.625
7900 0.6875
8000 0.59375
8100 0.625
8200 0.53125
8300 0.625
8400 0.71875
8500 0.5625
8600 0.65625
8700 0.75
8800 0.53125
8900 0.71875
9000 0.5625
9100 0.46875
9200 0.6875
9300 0.625
9400 0.59375
9500 0.71875
9600 0.65625
9700 0.625
9800 0.625
9900 0.6875
10000 0.59375
10100 0.5
10200 0.65625
10300 0.71875
10400 0.6875
10500 0.625
10600 0.5
10700 0.71875
10800 0.75
10900 0.875
11000 0.71875
11100 0.6875
11200 0.59375
11300 0.59375
11400 0.59375
11500 0.59375
11600 0.65625
11700 0.5625
11800 0.625
11900 0.625
12000 0.75
12100 0.53125
12200 0.59375
12300 0.65625
12400 0.8125
12500 0.65625
12600 0.625
12700 0.5
12800 0.5625
12900 0.5625
13000 0.5625
13100 0.59375
13200 0.75
13300 0.75
13400 0.59375
13500 0.5625
13600 0.5625
13700 0.625
13800 0.71875
13900 0.875
14000 0.71875
14100 0.59375
14200 0.6875
14300 0.75
14400 0.71875
14500 0.625
14600 0.65625
14700 0.8125
14800 0.59375
14900 0.6875
15000 0.75
15100 0.6875
15200 0.6875
15300 0.78125
15400 0.78125
15500 0.6875
15600 0.625
15700 0.71875
15800 0.6875
15900 0.6875
16000 0.625
16100 0.71875
16200 0.5625
16300 0.65625
16400 0.8125
16500 0.8125
16600 0.53125
16700 0.78125
16800 0.71875
16900 0.6875
17000 0.75
17100 0.75
17200 0.75
17300 0.65625
17400 0.84375
17500 0.625
17600 0.75
17700 0.75
17800 0.65625
17900 0.65625
18000 0.65625
18100 0.8125
18200 0.8125
18300 0.625
18400 0.875
18500 0.65625
18600 0.8125
18700 0.6875
18800 0.71875
18900 0.8125
19000 0.875
19100 0.6875
19200 0.6875
19300 0.65625
19400 0.71875
19500 0.75
19600 0.6875
19700 0.8125
19800 0.65625
19900 0.84375
20000 0.84375
20100 0.8125
20200 0.59375
20300 0.6875
20400 0.75
20500 0.65625
20600 0.625
20700 0.71875
20800 0.75
20900 0.6875
21000 0.78125
21100 0.78125
21200 0.75
21300 0.625
21400 0.65625
21500 0.84375
21600 0.8125
21700 0.8125
21800 0.8125
21900 0.8125
22000 0.75
22100 0.71875
22200 0.8125
22300 0.6875
22400 0.71875
22500 0.875
22600 0.84375
22700 0.75
22800 0.78125
22900 0.625
23000 0.8125
23100 0.8125
23200 0.78125
23300 0.6875
23400 0.78125
23500 0.71875
23600 0.6875
23700 0.8125
23800 0.875
23900 0.8125
24000 0.78125
24100 0.71875
24200 0.71875
24300 0.875
24400 0.9375
24500 0.78125
24600 0.90625
24700 0.6875
24800 0.78125
24900 0.6875
25000 0.875
25100 0.65625
25200 0.78125
25300 0.875
25400 0.75
25500 0.75
25600 0.75
25700 0.78125
25800 0.625
25900 0.8125
26000 0.6875
26100 0.875
26200 0.78125
26300 0.90625
26400 0.84375
26500 0.71875
26600 0.8125
26700 0.84375
26800 0.75
26900 0.65625
27000 0.90625
27100 0.75
27200 0.75
27300 0.75
27400 0.71875
27500 0.65625
27600 0.90625
27700 0.84375
27800 0.8125
27900 0.8125
28000 0.71875
28100 0.84375
28200 0.6875
28300 0.8125
28400 0.78125
28500 0.78125
28600 0.8125
28700 0.78125
28800 0.875
28900 0.71875
29000 0.8125
29100 0.78125
29200 0.6875
29300 0.71875
29400 0.75
29500 0.84375
29600 0.75
29700 0.8125
29800 0.8125
29900 0.8125
30000 0.6875
30100 0.8125
30200 0.6875
30300 0.6875
30400 0.8125
30500 0.59375
30600 0.8125
30700 0.75
30800 0.75
30900 0.84375
31000 0.84375
31100 0.78125
31200 0.6875
31300 0.6875
31400 0.78125
31500 0.78125
31600 0.875
31700 0.84375
31800 0.75
