0 3.32193
100 2.63497
200 2.63014
300 2.94721
400 2.28437
500 2.51433
600 2.38015
700 2.4184
800 1.9379
900 2.6611
1000 2.65732
1100 2.07254
1200 2.49364
1300 2.19354
1400 2.30906
1500 2.47359
1600 1.9869
1700 1.76149
1800 1.90876
1900 2.26571
2000 1.83645
2100 1.63421
2200 1.65601
2300 2.18204
2400 1.45992
2500 2.13908
2600 1.60477
2700 1.82236
2800 1.80213
2900 1.77879
3000 2.11425
3100 2.10245
3200 1.61086
3300 1.49454
3400 2.32547
3500 2.04115
3600 2.0437
3700 1.50423
3800 2.00741
3900 1.99193
4000 1.61801
4100 2.21389
4200 1.75395
4300 2.32208
4400 2.24898
4500 1.77862
4600 2.16006
4700 1.61563
4800 1.48897
4900 2.47155
5000 2.06593
5100 2.22267
5200 1.92147
5300 1.5037
5400 1.97228
5500 1.67523
5600 2.01433
5700 1.56858
5800 1.66493
5900 2.00365
6000 1.75636
6100 1.69286
6200 1.4029
6300 2.14757
6400 1.47374
6500 2.19182
6600 1.75129
6700 1.95475
6800 1.35321
6900 1.79232
7000 2.57725
7100 1.6775
7200 2.05495
7300 1.25081
7400 1.70425
7500 1.87797
7600 2.15514
7700 1.62206
7800 1.63994
7900 1.51192
8000 1.87934
8100 2.06793
8200 1.57517
8300 1.5694
8400 1.46435
8500 1.55415
8600 1.45552
8700 1.58665
8800 2.12674
8900 1.37633
9000 1.90794
9100 1.89631
9200 1.15965
9300 1.48913
9400 1.73692
9500 1.57866
9600 1.69936
9700 1.80387
9800 1.51864
9900 1.35476
10000 1.78031
10100 1.91023
10200 1.70528
10300 1.11603
10400 1.26715
10500 1.54716
10600 1.92993
10700 1.40482
10800 1.41077
10900 1.07605
11000 1.31717
11100 1.03969
11200 1.90414
11300 1.51832
11400 1.59125
11500 1.67783
11600 1.72256
11700 1.67469
11800 1.28137
11900 1.52338
12000 1.20054
12100 1.92366
12200 1.85919
12300 1.62137
12400 1.09711
12500 1.5569
12600 1.63932
12700 2.20898
12800 1.70696
12900 1.83823
13000 1.53789
13100 1.31739
13200 1.61783
13300 1.19939
13400 1.69877
13500 1.69524
13600 1.6004
13700 1.77895
13800 1.52313
13900 0.749652
14000 1.29816
14100 1.41721
14200 1.81791
14300 1.34029
14400 1.25564
14500 1.56301
14600 1.69587
14700 0.95949
14800 1.62016
14900 1.09187
15000 1.11577
15100 1.29236
15200 1.51523
15300 1.12001
15400 1.24486
15500 1.45833
15600 1.21927
15700 1.33486
15800 1.29826
15900 1.08661
16000 1.69272
16100 1.3499
16200 1.80326
16300 1.40283
16400 0.835944
16500 0.870295
16600 1.72291
16700 1.16607
16800 1.25199
16900 1.29362
17000 1.38726
17100 1.21987
17200 1.4608
17300 1.34589
17400 0.811078
17500 1.44854
17600 1.20698
17700 1.28735
17800 1.55608
17900 1.15883
18000 1.65603
18100 1.05776
18200 1.2623
18300 1.72844
18400 0.820739
18500 1.21057
18600 0.955979
18700 1.1006
18800 1.40234
18900 0.833709
19000 0.616179
19100 1.32213
19200 1.14167
19300 1.27978
19400 1.11123
19500 0.912305
19600 0.920664
19700 1.22452
19800 1.17455
19900 0.882698
20000 1.07701
20100 1.14928
20200 1.23211
20300 1.20889
20400 1.31564
20500 1.26566
20600 1.24734
20700 1.16975
20800 1.45327
20900 1.44396
21000 0.893063
21100 0.84603
21200 1.2592
21300 1.53691
21400 1.42038
21500 0.886071
21600 1.20895
21700 1.055
21800 1.0001
21900 0.935633
22000 1.11873
22100 1.19955
22200 0.950826
22300 1.32883
22400 1.07782
22500 0.699325
22600 0.86554
22700 1.05182
22800 1.16298
22900 1.38901
23000 0.836385
23100 1.09815
23200 1.0119
23300 1.08831
23400 0.887993
23500 1.1671
23600 1.17044
23700 0.865391
23800 0.880257
23900 1.00668
24000 0.851281
24100 1.3533
24200 1.08032
24300 0.984409
24400 0.694164
24500 0.965369
24600 0.559973
24700 1.35501
24800 1.14412
24900 1.43069
25000 0.7763
25100 1.29261
25200 1.22
25300 0.874666
25400 0.96185
25500 1.01379
25600 1.11206
25700 1.23911
25800 1.47224
25900 0.812946
26000 1.21084
26100 0.741919
26200 0.933913
26300 0.830922
26400 0.775886
26500 1.23656
26600 1.12026
26700 0.784856
26800 1.00631
26900 1.31259
27000 0.743353
27100 1.19487
27200 1.12887
27300 1.23043
27400 1.10668
27500 1.0889
27600 0.767079
27700 0.724896
27800 0.866361
27900 1.07108
28000 1.13564
28100 0.840529
28200 1.27524
28300 0.900614
28400 1.10319
28500 1.08214
28600 0.935405
28700 1.01515
28800 0.76987
28900 1.06149
29000 0.942166
29100 1.08257
29200 1.5265
29300 1.10799
29400 0.918547
29500 1.00901
29600 1.46536
29700 0.909702
29800 1.02746
29900 0.822469
30000 1.15677
30100 0.977328
30200 1.02061
30300 1.3524
30400 1.38747
30500 1.54886
30600 0.942411
30700 1.23879
30800 1.23623
30900 0.978065
31000 0.982307
31100 1.1196
31200 1.15798
31300 1.42309
31400 0.899653
31500 1.15586
31600 0.804309
31700 0.799983
31800 1.06589
