0 2.30259
100 1.82642
200 1.82308
300 2.04285
400 1.5834
500 1.7428
600 1.6498
700 1.67631
800 1.34325
900 1.84453
1000 1.84192
1100 1.43657
1200 1.72846
1300 1.52045
1400 1.60052
1500 1.71456
1600 1.37722
1700 1.22097
1800 1.32305
1900 1.57047
2000 1.27293
2100 1.13275
2200 1.14786
2300 1.51247
2400 1.01194
2500 1.4827
2600 1.11234
2700 1.26316
2800 1.24914
2900 1.23296
3000 1.46549
3100 1.45731
3200 1.11657
3300 1.03594
3400 1.61189
3500 1.41481
3600 1.41659
3700 1.04266
3800 1.39143
3900 1.3807
4000 1.12152
4100 1.53455
4200 1.21574
4300 1.60954
4400 1.55887
4500 1.23284
4600 1.49724
4700 1.11987
4800 1.03207
4900 1.71314
5000 1.432
5100 1.54063
5200 1.33186
5300 1.04229
5400 1.36708
5500 1.16118
5600 1.39623
5700 1.08726
5800 1.15404
5900 1.38882
6000 1.21742
6100 1.1734
6200 0.97242
6300 1.48858
6400 1.02152
6500 1.51925
6600 1.2139
6700 1.35493
6800 0.937973
6900 1.24234
7000 1.78641
7100 1.16275
7200 1.42438
7300 0.866998
7400 1.1813
7500 1.30171
7600 1.49383
7700 1.12432
7800 1.13672
7900 1.04798
8000 1.30266
8100 1.43338
8200 1.09182
8300 1.08783
8400 1.01501
8500 1.07725
8600 1.00889
8700 1.09978
8800 1.47414
8900 0.953998
9000 1.32248
9100 1.31442
9200 0.803811
9300 1.03219
9400 1.20394
9500 1.09424
9600 1.17791
9700 1.25035
9800 1.05264
9900 0.939047
10000 1.23402
10100 1.32407
10200 1.18201
10300 0.773574
10400 0.878321
10500 1.07241
10600 1.33773
10700 0.973749
10800 0.977868
10900 0.745863
11000 0.912991
11100 0.720658
11200 1.31985
11300 1.05242
11400 1.10297
11500 1.16298
11600 1.19399
11700 1.1608
11800 0.88818
11900 1.05593
12000 0.832148
12100 1.33338
12200 1.28869
12300 1.12385
12400 0.760461
12500 1.07916
12600 1.13629
12700 1.53115
12800 1.18318
12900 1.27416
13000 1.06598
13100 0.913147
13200 1.1214
13300 0.831351
13400 1.1775
13500 1.17505
13600 1.10931
13700 1.23308
13800 1.05575
13900 0.519619
14000 0.899815
14100 0.982333
14200 1.26008
14300 0.929021
14400 0.870344
14500 1.08339
14600 1.17549
14700 0.665068
14800 1.12301
14900 0.756827
15000 0.773393
15100 0.895796
15200 1.05028
15300 0.776329
15400 0.862868
15500 1.01083
15600 0.845131
15700 0.925257
15800 0.899887
15900 0.753178
16000 1.1733
16100 0.935678
16200 1.24992
16300 0.972368
16400 0.579432
16500 0.603243
16600 1.19423
16700 0.808255
16800 0.86781
16900 0.896666
17000 0.961575
17100 0.845551
17200 1.01255
17300 0.9329
17400 0.562196
17500 1.00405
17600 0.836616
17700 0.892324
17800 1.07859
17900 0.803236
18000 1.14787
18100 0.733182
18200 0.874956
18300 1.19806
18400 0.568893
18500 0.839104
18600 0.662634
18700 0.762875
18800 0.972026
18900 0.577883
19000 0.427103
19100 0.916428
19200 0.791343
19300 0.887079
19400 0.770249
19500 0.632361
19600 0.638156
19700 0.848775
19800 0.814138
19900 0.611839
20000 0.746527
20100 0.796623
20200 0.854036
20300 0.837937
20400 0.91193
20500 0.877291
20600 0.864589
20700 0.810812
20800 1.00733
20900 1.00088
21000 0.619024
21100 0.586423
21200 0.87281
21300 1.06531
21400 0.984533
21500 0.614177
21600 0.837981
21700 0.731267
21800 0.693218
21900 0.648532
22000 0.775447
22100 0.831462
22200 0.659063
22300 0.921072
22400 0.747089
22500 0.484735
22600 0.599946
22700 0.729068
22800 0.806114
22900 0.962791
23000 0.579738
23100 0.761178
23200 0.701394
23300 0.754362
23400 0.61551
23500 0.808969
23600 0.811289
23700 0.599843
23800 0.610148
23900 0.69778
24000 0.590063
24100 0.938035
24200 0.748823
24300 0.68234
24400 0.481158
24500 0.669143
24600 0.388144
24700 0.939218
24800 0.793047
24900 0.991681
25000 0.53809
25100 0.895971
25200 0.845642
25300 0.606272
25400 0.666704
25500 0.702705
25600 0.770823
25700 0.858885
25800 1.02048
25900 0.563491
26000 0.839294
26100 0.514259
26200 0.647339
26300 0.575951
26400 0.537803
26500 0.857116
26600 0.776507
26700 0.544021
26800 0.69752
26900 0.909815
27000 0.515253
27100 0.828223
27200 0.782475
27300 0.852866
27400 0.767091
27500 0.754768
27600 0.531699
27700 0.50246
27800 0.600516
27900 0.742413
28000 0.787166
28100 0.58261
28200 0.883927
28300 0.624258
28400 0.764671
28500 0.750082
28600 0.648373
28700 0.70365
28800 0.533633
28900 0.735772
29000 0.65306
29100 0.750382
29200 1.05809
29300 0.768002
29400 0.636688
29500 0.699395
29600 1.01571
29700 0.630557
29800 0.712183
29900 0.570092
30000 0.801813
30100 0.677432
30200 0.707431
30300 0.937414
30400 0.961724
30500 1.07359
30600 0.653229
30700 0.858662
30800 0.856891
30900 0.677943
31000 0.680883
31100 0.776047
31200 0.802653
31300 0.986409
31400 0.623592
31500 0.801185
31600 0.557505
31700 0.554506
31800 0.738816
