0 10.0
100 6.53398
200 6.30572
300 5.13601
400 5.01794
500 6.00449
600 5.78899
700 5.47841
800 5.34883
900 4.91819
1000 5.24368
1100 5.22965
1200 4.72664
1300 4.79416
1400 5.12841
1500 4.64915
1600 5.00164
1700 5.29716
1800 5.31746
1900 5.47855
2000 5.23979
2100 4.8383
2200 4.61914
2300 5.0574
2400 4.77522
2500 4.44062
2600 4.53977
2700 4.26534
2800 4.66004
2900 4.5751
3000 5.26783
3100 4.2739
3200 4.69804
3300 4.43767
3400 4.78895
3500 3.94602
3600 5.09258
3700 3.7943
3800 4.52064
3900 4.28998
4000 4.02224
4100 4.21429
4200 3.9314
4300 4.41723
4400 4.99806
4500 4.12356
4600 4.8432
4700 4.35107
4800 4.06211
4900 4.23498
5000 4.63105
5100 4.44027
5200 4.49397
5300 3.692
5400 4.12857
5500 4.08819
5600 4.36668
5700 3.58722
5800 4.52156
5900 4.45668
6000 3.96482
6100 4.2626
6200 3.39695
6300 4.56578
6400 4.33216
6500 4.33908
6600 4.23123
6700 4.05612
6800 3.74419
6900 4.21707
7000 4.39787
7100 4.13959
7200 4.26141
7300 3.08438
7400 4.1667
7500 3.92826
7600 4.48663
7700 4.04258
7800 3.88599
7900 4.47856
8000 3.85862
8100 3.86597
8200 3.98548
8300 3.68309
8400 4.11114
8500 3.43701
8600 3.84304
8700 3.32029
8800 4.55473
8900 3.44486
9000 3.66816
9100 3.76698
9200 3.47902
9300 3.79741
9400 4.01616
9500 4.2749
9600 3.80198
9700 3.36362
9800 3.74277
9900 3.56979
10000 3.88226
10100 4.05726
10200 3.64893
10300 3.23971
10400 3.23891
10500 4.03451
10600 3.84453
10700 3.54836
10800 3.96859
10900 3.59651
11000 3.76529
11100 3.41365
11200 4.37877
11300 3.78897
11400 3.82542
11500 3.1089
11600 3.78048
11700 3.54154
11800 3.86514
11900 3.63335
12000 4.01729
12100 3.69755
12200 3.9063
12300 4.07871
12400 3.59196
12500 3.55568
12600 3.87255
12700 3.15017
12800 3.73192
12900 3.4434
13000 3.41592
13100 3.52897
13200 3.24106
13300 3.16515
13400 3.31256
13500 3.43573
13600 3.5743
13700 3.6077
13800 3.4838
13900 2.79496
14000 3.58581
14100 3.30021
14200 3.79254
14300 3.41731
14400 3.21064
14500 3.62609
14600 3.23203
14700 2.85465
14800 3.84321
14900 3.35852
15000 3.5801
15100 3.58091
15200 3.33435
15300 3.1469
15400 3.24541
15500 3.05724
15600 3.29739
15700 3.36872
15800 3.28304
15900 3.18113
16000 3.49302
16100 3.87268
16200 3.45948
16300 3.41732
16400 3.10731
16500 2.84472
16600 3.42197
16700 3.47705
16800 2.92169
16900 3.66993
17000 3.53562
17100 2.94519
17200 3.3078
17300 3.73914
17400 3.1635
17500 3.54297
17600 3.35828
17700 3.33792
17800 3.40314
17900 3.29635
18000 3.57775
18100 3.08994
18200 3.19381
18300 3.5871
18400 2.74842
18500 3.40229
18600 3.33763
18700 3.32807
18800 3.24644
18900 2.84224
19000 2.70674
19100 3.52665
19200 3.40022
19300 3.23004
19400 3.28277
19500 2.38941
19600 2.86828
19700 3.16052
19800 3.17491
19900 2.65554
20000 3.14844
20100 3.27808
20200 3.20282
20300 3.20322
20400 3.3957
20500 2.76714
20600 3.32042
20700 3.19717
20800 2.77939
20900 3.44325
21000 2.84569
21100 2.94099
21200 3.40261
21300 3.50844
21400 3.40162
21500 3.09945
21600 3.21783
21700 2.88228
21800 3.11437
21900 2.82875
22000 3.26386
22100 3.04567
22200 2.86002
22300 2.62296
22400 3.1396
22500 2.64087
22600 3.35236
22700 3.42156
22800 3.04353
22900 3.12547
23000 2.94089
23100 2.98446
23200 3.08927
23300 3.33942
23400 2.85431
23500 3.24504
23600 3.01876
23700 3.02809
23800 3.00403
23900 2.82506
24000 2.87587
24100 2.9504
24200 3.33736
24300 3.50021
24400 2.85641
24500 2.80224
24600 2.44133
24700 3.31136
24800 3.05215
24900 3.3772
25000 2.79737
25100 3.14608
25200 3.15441
25300 3.33911
25400 2.75067
25500 2.9793
25600 3.31457
25700 3.11149
25800 3.83141
25900 2.88735
26000 3.37467
26100 2.56883
26200 3.11258
26300 3.28854
26400 2.66458
26500 3.25804
26600 3.18024
26700 3.10311
26800 3.0317
26900 3.21517
27000 2.94699
27100 3.04584
27200 3.29997
27300 3.44041
27400 3.1408
27500 3.13029
27600 3.0125
27700 2.44922
27800 2.68559
27900 3.30972
28000 3.37957
28100 2.76285
28200 3.57508
28300 2.77382
28400 3.12224
28500 3.30564
28600 3.17244
28700 2.93596
28800 2.49189
28900 3.25262
29000 3.09667
29100 2.98595
29200 3.29488
29300 2.55412
29400 2.77951
29500 3.04795
29600 3.00141
29700 2.92728
29800 2.90769
29900 2.96195
30000 3.0078
30100 3.06072
30200 2.92803
30300 3.01473
30400 3.48881
30500 3.39009
30600 3.38926
30700 3.38727
30800 2.96051
30900 3.05498
31000 3.10164
31100 2.82543
31200 3.49775
31300 3.06991
31400 2.94398
31500 3.09326
31600 3.09883
31700 3.01935
31800 3.35892
