0 0.09375
100 0.40625
200 0.34375
300 0.5
400 0.53125
500 0.34375
600 0.46875
700 0.5
800 0.46875
900 0.375
1000 0.46875
1100 0.3125
1200 0.34375
1300 0.625
1400 0.5625
1500 0.53125
1600 0.75
1700 0.625
1800 0.40625
1900 0.4375
2000 0.65625
2100 0.4375
2200 0.40625
2300 0.5625
2400 0.5
2500 0.375
2600 0.53125
2700 0.46875
2800 0.65625
2900 0.6875
3000 0.5
3100 0.53125
3200 0.46875
3300 0.46875
3400 0.625
3500 0.59375
3600 0.46875
3700 0.46875
3800 0.65625
3900 0.5625
4000 0.53125
4100 0.5625
4200 0.53125
4300 0.53125
4400 0.53125
4500 0.46875
4600 0.5
4700 0.5
4800 0.59375
4900 0.59375
5000 0.5625
5100 0.53125
5200 0.5625
5300 0.53125
5400 0.46875
5500 0.625
5600 0.625
5700 0.59375
5800 0.46875
5900 0.65625
6000 0.4375
6100 0.5
6200 0.59375
6300 0.53125
6400 0.5
6500 0.5625
6600 0.53125
6700 0.6875
6800 0.65625
6900 0.71875
7000 0.625
7100 0.6875
7200 0.5
7300 0.5
7400 0.5625
7500 0.59375
7600 0.59375
7700 0.65625
7800 0.59375
7900 0.78125
8000 0.5
8100 0.625
8200 0.53125
8300 0.59375
8400 0.5
8500 0.53125
8600 0.6875
8700 0.5
8800 0.65625
8900 0.53125
9000 0.625
9100 0.71875
9200 0.625
9300 0.53125
9400 0.625
9500 0.78125
9600 0.71875
9700 0.625
9800 0.53125
9900 0.59375
10000 0.625
10100 0.5625
10200 0.6875
10300 0.78125
10400 0.6875
10500 0.6875
10600 0.78125
10700 0.8125
10800 0.75
10900 0.53125
11000 0.65625
11100 0.78125
11200 0.78125
11300 0.78125
11400 0.6875
11500 0.71875
11600 0.875
11700 0.75
11800 0.65625
11900 0.65625
12000 0.71875
12100 0.78125
12200 0.625
12300 0.71875
12400 0.6875
12500 0.875
12600 0.8125
12700 0.8125
12800 0.6875
12900 0.78125
13000 0.8125
13100 0.78125
13200 0.71875
13300 0.875
13400 0.75
13500 0.8125
13600 0.875
13700 0.8125
13800 0.8125
13900 0.78125
14000 0.8125
14100 0.84375
14200 0.84375
14300 0.8125
14400 0.84375
14500 0.71875
14600 0.84375
14700 0.78125
14800 0.625
14900 0.96875
15000 0.75
15100 0.90625
15200 0.84375
15300 0.78125
15400 0.75
15500 0.8125
15600 0.875
15700 0.84375
15800 0.96875
15900 0.625
16000 0.84375
16100 0.9375
16200 0.75
16300 0.78125
16400 0.8125
16500 0.875
16600 0.8125
16700 0.84375
16800 0.96875
16900 0.90625
17000 0.9375
17100 0.6875
17200 0.75
17300 0.8125
17400 0.75
17500 0.8125
17600 0.84375
17700 0.90625
17800 0.875
17900 0.875
18000 0.90625
18100 0.65625
18200 0.90625
18300 0.78125
18400 0.9375
18500 0.8125
18600 0.71875
18700 0.875
18800 0.84375
18900 0.90625
19000 0.875
19100 0.8125
19200 0.90625
19300 0.875
19400 0.71875
19500 0.8125
19600 0.9375
19700 0.875
19800 0.875
19900 0.78125
20000 0.875
20100 0.9375
20200 0.96875
20300 0.90625
20400 0.90625
20500 0.90625
20600 0.9375
20700 0.90625
20800 0.71875
20900 0.84375
21000 0.78125
21100 0.75
21200 0.875
21300 0.8125
21400 0.9375
21500 0.84375
21600 0.90625
21700 0.875
21800 0.96875
21900 0.9375
22000 0.78125
22100 0.9375
22200 0.84375
22300 0.90625
22400 0.875
22500 0.75
22600 0.9375
22700 0.9375
22800 0.84375
22900 0.84375
23000 0.875
23100 0.90625
23200 0.84375
23300 0.90625
23400 0.8125
23500 0.84375
23600 0.875
23700 0.875
23800 0.84375
23900 0.875
24000 0.90625
24100 0.84375
24200 0.9375
24300 1.0
24400 0.875
24500 0.71875
24600 0.84375
24700 0.875
24800 0.9375
24900 0.8125
25000 0.84375
