0 3.814357
100 3.0749497
200 2.7772512
300 2.3837917
400 2.3965945
500 2.3690734
600 2.0718296
700 2.2081015
800 2.0933883
900 2.6407454
1000 2.5174353
1100 2.5187938
1200 2.4999108
1300 1.804805
1400 2.0150878
1500 2.1879961
1600 1.8454703
1700 1.7370746
1800 2.2173908
1900 2.249224
2000 1.9019417
2100 1.963491
2200 2.3618429
2300 2.0065696
2400 2.0587692
2500 2.5733821
2600 2.066741
2700 2.2277277
2800 1.3785949
2900 1.4424732
3000 2.1895864
3100 2.001655
3200 2.0912716
3300 1.8880112
3400 1.6260558
3500 1.4874545
3600 1.9151448
3700 2.3335783
3800 1.4528986
3900 1.648625
4000 1.769909
4100 2.0427122
4200 1.8704014
4300 2.3819876
4400 1.6552477
4500 2.0680299
4600 2.1007566
4700 2.0960512
4800 1.7489507
4900 1.882087
5000 1.8579316
5100 2.442118
5200 1.9117963
5300 1.7487949
5400 2.4766722
5500 1.9995797
5600 1.7699056
5700 1.5847992
5800 2.5029826
5900 1.4921117
6000 1.9914688
6100 2.2683332
6200 1.4825343
6300 2.0184472
6400 1.7927884
6500 2.2102542
6600 1.506114
6700 1.5530787
6800 1.5156648
6900 1.5935733
7000 1.5323819
7100 1.4115089
7200 1.8766327
7300 2.1184115
7400 1.8284332
7500 2.0663562
7600 1.3547596
7700 1.3915682
7800 1.9491024
7900 1.1924456
8000 1.8621804
8100 1.5244416
8200 1.6352932
8300 1.4570392
8400 2.1722355
8500 1.8743032
8600 1.6137857
8700 2.2132568
8800 1.3906323
8900 2.1563401
9000 2.067957
9100 1.2032875
9200 1.1677727
9300 1.3949188
9400 1.3380471
9500 1.0329785
9600 1.2168145
9700 1.7301028
9800 1.4026893
9900 1.6499689
10000 1.4302554
10100 1.6246706
10200 1.6672046
10300 0.9346673
10400 1.3297855
10500 1.1488255
10600 0.9849553
10700 1.07736
10800 1.0874561
10900 1.7668803
11000 1.3672171
11100 0.8944752
11200 1.215163
11300 1.0008429
11400 1.1477476
11500 1.3569771
11600 0.92621636
11700 1.1129131
11800 1.2188038
11900 1.2219504
12000 1.1998292
12100 0.9481613
12200 1.3524233
12300 1.4136506
12400 1.2329376
12500 0.7868978
12600 0.9645231
12700 0.88695145
12800 1.0969669
12900 1.062933
13000 1.1417162
13100 0.775465
13200 1.2924834
13300 0.92766094
13400 0.88747466
13500 0.86269766
13600 0.8561013
13700 0.9228082
13800 1.0025524
13900 0.9524393
14000 0.8440592
14100 0.8341469
14200 0.6467412
14300 0.8148513
14400 0.59680474
14500 1.1860268
14600 0.6014552
14700 0.87827766
14800 1.201912
14900 0.51085156
15000 0.85027707
15100 0.6191622
15200 0.8223715
15300 0.81327325
15400 0.9309218
15500 0.79501325
15600 0.6983806
15700 0.73025966
15800 0.71172917
15900 1.3875939
16000 0.7668848
16100 0.7322792
16200 0.99134946
16300 0.9743297
16400 0.751193
16500 0.85128146
16600 0.84469604
16700 0.83396554
16800 0.4450676
16900 0.5210501
17000 0.5646665
17100 1.1494985
17200 0.9577505
17300 0.7842444
17400 0.8172943
17500 0.9223612
17600 0.60885876
17700 0.7052049
17800 0.6749545
17900 0.47779903
18000 0.74718636
18100 1.0798799
18200 0.76277435
18300 1.0912635
18400 0.6468975
18500 0.65790343
18600 1.0583941
18700 0.84753275
18800 1.0854473
18900 0.5291554
19000 0.78706586
19100 0.7371194
19200 0.70956653
19300 0.52050376
19400 1.0897635
19500 0.9374396
19600 0.61596256
19700 0.6486854
19800 0.70989764
19900 1.0918189
20000 0.6943562
20100 0.61802953
20200 0.5135119
20300 0.6980903
20400 0.72717994
20500 0.47427785
20600 0.49258393
20700 0.60908127
20800 0.8767113
20900 0.7594675
21000 0.76888764
21100 0.8423889
21200 0.7812465
21300 0.6591696
21400 0.43479085
21500 0.71510684
21600 0.5267096
21700 0.8903741
21800 0.505257
21900 0.46563134
22000 0.84913486
22100 0.43515748
22200 0.9346394
22300 0.6656363
22400 0.6650637
22500 0.78449076
22600 0.54283875
22700 0.6283884
22800 1.0238345
22900 0.6811459
23000 0.7401006
23100 0.62366945
23200 0.66853404
23300 0.6347763
23400 0.855841
23500 0.76461536
23600 0.7248245
23700 0.6096676
23800 0.8535672
23900 0.670626
24000 0.5306608
24100 0.8316523
24200 0.4760055
24300 0.4221388
24400 0.7014894
24500 1.205138
24600 0.70393544
24700 0.77414024
24800 0.7440841
24900 0.7527249
25000 0.9342171
