0 2.643911
100 2.1313927
200 1.925044
300 1.6523185
400 1.6611928
500 1.6421165
600 1.4360828
700 1.5305394
800 1.4510262
900 1.8304253
1000 1.7449532
1100 1.7458949
1200 1.7328062
1300 1.2509955
1400 1.3967525
1500 1.5166034
1600 1.2791826
1700 1.2040484
1800 1.5369782
1900 1.5590432
2000 1.3183255
2100 1.3609883
2200 1.6371047
2300 1.3908482
2400 1.4270301
2500 1.7837325
2600 1.4325557
2700 1.5441431
2800 0.95556915
2900 0.9998462
3000 1.5177057
3100 1.3874416
3200 1.449559
3300 1.3086697
3400 1.127096
3500 1.0310249
3600 1.3274772
3700 1.6175133
3800 1.0070726
3900 1.1427398
4000 1.2268075
4100 1.4159002
4200 1.2964635
4300 1.651068
4400 1.1473303
4500 1.433449
4600 1.4561336
4700 1.452872
4800 1.2122803
4900 1.3045633
5000 1.2878201
5100 1.6927472
5200 1.3251562
5300 1.2121723
5400 1.7166984
5500 1.386003
5600 1.2268051
5700 1.0984991
5800 1.7349354
5900 1.034253
6000 1.380381
6100 1.5722888
6200 1.0276145
6300 1.399081
6400 1.2426662
6500 1.5320315
6600 1.0439587
6700 1.0765121
6800 1.0505788
6900 1.1045809
7000 1.0621662
7100 0.9783834
7200 1.3007827
7300 1.4683709
7400 1.2673733
7500 1.432289
7600 0.9390478
7700 0.9645616
7800 1.3510149
7900 0.82654035
8000 1.290765
8100 1.0566624
8200 1.1334989
8300 1.0099427
8400 1.5056789
8500 1.299168
8600 1.1185911
8700 1.5341127
8800 0.96391284
8900 1.4946611
9000 1.4333985
9100 0.8340553
9200 0.80943835
9300 0.966884
9400 0.92746365
9500 0.71600616
9600 0.8434316
9700 1.1992159
9800 0.9722702
9900 1.1436713
10000 0.9913775
10100 1.1261358
10200 1.1556182
10300 0.647862
10400 0.9217371
10500 0.7963052
10600 0.682719
10700 0.7467691
10800 0.75376713
10900 1.2247081
11000 0.9476826
11100 0.620003
11200 0.8422868
11300 0.6937315
11400 0.79555804
11500 0.9405849
11600 0.64200425
11700 0.7714126
11800 0.8448104
11900 0.8469915
12000 0.83165824
12100 0.65721536
12200 0.9374284
12300 0.97986794
12400 0.8546072
12500 0.54543597
12600 0.66855645
12700 0.6147879
12800 0.76035947
12900 0.73676896
13000 0.7913774
13100 0.5375114
13200 0.89588124
13300 0.64300555
13400 0.6151506
13500 0.59797645
13600 0.5934042
13700 0.6396419
13800 0.69491637
13900 0.6601806
14000 0.58505726
14100 0.5781866
14200 0.44828683
14300 0.5648119
14400 0.41367352
14500 0.82209116
14600 0.416897
14700 0.6087757
14800 0.833102
14900 0.35409534
15000 0.58936715
15100 0.42917052
15200 0.5700245
15300 0.5637181
15400 0.6452658
15500 0.5510612
15600 0.48408055
15700 0.5061774
15800 0.49333307
15900 0.9618068
16000 0.53156406
16100 0.50757724
16200 0.6871511
16300 0.6753539
16400 0.5206873
16500 0.59006333
16600 0.5854987
16700 0.57806087
16800 0.30849737
16900 0.3611644
17000 0.391397
17100 0.79677165
17200 0.66386205
17300 0.5435968
17400 0.56650525
17500 0.63933206
17600 0.42202872
17700 0.48881078
17800 0.4678428
17900 0.33118504
18000 0.5179101
18100 0.74851567
18200 0.5287149
18300 0.75640625
18400 0.4483952
18500 0.4560239
18600 0.7336229
18700 0.5874649
18800 0.75237477
18900 0.36678258
19000 0.5455525
19100 0.5109322
19200 0.49183404
19300 0.36078572
19400 0.7553665
19500 0.6497836
19600 0.42695272
19700 0.44963446
19800 0.49206355
19900 0.7567912
20000 0.48129106
20100 0.42838544
20200 0.35593933
20300 0.48387933
20400 0.50404274
20500 0.32874435
20600 0.34143317
20700 0.42218298
20800 0.60769
20900 0.52642274
21000 0.5329523
21100 0.5838995
21200 0.5415188
21300 0.45690158
21400 0.30137405
21500 0.4956743
21600 0.36508727
21700 0.6171603
21800 0.3502175
21900 0.32275105
22000 0.5885754
22100 0.30162817
22200 0.64784265
22300 0.46138394
22400 0.46098703
22500 0.5437676
22600 0.37626716
22700 0.43556565
22800 0.709668
22900 0.47213435
23000 0.51299864
23100 0.43229473
23200 0.4633925
23300 0.43999338
23400 0.59322375
23500 0.529991
23600 0.50241005
23700 0.42258936
23800 0.5916477
23900 0.4648425
24000 0.36782604
24100 0.57645744
24200 0.32994187
24300 0.29260433
24400 0.48623538
24500 0.835338
24600 0.48793086
24700 0.53659314
24800 0.5157598
24900 0.52174914
25000 0.6475499
