0 6.8208265
100 4.5830398
200 4.9155626
300 4.8052
400 4.6896634
500 4.2978024
600 4.4943633
700 4.9366217
800 5.0692625
900 4.863797
1000 4.10575
1100 4.415258
1200 4.90479
1300 4.447233
1400 3.898964
1500 4.3060145
1600 4.5027456
1700 4.150539
1800 4.97596
1900 4.6104574
2000 4.0484147
2100 3.9632874
2200 4.399561
2300 3.8636758
2400 3.706909
2500 4.056204
2600 3.9615874
2700 4.3433414
2800 3.7555864
2900 3.2663786
3000 4.0301256
3100 4.605492
3200 4.536912
3300 4.1533513
3400 4.3622055
3500 3.7483337
3600 4.2913494
3700 3.5889668
3800 3.8043075
3900 4.144313
4000 3.944373
4100 3.8767223
4200 3.0837824
4300 3.7638311
4400 3.8969657
4500 3.9607456
4600 3.996841
4700 3.7940648
4800 3.519782
4900 3.8749952
5000 3.5494943
5100 3.3412428
5200 3.7197058
5300 3.4346557
5400 3.4957948
5500 3.1788607
5600 3.557613
5700 3.2719653
5800 3.5396514
5900 3.3028803
6000 3.4951541
6100 3.8174226
6200 2.863305
6300 3.159404
6400 3.7334917
6500 3.5636415
6600 3.345404
6700 3.429357
6800 2.7322416
6900 3.2799413
7000 3.365358
7100 2.9569602
7200 3.4429317
7300 3.7211437
7400 3.2759395
7500 3.268125
7600 3.310266
7700 3.153009
7800 2.7324295
7900 3.3553705
8000 3.2368808
8100 3.2608817
8200 3.0696778
8300 3.1286945
8400 3.4798584
8500 3.401967
8600 2.9229057
8700 3.4947968
8800 2.905024
8900 3.5986557
9000 3.0820792
9100 2.771153
9200 2.7491832
9300 3.1374419
9400 2.8335752
9500 3.0935082
9600 2.7427347
9700 2.7286901
9800 2.8868518
9900 2.8463337
10000 3.3738341
10100 3.1890893
10200 3.5888834
10300 2.5714288
10400 3.2693334
10500 3.0767522
10600 3.1459818
10700 2.8729236
10800 2.8104806
10900 3.1237922
11000 3.479997
11100 2.7840495
11200 3.2423277
11300 2.6345387
11400 2.8201613
11500 2.763534
11600 2.6597173
11700 2.5863538
11800 2.8178391
11900 3.0979252
12000 2.889614
12100 2.8317535
12200 2.9788766
12300 3.6083004
12400 3.312798
12500 2.3269994
12600 2.7521663
12700 2.9149668
12800 2.66257
12900 2.9052806
13000 3.0456085
13100 2.2869573
13200 2.5241032
13300 2.6795297
13400 2.6968355
13500 2.6330664
13600 2.5429049
13700 2.615566
13800 3.1394014
13900 2.9498425
14000 2.3600621
14100 3.1695194
14200 2.3137515
14300 2.356402
14400 2.2500827
14500 2.5591831
14600 2.4372654
14700 2.878075
14800 3.1330068
14900 2.4391015
15000 2.1778727
15100 2.499205
15200 2.308515
15300 2.7085981
15400 2.5577276
15500 2.5211954
15600 2.216442
15700 2.470489
15800 2.9651446
15900 3.1570303
16000 2.7602482
16100 2.6380706
16200 2.5876083
16300 3.3121655
16400 2.5418084
16500 2.5282493
16600 2.6759615
16700 2.7759845
16800 2.2841458
16900 2.2891297
17000 2.4408214
17100 2.991398
17200 2.724185
17300 2.8199139
17400 2.5815864
17500 2.9888418
17600 2.441584
17700 2.313468
17800 2.824728
17900 1.9108955
18000 2.6268682
18100 2.80048
18200 2.3293912
18300 2.575831
18400 2.7508674
18500 2.5201776
18600 2.6569402
18700 2.7902722
18800 2.9359722
18900 2.0606592
19000 2.625089
19100 2.6610413
19200 2.9458385
19300 2.342255
19400 2.7019475
19500 2.8477726
19600 2.5666547
19700 2.6152463
19800 2.5021157
19900 3.1089833
20000 2.7972312
20100 2.3755617
20200 2.3734946
20300 2.4561372
20400 2.8092062
20500 2.1945474
20600 2.1627612
20700 2.3213735
20800 2.726613
20900 2.650105
21000 2.5691168
21100 2.619016
21200 2.828777
21300 2.5141587
21400 2.131188
21500 2.3862672
21600 2.3774467
21700 2.448577
21800 2.3700829
21900 2.1378694
22000 2.805645
22100 2.1866832
22200 2.980172
22300 2.7821848
22400 2.475246
22500 2.3311148
22600 2.3984122
22700 2.1932735
22800 2.7335596
22900 2.6854198
23000 2.8046372
23100 2.5481324
23200 2.5688415
23300 2.6678076
23400 2.2355113
23500 2.5918148
23600 2.752792
23700 2.3076174
23800 2.8322926
23900 2.2612226
24000 2.321198
24100 2.7252798
24200 2.356144
24300 2.3285987
24400 2.8647876
24500 3.288856
24600 2.5062726
24700 2.1894665
24800 2.4669213
24900 2.8516188
25000 2.9757504
