0 3.37992
100 1.00201
200 0.123
300 0.457871
400 0.355307
500 0.193617
600 0.0724427
700 0.891096
800 0.0600522
900 0.0974733
1000 0.0987321
1100 0.424274
1200 0.31988
1300 0.0219776
1400 0.253813
1500 0.00939381
1600 0.0445411
1700 0.0672568
1800 0.0311109
1900 0.0153358
2000 0.039132
2100 0.409735
2200 0.506638
2300 0.584231
2400 0.109908
2500 0.117207
2600 0.150908
2700 0.497344
2800 0.117911
2900 0.00576306
3000 0.167864
3100 0.276957
3200 0.604849
3300 0.0571082
3400 0.0825486
3500 0.000332748
3600 0.00566324
3700 0.298456
3800 0.179569
3900 0.0166266
4000 0.000578016
4100 0.0582119
4200 0.13764
4300 0.228035
4400 0.0431975
4500 0.388474
4600 0.00442523
4700 0.00597011
4800 0.636065
4900 0.0170724
5000 0.0548432
5100 0.129836
5200 0.000321924
5300 0.321812
5400 0.75213
5500 0.637915
5600 0.184566
5700 0.148286
5800 0.126938
5900 0.354921
6000 0.151736
6100 0.0785935
6200 0.0269711
6300 0.268252
6400 0.00143713
6500 0.000150942
6600 0.0111099
6700 0.593749
6800 0.00504669
6900 0.0138037
7000 0.00364297
7100 0.0358591
7200 0.000220253
7300 0.00141852
7400 0.00556408
7500 0.506453
7600 0.023168
7700 0.0022467
7800 0.0262325
7900 0.000989071
8000 0.0102039
8100 0.00349376
8200 2.74665e-05
8300 0.0170112
8400 0.000241653
8500 0.00658925
8600 0.000492425
8700 0.358277
8800 0.00217575
8900 0.00543492
9000 0.00650019
9100 0.00259992
9200 0.201614
9300 0.163917
9400 0.00165993
9500 0.282213
9600 0.00202621
9700 0.00220057
9800 9.23786e-05
9900 0.0315986
10000 0.00525481
10100 0.000102384
10200 0.0025605
10300 0.00560574
10400 0.00109608
10500 0.00145128
10600 0.00161977
10700 4.60304e-05
10800 0.0391609
10900 0.00133606
11000 9.44222e-05
11100 0.000339774
11200 0.0272977
11300 0.000220809
11400 0.0146271
11500 0.00163346
11600 0.00448344
11700 0.00413122
11800 0.018374
11900 0.0393466
12000 0.000558399
12100 0.00041249
12200 0.00148117
12300 0.0128276
12400 0.00362333
12500 0.00129523
12600 0.012667
12700 0.000130007
12800 0.000553868
12900 0.00566684
13000 0.0277263
13100 0.00194965
13200 0.0331194
13300 0.00440389
13400 0.00242855
13500 0.000238639
13600 0.00280792
13700 0.00304467
13800 0.0105504
13900 0.0200491
14000 0.00180081
14100 0.00515304
14200 0.00992067
14300 0.00176105
14400 0.0132687
14500 0.002786
14600 0.000311642
14700 0.00139471
14800 0.000808566
14900 0.00306808
15000 0.00103287
15100 0.000908358
15200 0.0021314
15300 0.00185111
15400 0.000239909
15500 0.0013727
15600 0.005632
15700 0.00659973
15800 0.00137878
15900 0.000142407
16000 0.000492441
16100 0.000581116
16200 0.00329415
16300 0.00805022
16400 0.00193855
16500 0.000997196
16600 0.000494363
16700 0.00256509
16800 0.00140882
16900 0.139241
17000 0.000626399
17100 0.000652906
17200 0.000479811
17300 0.00127627
17400 0.00666
17500 0.00116361
17600 0.0163775
17700 0.0222289
17800 0.00122045
17900 0.00282356
18000 0.00125836
18100 0.000224444
18200 0.000247112
18300 0.000583241
18400 0.00247649
18500 0.000628465
18600 0.000549895
18700 0.171853
18800 0.000106802
18900 0.00112728
19000 0.00170296
19100 0.000469701
19200 0.0024295
19300 0.000364002
19400 0.0119619
19500 0.000319107
19600 0.00125275
19700 0.00052513
19800 0.112188
19900 0.00389472
20000 0.000859047
20100 0.00792812
20200 0.000714243
20300 5.03346e-05
20400 0.000157232
20500 0.00365831
20600 0.000383634
20700 0.0489897
20800 0.00152955
20900 0.000233471
21000 0.000169831
21100 0.00225363
21200 0.00488584
21300 0.00406627
21400 0.000377764
21500 0.00138626
21600 0.000888582
21700 0.00193866
21800 0.0169036
21900 0.000328481
22000 0.00204961
22100 0.000124823
22200 0.011544
22300 0.144981
22400 0.000944979
22500 0.000192637
22600 0.00688856
22700 0.000907642
22800 0.13294
22900 0.00171204
23000 0.00115963
23100 0.0020022
23200 0.000139754
23300 6.85093e-05
23400 0.000737336
23500 0.00082712
23600 0.00208479
23700 0.0030744
23800 0.00261622
23900 0.0019587
24000 0.00102538
24100 0.000885702
24200 0.000792409
24300 0.00288477
24400 0.000298586
24500 0.133489
24600 0.00157458
24700 0.0106036
24800 0.00502285
24900 0.00146676
25000 0.000485706
25100 2.69406e-05
25200 0.00585919
25300 0.00264246
25400 0.000294499
25500 0.00109122
25600 0.000161684
25700 0.00180587
25800 0.00408805
25900 0.00173122
26000 0.000550191
26100 0.000176407
26200 0.00219457
26300 0.000968469
26400 0.000265922
26500 0.00095082
26600 0.00115783
26700 0.00377365
26800 0.000616726
26900 0.00192053
27000 0.000338938
27100 0.0129982
27200 0.000985404
27300 0.000980155
27400 0.000187955
27500 0.000448179
27600 0.00527701
27700 0.00333037
27800 0.000462999
27900 0.000224799
28000 0.001059
28100 0.0016708
28200 0.000690316
