0 2.34278
100 0.694543
200 0.0852574
300 0.317372
400 0.24628
500 0.134205
600 0.0502135
700 0.617661
800 0.041625
900 0.0675633
1000 0.0684359
1100 0.294084
1200 0.221724
1300 0.0152337
1400 0.17593
1500 0.00651129
1600 0.0308736
1700 0.0466189
1800 0.0215644
1900 0.01063
2000 0.0271243
2100 0.284007
2200 0.351175
2300 0.404958
2400 0.0761826
2500 0.081242
2600 0.104601
2700 0.344732
2800 0.0817299
2900 0.00399465
3000 0.116354
3100 0.191972
3200 0.41925
3300 0.0395844
3400 0.0572183
3500 0.000230643
3600 0.00392546
3700 0.206874
3800 0.124468
3900 0.0115247
4000 0.00040065
4100 0.0403494
4200 0.0954046
4300 0.158062
4400 0.0299422
4500 0.26927
4600 0.00306734
4700 0.00413816
4800 0.440886
4900 0.0118337
5000 0.0380144
5100 0.0899957
5200 0.000223141
5300 0.223063
5400 0.521337
5500 0.442169
5600 0.127932
5700 0.102784
5800 0.0879866
5900 0.246012
6000 0.105175
6100 0.0544769
6200 0.018695
6300 0.185938
6400 0.00099614
6500 0.000104625
6600 0.00770079
6700 0.411555
6800 0.0034981
6900 0.00956799
7000 0.00252511
7100 0.0248556
7200 0.000152668
7300 0.000983241
7400 0.00385673
7500 0.351046
7600 0.0160588
7700 0.00155729
7800 0.018183
7900 0.000685572
8000 0.0070728
8100 0.00242169
8200 1.90383e-05
8300 0.0117913
8400 0.000167501
8500 0.00456732
8600 0.000341323
8700 0.248339
8800 0.00150812
8900 0.0037672
9000 0.00450558
9100 0.00180213
9200 0.139748
9300 0.113618
9400 0.00115058
9500 0.195615
9600 0.00140446
9700 0.00152532
9800 6.4032e-05
9900 0.0219025
10000 0.00364236
10100 7.09671e-05
10200 0.00177481
10300 0.0038856
10400 0.000759747
10500 0.00100595
10600 0.00112274
10700 3.19059e-05
10800 0.0271443
10900 0.000926084
11000 6.54485e-05
11100 0.000235514
11200 0.0189213
11300 0.000153053
11400 0.0101387
11500 0.00113223
11600 0.00310769
11700 0.00286355
11800 0.0127359
11900 0.027273
12000 0.000387053
12100 0.000285916
12200 0.00102667
12300 0.00889138
12400 0.0025115
12500 0.000897782
12600 0.00878007
12700 9.01137e-05
12800 0.000383912
12900 0.00392795
13000 0.0192184
13100 0.0013514
13200 0.0229566
13300 0.00305254
13400 0.00168334
13500 0.000165412
13600 0.0019463
13700 0.0021104
13800 0.00731301
13900 0.013897
14000 0.00124823
14100 0.00357181
14200 0.00687648
14300 0.00122067
14400 0.00919716
14500 0.00193111
14600 0.000216014
14700 0.00096674
14800 0.000560455
14900 0.00212663
15000 0.000715932
15100 0.000629626
15200 0.00147737
15300 0.00128309
15400 0.000166292
15500 0.00095148
15600 0.00390381
15700 0.00457458
15800 0.000955696
15900 9.87087e-05
16000 0.000341334
16100 0.000402799
16200 0.00228333
16300 0.00557999
16400 0.0013437
16500 0.000691204
16600 0.000342667
16700 0.00177799
16800 0.000976517
16900 0.0965145
17000 0.000434187
17100 0.00045256
17200 0.00033258
17300 0.000884642
17400 0.00461636
17500 0.000806555
17600 0.011352
17700 0.0154079
17800 0.000845949
17900 0.00195714
18000 0.00087223
18100 0.000155573
18200 0.000171285
18300 0.000404272
18400 0.00171657
18500 0.000435619
18600 0.000381158
18700 0.11912
18800 7.40293e-05
18900 0.000781368
19000 0.0011804
19100 0.000325572
19200 0.001684
19300 0.000252307
19400 0.00829139
19500 0.000221188
19600 0.000868342
19700 0.000363993
19800 0.0777629
19900 0.00269961
20000 0.000595446
20100 0.00549535
20200 0.000495075
20300 3.48893e-05
20400 0.000108985
20500 0.00253575
20600 0.000265915
20700 0.0339571
20800 0.0010602
20900 0.00016183
21000 0.000117718
21100 0.0015621
21200 0.00338661
21300 0.00281852
21400 0.000261846
21500 0.000960882
21600 0.000615918
21700 0.00134378
21800 0.0117167
21900 0.000227686
22000 0.00142068
22100 8.65205e-05
22200 0.00800168
22300 0.100493
22400 0.00065501
22500 0.000133525
22600 0.00477479
22700 0.000629129
22800 0.092147
22900 0.00118669
23000 0.000803793
23100 0.00138782
23200 9.68703e-05
23300 4.74871e-05
23400 0.000511082
23500 0.000573316
23600 0.00144507
23700 0.00213101
23800 0.00181343
23900 0.00135767
24000 0.000710738
24100 0.000613922
24200 0.000549256
24300 0.00199957
24400 0.000206964
24500 0.0925273
24600 0.00109141
24700 0.00734986
24800 0.00348157
24900 0.00101668
25000 0.000336666
25100 1.86738e-05
25200 0.00406128
25300 0.00183162
25400 0.000204131
25500 0.000756374
25600 0.000112071
25700 0.00125173
25800 0.00283362
25900 0.00119999
26000 0.000381363
26100 0.000122276
26200 0.00152116
26300 0.000671292
26400 0.000184323
26500 0.000659058
26600 0.000802544
26700 0.00261569
26800 0.000427482
26900 0.00133121
27000 0.000234934
27100 0.00900969
27200 0.00068303
27300 0.000679392
27400 0.00013028
27500 0.000310654
27600 0.00365774
27700 0.00230844
27800 0.000320927
27900 0.000155819
28000 0.000734041
28100 0.00115811
28200 0.00047849
