0 9.60876
100 3.06304
200 1.28064
300 1.352
400 1.27856
500 1.15311
600 1.16888
700 1.17618
800 1.11873
900 1.15583
1000 1.15858
1100 1.14161
1200 1.15242
1300 1.07887
1400 1.14247
1500 1.03364
1600 1.09323
1700 1.13347
1800 1.05792
1900 1.03891
2000 1.10386
2100 1.07393
2200 1.12515
2300 1.09138
2400 1.0853
2500 1.06458
2600 1.06226
2700 1.07436
2800 1.11604
2900 1.01726
3000 1.07337
3100 1.10917
3200 1.05806
3300 1.06397
3400 1.04778
3500 1.00175
3600 1.01932
3700 1.11076
3800 1.01297
3900 1.03498
4000 1.00245
4100 1.11362
4200 1.03822
4300 1.09895
4400 1.09428
4500 1.02651
4600 1.01528
4700 1.01801
4800 1.05483
4900 1.05165
5000 1.04486
5100 1.15126
5200 1.00167
5300 1.01284
5400 1.16206
5500 1.00882
5600 1.00705
5700 1.00678
5800 1.05131
5900 1.0123
6000 1.02746
6100 1.08468
6200 1.05489
6300 1.05901
6400 1.00562
6500 1.00081
6600 1.02631
6700 1.04096
6800 1.01805
6900 1.02833
7000 1.01413
7100 1.05006
7200 1.00122
7300 1.00623
7400 1.01697
7500 1.03283
7600 1.0508
7700 1.00681
7800 1.03116
7900 1.0039
8000 1.0272
8100 1.01128
8200 1.0002
8300 1.03565
8400 1.00135
8500 1.01817
8600 1.00237
8700 1.01634
8800 1.00866
8900 1.01614
9000 1.0248
9100 1.01126
9200 1.03834
9300 1.01856
9400 1.00666
9500 1.02696
9600 1.00828
9700 1.00799
9800 1.0006
9900 1.05899
10000 1.01777
10100 1.00068
10200 1.01012
10300 1.01408
10400 1.00488
10500 1.00629
10600 1.00728
10700 1.0003
10800 1.07131
10900 1.0058
11000 1.00063
11100 1.00178
11200 1.03484
11300 1.00124
11400 1.02866
11500 1.00692
11600 1.01352
11700 1.01157
11800 1.04641
11900 1.06018
12000 1.00271
12100 1.0022
12200 1.00598
12300 1.02961
12400 1.01262
12500 1.00544
12600 1.02928
12700 1.0008
12800 1.00233
12900 1.01558
13000 1.03969
13100 1.00806
13200 1.05904
13300 1.01648
13400 1.00935
13500 1.00122
13600 1.01163
13700 1.01074
13800 1.02316
13900 1.03611
14000 1.00754
14100 1.01554
14200 1.03442
14300 1.00786
14400 1.02457
14500 1.01036
14600 1.00183
14700 1.00619
14800 1.00363
14900 1.01139
15000 1.00471
15100 1.00384
15200 1.00758
15300 1.00716
15400 1.00141
15500 1.00525
15600 1.01492
15700 1.01633
15800 1.00635
15900 1.00085
16000 1.00268
16100 1.00282
16200 1.01181
16300 1.03002
16400 1.00908
16500 1.00459
16600 1.00261
16700 1.01099
16800 1.00573
16900 1.0444
17000 1.00305
17100 1.00301
17200 1.00242
17300 1.00543
17400 1.01901
17500 1.00544
17600 1.04559
17700 1.04722
17800 1.00579
17900 1.01044
18000 1.00568
18100 1.00127
18200 1.00139
18300 1.00302
18400 1.00794
18500 1.00298
18600 1.00245
18700 1.0257
18800 1.00065
18900 1.0056
19000 1.00675
19100 1.00208
19200 1.00962
19300 1.0019
19400 1.02942
19500 1.00156
19600 1.006
19700 1.00261
19800 1.01817
19900 1.01356
20000 1.00338
20100 1.02006
20200 1.00337
20300 1.00033
20400 1.00102
20500 1.01214
20600 1.00205
20700 1.03162
20800 1.00629
20900 1.00126
21000 1.00104
21100 1.00962
21200 1.01494
21300 1.01613
21400 1.00186
21500 1.00656
21600 1.00437
21700 1.00738
21800 1.03986
21900 1.00173
22000 1.00714
22100 1.00069
22200 1.03089
22300 1.01141
22400 1.00443
22500 1.00118
22600 1.02399
22700 1.0046
22800 1.02743
22900 1.00687
23000 1.00498
23100 1.00759
23200 1.00085
23300 1.00046
23400 1.00374
23500 1.00372
23600 1.00851
23700 1.01133
23800 1.01195
23900 1.0076
24000 1.00392
24100 1.00398
24200 1.00396
24300 1.01002
24400 1.00169
24500 1.00963
24600 1.00649
24700 1.02841
24800 1.01482
24900 1.00622
25000 1.00258
25100 1.0002
25200 1.01653
25300 1.00998
25400 1.00157
25500 1.00499
25600 1.00096
25700 1.00746
25800 1.01548
25900 1.00833
26000 1.00306
26100 1.0011
26200 1.01048
26300 1.00403
26400 1.00161
26500 1.00426
26600 1.00508
26700 1.01554
26800 1.003
26900 1.00804
27000 1.00182
27100 1.04036
27200 1.00417
27300 1.00481
27400 1.00105
27500 1.00226
27600 1.01935
27700 1.0135
27800 1.00266
27900 1.00128
28000 1.00491
28100 1.00741
28200 1.00325
