0 0.056250006
100 0.15625
200 0.36875004
300 0.490625
400 0.47500002
500 0.5
600 0.553125
700 0.4875
800 0.46875
900 0.49687502
1000 0.5187501
1100 0.465625
1200 0.49374998
1300 0.50000006
1400 0.503125
1500 0.515625
1600 0.49375004
1700 0.43125
1800 0.515625
1900 0.51250005
2000 0.5343751
2100 0.53124994
2200 0.490625
2300 0.55625004
2400 0.553125
2500 0.45625
2600 0.50624996
2700 0.53437495
2800 0.540625
2900 0.534375
3000 0.515625
3100 0.51874995
3200 0.5
3300 0.578125
3400 0.51562506
3500 0.49687505
3600 0.54375005
3700 0.515625
3800 0.49687502
3900 0.484375
4000 0.51562506
4100 0.54062504
4200 0.515625
4300 0.55
4400 0.54999995
4500 0.515625
4600 0.584375
4700 0.5375
4800 0.60625005
4900 0.52812505
5000 0.64062506
5100 0.48750004
5200 0.48125
5300 0.48125002
5400 0.53749996
5500 0.596875
5600 0.540625
5700 0.5375
5800 0.5125
5900 0.490625
6000 0.50000006
6100 0.49687502
6200 0.50000006
6300 0.52500004
6400 0.49687502
6500 0.528125
6600 0.575
6700 0.515625
6800 0.49062502
6900 0.58125
7000 0.48125002
7100 0.515625
7200 0.52812505
7300 0.559375
7400 0.53437495
7500 0.52187496
7600 0.503125
7700 0.575
7800 0.56875
7900 0.49374998
8000 0.55312496
8100 0.52500004
8200 0.534375
8300 0.571875
8400 0.565625
8500 0.471875
8600 0.58437496
8700 0.54375
8800 0.465625
8900 0.49375
9000 0.57187504
9100 0.5375
9200 0.49687502
9300 0.528125
9400 0.45625
9500 0.51875
9600 0.60312504
9700 0.5625
9800 0.53125
9900 0.496875
10000 0.490625
10100 0.54375005
10200 0.59375006
10300 0.59062505
10400 0.5
10500 0.49375004
10600 0.55625004
10700 0.515625
10800 0.60625005
10900 0.57812506
11000 0.55312496
11100 0.546875
11200 0.51250005
11300 0.49375004
11400 0.5375
11500 0.49375
11600 0.5531251
11700 0.51250005
11800 0.471875
11900 0.546875
12000 0.52500004
12100 0.5124999
12200 0.534375
12300 0.57500005
12400 0.53125
12500 0.48125
12600 0.55937505
12700 0.546875
12800 0.5125
12900 0.503125
13000 0.50625
13100 0.51250005
13200 0.58750004
13300 0.484375
13400 0.534375
13500 0.540625
13600 0.55625004
13700 0.54062504
13800 0.51250005
13900 0.50937504
14000 0.54687494
14100 0.51875
14200 0.484375
14300 0.57187504
14400 0.553125
14500 0.49375
14600 0.559375
14700 0.5625
14800 0.5375
14900 0.55625
15000 0.546875
15100 0.546875
15200 0.60312504
15300 0.56875
15400 0.553125
15500 0.5031251
15600 0.55937505
15700 0.55625004
15800 0.51874995
15900 0.50937504
16000 0.609375
16100 0.57500005
16200 0.559375
16300 0.471875
16400 0.55937505
16500 0.58124995
16600 0.5593749
16700 0.51875
16800 0.55625004
16900 0.47499996
17000 0.565625
17100 0.59062505
17200 0.553125
17300 0.54062504
17400 0.525
17500 0.55625
17600 0.62812495
17700 0.56875
17800 0.54375
17900 0.55
18000 0.55937505
18100 0.50625
18200 0.575
18300 0.50625
18400 0.53125
18500 0.6375
18600 0.540625
18700 0.5625
18800 0.59999996
18900 0.603125
19000 0.584375
19100 0.52812505
19200 0.61249995
19300 0.55312496
19400 0.50625
19500 0.54062504
19600 0.584375
19700 0.54062504
19800 0.609375
19900 0.63124996
20000 0.52500004
20100 0.565625
20200 0.50625
20300 0.59062505
20400 0.56874996
20500 0.57812506
20600 0.53125
20700 0.57187504
20800 0.565625
20900 0.54375
21000 0.59375006
21100 0.58125
21200 0.5375
21300 0.55
21400 0.565625
21500 0.59375
21600 0.5
21700 0.61249995
21800 0.553125
21900 0.6
22000 0.553125
22100 0.56250006
22200 0.56875
22300 0.55
22400 0.546875
22500 0.57812506
22600 0.590625
22700 0.51875
22800 0.57500005
22900 0.52500004
23000 0.48437503
23100 0.59375
23200 0.55937505
23300 0.55937505
23400 0.61875
23500 0.58437496
23600 0.50937504
23700 0.57187504
23800 0.565625
23900 0.57187504
24000 0.54375
24100 0.571875
24200 0.584375
24300 0.56874996
24400 0.5
24500 0.625
24600 0.56562495
24700 0.584375
24800 0.54375
24900 0.534375
25000 0.5749999
25100 0.52187496
25200 0.56875
25300 0.609375
25400 0.57187504
25500 0.553125
25600 0.603125
25700 0.534375
25800 0.55312496
25900 0.571875
26000 0.546875
26100 0.58750004
26200 0.54375005
26300 0.5625
26400 0.540625
26500 0.5625
26600 0.57812506
26700 0.559375
26800 0.56875
26900 0.56875
27000 0.55625004
27100 0.64375
27200 0.553125
27300 0.62500006
27400 0.56875
27500 0.56875
27600 0.534375
27700 0.575
27800 0.58125
27900 0.590625
28000 0.59374994
28100 0.5625
28200 0.5
28300 0.584375
28400 0.48125
28500 0.55625004
28600 0.50937504
28700 0.57500005
28800 0.553125
28900 0.459375
29000 0.56250006
29100 0.54375
29200 0.57500005
29300 0.55625
29400 0.56875
29500 0.565625
29600 0.540625
29700 0.63124996
29800 0.58750004
29900 0.546875
30000 0.53125
30100 0.584375
30200 0.525
30300 0.56875
30400 0.528125
30500 0.540625
30600 0.546875
30700 0.534375
30800 0.50625
30900 0.546875
31000 0.52187496
31100 0.553125
31200 0.54062504
31300 0.53125
31400 0.56875
31500 0.5875
31600 0.540625
31700 0.56875
31800 0.55
31900 0.54375005
32000 0.51875
32100 0.54062504
32200 0.540625
32300 0.5875
32400 0.578125
32500 0.6218749
32600 0.57500005
32700 0.515625
32800 0.54375
32900 0.55625004
33000 0.58750004
33100 0.52812505
33200 0.596875
33300 0.54375
33400 0.57187504
33500 0.53125
33600 0.546875
33700 0.5625
33800 0.55
33900 0.578125
34000 0.55
34100 0.5875
34200 0.584375
34300 0.571875
34400 0.5968751
34500 0.58125
34600 0.54375005
34700 0.54375
34800 0.540625
34900 0.58437496
35000 0.56874996
35100 0.596875
35200 0.58125
35300 0.57187504
35400 0.57812506
35500 0.6
35600 0.59375
35700 0.571875
35800 0.55937505
35900 0.534375
36000 0.559375
36100 0.603125
36200 0.5375
36300 0.578125
36400 0.54375
36500 0.59999996
36600 0.5
36700 0.578125
36800 0.58125
36900 0.5906249
37000 0.62187505
37100 0.56874996
37200 0.621875
37300 0.54687506
37400 0.58125
37500 0.578125
37600 0.55625
37700 0.54062504
37800 0.5874999
37900 0.578125
38000 0.575
38100 0.51874995
38200 0.56875
38300 0.56875
38400 0.571875
38500 0.50625
38600 0.53437495
38700 0.5625
38800 0.534375
38900 0.50625
39000 0.546875
39100 0.60625
39200 0.546875
39300 0.509375
39400 0.540625
39500 0.55
39600 0.54375
39700 0.609375
39800 0.546875
39900 0.52812505
40000 0.58125
40100 0.521875
40200 0.56875
