0 4.755341
100 4.1607037
200 3.1035914
300 2.4894254
400 2.5197172
500 2.2658331
600 2.194389
700 2.4365172
800 2.4361627
900 2.4511092
1000 2.3157377
1100 2.6307874
1200 2.4477005
1300 2.4905891
1400 2.3307467
1500 2.2259946
1600 2.2992778
1700 2.563913
1800 2.2055132
1900 2.27289
2000 2.258585
2100 2.2883282
2200 2.3673208
2300 2.0711188
2400 2.178014
2500 2.5165458
2600 2.2976482
2700 2.2132347
2800 2.2894976
2900 2.186341
3000 2.2781222
3100 2.3051903
3200 2.3217382
3300 1.8948745
3400 2.28676
3500 2.3557231
3600 2.374293
3700 2.230578
3800 2.3606677
3900 2.3689218
4000 2.2571237
4100 2.2805612
4200 2.1605818
4300 2.0270438
4400 2.1222992
4500 2.2885423
4600 1.9104626
4700 2.1022527
4800 1.9039164
4900 2.140617
5000 1.8355355
5100 2.272073
5200 2.5353181
5300 2.4742486
5400 2.2338784
5500 1.9562311
5600 2.1909614
5700 2.036459
5800 2.3357337
5900 2.2321973
6000 2.40173
6100 2.3624747
6200 2.3280563
6300 2.3930442
6400 2.4003656
6500 2.228125
6600 1.8934495
6700 2.1893437
6800 2.303129
6900 2.0748718
7000 2.4015846
7100 2.173348
7200 2.2309315
7300 2.2929459
7400 2.3913302
7500 2.2301292
7600 2.5017235
7700 1.9894248
7800 2.02434
7900 2.2136014
8000 2.1076612
8100 2.1584454
8200 2.2081742
8300 2.1720357
8400 2.0553737
8500 2.4394794
8600 1.9995054
8700 2.193856
8800 2.6235094
8900 2.3414862
9000 2.210448
9100 2.2972822
9200 2.2740433
9300 2.3531983
9400 2.5993092
9500 2.1654325
9600 2.0698104
9700 2.0073128
9800 2.2300904
9900 2.4158225
10000 2.348431
10100 2.1233132
10200 1.9614054
10300 1.938399
10400 2.2616973
10500 2.4620664
10600 2.2100003
10700 2.3091385
10800 1.9233233
10900 2.1455965
11000 2.1350238
11100 2.2697644
11200 2.2290225
11300 2.5370362
11400 2.3789895
11500 2.4040673
11600 2.2171154
11700 2.3659968
11800 2.4977574
11900 2.2069407
12000 2.229555
12100 2.2005002
12200 2.1640356
12300 2.052658
12400 2.222692
12500 2.3673134
12600 2.1246698
12700 2.0424619
12800 2.3044724
12900 2.4041162
13000 2.389517
13100 2.3046074
13200 1.8924655
13300 2.4314492
13400 2.2240202
13500 2.1823127
13600 2.1255932
13700 2.3049126
13800 2.2213821
13900 2.2468805
14000 2.1123974
14100 2.2071717
14200 2.3964539
14300 2.0173922
14400 2.2573898
14500 2.485013
14600 2.1732936
14700 2.029652
14800 2.0912817
14900 2.1518302
15000 2.1695137
15100 2.1951606
15200 1.7745507
15300 2.030152
15400 2.210056
15500 2.3791475
15600 2.1102698
15700 2.1150992
15800 2.4888463
15900 2.306447
16000 1.9758708
16100 2.0807264
16200 2.2387784
16300 2.6887174
16400 2.1151285
16500 2.0598595
16600 2.008666
16700 2.3370388
16800 2.069392
16900 2.2817912
17000 2.0781252
17100 2.039059
17200 2.0473459
17300 2.1411254
17400 2.1118221
17500 1.9117638
17600 1.9036849
17700 1.9680712
17800 2.1185591
17900 2.1884992
18000 2.1581137
18100 2.314778
18200 2.0406
18300 2.3448644
18400 2.160967
18500 1.8605007
18600 2.1489606
18700 2.1884637
18800 1.9272879
18900 1.8847988
19000 1.9273388
19100 2.157486
19200 2.0092862
19300 2.1957088
19400 2.1657298
19500 2.2085397
19600 2.0188358
19700 2.078945
19800 1.7925642
19900 1.8951993
20000 2.3140435
20100 2.0619872
20200 2.14606
20300 1.8661714
20400 1.9515129
20500 2.0812414
20600 2.208411
20700 1.8556446
20800 2.0481346
20900 2.1217904
21000 1.9822114
21100 2.1360543
21200 2.14594
21300 2.1386893
21400 2.0142322
21500 1.881489
21600 2.2895436
21700 1.8453301
21800 2.0586948
21900 1.9959573
22000 2.1776192
22100 1.9917212
22200 2.054599
22300 2.0776088
22400 2.1264186
22500 1.9558337
22600 1.9744878
22700 2.158867
22800 1.9037209
22900 2.2003567
23000 2.525185
23100 1.9403932
23200 2.178762
23300 2.0562482
23400 1.8648497
23500 1.8248997
23600 2.232269
23700 2.0314054
23800 2.090623
23900 2.0062282
24000 2.2226915
24100 2.1122139
24200 1.961374
24300 2.0180316
24400 2.3869038
24500 1.7961481
24600 2.0241864
24700 1.937722
24800 2.044898
24900 2.1749256
25000 1.9866576
25100 2.11478
25200 1.9123061
25300 1.8590771
25400 1.961835
25500 2.117851
25600 1.9615158
25700 2.2160783
25800 2.0904574
25900 2.0973372
26000 2.162073
26100 2.032722
26200 1.9985497
26300 2.0107932
26400 2.11281
26500 2.0183237
26600 2.133592
26700 2.125823
26800 1.9456999
26900 2.150986
27000 2.0817804
27100 1.8991201
27200 2.1003473
27300 1.9094838
27400 2.1609423
27500 1.9903585
27600 2.2727401
27700 1.9546224
27800 2.1346943
27900 2.0488434
28000 1.9463938
28100 2.051704
28200 2.3454456
28300 1.8939264
28400 2.4205909
28500 2.049938
28600 2.2219415
28700 1.918135
28800 2.2261167
28900 2.527522
29000 1.9672585
29100 2.148293
29200 1.9974475
29300 2.0514746
29400 1.8483629
29500 2.121957
29600 2.2156384
29700 1.8005985
29800 2.0901728
29900 2.02137
30000 2.1512098
30100 1.8522949
30200 2.1010284
30300 1.8639528
30400 2.2503169
30500 2.130698
30600 2.124479
30700 2.1817937
30800 2.4198039
30900 1.9747648
31000 2.3247344
31100 1.9588621
31200 2.1728055
31300 2.2649791
31400 2.1113396
31500 2.0425954
31600 2.1671278
31700 1.9634771
31800 2.1479466
31900 2.0215945
32000 2.2262778
32100 2.1877916
32200 2.2063222
32300 1.8842272
32400 1.950716
32500 1.8928238
32600 1.8865954
32700 2.2896125
32800 2.1826391
32900 2.1236336
33000 1.8761123
33100 2.135388
33200 1.8490078
33300 2.0873504
33400 2.0128472
33500 2.2019844
33600 2.0700686
33700 2.1474476
33800 2.0179625
33900 2.004686
34000 2.0920048
34100 1.9826057
34200 1.9648544
34300 1.9440278
34400 1.9308997
34500 1.9073988
34600 2.202643
34700 2.0747492
34800 2.0705433
34900 2.0396402
35000 2.000648
35100 1.8687689
35200 1.9231577
35300 1.8786601
35400 2.0581524
35500 1.8129195
35600 1.843625
35700 1.8871921
35800 2.0357637
35900 2.20885
36000 2.0524833
36100 1.8461598
36200 2.0767581
36300 1.9798156
36400 2.142721
36500 1.8633226
36600 2.423334
36700 1.9570824
36800 1.848151
36900 1.8811777
37000 1.8734765
37100 2.0067754
37200 1.7415395
37300 1.9872872
37400 2.093732
37500 2.0177932
37600 1.9409052
37700 2.1523213
37800 1.8289753
37900 1.9245863
38000 2.0830543
38100 2.2954857
38200 2.2327332
38300 2.032894
38400 1.9957026
38500 2.257629
38600 2.3370073
38700 2.1951883
38800 2.3099458
38900 2.2383938
39000 2.1114461
39100 1.8209308
39200 2.2196627
39300 2.229374
39400 2.1917362
39500 2.2060032
39600 2.0855896
39700 1.8352009
39800 2.10298
39900 2.1708968
40000 2.0173397
40100 2.3151648
40200 2.098652
