0 3.2961512
100 2.88398
200 2.1512456
300 1.7255383
400 1.746535
500 1.5705558
600 1.5210346
700 1.6888651
800 1.6886193
900 1.6989794
1000 1.605147
1100 1.8235228
1200 1.6966166
1300 1.7263448
1400 1.6155505
1500 1.5429418
1600 1.593738
1700 1.7771692
1800 1.5287453
1900 1.5754473
2000 1.5655317
2100 1.5861481
2200 1.6409018
2300 1.4355901
2400 1.5096843
2500 1.7443366
2600 1.5926083
2700 1.5340974
2800 1.5869589
2900 1.5154562
3000 1.5790739
3100 1.5978363
3200 1.6093063
3300 1.3134269
3400 1.5850613
3500 1.6328628
3600 1.6457345
3700 1.5461189
3800 1.6362902
3900 1.6420115
4000 1.5645189
4100 1.5807645
4200 1.4976012
4300 1.4050397
4400 1.4710658
4500 1.5862966
4600 1.3242317
4700 1.4571705
4800 1.3196943
4900 1.4837625
5000 1.2722963
5100 1.5748811
5200 1.7573487
5300 1.7150185
5400 1.5484065
5500 1.3559561
5600 1.5186586
5700 1.4115658
5800 1.6190072
5900 1.5472412
6000 1.6647524
6100 1.6375426
6200 1.6136857
6300 1.6587319
6400 1.6638067
6500 1.5444187
6600 1.3124392
6700 1.5175375
6800 1.5964073
6900 1.4381915
7000 1.6646516
7100 1.5064499
7200 1.546364
7300 1.589349
7400 1.6575438
7500 1.5458078
7600 1.7340626
7700 1.3789642
7800 1.4031655
7900 1.5343516
8000 1.4609194
8100 1.4961203
8200 1.5305897
8300 1.5055405
8400 1.4246765
8500 1.6909182
8600 1.3859515
8700 1.5206652
8800 1.8184782
8900 1.6229945
9000 1.5321659
9100 1.5923547
9200 1.5762467
9300 1.6311128
9400 1.8017039
9500 1.5009634
9600 1.4346833
9700 1.3913631
9800 1.5457809
9900 1.6745206
10000 1.6278083
10100 1.4717685
10200 1.3595426
10300 1.3435957
10400 1.5676892
10500 1.7065744
10600 1.5318555
10700 1.600573
10800 1.3331461
10900 1.4872142
11000 1.4798858
11100 1.5732808
11200 1.5450406
11300 1.7585394
11400 1.6489899
11500 1.6663724
11600 1.5367873
11700 1.639984
11800 1.7313135
11900 1.5297347
12000 1.5454097
12100 1.5252706
12200 1.4999951
12300 1.4227941
12400 1.5406528
12500 1.6408966
12600 1.4727088
12700 1.4157267
12800 1.5973386
12900 1.6664064
13000 1.656287
13100 1.5974321
13200 1.3117571
13300 1.6853521
13400 1.5415734
13500 1.5126638
13600 1.4733489
13700 1.5976437
13800 1.5397449
13900 1.557419
14000 1.4642023
14100 1.5298948
14200 1.6610953
14300 1.3983498
14400 1.5647033
14500 1.7224797
14600 1.5064124
14700 1.4068477
14800 1.449566
14900 1.4915351
15000 1.5037923
15100 1.5215694
15200 1.2300248
15300 1.4071941
15400 1.5318941
15500 1.6490995
15600 1.4627275
15700 1.4660751
15800 1.7251369
15900 1.5987073
16000 1.3695693
16100 1.4422497
16200 1.5518029
16300 1.8636768
16400 1.4660954
16500 1.4277859
16600 1.3923012
16700 1.6199119
16800 1.4343933
16900 1.5816171
17000 1.4404466
17100 1.4133679
17200 1.4191121
17300 1.4841151
17400 1.4638035
17500 1.3251337
17600 1.3195338
17700 1.364163
17800 1.4684733
17900 1.516952
18000 1.4958904
18100 1.6044819
18200 1.4144362
18300 1.6253362
18400 1.4978683
18500 1.2896008
18600 1.489546
18700 1.5169275
18800 1.3358942
18900 1.306443
19000 1.3359295
19100 1.4954553
19200 1.3927311
19300 1.5219493
19400 1.5011696
19500 1.530843
19600 1.3993503
19700 1.4410149
19800 1.2425108
19900 1.313652
20000 1.6039728
20100 1.4292606
20200 1.4875355
20300 1.2935314
20400 1.3526857
20500 1.4426066
20600 1.5307539
20700 1.2862349
20800 1.4196587
20900 1.470713
21000 1.3739642
21100 1.4806
21200 1.4874523
21300 1.4824264
21400 1.3961594
21500 1.3041488
21600 1.5869907
21700 1.2790854
21800 1.4269786
21900 1.3834921
22000 1.5094106
22100 1.3805559
22200 1.4241396
22300 1.4400887
22400 1.4739211
22500 1.3556806
22600 1.3686106
22700 1.4964125
22800 1.3195587
22900 1.525171
23000 1.750325
23100 1.3449781
23200 1.5102028
23300 1.4252826
23400 1.2926153
23500 1.264924
23600 1.547291
23700 1.4080629
23800 1.4491093
23900 1.3906114
24000 1.5406524
24100 1.4640751
24200 1.3595209
24300 1.398793
24400 1.6544757
24500 1.244995
24600 1.403059
24700 1.3431265
24800 1.4174154
24900 1.5075436
25000 1.3770461
25100 1.4658537
25200 1.3255095
25300 1.288614
25400 1.3598404
25500 1.4679825
25600 1.3596191
25700 1.5360684
25800 1.4489946
25900 1.4537634
26000 1.4986347
26100 1.4089756
26200 1.3852891
26300 1.3937756
26400 1.4644883
26500 1.3989953
26600 1.4788933
26700 1.4735082
26800 1.3486564
26900 1.4909499
27000 1.4429802
27100 1.3163698
27200 1.4558498
27300 1.3235533
27400 1.497851
27500 1.3796114
27600 1.5753434
27700 1.354841
27800 1.4796573
27900 1.42015
28000 1.3491374
28100 1.4221327
28200 1.625739
28300 1.3127698
28400 1.6778258
28500 1.4209087
28600 1.5401324
28700 1.3295499
28800 1.5430266
28900 1.7519448
29000 1.3635997
29100 1.4890832
29200 1.3845251
29300 1.4219738
29400 1.2811875
29500 1.4708285
29600 1.5357635
29700 1.2480798
29800 1.4487973
29900 1.4011068
30000 1.491105
30100 1.283913
30200 1.456322
30300 1.2919936
30400 1.5598009
30500 1.4768872
30600 1.4725766
30700 1.5123042
30800 1.6772803
30900 1.3688027
31000 1.6113831
31100 1.3577797
31200 1.5060741
31300 1.5699639
31400 1.463469
31500 1.4158192
31600 1.5021386
31700 1.3609786
31800 1.4888431
31900 1.4012625
32000 1.5431383
32100 1.5164616
32200 1.529306
32300 1.3060467
32400 1.3521333
32500 1.3120055
32600 1.3076882
32700 1.5870385
32800 1.5128901
32900 1.4719906
33000 1.300422
33100 1.4801381
33200 1.2816346
33300 1.446841
33400 1.3951993
33500 1.5262992
33600 1.4348621
33700 1.4884973
33800 1.398745
33900 1.3895426
34000 1.4500673
34100 1.3742375
34200 1.3619332
34300 1.3474973
34400 1.3383977
34500 1.3221081
34600 1.5267558
34700 1.4381065
34800 1.4351913
34900 1.4137709
35000 1.3867435
35100 1.295332
35200 1.3330313
35300 1.3021879
35400 1.4266025
35500 1.25662
35600 1.2779034
35700 1.3081019
35800 1.4110839
35900 1.5310581
36000 1.422673
36100 1.2796605
36200 1.4394991
36300 1.3723036
36400 1.4852209
36500 1.2915568
36600 1.6797271
36700 1.3565462
36800 1.2810407
36900 1.303933
37000 1.298595
37100 1.3909907
37200 1.2071432
37300 1.3774825
37400 1.4512645
37500 1.3986276
37600 1.345333
37700 1.4918754
37800 1.2677491
37900 1.3340216
38000 1.4438633
38100 1.5911095
38200 1.5476128
38300 1.4090947
38400 1.3833157
38500 1.564869
38600 1.6198901
38700 1.5215886
38800 1.6011325
38900 1.5515363
39000 1.4635429
39100 1.262173
39200 1.5385529
39300 1.5452843
39400 1.5191958
39500 1.5290849
39600 1.4456205
39700 1.2720643
39800 1.4576746
39900 1.504751
40000 1.3983133
40100 1.6047499
40200 1.4546746
