0 26.998268
100 18.687256
200 10.073864
300 8.517393
400 7.9372373
500 7.067546
600 7.0762463
700 7.235764
800 7.3870974
900 7.600147
1000 6.640951
1100 7.298008
1200 7.5169625
1300 7.0451927
1400 7.0559716
1500 6.791624
1600 6.825819
1700 7.0368924
1800 6.7194295
1900 6.4621367
2000 6.711976
2100 6.888885
2200 6.779246
2300 6.2867627
2400 6.721632
2500 7.1659327
2600 6.513727
2700 6.6226635
2800 6.47972
2900 6.364762
3000 6.6602883
3100 6.5008163
3200 6.4923215
3300 6.145868
3400 6.858859
3500 6.675175
3600 6.2692137
3700 6.316147
3800 6.7928505
3900 6.44432
4000 6.7444973
4100 6.8886385
4200 6.400974
4300 6.2943516
4400 6.451291
4500 6.499076
4600 5.803787
4700 6.205327
4800 6.038988
4900 6.382294
5000 6.2855663
5100 6.733263
5200 6.609371
5300 6.6592007
5400 6.1800814
5500 6.218649
5600 6.469484
5700 6.600746
5800 6.2999387
5900 6.3220596
6000 7.1952124
6100 6.7215266
6200 6.718807
6300 6.1178317
6400 6.7518253
6500 6.2211866
6600 6.0910444
6700 6.6348324
6800 6.4715247
6900 6.5211916
7000 6.567833
7100 6.3834643
7200 6.6530905
7300 6.5218587
7400 6.319006
7500 6.1811595
7600 7.022895
7700 6.3057165
7800 6.3367186
7900 6.3560796
8000 6.038964
8100 6.404443
8200 6.4388323
8300 6.215004
8400 5.820224
8500 6.545223
8600 6.2826614
8700 6.507063
8800 6.609961
8900 6.5198193
9000 6.6041937
9100 6.104272
9200 6.523136
9300 6.7658186
9400 6.697356
9500 6.292152
9600 6.080499
9700 6.1294956
9800 6.0977035
9900 6.9469633
10000 6.639495
10100 6.3152204
10200 6.2878323
10300 5.7709966
10400 6.5252705
10500 6.8074026
10600 6.8931475
10700 6.687026
10800 5.807236
10900 6.662276
11000 6.304015
11100 6.466602
11200 6.394015
11300 6.613947
11400 6.591623
11500 6.7823257
11600 6.146269
11700 6.777009
11800 6.532622
11900 6.212369
12000 6.419857
12100 6.451707
12200 5.990654
12300 6.3357344
12400 6.230143
12500 6.7100596
12600 6.1546383
12700 5.8892117
12800 6.5240626
12900 6.504177
13000 7.000841
13100 6.4266763
13200 6.107007
13300 6.7273927
13400 6.6611357
13500 6.523856
13600 6.1785626
13700 6.3291783
13800 6.496082
13900 6.1857176
14000 6.0961056
14100 6.074549
14200 6.945761
14300 6.5072584
14400 5.816093
14500 6.674043
14600 6.2968135
14700 5.896756
14800 6.346462
14900 6.4076395
15000 6.448
15100 5.5285435
15200 5.8590713
15300 5.8838954
15400 6.7950563
15500 6.6166253
15600 6.1511593
15700 6.30992
15800 6.8291507
15900 6.81888
16000 6.0138664
16100 6.1277046
16200 6.324993
16300 7.4462576
16400 6.1586742
16500 6.655939
16600 6.045398
16700 6.395356
16800 6.6355553
16900 6.9918003
17000 6.1147676
17100 6.35647
17200 6.0465145
17300 6.593496
17400 6.5794225
17500 6.054192
17600 5.9218426
17700 6.2361674
17800 6.459184
17900 6.1170425
18000 6.0217247
18100 6.6135178
18200 6.0702467
18300 6.743191
18400 6.229802
18500 6.072968
18600 6.3575344
18700 6.26889
18800 6.0446367
18900 5.844908
19000 6.0879655
19100 6.3457193
19200 6.4349947
19300 6.453368
19400 6.6168947
19500 6.5757856
19600 5.87685
19700 6.3749833
19800 5.8517656
19900 6.622674
20000 6.849379
20100 6.7338715
20200 6.413981
20300 5.9892836
20400 6.025815
20500 6.278404
20600 6.4889045
20700 6.2220397
20800 5.9806814
20900 6.499642
21000 6.283138
21100 6.096544
21200 6.4246335
21300 6.390973
21400 6.2624626
21500 6.1528316
21600 6.625445
21700 5.808139
21800 6.333268
21900 6.001024
22000 6.527411
22100 6.2069073
22200 6.3531976
22300 6.2499843
22400 6.3442655
22500 6.0410748
22600 6.1099424
22700 6.2693386
22800 6.1913695
22900 6.3212743
23000 6.4400773
23100 6.1274157
23200 6.7417517
23300 6.143984
23400 5.606779
23500 5.97027
23600 6.5640388
23700 6.221894
23800 5.85166
23900 6.2206197
24000 6.3375254
24100 6.205883
24200 6.37152
24300 6.521014
24400 6.1778045
24500 5.9691887
24600 6.084854
24700 5.995795
24800 6.305368
24900 6.4463906
25000 5.7533655
25100 6.581765
25200 5.754751
25300 5.8099465
25400 5.836848
25500 6.2577567
25600 6.068589
25700 6.1007056
25800 6.2713733
25900 6.4311023
26000 6.249135
26100 6.19834
26200 5.949993
26300 6.1060896
26400 6.3920074
26500 6.020144
26600 6.3244348
26700 6.3275123
26800 6.320233
26900 6.072941
27000 6.3566594
27100 5.857948
27200 6.134041
27300 6.230473
27400 6.4768405
27500 6.071387
27600 6.541834
27700 6.0402036
27800 5.911365
27900 6.0642467
28000 6.3641877
28100 6.5698495
28200 6.687703
28300 6.019278
28400 7.1212306
28500 6.2576876
28600 6.372755
28700 6.078817
28800 6.7880354
28900 6.827656
29000 6.0059304
29100 6.3662834
29200 6.390708
29300 6.104695
29400 5.9735894
29500 6.1409183
29600 5.980777
29700 6.077942
29800 6.285172
29900 6.3310614
30000 6.503131
30100 5.966449
30200 6.081619
30300 6.041722
30400 6.463728
30500 6.349681
30600 6.396506
30700 6.6462097
30800 6.5691037
30900 6.009445
31000 6.351826
31100 6.0749583
31200 6.4203277
31300 6.665442
31400 6.1967425
31500 6.202518
31600 6.0569787
31700 6.0005245
31800 5.975036
31900 6.512967
32000 6.4792423
32100 6.083685
32200 6.1805587
32300 5.8363733
32400 6.1767845
32500 5.614155
32600 6.018781
32700 6.68277
32800 6.341736
32900 6.107247
33000 5.9961443
33100 6.6900544
33200 5.827974
33300 5.900617
33400 6.293977
33500 6.354209
33600 6.4194355
33700 6.678496
33800 5.9814835
33900 5.8656297
34000 5.995522
34100 6.1736355
34200 6.0403113
34300 6.074319
34400 5.753671
34500 6.0117326
34600 6.4707685
34700 6.2069073
34800 6.1997814
34900 6.368597
35000 6.047054
35100 5.8883348
35200 6.118697
35300 5.9989457
35400 6.209264
35500 5.8186436
35600 6.0513167
35700 5.652755
35800 6.427688
35900 5.6939163
36000 6.0248294
36100 6.0442123
36200 6.1478786
36300 6.1122713
36400 6.591195
36500 6.0767465
36600 6.7852626
36700 5.818466
36800 5.6395316
36900 6.1487217
37000 6.0764728
37100 6.115123
37200 5.6144114
37300 6.351124
37400 5.96113
37500 6.274502
37600 6.1552167
37700 6.033176
37800 5.786647
37900 5.9429207
38000 6.070812
38100 6.1948433
38200 6.2508473
38300 6.109286
38400 6.0159955
38500 6.3940315
38600 6.370163
38700 6.3100758
38800 6.3169303
38900 6.597145
39000 5.895437
39100 5.5680246
39200 6.1650796
39300 6.2570086
39400 6.2026153
39500 5.85966
39600 6.2726393
39700 5.9046135
39800 6.086097
39900 6.383553
40000 6.002327
40100 6.0433607
40200 6.1054807
