0 0.1875
100 0.375
200 0.4375
300 0.375
400 0.25
500 0.375
600 0.46875
700 0.34375
800 0.5625
900 0.34375
1000 0.5
1100 0.65625
1200 0.4375
1300 0.3125
1400 0.4375
1500 0.53125
1600 0.5625
1700 0.5
1800 0.6875
1900 0.59375
2000 0.5
2100 0.5
2200 0.53125
2300 0.5
2400 0.65625
2500 0.5
2600 0.53125
2700 0.625
2800 0.53125
2900 0.65625
3000 0.5
3100 0.59375
3200 0.625
3300 0.5
3400 0.78125
3500 0.46875
3600 0.625
3700 0.59375
3800 0.5625
3900 0.46875
4000 0.5625
4100 0.59375
4200 0.53125
4300 0.65625
4400 0.375
4500 0.65625
4600 0.625
4700 0.75
4800 0.65625
4900 0.53125
5000 0.5625
5100 0.5625
5200 0.65625
5300 0.59375
5400 0.65625
5500 0.59375
5600 0.65625
5700 0.625
5800 0.46875
5900 0.6875
6000 0.71875
6100 0.59375
6200 0.625
6300 0.4375
6400 0.75
6500 0.5
6600 0.71875
6700 0.5625
6800 0.84375
6900 0.71875
7000 0.53125
7100 0.75
7200 0.625
7300 0.625
7400 0.6875
7500 0.65625
7600 0.625
7700 0.59375
7800 0.59375
7900 0.5
8000 0.5625
8100 0.6875
8200 0.625
8300 0.5625
8400 0.6875
8500 0.5625
8600 0.6875
8700 0.625
8800 0.71875
8900 0.5625
9000 0.625
9100 0.65625
9200 0.625
9300 0.78125
9400 0.65625
9500 0.59375
9600 0.625
9700 0.5625
9800 0.625
9900 0.90625
10000 0.71875
10100 0.71875
10200 0.75
10300 0.59375
10400 0.8125
10500 0.5625
10600 0.53125
10700 0.5
10800 0.90625
10900 0.75
11000 0.875
11100 0.71875
11200 0.59375
11300 0.78125
11400 0.71875
11500 0.78125
11600 0.625
11700 0.65625
11800 0.6875
11900 0.6875
12000 0.5625
12100 0.5625
12200 0.65625
12300 0.75
12400 0.78125
12500 0.78125
12600 0.625
12700 0.6875
12800 0.75
12900 0.59375
13000 0.78125
13100 0.59375
13200 0.75
13300 0.65625
13400 0.8125
13500 0.6875
13600 0.8125
13700 0.71875
13800 0.53125
13900 0.625
14000 0.625
14100 0.65625
14200 0.6875
14300 0.5625
14400 0.65625
14500 0.625
14600 0.6875
14700 0.625
14800 0.6875
14900 0.8125
15000 0.625
15100 0.625
15200 0.8125
15300 0.75
15400 0.65625
15500 0.625
15600 0.6875
15700 0.59375
15800 0.75
15900 0.75
16000 0.75
16100 0.75
16200 0.75
16300 0.84375
16400 0.625
16500 0.625
16600 0.75
16700 0.75
16800 0.8125
16900 0.78125
17000 0.84375
17100 0.75
17200 0.84375
17300 0.8125
17400 0.65625
17500 0.8125
17600 0.875
17700 0.75
17800 0.78125
17900 0.6875
18000 0.6875
18100 0.625
18200 0.6875
18300 0.71875
18400 0.625
18500 0.875
18600 0.65625
18700 0.71875
18800 0.84375
18900 0.6875
19000 0.6875
19100 0.78125
19200 0.75
19300 0.8125
19400 0.84375
19500 0.75
19600 0.84375
19700 0.78125
19800 0.71875
19900 0.78125
20000 0.6875
20100 0.75
20200 0.90625
20300 0.8125
20400 0.8125
20500 0.9375
20600 0.71875
20700 0.75
20800 0.6875
20900 0.875
21000 0.6875
21100 0.8125
21200 0.84375
21300 0.8125
21400 0.75
21500 0.84375
21600 0.71875
21700 0.6875
21800 0.6875
21900 0.71875
22000 0.75
22100 0.78125
22200 0.71875
22300 0.625
22400 0.78125
22500 0.8125
22600 0.75
22700 0.75
22800 0.84375
22900 0.71875
23000 0.75
23100 0.6875
23200 0.75
23300 0.6875
23400 0.78125
23500 0.78125
23600 0.875
23700 0.90625
23800 0.78125
23900 0.71875
24000 0.75
24100 0.90625
24200 0.65625
24300 0.75
24400 0.90625
24500 0.8125
24600 0.78125
24700 0.8125
24800 0.78125
24900 0.75
25000 0.90625
25100 0.84375
25200 0.71875
25300 0.8125
25400 0.75
25500 0.84375
25600 0.78125
25700 0.5625
25800 0.8125
25900 0.8125
26000 0.90625
26100 0.84375
26200 0.875
26300 0.78125
26400 0.8125
26500 0.71875
26600 0.875
26700 0.75
26800 0.9375
26900 0.71875
27000 0.84375
27100 0.75
27200 0.84375
27300 0.8125
27400 0.78125
27500 0.78125
27600 0.71875
27700 0.875
27800 0.8125
27900 0.84375
28000 0.71875
28100 0.78125
28200 0.84375
