0 3.2178965
100 2.6657448
200 2.5788264
300 2.5691285
400 2.8752425
500 2.5639832
600 2.0872781
700 2.2972045
800 1.8625844
900 2.4663737
1000 2.0132039
1100 1.6949538
1200 2.1399217
1300 2.6318207
1400 2.1658876
1500 1.6836709
1600 1.806998
1700 1.7682524
1800 1.525306
1900 1.7947303
2000 1.7947965
2100 2.4725566
2200 2.258779
2300 2.2659647
2400 1.4772476
2500 1.8409258
2600 1.8228056
2700 1.8170286
2800 2.124445
2900 1.7325622
3000 2.1443608
3100 1.7806402
3200 1.7929009
3300 1.8507735
3400 1.2722881
3500 2.4687068
3600 1.6375837
3700 1.9105471
3800 1.9342153
3900 2.2032444
4000 1.5256552
4100 1.8562459
4200 1.7979273
4300 1.482995
4400 2.360456
4500 1.4958836
4600 1.6382571
4700 1.6550152
4800 1.6493022
4900 1.7474111
5000 1.625745
5100 1.7026104
5200 1.5164993
5300 1.5816008
5400 1.2790879
5500 1.8287504
5600 1.6458645
5700 1.7128175
5800 1.9228913
5900 1.3406512
6000 1.4370886
6100 1.6338388
6200 1.5503033
6300 2.5704858
6400 1.2484655
6500 1.8486257
6600 1.6191891
6700 1.9162602
6800 1.0701127
6900 1.4013056
7000 1.8275329
7100 1.3909414
7200 1.7037698
7300 1.4334373
7400 1.5198741
7500 1.371566
7600 1.6707432
7700 1.5913281
7800 1.7606066
7900 1.571042
8000 1.4458884
8100 1.526702
8200 1.8175154
8300 1.912448
8400 1.407558
8500 1.7625549
8600 1.5307605
8700 1.2538347
8800 1.3695679
8900 1.3362806
9000 1.6598389
9100 1.0317917
9200 1.8375053
9300 1.3017888
9400 1.6684995
9500 1.5664072
9600 1.9986544
9700 1.5738237
9800 1.5040932
9900 0.7912841
10000 0.9875613
10100 1.4125481
10200 1.3837965
10300 1.4891016
10400 1.0376476
10500 1.369235
10600 1.8590332
10700 2.3961203
10800 0.9637259
10900 1.2327758
11000 0.9126554
11100 1.0694882
11200 1.7675059
11300 1.0091144
11400 1.2250093
11500 1.1509032
11600 1.143734
11700 1.337343
11800 1.4904578
11900 1.341209
12000 1.8651243
12100 1.8592855
12200 1.5337939
12300 1.1045706
12400 1.1608816
12500 1.3311877
12600 1.450434
12700 1.604542
12800 1.1189874
12900 1.4381922
13000 1.0446086
13100 1.7460498
13200 1.4991642
13300 1.130707
13400 1.0121621
13500 1.24101
13600 1.2723863
13700 1.194669
13800 1.6165097
13900 1.5474882
14000 1.4151831
14100 1.2867516
14200 1.2074363
14300 1.4500136
14400 1.666876
14500 1.6672481
14600 1.3180764
14700 1.7597932
14800 1.4355967
14900 1.1825614
15000 1.5293517
15100 1.4743106
15200 0.9478353
15300 0.96943104
15400 1.4889354
15500 1.3463966
15600 1.0550349
15700 1.7745873
15800 1.150318
15900 1.024556
16000 1.2914503
16100 1.3224702
16200 1.3231983
16300 1.03394
16400 1.2753345
16500 1.4975561
16600 1.1333162
16700 0.97432405
16800 0.95357996
16900 1.3528498
17000 0.9639079
17100 1.0001378
17200 0.9036956
17300 0.8363013
17400 1.3431946
17500 1.045601
17600 0.88983685
17700 1.1395403
17800 0.9324911
17900 1.0302696
18000 1.2122633
18100 1.5708609
18200 1.1959642
18300 1.2833525
18400 1.2303035
18500 0.7715443
18600 1.2794431
18700 1.2749242
18800 1.0932661
18900 1.0915673
19000 1.1307188
19100 1.1903752
19200 1.0631669
19300 1.0841323
19400 0.90401536
19500 1.4273021
19600 0.87558657
19700 0.8970006
19800 1.295076
19900 1.3370506
20000 1.1132833
20100 1.1944032
20200 0.68753046
20300 0.9957154
20400 1.0912803
20500 0.7508714
20600 1.0786396
20700 0.9874358
20800 1.2151719
20900 0.85035324
21000 1.1447607
21100 0.98102087
21200 0.79979575
21300 0.8058757
21400 1.2801914
21500 0.86372316
21600 1.076627
21700 1.1989505
21800 1.0343089
21900 1.2099143
22000 1.0840971
22100 0.96466273
22200 1.0730271
22300 1.3857939
22400 1.477029
22500 0.86218756
22600 1.1393994
22700 1.1644746
22800 0.93919533
22900 1.0655246
23000 1.0480193
23100 1.1625109
23200 0.9710484
23300 1.2694641
23400 0.94606626
23500 1.0031356
23600 0.8515399
23700 0.71177757
23800 1.007442
23900 1.1439964
24000 1.4112253
24100 0.743944
24200 1.3691597
24300 0.9914241
24400 0.8629788
24500 1.0708268
24600 0.9235527
24700 1.0332925
24800 1.0674156
24900 1.193758
25000 0.77056235
25100 1.0401807
25200 1.1955388
25300 0.96139765
25400 1.0228543
25500 0.81618583
25600 0.95971185
25700 1.6563835
25800 0.90716636
25900 0.9941142
26000 0.54259294
26100 0.92228585
26200 0.7443663
26300 0.92019886
26400 0.9051159
26500 1.3366599
26600 0.67210555
26700 1.3354166
26800 0.59869933
26900 1.3139714
27000 0.9873919
27100 1.2685689
27200 0.84947294
27300 0.6172932
27400 1.0390627
27500 0.9775443
27600 1.0034692
27700 0.8175503
27800 1.0209377
27900 0.9275771
28000 1.2076756
28100 1.0053504
28200 0.57229507
