0 2.230476
100 1.8477535
200 1.7875062
300 1.7807842
400 1.9929662
500 1.7772177
600 1.4467909
700 1.5923008
800 1.2910451
900 1.7095599
1000 1.3954465
1100 1.1748525
1200 1.4832807
1300 1.824239
1400 1.5012789
1500 1.1670318
1600 1.2525156
1700 1.2256591
1800 1.0572616
1900 1.2440122
2000 1.2440581
2100 1.7138456
2200 1.5656663
2300 1.570647
2400 1.02395
2500 1.2760326
2600 1.2634726
2700 1.2594683
2800 1.472553
2900 1.2009206
3000 1.4863576
3100 1.2342458
3200 1.2427442
3300 1.2828584
3400 0.8818829
3500 1.7111772
3600 1.1350865
3700 1.3242904
3800 1.3406959
3900 1.5271727
4000 1.0575036
4100 1.2866516
4200 1.2462282
4300 1.0279338
4400 1.6361434
4500 1.0368675
4600 1.1355534
4700 1.1471691
4800 1.1432092
4900 1.2112131
5000 1.1268806
5100 1.1801596
5200 1.0511572
5300 1.0962821
5400 0.8865962
5500 1.2675931
5600 1.1408263
5700 1.1872346
5800 1.3328466
5900 0.9292686
6000 0.9961139
6100 1.1324908
6200 1.0745884
6300 1.781725
6400 0.86537033
6500 1.2813697
6600 1.1223364
6700 1.3282504
6800 0.7417456
6900 0.971311
7000 1.2667493
7100 0.96412706
7200 1.1809633
7300 0.993583
7400 1.0534965
7500 0.9506972
7600 1.1580709
7700 1.1030246
7800 1.2203596
7900 1.0889633
8000 1.0022135
8100 1.0582292
8200 1.2598057
8300 1.325608
8400 0.9756448
8500 1.22171
8600 1.0610423
8700 0.869092
8800 0.9493121
8900 0.92623913
9000 1.1505127
9100 0.7151835
9200 1.2736616
9300 0.90233123
9400 1.1565157
9500 1.0857507
9600 1.3853617
9700 1.0908915
9800 1.042558
9900 0.54847634
10000 0.6845253
10100 0.9791037
10200 0.9591746
10300 1.0321666
10400 0.7192425
10500 0.9490814
10600 1.2885836
10700 1.6608641
10800 0.6680039
10900 0.85449505
11000 0.63260454
11100 0.74131274
11200 1.2251418
11300 0.6994648
11400 0.8491118
11500 0.79774535
11600 0.792776
11700 0.9269755
11800 1.0331066
11900 0.92965525
12000 1.2928057
12100 1.2887585
12200 1.0631449
12300 0.76563
12400 0.80466187
12500 0.922709
12600 1.0053642
12700 1.1121838
12800 0.77562296
12900 0.9968789
13000 0.7240675
13100 1.2102695
13200 1.0391414
13300 0.78374636
13400 0.7015773
13500 0.86020255
13600 0.881951
13700 0.8280815
13800 1.1204791
13900 1.0726371
14000 0.98093015
14100 0.8919083
14200 0.83693105
14300 1.0050728
14400 1.1553904
14500 1.1556484
14600 0.91362095
14700 1.2197957
14800 0.9950798
14900 0.8196891
15000 1.0600659
15100 1.0219142
15200 0.6569894
15300 0.6719584
15400 1.0320513
15500 0.933251
15600 0.73129445
15700 1.2300502
15800 0.7973397
15900 0.7101681
16000 0.8951651
16100 0.9166665
16200 0.9171712
16300 0.7166726
16400 0.88399446
16500 1.0380268
16600 0.7855549
16700 0.67534995
16800 0.6609713
16900 0.93772405
17000 0.66813004
17100 0.6932427
17200 0.62639403
17300 0.5796799
17400 0.9310316
17500 0.7247554
17600 0.6167879
17700 0.7898692
17800 0.6463536
17900 0.7141285
18000 0.84027696
18100 1.0888377
18200 0.8289792
18300 0.8895522
18400 0.8527814
18500 0.53479373
18600 0.88684237
18700 0.8837101
18800 0.7577943
18900 0.7566168
19000 0.7837546
19100 0.8251052
19200 0.7369311
19300 0.75146323
19400 0.6266157
19500 0.9893304
19600 0.60691035
19700 0.62175345
19800 0.8976783
19900 0.92677283
20000 0.77166915
20100 0.8278972
20200 0.47655982
20300 0.6901773
20400 0.7564179
20500 0.5204644
20600 0.747656
20700 0.68443835
20800 0.842293
20900 0.58941996
21000 0.79348767
21100 0.67999184
21200 0.5543762
21300 0.5585905
21400 0.88736105
21500 0.5986873
21600 0.746261
21700 0.8310492
21800 0.7169283
21900 0.8386487
22000 0.7514389
22100 0.66865325
22200 0.7437657
22300 0.9605592
22400 1.0237985
22500 0.5976229
22600 0.7897715
22700 0.8071523
22800 0.6510006
22900 0.7385654
23000 0.7264316
23100 0.80579114
23200 0.6730795
23300 0.8799255
23400 0.65576315
23500 0.6953206
23600 0.5902425
23700 0.4933666
23800 0.6983056
23900 0.79295784
24000 0.97818685
24100 0.51566267
24200 0.9490292
24300 0.6872028
24400 0.59817135
24500 0.74224055
24600 0.64015794
24700 0.7162238
24800 0.73987615
24900 0.82745004
25000 0.5341131
25100 0.72099835
25200 0.82868433
25300 0.66639006
25400 0.7089886
25500 0.5657369
25600 0.6652216
25700 1.1481175
25800 0.6287998
25900 0.6890675
26000 0.37609679
26100 0.63927984
26200 0.5159554
26300 0.63783324
26400 0.6273785
26500 0.92650205
26600 0.46586806
26700 0.9256402
26800 0.41498676
26900 0.91077554
27000 0.6844079
27100 0.87930495
27200 0.5888098
27300 0.42787504
27400 0.7202234
27500 0.6775821
27600 0.6955519
27700 0.5666827
27800 0.7076601
27900 0.64294744
28000 0.8370969
28100 0.6968558
28200 0.3966847
