0 9.555299
100 5.2038617
200 5.364009
300 4.931028
400 4.96172
500 5.457379
600 4.602532
700 4.6914625
800 4.702218
900 5.132146
1000 4.6860127
1100 4.2231307
1200 4.5305476
1300 4.519252
1400 4.3820467
1500 4.1195574
1600 4.5321245
1700 4.484586
1800 4.1802597
1900 4.2653904
2000 4.2963996
2100 5.044613
2200 4.823262
2300 5.0052533
2400 4.1852627
2500 4.8818493
2600 4.0345325
2700 4.8798532
2800 4.875395
2900 4.454
3000 4.4950504
3100 4.2417946
3200 4.719963
3300 4.1896505
3400 4.014286
3500 4.178895
3600 4.473922
3700 3.9228249
3800 3.6513264
3900 4.181067
4000 4.2438793
4100 4.599286
4200 4.16233
4300 3.7584734
4400 4.4003477
4500 3.8849182
4600 4.3355613
4700 4.5166616
4800 4.74082
4900 4.339976
5000 4.0981483
5100 4.697503
5200 3.4481683
5300 4.1867976
5400 3.436802
5500 4.1161346
5600 4.3258743
5700 4.6608076
5800 4.2326765
5900 3.6461363
6000 3.4819064
6100 3.7840605
6200 3.4988892
6300 4.5550303
6400 4.033586
6500 4.282151
6600 4.028402
6700 4.031958
6800 3.84858
6900 3.9900246
7000 4.4037614
7100 4.220873
7200 3.9160123
7300 3.8325667
7400 3.5381794
7500 3.9090521
7600 3.8067255
7700 3.6741545
7800 4.222061
7900 4.1624556
8000 3.7733407
8100 4.253628
8200 4.245261
8300 3.8817375
8400 3.304367
8500 3.4852211
8600 3.9692466
8700 3.1084876
8800 3.6863658
8900 3.5074167
9000 3.2580066
9100 3.0116425
9200 4.5588436
9300 3.7350755
9400 4.1087894
9500 3.4004307
9600 3.5949507
9700 3.9315572
9800 3.513942
9900 3.058374
10000 3.4219978
10100 3.2047687
10200 3.9183357
10300 3.9552464
10400 3.1464224
10500 3.671248
10600 3.9740167
10700 4.059702
10800 3.1197295
10900 3.338663
11000 3.1230211
11100 3.1718256
11200 3.7938814
11300 3.1791332
11400 3.384819
11500 3.3071332
11600 3.2066498
11700 3.7785301
11800 3.5662653
11900 3.2864785
12000 3.8477027
12100 3.6164508
12200 3.38793
12300 2.774411
12400 3.436461
12500 3.3080544
12600 3.3246355
12700 3.5635772
12800 3.5025022
12900 3.3745844
13000 3.1225648
13100 3.7256796
13200 3.486585
13300 3.1369534
13400 3.0809445
13500 3.6312218
13600 3.3916059
13700 3.3629923
13800 3.6464148
13900 3.441947
14000 3.6530123
14100 3.370925
14200 3.3783777
14300 3.8364186
14400 3.885724
14500 3.6899252
14600 2.9487767
14700 4.016194
14800 3.2941976
14900 3.5017195
15000 3.8631082
15100 3.4988565
15200 3.045991
15300 3.3249893
15400 3.8348353
15500 3.7192235
15600 3.031311
15700 3.82099
15800 3.4968882
15900 3.2869775
16000 2.9927464
16100 3.5634308
16200 3.3353915
16300 3.3853636
16400 3.9926686
16500 3.8893454
16600 3.310224
16700 2.8757339
16800 3.0933015
16900 3.3631358
17000 3.7154102
17100 3.4065905
17200 2.9323888
17300 3.0461838
17400 3.4525566
17500 3.2692876
17600 3.450137
17700 3.186861
17800 2.8553696
17900 3.3266225
18000 2.831849
18100 3.7022858
18200 3.2035189
18300 3.3272629
18400 3.0816607
18500 2.86059
18600 3.8119516
18700 3.6779702
18800 3.2691514
18900 3.3467422
19000 3.3494518
19100 2.9427912
19200 2.7470663
19300 3.2679915
19400 2.7739964
19500 4.0541897
19600 2.902473
19700 3.2372108
19800 3.2262404
19900 3.0749733
20000 3.2391968
20100 3.2240648
20200 2.8897748
20300 3.0110502
20400 3.1000714
20500 3.111946
20600 3.216536
20700 3.2684317
20800 3.103836
20900 2.715431
21000 3.045003
21100 3.5285845
21200 2.887658
21300 2.965075
21400 3.5885265
21500 2.930059
21600 2.9832377
21700 3.2776756
21800 3.0277698
21900 2.9275253
22000 3.3663383
22100 2.6461945
22200 3.231093
22300 3.2545607
22400 2.9399385
22500 3.0988054
22600 3.2324991
22700 3.1271641
22800 3.017465
22900 3.3443005
23000 2.949756
23100 3.1217375
23200 2.3521128
23300 3.3051436
23400 3.0814056
23500 3.1171932
23600 3.276755
23700 2.329294
23800 3.0285463
23900 3.5019553
24000 3.5608134
24100 2.8378148
24200 3.0609918
24300 3.2554374
24400 3.5272472
24500 3.2505283
24600 3.2548525
24700 2.887654
24800 3.276015
24900 2.9478626
25000 3.0536022
25100 3.36731
25200 3.1037292
25300 2.9298615
25400 3.2015624
25500 3.2036927
25600 2.936067
25700 3.462684
25800 2.8337507
25900 3.3514314
26000 2.3239317
26100 2.9757934
26200 2.601477
26300 2.6972654
26400 3.1566868
26500 3.672935
26600 2.6086783
26700 3.5586908
26800 2.5760508
26900 3.2698162
27000 3.2156384
27100 3.848227
27200 3.227439
27300 2.55608
27400 3.6277359
27500 3.2515893
27600 3.3174644
27700 2.8703268
27800 3.2244897
27900 3.57686
28000 3.1030068
28100 3.0316477
28200 2.4019005
