0 6.17056
100 0.9439667
200 0.592714
300 0.57788163
400 0.18949156
500 0.8568361
600 0.08263755
700 0.21259515
800 0.20295797
900 0.081107214
1000 0.45128754
1100 0.40413862
1200 0.32367477
1300 0.08592185
1400 0.34059557
1500 0.42685553
1600 0.08420904
1700 0.4833628
1800 0.11035455
1900 0.124684565
2000 0.04249906
2100 0.050903015
2200 0.15393732
2300 0.18491197
2400 0.3065168
2500 0.18373892
2600 0.03183283
2700 0.22006784
2800 0.25001663
2900 0.034148045
3000 0.0804721
3100 0.026133312
3200 0.15283737
3300 0.01713448
3400 0.12720706
3500 0.018820459
3600 0.017382255
3700 0.010072119
3800 0.07528402
3900 0.060253397
4000 0.022186855
4100 0.015676767
4200 0.06628319
4300 0.09576735
4400 0.05872055
4500 0.038612194
4600 0.1044522
4700 0.0061436947
4800 0.13034429
4900 0.016266482
5000 0.038819615
5100 0.29809317
5200 0.035503913
5300 0.037353907
5400 0.007959403
5500 0.032979906
5600 0.0019202948
5700 0.019687315
5800 0.014638347
5900 0.07005387
6000 0.018738423
6100 0.0017098342
6200 0.0034904284
6300 0.031877875
6400 0.0046407175
6500 0.03193599
6600 0.0041784653
6700 0.008447813
6800 0.020708973
6900 0.035318807
7000 0.0020042388
7100 0.016959144
7200 0.0044178003
7300 0.024697112
7400 0.13732131
7500 0.0069725965
7600 0.26720086
7700 0.009756143
7800 0.011450865
7900 0.03082222
8000 0.001668186
8100 0.019655414
8200 0.007454074
8300 0.014095773
8400 0.0016451757
8500 0.0011062359
8600 0.01568614
8700 0.030322533
8800 0.007847218
8900 0.002895014
9000 0.0008727231
9100 0.009709313
9200 0.0034165878
9300 0.019257369
9400 0.026851343
9500 0.0013523377
9600 0.014044705
9700 0.003425693
9800 0.027238216
9900 0.009671251
10000 0.0018214977
10100 0.022334993
10200 0.017922444
10300 0.006785573
10400 0.0010061257
10500 0.010529048
10600 0.0004376402
10700 0.0015044746
10800 0.0044911266
10900 0.0002873388
11000 0.0012037244
11100 0.006730736
11200 0.0024860678
11300 0.012068849
11400 0.02068857
11500 0.0030167578
11600 0.028750151
11700 0.001937076
11800 0.002368263
11900 0.017733427
12000 0.0018970674
12100 0.00085717504
12200 0.0027218119
12300 0.014021236
12400 0.008090125
12500 0.0006781018
12600 0.0010291492
12700 0.008384297
12800 0.0021334728
12900 0.0017609484
13000 0.0064429175
13100 0.0033393467
13200 0.008797487
13300 0.001567435
13400 0.0008536189
13500 0.004738842
13600 0.005784568
13700 0.0021839964
13800 0.0050766966
13900 0.003188808
14000 0.0053421515
14100 0.003041708
14200 0.0025669327
14300 0.008614752
14400 0.0057361964
14500 0.0010667612
14600 0.0048637483
14700 0.0012105465
14800 0.0018174838
14900 0.0040857624
15000 0.0027938925
15100 0.0067559495
15200 0.0023498689
15300 0.004167093
15400 0.0020369024
15500 0.0047672354
15600 0.0002874169
15700 0.0022038263
15800 0.0031205043
15900 0.00074951997
16000 0.0018246049
16100 0.002577164
16200 0.002844059
16300 0.0014034719
16400 0.0017873695
16500 0.0014242335
16600 0.0019717412
16700 0.0019205245
16800 0.000307526
16900 0.0031059526
17000 0.0035048253
17100 0.0046405056
17200 0.0047228327
17300 0.0021893461
17400 0.0010441442
17500 0.0038669023
17600 0.0015991476
17700 0.0025138468
17800 0.0040976782
17900 0.01321037
18000 0.004846887
18100 0.0015109313
18200 0.006816891
18300 0.0005095635
18400 0.0066031283
18500 0.0028736629
18600 0.0073719537
18700 0.0010248658
18800 0.00074083154
18900 0.011749914
19000 0.0020531125
19100 0.0027902771
19200 0.0009495552
19300 0.0027067598
19400 0.0016106236
19500 0.0023089752
19600 0.0004321895
19700 0.0018552704
19800 0.0010405886
19900 0.00022098313
20000 0.002418572
20100 0.002134766
20200 0.002331266
20300 0.00065772264
20400 0.0018248494
20500 0.0026620496
