0 4.2771063
100 0.65430784
200 0.41083804
300 0.400557
400 0.13134554
500 0.5939135
600 0.05727998
700 0.14735973
800 0.14067975
900 0.056219235
1000 0.3128087
1100 0.28012756
1200 0.22435425
1300 0.059556488
1400 0.23608287
1500 0.2958737
1600 0.05836926
1700 0.33504155
1800 0.076491944
1900 0.08642475
2000 0.029458106
2100 0.035283282
2200 0.106701225
2300 0.1281712
2400 0.21246125
2500 0.12735811
2600 0.022064837
2700 0.1525394
2800 0.17329833
2900 0.023669621
3000 0.055779006
3100 0.018114232
3200 0.105938785
3300 0.011876717
3400 0.08817321
3500 0.013045348
3600 0.012048461
3700 0.0069814604
3800 0.052182905
3900 0.04176447
4000 0.015378756
4100 0.010866307
4200 0.045944005
4300 0.066380866
4400 0.040701985
4500 0.026763935
4600 0.07240075
4700 0.0042584846
4800 0.090347774
4900 0.011275066
5000 0.026907707
5100 0.20662244
5200 0.024609437
5300 0.025891755
5400 0.0055170376
5500 0.02285993
5600 0.0013310469
5700 0.013646207
5800 0.0101465285
5900 0.04855764
6000 0.012988485
6100 0.0011851668
6200 0.0024193807
6300 0.02209606
6400 0.0032167004
6500 0.022136342
6600 0.0028962914
6700 0.0058555775
6800 0.014354366
6900 0.024481133
7000 0.0013892325
7100 0.011755183
7200 0.0030621858
7300 0.017118733
7400 0.09518388
7500 0.0048330356
7600 0.18520951
7700 0.006762443
7800 0.007937135
7900 0.021364335
8000 0.0011562984
8100 0.013624095
8200 0.0051667704
8300 0.0097704455
8400 0.001140349
8500 0.0007667843
8600 0.010872804
8700 0.021017978
8800 0.005439277
8900 0.0020066707
9000 0.00060492556
9100 0.006729983
9200 0.0023681982
9300 0.013348191
9400 0.018611932
9500 0.000937369
9600 0.009735048
9700 0.0023745093
9800 0.018880093
9900 0.0067036008
10000 0.001262566
10100 0.015481438
10200 0.012422892
10300 0.0047034007
10400 0.0006973932
10500 0.00729818
10600 0.00030334908
10700 0.0010428223
10800 0.0031130118
10900 0.00019916808
11000 0.00083435816
11100 0.0046653906
11200 0.0017232109
11300 0.008365489
11400 0.014340223
11500 0.0020910571
11600 0.019928087
11700 0.0013426788
11800 0.0016415549
11900 0.012291875
12000 0.0013149469
12100 0.00059414847
12200 0.0018866162
12300 0.00971878
12400 0.0056076474
12500 0.00047002433
12600 0.0007133518
12700 0.0058115516
12800 0.0014788107
12900 0.0012205965
13000 0.00446589
13100 0.0023146588
13200 0.0060979538
13300 0.0010864631
13400 0.00059168355
13500 0.003284715
13600 0.004009557
13700 0.001513831
13800 0.0035188978
13900 0.0022103132
14000 0.003702897
14100 0.0021083513
14200 0.0017792621
14300 0.0059712916
14400 0.0039760284
14500 0.0007394225
14600 0.0033712934
14700 0.0008390869
14800 0.0012597837
14900 0.0028320346
15000 0.0019365788
15100 0.0046828673
15200 0.001628805
15300 0.0028884087
15400 0.0014118731
15500 0.0033043958
15600 0.00019922221
15700 0.001527576
15800 0.0021629687
15900 0.00051952765
16000 0.0012647198
16100 0.001786354
16200 0.0019713514
16300 0.0009728126
16400 0.0012389101
16500 0.0009872034
16600 0.0013667068
16700 0.0013312062
16800 0.00021316078
16900 0.0021528823
17000 0.0024293598
17100 0.0032165535
17200 0.0032736182
17300 0.0015175391
17400 0.00072374556
17500 0.0026803324
17600 0.0011084446
17700 0.0017424659
17800 0.002840294
17900 0.009156731
18000 0.0033596063
18100 0.0010472977
18200 0.004725109
18300 0.0003532025
18400 0.0045769396
18500 0.0019918713
18600 0.005109849
18700 0.0007103828
18800 0.0005135053
18900 0.00814442
19000 0.0014231091
19100 0.0019340727
19200 0.0006581815
19300 0.001876183
19400 0.0011163992
19500 0.0016004597
19600 0.00029957094
19700 0.0012859754
19800 0.00072128105
19900 0.00015317384
20000 0.0016764265
20100 0.001479707
20200 0.0016159104
20300 0.00045589858
20400 0.0012648893
20500 0.0018451922
