0 4.5929804
100 2.168706
200 1.4151914
300 1.495487
400 1.3413631
500 1.313374
600 1.1774157
700 1.30179
800 1.3439317
900 1.2093457
1000 1.2065551
1100 1.236213
1200 1.4640241
1300 1.1889942
1400 1.2135417
1500 1.0815394
1600 1.1234337
1700 1.3718377
1800 1.2027946
1900 1.2189094
2000 1.135416
2100 1.1735404
2200 1.0764549
2300 1.1937596
2400 1.2769703
2500 1.1756973
2600 1.0987968
2700 1.1634765
2800 1.1675785
2900 1.1052636
3000 1.1650859
3100 1.0937188
3200 1.1415793
3300 1.0430408
3400 1.038285
3500 1.0662112
3600 1.0583339
3700 1.0346986
3800 1.1607113
3900 1.1103776
4000 1.0723433
4100 1.054089
4200 1.188327
4300 1.120451
4400 1.078801
4500 1.0816817
4600 1.1924396
4700 1.0238266
4800 1.1462251
4900 1.0578492
5000 1.0954864
5100 1.1105258
5200 1.1025429
5300 1.1120281
5400 1.020539
5500 1.0921097
5600 1.0088251
5700 1.0654371
5800 1.04848
5900 1.0597677
6000 1.041813
6100 1.0085884
6200 1.0144832
6300 1.0438416
6400 1.0195656
6500 1.0927571
6600 1.0166466
6700 1.0243189
6800 1.0509753
6900 1.0585718
7000 1.0077662
7100 1.0530906
7200 1.0191231
7300 1.062234
7400 1.1520534
7500 1.0263774
7600 1.0419731
7700 1.032258
7800 1.0425549
7900 1.073461
8000 1.0072923
8100 1.0440121
8200 1.0274892
8300 1.0454606
8400 1.0072713
8500 1.0052736
8600 1.0448102
8700 1.0577424
8800 1.0304735
8900 1.0125406
9000 1.0046729
9100 1.0368536
9200 1.0127026
9300 1.0416871
9400 1.0769233
9500 1.0069407
9600 1.0371952
9700 1.0154693
9800 1.0526953
9900 1.029017
10000 1.0075068
10100 1.0591581
10200 1.03378
10300 1.0193309
10400 1.0049461
10500 1.0316174
10600 1.0023782
10700 1.006156
10800 1.0182537
10900 1.001806
11000 1.0061097
11100 1.0239806
11200 1.0089644
11300 1.0412967
11400 1.0619445
11500 1.0124015
11600 1.0579575
11700 1.0094092
11800 1.0089777
11900 1.0486296
12000 1.0096289
12100 1.0037203
12200 1.0119962
12300 1.0359422
12400 1.0205069
12500 1.0033844
12600 1.0047698
12700 1.0215871
12800 1.0084914
12900 1.0070486
13000 1.0201302
13100 1.0126301
13200 1.0316014
13300 1.0069332
13400 1.0042696
13500 1.0172672
13600 1.0214097
13700 1.0078175
13800 1.0193224
13900 1.013252
14000 1.0167445
14100 1.0134807
14200 1.0117048
14300 1.0299164
14400 1.0220189
14500 1.00509
14600 1.0159339
14700 1.0059459
14800 1.0070071
14900 1.0134948
15000 1.0117145
15100 1.0231245
15200 1.010022
15300 1.0162396
15400 1.0088866
15500 1.0167277
15600 1.0016226
15700 1.0082921
15800 1.0123796
15900 1.0037757
16000 1.0084367
16100 1.0098628
16200 1.011609
16300 1.005832
16400 1.0078605
16500 1.0063295
16600 1.0090699
16700 1.0091798
16800 1.0018002
16900 1.0130459
17000 1.0111067
17100 1.0154581
17200 1.0194967
17300 1.0093716
17400 1.0045341
17500 1.0140094
17600 1.0068216
17700 1.0095817
17800 1.0146056
17900 1.035737
18000 1.0167583
18100 1.0068278
18200 1.0242554
18300 1.0025649
18400 1.0210742
18500 1.0113437
18600 1.0187212
18700 1.0047024
18800 1.0034759
18900 1.0322537
19000 1.0075192
19100 1.0113392
19200 1.0048249
19300 1.0109233
19400 1.0075896
19500 1.0087936
19600 1.0022514
19700 1.0078084
19800 1.0052171
19900 1.0012498
20000 1.010822
20100 1.0088162
20200 1.0102906
20300 1.0032227
20400 1.0080805
20500 1.0108325
