0 7.161074
100 0.28443015
200 0.6207512
300 0.18837589
400 0.55979896
500 0.043559726
600 0.19974735
700 0.4377801
800 0.2858586
900 0.20968793
1000 0.14031415
1100 0.44161734
1200 0.18452466
1300 0.1051971
1400 0.036335368
1500 0.10274923
1600 0.057821486
1700 0.023270685
1800 0.12125921
1900 0.23611492
2000 0.020093791
2100 0.07626143
2200 0.08312394
2300 0.02518555
2400 0.09680603
2500 0.22186184
2600 0.05646674
2700 0.037349124
2800 0.2835951
2900 0.18325661
3000 0.031047152
3100 0.2411404
3200 0.056320503
3300 0.024718147
3400 0.026079604
3500 0.09439962
3600 0.011005965
3700 0.0021302437
3800 0.0029512183
3900 0.1437155
4000 0.040749524
4100 0.08814411
4200 0.027111657
4300 0.008989561
4400 0.027946915
4500 0.012867573
4600 0.01570855
4700 0.009712568
4800 0.018433196
4900 0.017342282
5000 0.045925874
5100 0.042510334
5200 0.03969032
5300 0.09204819
5400 0.13417973
5500 0.077395216
5600 0.013472968
5700 0.011391803
5800 0.016241483
5900 0.00564286
6000 0.011823998
6100 0.019213213
6200 0.06496501
6300 0.029750988
6400 0.0035960753
6500 0.015085373
6600 0.1000781
6700 0.017039176
6800 0.04840096
6900 0.0046116263
7000 0.016510367
7100 0.023260353
7200 0.06188808
7300 0.009754019
7400 0.0072302017
7500 0.008699594
7600 0.0076344945
7700 0.006682132
7800 0.008195581
7900 0.030651718
8000 0.01890953
8100 0.006013368
8200 0.008359556
8300 0.119719066
8400 0.0035375468
8500 0.054895565
8600 0.05961557
8700 0.0128282225
8800 0.006979919
8900 0.016535852
9000 0.0007523532
9100 0.015738927
9200 0.0022119011
9300 0.0061816536
9400 0.027381342
9500 0.008772171
9600 0.004975002
9700 0.024313865
9800 0.013717995
9900 0.0005315421
10000 0.0054603685
10100 0.039627753
10200 0.00016027933
10300 0.007234261
10400 0.009277322
10500 0.008062648
10600 0.004613126
10700 0.0004290602
10800 0.00051677885
10900 0.012691442
11000 0.008933778
11100 0.0028031324
11200 0.007986849
11300 0.0017750828
11400 0.0021318172
11500 0.012467677
11600 0.0002628811
11700 0.00371616
11800 0.0008389359
11900 0.02840656
12000 0.0125511605
12100 0.012470602
12200 0.0036070836
12300 0.005137386
12400 0.0045445627
12500 0.010437266
12600 0.0076021412
12700 0.005474213
12800 0.00053090404
12900 0.004989149
13000 0.010014469
13100 0.01542295
13200 0.0053409245
13300 0.006514738
13400 0.0050648698
13500 0.030300675
13600 0.00026563698
13700 0.0017212217
13800 0.0011644699
13900 0.002826637
14000 0.00084099994
14100 0.012691133
14200 0.00300321
14300 0.0056845527
14400 0.0075809387
14500 0.003049065
14600 0.00069576234
14700 0.003926086
14800 0.0010666358
14900 0.0019299822
15000 0.0021421518
15100 0.006272902
15200 0.0020091727
15300 0.0031113855
15400 0.0018383669
15500 0.0062190876
15600 0.0009462961
15700 0.0008792896
15800 0.00125521
15900 0.0027353168
16000 0.002027434
16100 0.0031422237
16200 0.001137332
16300 0.00021232138
16400 0.0024942807
16500 0.0015130902
16600 0.0032873824
16700 0.0003682335
16800 0.002855123
16900 0.0069903415
17000 0.00015704276
17100 0.006212314
17200 0.00040168667
17300 0.00044129556
17400 0.001559995
17500 0.001134596
17600 0.0027569858
17700 0.0054215235
17800 0.0011048157
17900 0.001944933
18000 0.0019865697
18100 0.005408734
18200 0.0010335366
18300 0.0004885076
18400 0.0060902196
18500 0.0018179856
18600 0.008825545
18700 0.00067972817
18800 0.0016836594
18900 0.002465921
19000 0.006213819
19100 0.0009522005
19200 0.00017326986
19300 0.00585936
19400 0.0032216075
19500 0.0003850987
