0 4.9636784
100 0.19715196
200 0.43027195
300 0.13057221
400 0.38802308
500 0.0301933
600 0.13845432
700 0.30344605
800 0.19814208
900 0.1453446
1000 0.09725835
1100 0.30610582
1200 0.12790275
1300 0.072917074
1400 0.025185758
1500 0.07122034
1600 0.0400788
1700 0.01613001
1800 0.084050484
1900 0.16366239
2000 0.013927955
2100 0.052860398
2200 0.057617124
2300 0.017457293
2400 0.06710082
2500 0.1537829
2600 0.039139763
2700 0.02588844
2800 0.19657314
2900 0.1270238
3000 0.021520246
3100 0.16714579
3200 0.039038397
3300 0.017133314
3400 0.018077005
3500 0.06543283
3600 0.007628754
3700 0.0014765724
3800 0.0020456286
3900 0.09961599
4000 0.028245417
4100 0.06109684
4200 0.018792368
4300 0.006231089
4400 0.019371325
4500 0.008919122
4600 0.010888338
4700 0.006732239
4800 0.012776919
4900 0.012020755
5000 0.03183339
5100 0.02946592
5200 0.027511233
5300 0.06380294
5400 0.0930063
5500 0.053646274
5600 0.00933875
5700 0.007896196
5800 0.011257738
5900 0.0039113327
6000 0.008195771
6100 0.013317584
6200 0.045030314
6300 0.020621814
6400 0.0024926094
6500 0.010456384
6600 0.069368854
6700 0.011810657
6800 0.03354899
6900 0.0031965356
7000 0.011444115
7100 0.016122848
7200 0.04289755
7300 0.0067609707
7400 0.005011594
7500 0.006030099
7600 0.0052918284
7700 0.004631701
7800 0.0056807436
7900 0.021246152
8000 0.013107087
8100 0.004168149
8200 0.0057944027
8300 0.082982935
8400 0.0024520406
8500 0.038050707
8600 0.041322365
8700 0.008891846
8800 0.0048381113
8900 0.0114617795
9000 0.0005214915
9100 0.0109093925
9200 0.001533173
9300 0.004284796
9400 0.0189793
9500 0.006080406
9600 0.0034484083
9700 0.016853087
9800 0.009508589
9900 0.00036843691
10000 0.003784839
10100 0.027467865
10200 0.00011109717
10300 0.0050144074
10400 0.0064305495
10500 0.0055886013
10600 0.0031975755
10700 0.00029740186
10800 0.0003582038
10900 0.008797037
11000 0.006192423
11100 0.0019429834
11200 0.0055360617
11300 0.0012303937
11400 0.001477663
11500 0.008641935
11600 0.0001822153
11700 0.002575846
11800 0.00058150606
11900 0.019689927
12000 0.008699802
12100 0.008643962
12200 0.0025002398
12300 0.0035609645
12400 0.0031500508
12500 0.0072345613
12600 0.0052694026
12700 0.0037944354
12800 0.00036799465
12900 0.0034582145
13000 0.006941501
13100 0.010690374
13200 0.0037020468
13300 0.004515672
13400 0.0035107003
13500 0.021002827
13600 0.00018412553
13700 0.00119306
13800 0.00080714904
13900 0.0019592755
14000 0.00058293674
14100 0.008796823
14200 0.0020816666
14300 0.0039402316
14400 0.0052547064
14500 0.0021134508
14600 0.0004822657
14700 0.0027213553
14800 0.0007393356
14900 0.0013377618
15000 0.0014848266
15100 0.0043480443
15200 0.0013926524
15300 0.002156648
15400 0.0012742588
15500 0.004310743
15600 0.00065592246
15700 0.0006094771
15800 0.0008700453
15900 0.0018959771
16000 0.0014053102
16100 0.0021780236
16200 0.0007883384
16300 0.00014716997
16400 0.0017289036
16500 0.0010487942
16600 0.00227864
16700 0.00025524
16800 0.0019790204
16900 0.0048453356
17000 0.00010885374
17100 0.004306048
17200 0.000278428
17300 0.00030588277
17400 0.0010813061
17500 0.00078644196
17600 0.001910997
17700 0.0037579136
17800 0.00076579995
17900 0.0013481248
18000 0.0013769852
18100 0.0037490488
18200 0.000716393
18300 0.00033860767
18400 0.0042214184
18500 0.0012601316
18600 0.0061174016
18700 0.00047115167
18800 0.0011670238
18900 0.0017092462
19000 0.0043070912
19100 0.0006600151
19200 0.00012010152
19300 0.004061399
19400 0.0022330482
19500 0.0002669301
