0 3.089662
100 1.5471475
200 1.5867752
300 1.3717401
400 1.3786656
500 1.1361487
600 1.1995565
700 1.387317
800 1.2521569
900 1.1843292
1000 1.1949887
1100 1.1542497
1200 1.1794138
1300 1.3006225
1400 1.113512
1500 1.1994929
1600 1.1259223
1700 1.0794846
1800 1.2342112
1900 1.3240123
2000 1.0707765
2100 1.0987115
2200 1.0909154
2300 1.0770662
2400 1.2412474
2500 1.1430349
2600 1.1495147
2700 1.07641
2800 1.0831071
2900 1.1154547
3000 1.0425031
3100 1.1024783
3200 1.1276538
3300 1.0886571
3400 1.0910605
3500 1.0909518
3600 1.0386342
3700 1.0106316
3800 1.0133885
3900 1.1121328
4000 1.123106
4100 1.0872316
4200 1.0814304
4300 1.0277082
4400 1.1027515
4500 1.0481946
4600 1.0541618
4700 1.0386732
4800 1.0504112
4900 1.0666056
5000 1.1184771
5100 1.1203003
5200 1.0461428
5300 1.18523
5400 1.1148984
5500 1.0844789
5600 1.045891
5700 1.04404
5800 1.0442078
5900 1.0204134
6000 1.0404036
6100 1.0543978
6200 1.043548
6300 1.0653869
6400 1.0149858
6500 1.0497922
6600 1.0723476
6700 1.0528316
6800 1.0820521
6900 1.0192528
7000 1.0582565
7100 1.058687
7200 1.0634795
7300 1.0400383
7400 1.0276592
7500 1.0300341
7600 1.0227928
7700 1.021226
7800 1.0245159
7900 1.082405
8000 1.0496318
8100 1.022861
8200 1.0289328
8300 1.0296276
8400 1.0139327
8500 1.0498792
8600 1.133631
8700 1.0439342
8800 1.019558
8900 1.0377679
9000 1.004153
9100 1.0365337
9200 1.0104804
9300 1.0218799
9400 1.0762097
9500 1.0270782
9600 1.0209203
9700 1.0829036
9800 1.0382216
9900 1.002598
10000 1.0177656
10100 1.042641
10200 1.0010378
10300 1.0226374
10400 1.0284358
10500 1.0227808
10600 1.0169208
10700 1.0022645
10800 1.0029943
10900 1.0361454
11000 1.0286429
11100 1.0108967
11200 1.0303882
11300 1.0077924
11400 1.008757
11500 1.0407324
11600 1.0016214
11700 1.0137975
11800 1.0043361
11900 1.0471679
12000 1.0382099
12100 1.033073
12200 1.0152354
12300 1.016511
12400 1.0175916
12500 1.0406092
12600 1.0282874
12700 1.0190666
12800 1.0029178
12900 1.0170572
13000 1.0345316
13100 1.0328438
13200 1.020787
13300 1.0198863
13400 1.0184283
13500 1.0724227
13600 1.0016673
13700 1.0061014
13800 1.0056129
13900 1.0108825
14000 1.0036563
14100 1.0453787
14200 1.0127816
14300 1.0203136
14400 1.0256755
14500 1.0122972
14600 1.0030508
14700 1.0165653
14800 1.004282
14900 1.0083113
15000 1.0076888
15100 1.0193262
15200 1.0068291
15300 1.0115511
15400 1.0064256
15500 1.0228255
15600 1.0046782
15700 1.0044928
15800 1.0054193
15900 1.0108522
16000 1.0079496
16100 1.0128381
16200 1.0050303
16300 1.0012606
16400 1.0089687
16500 1.0067036
16600 1.0132172
16700 1.0019195
16800 1.0110238
16900 1.0265222
17000 1.0009704
17100 1.018688
17200 1.0021572
17300 1.0024076
17400 1.0075161
17500 1.0044906
17600 1.0116467
17700 1.0202138
17800 1.0046952
17900 1.008764
18000 1.0076777
18100 1.0189642
18200 1.0051787
18300 1.0026261
18400 1.0207012
18500 1.0081211
18600 1.0299414
18700 1.0035543
18800 1.0070233
18900 1.0094595
19000 1.0222101
19100 1.0048773
19200 1.0010148
19300 1.0169997
19400 1.0137293
19500 1.0022337
