0 0.01875
100 0.37812498
200 0.421875
300 0.46249998
400 0.47500002
500 0.50625
600 0.49375004
700 0.46562505
800 0.45625
900 0.490625
1000 0.503125
1100 0.453125
1200 0.496875
1300 0.5
1400 0.509375
1500 0.51875
1600 0.48125002
1700 0.43437502
1800 0.50624996
1900 0.515625
2000 0.515625
2100 0.528125
2200 0.48125
2300 0.56874996
2400 0.515625
2500 0.475
2600 0.49687502
2700 0.5125
2800 0.5125
2900 0.525
3000 0.496875
3100 0.4875
3200 0.4875
3300 0.60625
3400 0.471875
3500 0.5125
3600 0.515625
3700 0.49375004
3800 0.4875
3900 0.48437497
4000 0.546875
4100 0.51875
4200 0.534375
4300 0.534375
4400 0.546875
4500 0.521875
4600 0.5625
4700 0.55625004
4800 0.60625
4900 0.53749996
5000 0.61875
5100 0.490625
5200 0.45624998
5300 0.52500004
5400 0.53749996
5500 0.6
5600 0.546875
5700 0.525
5800 0.503125
5900 0.51562506
6000 0.47812504
6100 0.51875
6200 0.490625
6300 0.521875
6400 0.503125
6500 0.56562495
6600 0.56875
6700 0.51875
6800 0.47187504
6900 0.58750004
7000 0.50625
7100 0.51562506
7200 0.53125
7300 0.525
7400 0.52500004
7500 0.49375
7600 0.48125002
7700 0.559375
7800 0.5625
7900 0.553125
8000 0.58750004
8100 0.56875
8200 0.56875
8300 0.56874996
8400 0.57812506
8500 0.503125
8600 0.584375
8700 0.52812505
8800 0.52187496
8900 0.50312495
9000 0.58125
9100 0.52500004
9200 0.515625
9300 0.534375
9400 0.45625
9500 0.509375
9600 0.584375
9700 0.56875
9800 0.55937505
9900 0.515625
10000 0.51875
10100 0.52500004
10200 0.5875
10300 0.57500005
10400 0.503125
10500 0.52500004
10600 0.559375
10700 0.484375
10800 0.60937494
10900 0.534375
11000 0.55
11100 0.5625
11200 0.48750004
11300 0.51874995
11400 0.54375
11500 0.49062502
11600 0.553125
11700 0.5
11800 0.503125
11900 0.5375
12000 0.53125
12100 0.48437506
12200 0.52500004
12300 0.55625004
12400 0.51875
12500 0.440625
12600 0.546875
12700 0.534375
12800 0.5125
12900 0.49375
13000 0.4875
13100 0.52500004
13200 0.59375006
13300 0.48749998
13400 0.525
13500 0.55937505
13600 0.5437499
13700 0.515625
13800 0.54375
13900 0.5
14000 0.5375
14100 0.528125
14200 0.471875
14300 0.53437495
14400 0.52500004
14500 0.46875003
14600 0.553125
14700 0.55
14800 0.56875
14900 0.540625
15000 0.52187496
15100 0.54062504
15200 0.6125001
15300 0.54375005
15400 0.49374998
15500 0.515625
15600 0.534375
15700 0.54375
15800 0.46875
15900 0.51250005
16000 0.58750004
16100 0.534375
16200 0.553125
16300 0.43437502
16400 0.521875
16500 0.53749996
16600 0.56874996
16700 0.47812498
16800 0.5375
16900 0.45937502
17000 0.546875
17100 0.55
17200 0.496875
17300 0.5375
17400 0.53125
