0 4.8344903
100 3.0703912
200 2.8684046
300 2.4779885
400 2.5242956
500 2.3847902
600 2.344081
700 2.5311959
800 2.46765
900 2.5744913
1000 2.3637192
1100 2.6383543
1200 2.496081
1300 2.6047268
1400 2.3765776
1500 2.2897897
1600 2.3517957
1700 2.5816445
1800 2.284867
1900 2.2444615
2000 2.2772558
2100 2.3308287
2200 2.4150472
2300 2.0316365
2400 2.2163243
2500 2.555992
2600 2.345926
2700 2.2744808
2800 2.4093537
2900 2.1465309
3000 2.3333416
3100 2.473979
3200 2.3464413
3300 1.9136568
3400 2.3640082
3500 2.2935052
3600 2.3634403
3700 2.255938
3800 2.4619803
3900 2.5275235
4000 2.2138555
4100 2.3691647
4200 2.0863125
4300 1.9919869
4400 2.160088
4500 2.2946544
4600 1.959519
4700 2.0665832
4800 1.8328211
4900 2.0612714
5000 1.8940285
5100 2.3242183
5200 2.6028101
5300 2.4058454
5400 2.1595814
5500 1.9086218
5600 2.1866693
5700 2.073319
5800 2.2823637
5900 2.3133852
6000 2.3787253
6100 2.3353205
6200 2.2838123
6300 2.2580466
6400 2.3844333
6500 2.185359
6600 1.9064721
6700 2.2137933
6800 2.3867242
6900 2.0364468
7000 2.3349023
7100 2.2051518
7200 2.1579554
7300 2.3029065
7400 2.3656042
7500 2.276359
7600 2.5461109
7700 2.0256143
7800 1.9232126
7900 2.273542
8000 2.033657
8100 2.0628603
8200 2.1846344
8300 2.1335292
8400 2.0236647
8500 2.3715606
8600 2.049199
8700 2.1642544
8800 2.414723
8900 2.3527663
9000 2.1531742
9100 2.2686396
9200 2.2125273
9300 2.274169
9400 2.5410564
9500 2.162197
9600 1.9700623
9700 2.0657768
9800 2.1762614
9900 2.3371902
10000 2.2691793
10100 2.1612902
10200 1.9252253
10300 1.9616882
10400 2.1949327
10500 2.442775
10600 2.1688907
10700 2.3340468
10800 1.9182819
10900 2.1448348
11000 2.0843577
11100 2.1734602
11200 2.220193
11300 2.389276
11400 2.3454518
11500 2.4201958
11600 2.145899
11700 2.3129613
11800 2.3862092
11900 2.269191
12000 2.1616976
12100 2.272199
12200 2.1620808
12300 2.1988287
12400 2.2534251
12500 2.404469
12600 2.2419784
12700 2.123351
12800 2.3347502
12900 2.4894814
13000 2.4500582
13100 2.3299046
13200 1.9553614
13300 2.4324212
13400 2.3001308
13500 2.1300483
13600 2.2026007
13700 2.2807176
13800 2.2487612
13900 2.3247194
14000 2.0918593
14100 2.2146757
14200 2.4087236
14300 2.1167784
14400 2.3012557
14500 2.553875
14600 2.2734303
14700 2.115193
14800 2.0699909
14900 2.2016234
15000 2.1630747
15100 2.146217
15200 1.8353524
15300 2.1371717
15400 2.3256447
15500 2.4371798
15600 2.2201262
15700 2.215874
15800 2.520268
15900 2.3354692
16000 2.0248854
16100 2.1815448
16200 2.184801
16300 2.6176338
16400 2.308588
16500 2.1836786
16600 2.0857344
16700 2.3814578
16800 2.1004684
16900 2.369351
17000 2.1506069
17100 2.111618
17200 2.2793999
17300 2.2663577
17400 2.2187536
