0 3.3510132
100 2.128233
200 1.9882265
300 1.7176107
400 1.7497083
500 1.6530106
600 1.624793
700 1.7544912
800 1.7104446
900 1.7845014
1000 1.6384053
1100 1.8287679
1200 1.7301515
1300 1.805459
1400 1.647318
1500 1.5871613
1600 1.6301405
1700 1.7894597
1800 1.5837492
1900 1.5557423
2000 1.5784734
2100 1.6156073
2200 1.6739832
2300 1.408223
2400 1.5362389
2500 1.7716786
2600 1.626072
2700 1.57655
2800 1.6700367
2900 1.4878618
3000 1.6173491
3100 1.7148316
3200 1.6264292
3300 1.3264458
3400 1.6386056
3500 1.5897367
3600 1.638212
3700 1.5636971
3800 1.7065147
3900 1.7519459
4000 1.5345278
4100 1.6421798
4200 1.4461217
4300 1.38074
4400 1.4972589
4500 1.5905331
4600 1.3582351
4700 1.4324462
4800 1.2704148
4900 1.4287645
5000 1.3128406
5100 1.6110253
5200 1.8041306
5300 1.6676049
5400 1.4969077
5500 1.3229558
5600 1.5156837
5700 1.4371152
5800 1.582014
5900 1.6035165
6000 1.6488067
6100 1.6187208
6200 1.5830181
6300 1.5651587
6400 1.6527631
6500 1.5147754
6600 1.3214657
6700 1.5344845
6800 1.6543511
6900 1.4115573
7000 1.618431
7100 1.5284948
7200 1.4957807
7300 1.5962532
7400 1.6397119
7500 1.5778519
7600 1.7648295
7700 1.4040488
7800 1.3330694
7900 1.5758992
8000 1.4096237
8100 1.4298658
8200 1.5142732
8300 1.4788498
8400 1.4026974
8500 1.6438406
8600 1.4203966
8700 1.5001469
8800 1.6737584
8900 1.6308134
9000 1.4924666
9100 1.5725012
9200 1.533607
9300 1.5763339
9400 1.7613261
9500 1.4987208
9600 1.3655431
9700 1.4318874
9800 1.5084695
9900 1.6200168
10000 1.5728753
10100 1.4980922
10200 1.3344644
10300 1.3597386
10400 1.5214114
10500 1.6932026
10600 1.5033605
10700 1.617838
10800 1.3296517
10900 1.4866862
11000 1.4447668
11100 1.5065279
11200 1.5389204
11300 1.65612
11400 1.6257433
11500 1.6775519
11600 1.4874239
11700 1.6032226
11800 1.6539942
11900 1.5728834
12000 1.4983747
12100 1.5749683
12200 1.4986402
12300 1.524112
12400 1.5619553
12500 1.6666509
12600 1.554021
12700 1.4717948
12800 1.6183255
12900 1.7255771
13000 1.6982509
13100 1.6149668
13200 1.3553532
13300 1.686026
13400 1.5943292
13500 1.476437
13600 1.5267265
13700 1.580873
13800 1.5587225
13900 1.6113727
14000 1.4499664
14100 1.5350962
14200 1.6696
14300 1.467239
14400 1.5951089
14500 1.7702112
14600 1.5758219
14700 1.46614
14800 1.4348084
14900 1.526049
15000 1.4993291
15100 1.4876443
15200 1.2721694
15300 1.4813746
15400 1.6120142
15500 1.6893244
15600 1.5388743
15700 1.5359268
15800 1.7469167
15900 1.618824
16000 1.4035436
16100 1.5121316
16200 1.5143888
16300 1.8144054
16400 1.6001914
16500 1.5136107
16600 1.4457209
16700 1.6507008
16800 1.4559337
16900 1.642309
17000 1.4906871
17100 1.4636621
17200 1.5799596
17300 1.5709194
17400 1.5379227
