0 26.447212
100 10.310952
200 8.207797
300 8.026958
400 7.4271197
500 7.0206804
600 7.0952616
700 7.406022
800 7.3001385
900 7.696578
1000 6.516505
1100 7.111132
1200 7.5507674
1300 6.9205203
1400 7.090665
1500 6.7351165
1600 7.054353
1700 7.229273
1800 6.6025395
1900 6.410621
2000 6.8029723
2100 6.695842
2200 6.6448965
2300 6.1780467
2400 6.713075
2500 6.92305
2600 6.33806
2700 6.598433
2800 6.5658226
2900 6.2216215
3000 6.498522
3100 6.3566117
3200 6.3803945
3300 5.9976034
3400 6.7382164
3500 6.434078
3600 6.0800586
3700 6.3698263
3800 6.725354
3900 6.501918
4000 6.506151
4100 6.859373
4200 6.2345695
4300 6.3159685
4400 6.420519
4500 6.454047
4600 5.5573983
4700 5.997702
4800 5.956567
4900 6.0636973
5000 5.876777
5100 6.6403527
5200 6.473938
5300 6.676588
5400 6.201639
5500 6.050754
5600 6.067548
5700 6.7575383
5800 6.302801
5900 6.0563607
6000 6.884615
6100 6.3698025
6200 6.377728
6300 6.134105
6400 6.6047153
6500 6.1751084
6600 6.0394073
6700 6.603064
6800 6.5004144
6900 6.5207005
7000 6.421628
7100 6.098914
7200 6.485983
7300 6.299898
7400 6.2049813
7500 6.296257
7600 6.9623985
7700 6.3327966
7800 6.059338
7900 6.471839
8000 5.74303
8100 6.1039176
8200 6.2536435
8300 6.236292
8400 5.86583
8500 6.5662155
8600 6.2284827
8700 6.2862434
8800 6.45169
8900 6.022744
9000 6.611978
9100 5.8809295
9200 6.3971486
9300 6.5072913
9400 6.7496305
9500 6.195492
9600 6.049302
9700 6.271042
9800 5.9612985
9900 6.528484
10000 6.375363
10100 6.1011496
10200 6.2349653
10300 5.592086
10400 6.514906
10500 6.925902
10600 6.6469517
10700 6.517753
10800 5.8221784
10900 6.527111
11000 6.2064605
11100 6.362849
11200 6.3168793
11300 6.3801546
11400 6.4452925
11500 6.565278
11600 6.05643
11700 6.6990747
11800 6.309408
11900 5.9331865
12000 6.394989
12100 6.3840084
12200 5.788183
12300 6.2332783
12400 6.095026
12500 6.772417
12600 5.946187
12700 5.620491
12800 6.3458905
12900 6.1862655
13000 6.9280167
13100 6.2509675
13200 5.931288
13300 6.783332
13400 6.42492
13500 6.461653
13600 6.274193
13700 6.32688
13800 6.3365335
13900 5.871936
14000 6.0186977
14100 6.2132587
14200 6.894821
14300 6.362211
14400 5.7648306
14500 6.9410973
14600 6.454658
14700 6.1657186
14800 6.0747075
14900 6.4332523
15000 6.4796586
15100 5.5939355
15200 5.977536
15300 5.913095
15400 6.771231
15500 6.6360784
15600 6.133895
15700 6.250534
15800 6.8474565
15900 6.6060123
16000 5.938966
16100 6.276932
16200 6.3384204
16300 7.483517
16400 6.190475
16500 6.5221577
16600 6.022796
16700 6.390183
16800 6.7360373
16900 7.197494
17000 6.079493
17100 6.329511
17200 6.1048994
17300 6.57287
17400 6.5738735
