0 0.03125
100 0.359375
200 0.40625
300 0.44062504
400 0.45624998
500 0.47812504
600 0.50937504
700 0.45937502
800 0.45624998
900 0.47812504
1000 0.48437503
1100 0.425
1200 0.46250004
1300 0.49375
1400 0.50625
1500 0.54062504
1600 0.46875003
1700 0.44375
1800 0.525
1900 0.5031251
2000 0.50625
2100 0.50000006
2200 0.484375
2300 0.54062504
2400 0.52812505
2500 0.48125005
2600 0.48125005
2700 0.51875
2800 0.54062504
2900 0.575
3000 0.5
3100 0.46875
3200 0.490625
3300 0.5625
3400 0.52500004
3500 0.48750004
3600 0.52187496
3700 0.52812505
3800 0.47812498
3900 0.4625
4000 0.50937504
4100 0.525
4200 0.5375
4300 0.565625
4400 0.56875
4500 0.49375
4600 0.56875
4700 0.56875
4800 0.615625
4900 0.54375
5000 0.63750005
5100 0.4875
5200 0.465625
5300 0.496875
5400 0.5625
5500 0.60625
5600 0.540625
5700 0.54062504
5800 0.496875
5900 0.49375
6000 0.478125
6100 0.515625
6200 0.53125
6300 0.52187496
6400 0.521875
6500 0.52812505
6600 0.56875
6700 0.515625
6800 0.503125
6900 0.56875
7000 0.496875
7100 0.53125
7200 0.54375
7300 0.54687494
7400 0.52500004
7500 0.540625
7600 0.4625
7700 0.56875
7800 0.54375005
7900 0.49687496
8000 0.56562495
8100 0.56562495
8200 0.534375
8300 0.54999995
8400 0.55937505
8500 0.49687502
8600 0.578125
8700 0.5625
8800 0.49374995
8900 0.528125
9000 0.546875
9100 0.53749996
9200 0.528125
9300 0.54375
9400 0.48437506
9500 0.54375005
9600 0.56875
9700 0.596875
9800 0.546875
9900 0.50937504
10000 0.53125
10100 0.55625
10200 0.5875
10300 0.584375
10400 0.515625
10500 0.503125
10600 0.53125
10700 0.525
10800 0.6125
10900 0.57500005
11000 0.5625
11100 0.54375
11200 0.51875
11300 0.475
11400 0.51875
11500 0.51562506
11600 0.540625
11700 0.49374998
11800 0.521875
11900 0.54062504
12000 0.53125
12100 0.48749998
12200 0.52812505
12300 0.578125
12400 0.5
12500 0.46562505
12600 0.559375
12700 0.55937505
12800 0.553125
12900 0.53125006
13000 0.509375
13100 0.54062504
13200 0.5812501
13300 0.509375
13400 0.515625
13500 0.565625
13600 0.53125
13700 0.49374995
13800 0.51875
13900 0.5187501
14000 0.56875
14100 0.51875
14200 0.48750004
14300 0.58125
14400 0.546875
14500 0.46875
14600 0.54375005
14700 0.528125
14800 0.55625
14900 0.56875
15000 0.521875
15100 0.571875
15200 0.59375006
15300 0.56874996
15400 0.54999995
15500 0.5218751
15600 0.58437496
15700 0.5500001
15800 0.50625
15900 0.51875
16000 0.584375
16100 0.559375
16200 0.546875
16300 0.48125005
16400 0.55312496
16500 0.54375
16600 0.578125
16700 0.53125
16800 0.54375
16900 0.48750004
17000 0.57500005
17100 0.57812494
17200 0.55625
17300 0.546875
17400 0.51875
17500 0.5375
17600 0.61875
17700 0.55312496
17800 0.5375
17900 0.49687502
18000 0.59375006
18100 0.49687502
18200 0.571875
18300 0.5
18400 0.53125
18500 0.6125
18600 0.503125
18700 0.54999995
18800 0.578125
18900 0.61562496
19000 0.56562495
19100 0.53125
19200 0.58750004
19300 0.56875
19400 0.5343751
19500 0.54062504
19600 0.584375
19700 0.578125
19800 0.61562496
19900 0.609375
20000 0.515625
20100 0.55937505
20200 0.51875
20300 0.57187504
20400 0.56874996
20500 0.57187504
20600 0.515625
20700 0.584375
20800 0.5625
20900 0.521875
21000 0.596875
21100 0.56250006
21200 0.54999995
21300 0.534375
21400 0.53125
21500 0.60312504
21600 0.521875
21700 0.615625
21800 0.565625
21900 0.584375
22000 0.57187504
22100 0.540625
22200 0.59375
22300 0.559375
22400 0.54375
22500 0.56875
22600 0.603125
22700 0.53749996
22800 0.5875
22900 0.515625
23000 0.46250004
23100 0.578125
23200 0.55625
23300 0.553125
23400 0.60625
23500 0.59999996
23600 0.55
23700 0.5375
23800 0.57500005
23900 0.56875
24000 0.534375
24100 0.58125
24200 0.575
24300 0.590625
24400 0.5125
24500 0.615625
24600 0.56562495
24700 0.55
24800 0.528125
24900 0.54375
25000 0.57812494
25100 0.54375
25200 0.57812506
25300 0.590625
25400 0.61562496
25500 0.546875
25600 0.546875
25700 0.509375
25800 0.55625
25900 0.534375
26000 0.55
26100 0.57500005
26200 0.571875
26300 0.559375
26400 0.54687506
26500 0.55
26600 0.57500005
26700 0.55937505
26800 0.59375
26900 0.56875
27000 0.54687506
27100 0.625
27200 0.56875
27300 0.61875004
27400 0.546875
27500 0.59062505
27600 0.53125
27700 0.57500005
27800 0.57187504
27900 0.59687495
28000 0.584375
28100 0.540625
28200 0.4875
28300 0.584375
28400 0.48125005
28500 0.55
28600 0.540625
28700 0.575
28800 0.55
28900 0.49062502
29000 0.55
29100 0.57812506
29200 0.575
29300 0.546875
29400 0.596875
29500 0.559375
29600 0.515625
29700 0.6375
29800 0.575
29900 0.57812506
30000 0.503125
30100 0.596875
30200 0.528125
30300 0.59062505
30400 0.496875
30500 0.525
30600 0.534375
30700 0.53125
30800 0.50624996
30900 0.540625
31000 0.52812505
31100 0.565625
31200 0.55
31300 0.54375005
31400 0.578125
31500 0.57500005
31600 0.55
31700 0.58437496
31800 0.540625
31900 0.52500004
32000 0.51250005
32100 0.528125
32200 0.534375
32300 0.571875
32400 0.603125
32500 0.5812501
32600 0.57187504
32700 0.50624996
32800 0.51874995
32900 0.5625
33000 0.5625
33100 0.540625
33200 0.59687495
33300 0.55
33400 0.56875
33500 0.51250005
33600 0.546875
33700 0.5375
33800 0.571875
33900 0.55625
34000 0.56562495
34100 0.59375
34200 0.55625
34300 0.575
34400 0.58125
34500 0.58125
34600 0.534375
34700 0.58125
34800 0.55
34900 0.57812506
35000 0.575
35100 0.59375
35200 0.58125
35300 0.5906249
35400 0.55
35500 0.61875004
35600 0.559375
35700 0.55937505
35800 0.53125006
35900 0.51250005
36000 0.578125
36100 0.609375
36200 0.540625
36300 0.57500005
36400 0.5531251
36500 0.59375
36600 0.515625
36700 0.59375006
36800 0.5906249
36900 0.59375
37000 0.6156251
37100 0.56875
37200 0.63750005
37300 0.565625
37400 0.56875
37500 0.56874996
37600 0.57187504
37700 0.5218751
37800 0.6000001
37900 0.575
38000 0.553125
38100 0.47500002
38200 0.53749996
38300 0.57187504
38400 0.57187504
38500 0.521875
38600 0.53125
38700 0.546875
38800 0.534375
38900 0.515625
39000 0.54062504
39100 0.62187505
39200 0.534375
39300 0.50000006
39400 0.5375
39500 0.578125
39600 0.55625004
39700 0.6125001
39800 0.55
39900 0.565625
40000 0.575
40100 0.51874995
40200 0.559375
40300 0.55625
40400 0.55625
40500 0.56875
40600 0.553125
40700 0.578125
40800 0.50624996
40900 0.57187504
41000 0.503125
41100 0.584375
41200 0.60625005
41300 0.521875
41400 0.6
41500 0.5125
41600 0.534375
41700 0.50625
41800 0.53437495
41900 0.55
42000 0.55937505
42100 0.5625
42200 0.565625
42300 0.55
42400 0.584375
42500 0.521875
42600 0.565625
42700 0.55
42800 0.55625004
42900 0.59375006
43000 0.609375
43100 0.584375
43200 0.52187496
43300 0.521875
43400 0.625
43500 0.54375
43600 0.559375
43700 0.55312496
43800 0.61875
43900 0.628125
44000 0.575
44100 0.52812505
44200 0.5656251
44300 0.521875
44400 0.575
44500 0.621875
44600 0.56875
44700 0.578125
44800 0.553125
44900 0.553125
45000 0.546875
45100 0.51875
45200 0.5375
45300 0.56874996
45400 0.50937504
45500 0.58437496
45600 0.53437495
45700 0.57187504
45800 0.553125
45900 0.54375
46000 0.51562506
46100 0.50625
46200 0.59375
46300 0.6125
46400 0.5375
46500 0.59999996
46600 0.534375
46700 0.52187496
46800 0.615625
46900 0.590625
47000 0.5562501
47100 0.509375
47200 0.56874996
47300 0.546875
47400 0.57812506
47500 0.534375
47600 0.55625
47700 0.61562496
47800 0.553125
47900 0.546875
48000 0.546875
48100 0.56250006
48200 0.50937504
48300 0.621875
48400 0.51250005
48500 0.50937504
48600 0.540625
48700 0.565625
48800 0.5375
48900 0.515625
49000 0.534375
49100 0.56874996
49200 0.534375
49300 0.503125
49400 0.521875
49500 0.53125
49600 0.58437496
49700 0.56875
49800 0.559375
