0 4.8631225
100 3.2448256
200 2.9023206
300 2.6155388
400 2.619135
500 2.4161255
600 2.3635404
700 2.56933
800 2.603778
900 2.585683
1000 2.4504204
1100 2.673133
1200 2.5189555
1300 2.4793515
1400 2.2908912
1500 2.2759082
1600 2.418907
1700 2.6632376
1800 2.241707
1900 2.3098502
2000 2.285025
2100 2.319761
2200 2.4741943
2300 2.0805385
2400 2.124274
2500 2.536742
2600 2.4077163
2700 2.2388365
2800 2.3207092
2900 2.135605
3000 2.3429437
3100 2.3556023
3200 2.356917
3300 2.0013666
3400 2.2709856
3500 2.3668327
3600 2.3997533
3700 2.3246326
3800 2.4406104
3900 2.5160236
4000 2.307501
4100 2.2778335
4200 2.114536
4300 1.9843097
4400 2.1254945
4500 2.287959
4600 1.9045894
4700 2.1098301
4800 1.860574
4900 2.0334885
5000 1.8649551
5100 2.2864988
5200 2.5591953
5300 2.3722863
5400 2.0866442
5500 1.8895483
5600 2.229625
5700 2.097973
5800 2.3106468
5900 2.3086884
6000 2.368404
6100 2.303043
6200 2.205815
6300 2.28956
6400 2.306461
6500 2.236933
6600 1.9041549
6700 2.273433
6800 2.3053813
6900 2.0484715
7000 2.3449094
7100 2.1425667
7200 2.1781032
7300 2.232715
7400 2.3990898
7500 2.2314148
7600 2.5742733
7700 1.9615349
7800 2.0111775
7900 2.3040357
8000 2.0539453
8100 2.1056015
8200 2.2132776
8300 2.1857498
8400 2.0754628
8500 2.3743982
8600 2.1060572
8700 2.095376
8800 2.4588215
8900 2.3329074
9000 2.1738374
9100 2.211098
9200 2.2144768
9300 2.2311828
9400 2.4710448
9500 2.1490293
9600 2.0105927
9700 1.9962966
9800 2.0776026
9900 2.2865045
10000 2.293487
10100 2.0851297
10200 1.932795
10300 1.9132723
10400 2.2051065
10500 2.445659
10600 2.2359512
10700 2.3033624
10800 1.9039431
10900 2.1415331
11000 2.0229726
11100 2.246797
11200 2.1983442
11300 2.4143186
11400 2.3966684
11500 2.3100872
11600 2.2377322
11700 2.302963
11800 2.323869
11900 2.1832879
12000 2.0968032
12100 2.2063572
12200 2.056339
12300 2.09446
12400 2.330472
12500 2.3093443
12600 2.1638043
12700 1.989222
12800 2.1777678
12900 2.363301
13000 2.3485312
13100 2.2410226
13200 1.9481336
13300 2.3779712
13400 2.348542
13500 2.1238046
13600 2.1335838
13700 2.3365579
13800 2.1941853
13900 2.2123601
14000 1.9982406
14100 2.149264
14200 2.4005098
14300 2.0367048
14400 2.15786
14500 2.5302224
14600 2.1990926
14700 2.0624053
14800 2.1316125
14900 2.2430124
15000 2.1673648
15100 2.0711079
15200 1.7962513
15300 2.0633836
15400 2.1964056
15500 2.3611085
15600 2.0843048
15700 2.101748
15800 2.5238369
15900 2.202972
16000 1.9531676
16100 2.094023
16200 2.2144537
16300 2.6784716
16400 2.1413555
16500 2.099784
16600 2.0354419
16700 2.343272
16800 2.1526368
16900 2.3197916
17000 2.0352247
17100 2.0074234
17200 2.1246903
17300 2.1278784
17400 2.185862
17500 1.9233525
17600 1.8367075
17700 2.0424457
17800 2.2338734
17900 2.2045174
18000 2.0853748
18100 2.3761358
18200 2.0640976
18300 2.3640857
18400 2.0933247
18500 1.9416068
18600 2.2613993
18700 2.2446578
18800 1.9396217
18900 1.8424238
19000 1.9366622
19100 2.088595
19200 2.0052118
19300 2.1860135
19400 2.1275382
19500 2.2300994
19600 2.0501199
19700 1.9939569
19800 1.8277466
19900 1.9008456
20000 2.2119057
20100 2.0605156
20200 2.1396325
20300 1.9227712
20400 2.0406935
20500 2.0080633
20600 2.294069
20700 1.898559
20800 2.0363884
20900 2.1832125
21000 1.9143139
21100 2.088994
21200 2.122783
21300 2.1368759
21400 2.033541
21500 1.8507665
21600 2.2074347
21700 1.8729296
21800 1.9891075
21900 1.9781497
22000 2.1623716
22100 2.0297897
22200 2.0864806
22300 2.0870304
22400 2.1243317
22500 1.9847875
22600 1.8791187
22700 2.1367397
22800 1.9206567
22900 2.2806356
23000 2.5526092
23100 1.9396818
23200 2.161688
23300 2.0932071
23400 1.8343661
23500 1.8929185
23600 2.1759543
23700 2.037147
23800 2.070567
23900 1.9901712
24000 2.2006886
24100 2.1572487
24200 1.9407437
24300 1.9902714
24400 2.4175043
24500 1.8154144
24600 2.1075094
24700 2.00314
24800 2.0725799
24900 2.1682494
25000 1.955458
25100 2.1149676
25200 1.9975926
25300 1.8603284
25400 1.9145342
25500 2.1312358
25600 2.0581048
25700 2.2726233
25800 2.0193388
25900 2.092692
26000 2.2015877
26100 2.0675802
26200 1.9881499
26300 2.024759
26400 2.1293697
26500 2.0486383
26600 2.1067255
26700 2.1465297
26800 1.927502
26900 2.1444657
27000 2.085991
27100 1.9864278
27200 2.0744424
27300 1.9200137
27400 2.2297812
27500 1.9806567
27600 2.2036798
27700 1.9873847
27800 2.1425006
27900 2.0238483
28000 1.9511493
28100 2.1079512
28200 2.360981
28300 1.9500686
28400 2.540399
28500 2.0431411
28600 2.1412253
28700 1.9407786
28800 2.2575614
28900 2.4003944
29000 1.9736729
29100 2.0887213
29200 2.0257416
29300 2.1268575
29400 1.8612504
29500 2.1305516
29600 2.3182576
29700 1.7886742
29800 2.0457993
29900 1.9608922
30000 2.2350392
30100 1.8417839
30200 2.0988514
30300 1.8787755
30400 2.2711806
30500 2.1785107
30600 2.088937
30700 2.2135057
30800 2.4325175
30900 1.9677639
31000 2.300789
31100 1.9539437
31200 2.2145162
31300 2.2634323
31400 2.0467238
31500 2.0231001
31600 2.0671294
31700 1.945872
31800 2.1714914
31900 2.0517068
32000 2.1936808
32100 2.2676303
32200 2.1802733
32300 1.9095124
32400 1.9833418
32500 1.8636197
32600 1.915001
32700 2.310234
32800 2.2082844
32900 2.1284301
33000 1.8765503
33100 2.1388085
33200 1.9086709
33300 2.0501745
33400 2.015651
33500 2.332396
33600 2.0914795
33700 2.2173307
33800 2.046625
33900 2.079091
34000 2.093097
34100 1.9235953
34200 2.0179968
34300 2.0040092
34400 1.9736238
34500 1.9755065
34600 2.1589024
34700 2.0667112
34800 2.069226
34900 2.0436962
35000 2.0091732
35100 1.8975759
35200 1.9283307
35300 1.924718
35400 2.096607
35500 1.8467475
35600 1.874562
35700 1.9746537
35800 2.0376399
35900 2.3902886
36000 2.0518446
36100 1.8895146
36200 2.0877082
36300 1.9703563
36400 2.1831217
36500 1.8862494
36600 2.2682612
36700 1.9172138
36800 1.8020343
36900 1.8881087
37000 1.9133582
37100 2.0157974
37200 1.7184154
37300 2.0107203
37400 2.064693
37500 1.9788468
37600 1.950534
37700 2.2629385
37800 1.7843325
37900 1.9542328
38000 2.1363168
38100 2.3479264
38200 2.2294157
38300 2.0462184
38400 2.0067568
38500 2.2381892
38600 2.3452938
38700 2.211934
38800 2.3795295
38900 2.2271025
39000 2.0786073
39100 1.8206853
39200 2.1847906
39300 2.3068094
39400 2.1879249
39500 2.159176
39600 2.1178505
39700 1.845558
39800 2.0839021
39900 2.0975392
40000 2.014924
40100 2.308901
40200 2.1049042
40300 2.0866354
40400 2.07564
40500 1.9495171
40600 2.1477764
40700 1.9182501
40800 2.298795
40900 2.1520112
41000 2.1757498
41100 1.9979593
41200 1.9334372
41300 2.2219102
41400 1.8731955
41500 2.2969763
41600 2.2445421
41700 2.362487
41800 2.1448522
41900 2.1674747
42000 2.052955
42100 2.0405447
42200 1.9943334
42300 2.1583278
42400 1.9472498
42500 2.2429643
42600 1.9043567
42700 2.1418881
42800 2.0448396
42900 2.090711
43000 1.8776268
43100 2.108014
43200 2.221519
43300 2.190028
43400 1.9126617
43500 2.1853728
43600 2.05652
43700 2.107967
43800 1.7648971
43900 1.6877086
44000 1.9193295
44100 2.2254112
44200 2.0898457
44300 2.259884
44400 1.8610736
44500 1.7919701
44600 1.915065
44700 2.1724024
44800 2.0658026
44900 2.055988
45000 2.0625715
45100 2.1103365
45200 2.1376498
45300 1.9307618
45400 2.388242
45500 2.0708609
45600 2.1425912
45700 1.9920487
45800 1.9793146
45900 2.0596042
46000 2.2246866
46100 2.4589694
46200 1.8631063
46300 1.7988104
46400 2.29615
46500 1.9636205
46600 2.1460373
46700 2.2433007
46800 1.9870051
46900 1.9049556
47000 2.063282
47100 2.4010315
47200 2.1282427
47300 2.1739285
47400 1.9484265
47500 2.1578057
47600 2.0378084
47700 1.8258194
47800 2.2659342
47900 2.172282
48000 2.0187783
48100 1.9252175
48200 2.3131068
48300 1.8202966
48400 2.4007902
48500 2.4026725
48600 2.1202877
48700 2.2155867
48800 2.0862167
48900 2.179326
49000 2.187236
49100 1.9290326
49200 2.3079677
49300 2.3198514
49400 2.323089
49500 2.27328
49600 1.9548272
49700 2.0716267
49800 2.1317043
