0 3.3708596
100 2.2491417
200 2.0117354
300 1.8129534
400 1.8154459
500 1.6747307
600 1.6382813
700 1.7809238
800 1.8048012
900 1.792259
1000 1.6985021
1100 1.8528745
1200 1.746007
1300 1.7185555
1400 1.5879248
1500 1.5775393
1600 1.6766585
1700 1.8460156
1800 1.553833
1900 1.6010662
2000 1.5838586
2100 1.6079358
2200 1.7149807
2300 1.4421195
2400 1.4724345
2500 1.7583355
2600 1.6689018
2700 1.5518432
2800 1.608593
2900 1.4802886
3000 1.6240048
3100 1.632779
3200 1.6336902
3300 1.3872416
3400 1.5741273
3500 1.6405634
3600 1.6633823
3700 1.6113125
3800 1.6917022
3900 1.7439747
4000 1.5994378
4100 1.5788739
4200 1.4656848
4300 1.3754187
4400 1.4732805
4500 1.5858924
4600 1.3201607
4700 1.4624228
4800 1.2896516
4900 1.4095068
5000 1.2926884
5100 1.5848802
5200 1.773899
5300 1.6443436
5400 1.4463515
5500 1.3097351
5600 1.5454582
5700 1.4542041
5800 1.6016183
5900 1.6002609
6000 1.6416525
6100 1.5963477
6200 1.5289545
6300 1.587002
6400 1.598717
6500 1.5505238
6600 1.3198596
6700 1.5758237
6800 1.5979686
6900 1.4198922
7000 1.6253673
7100 1.4851141
7200 1.5097461
7300 1.5476
7400 1.6629224
7500 1.5466988
7600 1.7843503
7700 1.3596324
7800 1.394042
7900 1.5970359
8000 1.4236864
8100 1.4594917
8200 1.5341271
8300 1.5150462
8400 1.4386011
8500 1.6458075
8600 1.4598076
8700 1.452404
8800 1.7043252
8900 1.6170483
9000 1.5067893
9100 1.5326164
9200 1.5349584
9300 1.5465381
9400 1.7127978
9500 1.4895935
9600 1.3936366
9700 1.3837274
9800 1.4400845
9900 1.5848842
10000 1.5897242
10100 1.4453018
10200 1.3397114
10300 1.3261793
10400 1.5284634
10500 1.6952016
10600 1.5498432
10700 1.5965691
10800 1.3197128
10900 1.4843976
11000 1.4022177
11100 1.557361
11200 1.5237762
11300 1.6734781
11400 1.6612439
11500 1.6012304
11600 1.5510777
11700 1.5962923
11800 1.6107832
11900 1.5133398
12000 1.4533932
12100 1.5293303
12200 1.4253457
12300 1.4517691
12400 1.61536
12500 1.6007155
12600 1.4998348
12700 1.3788236
12800 1.5095136
12900 1.6381155
13000 1.6278778
13100 1.5533584
13200 1.3503433
13300 1.648284
13400 1.6278852
13500 1.4721092
13600 1.4788876
13700 1.6195785
13800 1.5208933
13900 1.5334913
14000 1.3850749
14100 1.4897563
14200 1.6639067
14300 1.4117362
14400 1.4957147
14500 1.7538166
14600 1.5242949
14700 1.4295505
14800 1.4775212
14900 1.5547378
15000 1.5023029
15100 1.4355826
15200 1.2450665
15300 1.4302285
15400 1.5224324
15500 1.6365957
15600 1.4447299
15700 1.4568207
15800 1.7493905
15900 1.5269839
16000 1.3538326
16100 1.4514661
16200 1.5349424
16300 1.856575
16400 1.4842745
16500 1.4554594
16600 1.4108608
16700 1.6242324
16800 1.4920942
16900 1.607957
17000 1.4107102
17100 1.3914398
17200 1.4727231
17300 1.4749329
17400 1.5151241
17500 1.3331664
17600 1.2731086
17700 1.4157155
17800 1.548403
17900 1.528055
18000 1.4454716
18100 1.6470119
18200 1.4307234
18300 1.6386594
18400 1.4509821
18500 1.3458192
18600 1.5674825
18700 1.5558782
18800 1.3444433
18900 1.2770709
19000 1.342392
19100 1.4477036
19200 1.3899069
19300 1.5152291
19400 1.4746971
19500 1.5457872
19600 1.4210348
19700 1.3821056
19800 1.2668974
19900 1.3175658
20000 1.5331762
20100 1.4282407
20200 1.4830803
20300 1.3327634
20400 1.414501
20500 1.3918835
20600 1.5901275
20700 1.3159808
20800 1.4115169
20900 1.5132875
21000 1.3269013
21100 1.4479804
21200 1.471401
21300 1.4811695
21400 1.4095432
21500 1.2828536
21600 1.5300771
21700 1.2982159
21800 1.3787442
21900 1.3711488
22000 1.4988418
22100 1.4069431
22200 1.4462382
22300 1.4466193
22400 1.4724746
22500 1.3757498
22600 1.3025059
22700 1.481075
22800 1.3312978
22900 1.5808161
23000 1.769334
23100 1.3444849
23200 1.498368
23300 1.4509006
23400 1.2714857
23500 1.3120711
23600 1.5082566
23700 1.4120427
23800 1.4352076
23900 1.3794816
24000 1.5254011
24100 1.4952909
24200 1.345221
24300 1.379551
24400 1.6756862
24500 1.2583494
24600 1.4608141
24700 1.3884708
24800 1.436603
24900 1.5029159
25000 1.3554202
25100 1.4659837
25200 1.3846257
25300 1.2894814
25400 1.327054
25500 1.4772601
25600 1.4265695
25700 1.5752624
25800 1.3996991
25900 1.4505435
26000 1.5260243
26100 1.4331374
26200 1.3780805
26300 1.403456
26400 1.4759667
26500 1.420008
26600 1.4602709
26700 1.4878609
26800 1.3360426
26900 1.4864303
27000 1.4458987
27100 1.3768868
27200 1.4378939
27300 1.330852
27400 1.5455666
27500 1.3728867
27600 1.5274745
27700 1.3775501
27800 1.4850683
27900 1.4028248
28000 1.3524337
28100 1.4611204
28200 1.6365073
28300 1.3516846
28400 1.7608705
28500 1.4161975
28600 1.4841844
28700 1.3452452
28800 1.5648224
28900 1.6638266
29000 1.3680458
29100 1.4477913
29200 1.404137
29300 1.4742253
29400 1.2901205
29500 1.4767859
29600 1.6068938
29700 1.2398145
29800 1.41804
29900 1.3591869
30000 1.5492111
30100 1.2766273
30200 1.4548129
30300 1.3022679
30400 1.5742625
30500 1.5100286
30600 1.4479408
30700 1.5342853
30800 1.6860927
30900 1.36395
31000 1.5947856
31100 1.3543706
31200 1.5349857
31300 1.5688916
31400 1.4186808
31500 1.4023061
31600 1.4328249
31700 1.3487756
31800 1.5051632
31900 1.4221348
32000 1.5205437
32100 1.5718017
32200 1.5112503
32300 1.3235731
32400 1.3747478
32500 1.2917627
32600 1.3273776
32700 1.6013322
32800 1.5306661
32900 1.4753153
33000 1.3007256
33100 1.4825091
33200 1.3229898
33300 1.4210726
33400 1.3971428
33500 1.6166937
33600 1.4497031
33700 1.5369365
33800 1.4186124
33900 1.4411161
34000 1.4508243
34100 1.3333347
34200 1.3987688
34300 1.3890734
34400 1.3680117
34500 1.3693168
34600 1.4964371
34700 1.432535
34800 1.4342781
34900 1.4165822
35000 1.3926528
35100 1.3152994
35200 1.336617
35300 1.3341129
35400 1.4532572
35500 1.2800678
35600 1.2993474
35700 1.3687257
35800 1.4123843
35900 1.6568217
36000 1.4222302
36100 1.3097117
36200 1.4470891
36300 1.365747
36400 1.5132246
36500 1.3074485
36600 1.5722388
36700 1.3289113
36800 1.2490749
36900 1.3087373
37000 1.3262389
37100 1.3972443
37200 1.1911148
37300 1.3937252
37400 1.4311361
37500 1.3716321
37600 1.3520072
37700 1.5685494
37800 1.2368051
37900 1.354571
38000 1.4807819
38100 1.6274586
38200 1.5453131
38300 1.4183306
38400 1.3909779
38500 1.5513946
38600 1.6256338
38700 1.5331959
38800 1.6493642
38900 1.5437098
39000 1.4407809
39100 1.2620028
39200 1.5143814
39300 1.5989585
39400 1.5165539
39500 1.4966269
39600 1.467982
39700 1.2792434
39800 1.4444509
39900 1.4539033
40000 1.3966389
40100 1.6004082
40200 1.4590085
40300 1.4463454
40400 1.4387239
40500 1.3513023
40600 1.4887252
40700 1.3296297
40800 1.5934033
40900 1.4916605
41000 1.5081148
41100 1.3848798
41200 1.3401566
41300 1.5401108
41400 1.2984002
41500 1.5921427
41600 1.555798
41700 1.6375512
41800 1.4866982
41900 1.5023791
42000 1.423
42100 1.4143978
42200 1.3823665
42300 1.4960388
42400 1.3497307
42500 1.5547044
42600 1.3199995
42700 1.4846437
42800 1.4173748
42900 1.4491705
43000 1.3014717
43100 1.461164
43200 1.5398396
43300 1.5180117
43400 1.3257561
43500 1.514785
43600 1.4254711
43700 1.4611313
43800 1.2233335
43900 1.1698304
44000 1.3303778
44100 1.5425375
44200 1.4485706
44300 1.5664322
44400 1.2899979
44500 1.242099
44600 1.3274219
44700 1.5057945
44800 1.4319053
44900 1.4251024
45000 1.4296657
45100 1.4627738
45200 1.4817059
45300 1.3383021
45400 1.6554031
45500 1.4354113
45600 1.485131
45700 1.380783
45800 1.3719563
45900 1.4276088
46000 1.5420353
46100 1.7044276
46200 1.2914069
46300 1.2468404
46400 1.5915699
46500 1.361078
46600 1.4875197
46700 1.5549375
46800 1.377287
46900 1.3204147
47000 1.4301581
47100 1.6642681
47200 1.4751854
47300 1.5068524
47400 1.3505464
47500 1.495677
47600 1.4125011
47700 1.2655616
47800 1.5706259
47900 1.5057111
48000 1.3993105
48100 1.3344591
48200 1.6033235
48300 1.2617335
48400 1.664101
48500 1.6654058
48600 1.4696714
48700 1.5357276
48800 1.4460553
48900 1.5105937
49000 1.5160766
49100 1.3371035
49200 1.5997612
49300 1.6079985
49400 1.6102425
49500 1.5757176
49600 1.354983
49700 1.4359422
49800 1.4775848
