0 26.173243
100 10.857412
200 9.389962
300 8.469382
400 8.312948
500 7.4764147
600 7.492028
700 7.4731274
800 7.8763165
900 7.4778476
1000 6.795604
1100 7.6740074
1200 7.5426726
1300 7.116717
1400 7.3077235
1500 7.0851626
1600 7.085684
1700 7.018839
1800 6.8504024
1900 6.6611643
2000 6.732607
2100 6.886065
2200 7.010965
2300 6.047784
2400 6.3335695
2500 7.342912
2600 6.407626
2700 6.603608
2800 6.503341
2900 6.1581244
3000 6.924842
3100 6.7550087
3200 6.5614443
3300 5.858331
3400 6.681055
3500 6.8391433
3600 5.978733
3700 6.1333756
3800 6.969481
3900 6.2821198
4000 6.629324
4100 6.685616
4200 6.461434
4300 6.1773353
4400 6.422399
4500 6.2782683
4600 5.706686
4700 6.2720385
4800 5.857874
4900 5.915159
5000 6.070272
5100 6.4907627
5200 6.74422
5300 6.5667467
5400 6.1793437
5500 6.1169667
5600 6.286263
5700 6.51205
5800 6.194648
5900 5.881846
6000 6.87311
6100 6.301759
6200 6.5647964
6300 6.2141185
6400 6.532166
6500 6.0559144
6600 5.6927567
6700 6.6379137
6800 6.423127
6900 6.4832025
7000 6.4824452
7100 6.145858
7200 6.4461684
7300 6.1315756
7400 6.5329366
7500 6.240033
7600 6.698073
7700 6.360047
7800 6.0334835
7900 6.0153184
8000 6.0192776
8100 6.172745
8200 6.2512035
8300 6.1696944
8400 5.825237
8500 6.431702
8600 6.0964384
8700 6.3717327
8800 6.561185
8900 6.255351
9000 6.397977
9100 5.9225864
9200 6.368428
9300 6.73596
9400 6.423298
9500 6.2768106
9600 5.9138427
9700 5.846779
9800 5.856799
9900 6.746183
10000 6.6100197
10100 6.087538
10200 6.231821
10300 5.7378454
10400 6.390805
10500 6.7988033
10600 6.6822233
10700 6.5500793
10800 5.541722
10900 6.381128
11000 6.1959867
11100 6.618117
11200 6.315179
11300 6.555468
11400 6.4353127
11500 6.6610584
11600 5.8811235
11700 6.565885
11800 6.4868608
11900 6.172555
12000 6.2138343
12100 6.1213074
12200 5.7239833
12300 6.351507
12400 6.19542
12500 6.7420588
12600 5.860592
12700 5.671471
12800 6.106509
12900 6.4062996
13000 6.8403955
13100 6.4099855
13200 6.080404
13300 6.6288223
13400 6.263438
13500 6.4521227
13600 6.314272
13700 6.29449
13800 6.2940025
13900 6.145194
14000 5.893921
14100 6.121824
14200 6.7934556
14300 6.403489
14400 5.658908
14500 6.668846
14600 6.4513903
14700 5.9322014
14800 6.265732
14900 6.459097
15000 6.2024655
15100 5.4709964
15200 5.9423237
15300 5.909487
15400 6.725306
15500 6.7917094
15600 6.178028
15700 6.252209
15800 6.66215
15900 6.61523
16000 5.8867
16100 5.984107
16200 6.2294436
16300 7.4297943
16400 6.319475
16500 6.5255246
16600 6.0390463
16700 6.365062
16800 6.43705
16900 7.029975
17000 6.0146756
17100 6.308294
17200 6.000771
17300 6.4209003
17400 6.625346
17500 6.055434
17600 5.8181815
17700 6.1759987
17800 6.3631773
17900 6.097013
18000 5.9671197
18100 6.466274
18200 6.1118426
18300 6.4838324
18400 6.204927
18500 5.947158
18600 6.278906
18700 6.105102
18800 6.1343765
18900 5.746044
19000 6.215762
19100 6.4727864
19200 6.356947
19300 6.399761
19400 6.597473
19500 6.6386514
19600 5.780559
19700 6.34894
19800 5.8389344
19900 6.4920177
20000 6.7299414
20100 6.442439
20200 6.2535496
20300 5.9418607
20400 6.013133
20500 6.3033557
20600 6.402265
20700 6.061755
20800 6.098549
20900 6.479143
21000 6.2822423
21100 5.9283595
21200 6.4595675
21300 6.316441
21400 6.2509995
21500 6.175386
21600 6.4628096
21700 5.748506
21800 6.322418
21900 5.9116225
22000 6.497964
22100 6.2595925
22200 6.310896
22300 6.1509695
22400 6.3337755
22500 6.0353765
22600 6.064629
22700 6.2706723
22800 6.1394305
22900 6.378188
23000 6.430746
23100 6.0501184
23200 6.6526814
23300 6.0040684
23400 5.709663
23500 5.976793
23600 6.4788375
23700 6.2566886
23800 5.9430714
23900 6.1890354
24000 6.3149967
24100 6.2415285
24200 6.3499136
24300 6.604331
24400 6.209546
24500 6.202652
24600 6.201699
24700 6.138154
24800 6.2778797
24900 6.4117904
25000 5.739078
25100 6.4666157
25200 5.5710535
25300 5.688406
25400 5.9025755
25500 6.280615
25600 6.1046042
25700 6.260993
25800 6.3492527
25900 6.559071
26000 6.271092
26100 6.224179
26200 5.856947
26300 6.0822787
26400 6.230574
26500 6.080443
26600 6.3401403
26700 6.3764834
26800 6.174265
26900 6.1001034
27000 6.297716
27100 5.9647293
27200 6.1774364
27300 6.433371
27400 6.552036
27500 6.2725005
27600 6.4916916
27700 6.0588827
27800 5.882066
27900 5.9941874
28000 6.3691816
28100 6.660681
28200 6.583502
28300 6.0843363
28400 7.1554084
28500 6.2783356
28600 6.317009
28700 6.095614
28800 6.8161716
28900 6.8218236
29000 5.989259
29100 6.2326684
29200 6.5185537
29300 6.3137507
29400 6.049569
29500 6.224013
29600 6.0335817
29700 6.1282024
29800 6.2877207
29900 6.2626157
30000 6.608889
30100 5.980319
30200 6.1378145
30300 5.9877644
30400 6.504824
30500 6.306109
30600 6.3853006
30700 6.7700877
30800 6.6775665
30900 5.928244
31000 6.2988753
31100 6.199377
31200 6.4368353
31300 6.7482166
31400 6.252713
31500 6.310452
31600 6.002326
31700 5.869315
31800 5.9857965
31900 6.630414
32000 6.4547076
32100 6.113391
32200 6.2597
32300 5.7985334
32400 6.299201
32500 5.740606
32600 6.0241704
32700 6.596903
32800 6.261451
32900 6.105711
33000 5.949928
33100 6.6299443
33200 5.823303
33300 6.018263
33400 6.417422
33500 6.178993
33600 6.294332
33700 6.5206904
33800 5.8374977
33900 5.9114
34000 6.0592513
34100 6.1125655
34200 5.923603
34300 6.0474167
34400 5.8471885
34500 6.051345
34600 6.3888845
34700 6.1821613
34800 6.317573
34900 6.282651
35000 6.0903454
35100 5.836965
35200 6.078219
35300 6.000203
35400 6.3221135
35500 5.6768394
35600 5.988343
35700 5.702545
35800 6.36712
35900 5.746854
36000 5.9255023
36100 6.0841293
36200 6.1966166
36300 6.0216594
36400 6.6471863
36500 6.1910057
36600 6.711047
36700 5.693054
36800 5.7256813
36900 6.069231
37000 6.178899
37100 6.0929556
37200 5.7237687
37300 6.2784104
37400 5.878331
37500 6.2696667
37600 6.130858
37700 6.0967884
37800 5.6418705
37900 5.968805
38000 6.10678
38100 6.2836814
38200 6.260311
38300 6.1493144
38400 6.0957756
38500 6.41576
38600 6.3420057
38700 6.4169397
38800 6.3326154
38900 6.4477406
39000 5.9217477
39100 5.66734
39200 6.421054
39300 6.2055073
39400 6.084282
39500 5.85637
39600 6.3329015
39700 5.941886
39800 6.086208
39900 6.2958174
40000 6.0662875
40100 6.0158367
40200 6.0081654
40300 6.417552
40400 6.494975
40500 6.166151
40600 6.400072
40700 6.1660676
40800 6.1793785
40900 6.031
41000 6.341922
41100 5.9055696
41200 6.1360893
41300 6.04701
41400 6.264362
41500 6.8627024
41600 6.480408
41700 6.426083
41800 6.340086
41900 6.2605867
42000 6.406887
42100 5.878157
42200 5.9221964
42300 6.1373844
42400 6.131871
42500 6.6511936
42600 5.836526
42700 6.171974
42800 6.102508
42900 5.8722687
43000 5.8758793
43100 6.003498
43200 6.087434
43300 6.4351788
43400 6.1692967
43500 6.1785493
43600 6.3403873
43700 6.0729337
43800 5.437038
43900 5.6250935
44000 6.183137
44100 6.21922
44200 6.100564
44300 6.68631
44400 6.154148
44500 5.9115233
44600 6.0803733
44700 6.159272
44800 6.0857744
44900 5.892661
45000 6.278587
45100 6.202174
45200 6.098648
45300 6.0117884
45400 6.604802
45500 6.201119
45600 6.5504436
45700 6.0587096
45800 5.8531713
45900 6.103181
46000 6.1136885
46100 6.263238
46200 5.86761
46300 6.034658
46400 6.2947807
46500 6.344898
46600 6.2094374
46700 6.611218
46800 5.984919
46900 5.8975506
47000 6.557986
47100 6.6598587
47200 6.265467
47300 6.272187
47400 6.086046
47500 6.621444
47600 6.34057
47700 5.9800706
47800 6.2395897
47900 6.421906
48000 6.0608177
48100 5.6781507
48200 6.8455067
48300 5.848971
48400 6.3802648
48500 6.7069116
48600 6.399537
48700 6.195368
48800 5.898605
48900 6.170981
49000 6.083689
49100 5.9432087
49200 6.574353
49300 6.712679
49400 6.491144
49500 6.545237
49600 5.861221
49700 6.0511146
49800 6.052521
