0 5.878369
100 0.62200147
200 0.1485093
300 0.2469402
400 0.16553314
500 0.14775223
600 0.2647252
700 0.13536449
800 0.23497736
900 0.29782346
1000 0.48969677
1100 0.028350107
1200 0.2764776
1300 0.13173114
1400 0.19691208
1500 0.047031514
1600 0.110143065
1700 0.25283936
1800 0.11840256
1900 0.055207856
2000 0.052287914
2100 0.030914867
2200 0.042829335
2300 0.20450246
2400 0.28060174
2500 0.020939438
2600 0.051675018
2700 0.051094793
2800 0.08000019
2900 0.2360638
3000 0.36409712
3100 0.077851765
3200 0.33920792
3300 0.112873666
3400 0.17085075
3500 0.018549157
3600 0.01750781
3700 0.28312856
3800 0.035593703
3900 0.0054870322
4000 0.058677584
4100 0.026825182
4200 0.0487406
4300 0.024556387
4400 0.052282173
4500 0.02828443
4600 0.022617605
4700 0.020486483
4800 0.23502651
4900 0.0078439135
5000 0.009385691
5100 0.038200974
5200 0.0053245383
5300 0.009807133
5400 0.004450345
5500 0.20967609
5600 0.015328524
5700 0.20054658
5800 0.015593905
5900 0.28859013
6000 0.012480819
6100 0.026057016
6200 0.09558188
6300 0.003415241
6400 0.16055925
6500 0.0034809415
6600 0.0446414
6700 0.011359771
6800 0.0040560383
6900 0.007953555
7000 0.006827778
7100 0.011657663
7200 0.009997156
7300 0.010809647
7400 0.031433273
7500 0.0053141983
7600 0.024545765
7700 0.005049443
7800 0.0028724293
7900 0.073524155
8000 0.0051825796
8100 0.0146719795
8200 0.0057845465
8300 0.005781075
8400 0.0071208524
8500 0.004433662
8600 0.005514312
8700 0.024962926
8800 0.01692801
8900 0.0004163162
9000 0.005243493
9100 0.0136213135
9200 0.01532857
9300 0.0051884027
9400 0.0020691277
9500 0.0042614858
9600 0.007959789
9700 0.003924286
9800 0.0042178007
9900 0.007095902
10000 0.0136388615
10100 0.037187286
10200 0.017529977
10300 0.0131361345
10400 0.01100507
10500 0.003993087
10600 0.0035700141
10700 0.009807886
10800 0.013803221
10900 0.0050839325
11000 0.00812761
11100 0.012791823
11200 0.0007216033
11300 0.0064847837
11400 0.0054311785
11500 0.005952949
11600 0.0053469227
11700 0.0014567324
11800 0.0012024608
11900 0.0047402214
12000 0.0031027773
12100 0.059487328
12200 0.005755804
12300 0.007823091
12400 0.0035663175
12500 0.00071292336
12600 0.007691381
12700 0.001886873
12800 0.0055993753
12900 0.0028180368
13000 0.00034579536
13100 0.0020987324
13200 0.011310783
13300 0.00049566355
13400 0.0074451086
13500 0.0026217394
13600 0.0024321172
13700 0.0033340373
13800 0.0011839381
13900 0.01300454
14000 0.006964248
14100 0.007258795
14200 0.0021563314
14300 0.0012940445
14400 0.0014555028
14500 0.011608524
14600 0.01147156
14700 0.00765674
14800 0.0104114525
14900 0.005465798
15000 0.0016081526
15100 0.01319661
15200 0.01221806
15300 0.0019393817
15400 0.0043832064
15500 0.003702351
15600 0.0057638926
15700 0.004944459
15800 0.0025042088
15900 0.0009898482
16000 0.0018881245
16100 0.0014613485
16200 0.0007342684
16300 0.0053273304
16400 0.007843114
16500 0.008702251
16600 0.005418876
16700 0.004469009
16800 0.0016990666
16900 0.0030988832
17000 0.00048211328
17100 0.0045792195
17200 0.0029602859
17300 0.0017020636
17400 0.002044273
17500 0.0024445741
17600 0.0056798016
17700 0.004819996
17800 0.0047816522
17900 0.001721131
18000 0.0009833714
18100 0.005148998
18200 0.0097326925
18300 0.0013758418
18400 0.0011198862
18500 0.0013455976
18600 0.0032757837
18700 0.002072486
18800 0.0021263424
18900 0.004334588
19000 0.00079548726
