0 4.074575
100 0.43113858
200 0.1029388
300 0.1711659
400 0.11473883
500 0.10241404
600 0.18349354
700 0.09382751
800 0.1628739
900 0.20643549
1000 0.33943194
1100 0.019650796
1200 0.19163968
1300 0.09130906
1400 0.13648905
1500 0.032599762
1600 0.076345354
1700 0.17525488
1800 0.0820704
1900 0.03826717
2000 0.03624322
2100 0.021428553
2200 0.029687032
2300 0.1417503
2400 0.1944983
2500 0.014514112
2600 0.035818394
2700 0.035416212
2800 0.055451907
2900 0.16362695
3000 0.2523729
3100 0.053962734
3200 0.23512101
3300 0.07823806
3400 0.11842471
3500 0.012857296
3600 0.01213549
3700 0.19624977
3800 0.024671676
3900 0.003803321
4000 0.0406722
4100 0.0185938
4200 0.033784408
4300 0.01702119
4400 0.03623924
4500 0.019605273
4600 0.01567733
4700 0.014200148
4800 0.16290796
4900 0.0054369867
5000 0.0065056654
5100 0.026478898
5200 0.0036906886
5300 0.006797787
5400 0.003084744
5500 0.14533639
5600 0.010624923
5700 0.1390083
5800 0.010808871
5900 0.20003544
6000 0.008651044
6100 0.018061347
6200 0.06625231
6300 0.0023672646
6400 0.11129119
6500 0.0024128049
6600 0.030943062
6700 0.007873993
6800 0.0028114317
6900 0.0055129845
7000 0.0047326554
7100 0.008080476
7200 0.006929501
7300 0.0074926764
7400 0.021787886
7500 0.0036835216
7600 0.017013827
7700 0.003500007
7800 0.0019910163
7900 0.05096306
8000 0.0035922904
8100 0.010169841
8200 0.004009542
8300 0.004007136
8400 0.0049357987
8500 0.0030731803
8600 0.00382223
8700 0.017302983
8800 0.011733603
8900 0.0002885684
9000 0.0036345122
9100 0.009441575
9200 0.010624955
9300 0.0035963266
9400 0.0014342101
9500 0.0029538367
9600 0.005517305
9700 0.0027201078
9800 0.0029235566
9900 0.0049185045
10000 0.009453738
10100 0.025776261
10200 0.012150855
10300 0.009105274
10400 0.007628133
10500 0.002767797
10600 0.0024745453
10700 0.0067983083
10800 0.009567664
10900 0.0035239134
11000 0.00563363
11100 0.008866616
11200 0.00050017727
11300 0.0044949097
11400 0.003764606
11500 0.00412627
11600 0.0037062045
11700 0.0010097299
11800 0.00083348237
11900 0.0032856711
12000 0.0021506813
12100 0.041233473
12200 0.003989619
12300 0.0054225535
12400 0.002471983
12500 0.0004941608
12600 0.005331259
12700 0.0013078807
12800 0.0038811914
12900 0.0019533143
13000 0.00023968708
13100 0.0014547305
13200 0.007840037
13300 0.0003435678
13400 0.005160556
13500 0.0018172513
13600 0.0016858153
13700 0.0023109785
13800 0.0008206434
13900 0.00901406
14000 0.004827249
14100 0.0050314134
14200 0.001494655
14300 0.0008969633
14400 0.0010088776
14500 0.008046416
14600 0.007951479
14700 0.005307248
14800 0.0072166687
14900 0.0037886025
15000 0.0011146865
15100 0.009147193
15200 0.008468914
15300 0.0013442769
15400 0.0030382073
15500 0.002566274
15600 0.0039952258
15700 0.0034272377
15800 0.0017357853
15900 0.00068611046
16000 0.0013087481
16100 0.0010129296
16200 0.0005089561
16300 0.003692624
16400 0.0054364325
16500 0.006031941
16600 0.003756079
16700 0.003097681
16800 0.0011777033
16900 0.0021479821
17000 0.00033417545
17100 0.003174073
17200 0.0020519139
17300 0.0011797806
17400 0.0014169822
17500 0.0016944497
17600 0.0039369385
17700 0.0033409668
17800 0.003314389
17900 0.0011929971
18000 0.0006816211
18100 0.0035690134
18200 0.0067461883
18300 0.00095366087
18400 0.00077624596
18500 0.00093269715
18600 0.0022706003
18700 0.0014365378
18800 0.0014738683
18900 0.0030045076
19000 0.00055138976
