0 3.7322474
100 1.5873001
200 1.3539379
300 1.3861811
400 1.2679142
500 1.278825
600 1.2871222
700 1.3557845
800 1.1115551
900 1.1630118
1000 1.146457
1100 1.1071899
1200 1.251389
1300 1.2641556
1400 1.1273835
1500 1.1287521
1600 1.14576
1700 1.1754601
1800 1.1478475
1900 1.1585432
2000 1.1489434
2100 1.0785944
2200 1.069587
2300 1.0816998
2400 1.1994965
2500 1.0741825
2600 1.0966966
2700 1.1378189
2800 1.1969771
2900 1.2340988
3000 1.2127374
3100 1.2017056
3200 1.1895151
3300 1.1712996
3400 1.1822562
3500 1.0670018
3600 1.0617603
3700 1.0987536
3800 1.0933582
3900 1.0247841
4000 1.0924491
4100 1.0738218
4200 1.0988
4300 1.0814182
4400 1.1201977
4500 1.0792782
4600 1.0714664
4700 1.0359085
4800 1.1655027
4900 1.0287018
5000 1.0346003
5100 1.0757687
5200 1.0179744
5300 1.0340946
5400 1.0196722
5500 1.1365366
5600 1.055718
5700 1.1148179
5800 1.0507164
5900 1.0356634
6000 1.0437652
6100 1.0661709
6200 1.0941548
6300 1.0146763
6400 1.1550636
6500 1.0150785
6600 1.1251001
6700 1.0325758
6800 1.0162513
6900 1.0312176
7000 1.0283914
7100 1.0398171
7200 1.0353885
7300 1.0388898
7400 1.0912251
7500 1.0191416
7600 1.059419
7700 1.0200783
7800 1.012763
7900 1.0487051
8000 1.0214224
8100 1.0393362
8200 1.0202076
8300 1.0209794
8400 1.0261667
8500 1.0178175
8600 1.0170088
8700 1.0601679
8800 1.050418
8900 1.0023005
9000 1.0235301
9100 1.0468659
9200 1.0317279
9300 1.0208899
9400 1.0099577
9500 1.0180213
9600 1.0270104
9700 1.0160354
9800 1.0176762
9900 1.0235183
10000 1.0426124
10100 1.0483173
10200 1.051957
10300 1.0344566
10400 1.0339804
10500 1.0180418
10600 1.0132821
10700 1.0378596
10800 1.0449798
10900 1.0201619
11000 1.0285878
11100 1.041075
11200 1.0038164
11300 1.0246961
11400 1.0216731
11500 1.022408
11600 1.0206513
11700 1.0067984
11800 1.0063903
11900 1.0204327
12000 1.010988
12100 1.1293329
12200 1.0219722
12300 1.022104
12400 1.0133214
12500 1.0035508
12600 1.0253366
12700 1.0083346
12800 1.019825
12900 1.013218
13000 1.0019958
13100 1.0097425
13200 1.0281733
13300 1.002686
13400 1.027539
13500 1.0103757
13600 1.0104208
13700 1.0126516
13800 1.0054715
13900 1.0456915
14000 1.0237365
14100 1.02523
14200 1.0084879
14300 1.0064666
14400 1.0066466
14500 1.0305364
14600 1.0435221
14700 1.0318202
14800 1.0418198
14900 1.0204511
15000 1.0074537
15100 1.049453
15200 1.0405643
15300 1.0083879
15400 1.0175643
15500 1.0137974
15600 1.0208607
15700 1.0161715
15800 1.0098174
15900 1.0044005
16000 1.0083766
16100 1.0071416
16200 1.0038822
16300 1.0218523
16400 1.0256264
16500 1.0319608
16600 1.020641
16700 1.0172024
16800 1.0076146
16900 1.0127963
17000 1.0026854
17100 1.014157
17200 1.0123333
17300 1.0073564
17400 1.0088687
17500 1.0098858
17600 1.0210047
17700 1.0177135
17800 1.0184839
17900 1.0069854
18000 1.0050075
18100 1.0155157
18200 1.0369476
18300 1.0065401
18400 1.0055013
18500 1.006314
18600 1.0120878
18700 1.0091789
18800 1.0089593
18900 1.0180259
19000 1.003902
