0 5.7820663
100 0.73669803
200 0.5466457
300 0.3907727
400 0.10366254
500 0.22739877
600 0.08860831
700 0.16535887
800 0.3542869
900 0.2085573
1000 0.012253358
1100 0.21571049
1200 0.17478788
1300 0.109517545
1400 0.083260395
1500 0.21434613
1600 0.048632137
1700 0.22906727
1800 0.012251806
1900 0.02661768
2000 0.50321025
2100 0.12168909
2200 0.02615846
2300 0.124874644
2400 0.116556525
2500 0.1743034
2600 0.022446405
2700 0.06339589
2800 0.24824761
2900 0.08090295
3000 0.045840625
3100 0.004535033
3200 0.07336015
3300 0.15025267
3400 0.25660145
3500 0.008231144
3600 0.022453194
3700 0.020866765
3800 0.015622933
3900 0.0077279536
4000 0.0387628
4100 0.014859416
4200 0.23249707
4300 0.19067888
4400 0.06935519
4500 0.04205291
4600 0.0021847978
4700 0.09228818
4800 0.083794706
4900 0.20327929
5000 0.0030232517
5100 0.02097477
5200 0.012970226
5300 0.003166955
5400 0.0037684287
5500 0.044809565
5600 0.18967089
5700 0.010093656
5800 0.033772916
5900 0.0017867124
6000 0.05064638
6100 0.009502412
6200 0.01542979
6300 0.038045175
6400 0.0017373025
6500 0.08006262
6600 0.007884664
6700 0.0094854
6800 0.015560864
6900 0.0022961828
7000 0.006878946
7100 0.014265774
7200 0.0040918943
7300 0.002969972
7400 0.0066006295
7500 0.0135796415
7600 0.03962055
7700 0.0040797773
7800 0.008469577
7900 0.045354143
8000 0.01095643
8100 0.134214
8200 0.00031141745
8300 0.013995658
8400 0.010344176
8500 0.015319619
8600 0.019297246
8700 0.006368071
8800 0.013469354
8900 0.018987179
9000 0.021845177
9100 0.00526015
9200 0.0044259243
9300 0.006266331
9400 0.005032402
9500 0.0047380463
9600 0.036450375
9700 0.028904358
9800 0.043939006
9900 0.0062763602
10000 0.00070545136
10100 0.0036957264
10200 0.016427845
10300 0.0004242449
10400 0.0030627484
10500 0.015221741
10600 0.0033215703
10700 0.0019135454
10800 0.0024656928
10900 0.0031706244
11000 0.0060161646
11100 0.0007833116
11200 0.002396311
11300 0.005930201
11400 0.00041432015
11500 0.011211039
11600 0.0061883805
11700 0.0024730829
11800 0.0008270194
11900 0.004821116
12000 0.0072792945
12100 0.00224
12200 0.0005168655
12300 0.0017912574
12400 0.0039144345
12500 0.00802429
12600 0.0007429105
12700 0.002124452
12800 0.002208943
12900 0.029629765
13000 0.0062476736
13100 0.0046349578
13200 0.008007741
13300 0.008194783
13400 0.00015904295
13500 0.0050475476
13600 0.016460456
13700 0.0034505362
13800 0.00022203069
13900 0.00258287
14000 0.0026874922
14100 0.0005545366
14200 0.007249414
14300 0.0015438271
14400 0.0011955972
14500 0.00039498374
14600 0.0052991887
14700 0.002093514
14800 0.00037359205
14900 0.0048229196
15000 0.00063115143
15100 0.0027090379
15200 0.00166254
15300 0.0019351259
15400 0.0017578533
15500 0.003890351
15600 0.003298751
15700 0.0046324264
15800 0.0005431029
15900 0.0042967973
16000 0.00084929465
16100 0.0050455886
16200 0.0008726334
16300 0.005028123
16400 0.0025868467
16500 0.0016182704
16600 0.0018723231
16700 0.00189329
16800 0.001738468
16900 0.0024412996
17000 0.0042652483
17100 0.0036580025
17200 0.0021169425
17300 0.00038356436
17400 0.0018455572
17500 0.0004726545
17600 0.0021068982
17700 0.0017095734
17800 0.00074870256
