0 4.007823
100 0.51064014
200 0.37890592
300 0.270863
400 0.0718534
500 0.15762082
600 0.0614186
700 0.11461803
800 0.24557297
900 0.1445609
1000 0.008493381
1100 0.14951912
1200 0.12115373
1300 0.075911775
1400 0.057711706
1500 0.14857341
1600 0.033709228
1700 0.15877733
1800 0.008492305
1900 0.01844997
2000 0.34879875
2100 0.08434845
2200 0.018131662
2300 0.08655651
2400 0.080790825
2500 0.12081791
2600 0.015558662
2700 0.043942682
2800 0.17207213
2900 0.05607765
3000 0.0317743
3100 0.0031434454
3200 0.050849386
3300 0.10414722
3400 0.17786257
3500 0.0057053943
3600 0.015563368
3700 0.0144637395
3800 0.010828992
3900 0.0053566094
4000 0.026868327
4100 0.010299762
4200 0.16115469
4300 0.13216853
4400 0.048073355
4500 0.029148856
4600 0.0015143864
4700 0.06396929
4800 0.058082066
4900 0.14090246
5000 0.0020955584
5100 0.014538603
5200 0.008990276
5300 0.002195166
5400 0.0026120758
5500 0.031059623
5600 0.13146985
5700 0.0069963895
5800 0.023409601
5900 0.0012384547
6000 0.035105396
6100 0.0065865703
6200 0.010695116
6300 0.026370907
6400 0.0012042064
6500 0.05549518
6600 0.0054652328
6700 0.0065747784
6800 0.010785969
6900 0.0015915926
7000 0.004768122
7100 0.009888281
7200 0.002836285
7300 0.0020586278
7400 0.004575208
7500 0.00941269
7600 0.027462872
7700 0.002827886
7800 0.0058706636
7900 0.031437095
8000 0.0075944187
8100 0.09303006
8200 0.00021585813
8300 0.009701051
8400 0.0071700364
8500 0.010618751
8600 0.013375832
8700 0.0044140103
8800 0.009336245
8900 0.0131609095
9000 0.015141923
9100 0.003646058
9200 0.0030678168
9300 0.0043434897
9400 0.0034881951
9500 0.0032841635
9600 0.025265476
9700 0.020034974
9800 0.030456198
9900 0.0043504415
10000 0.0004889816
10100 0.0025616824
10200 0.011386914
10300 0.00029406417
10400 0.0021229354
10500 0.010550907
10600 0.0023023372
10700 0.0013263687
10800 0.0017090881
10900 0.0021977094
11000 0.0041700876
11100 0.00054295023
11200 0.0016609961
11300 0.004110502
11400 0.00028718484
11500 0.0077708997
11600 0.0042894585
11700 0.0017142104
11800 0.00057324616
11900 0.003341743
12000 0.0050456226
12100 0.0015526497
12200 0.00035826387
12300 0.001241605
12400 0.0027132793
12500 0.005562014
12600 0.0005149463
12700 0.001472558
12800 0.0015311226
12900 0.020537788
13000 0.0043305573
13100 0.003212708
13200 0.005550543
13300 0.0056801904
13400 0.00011024017
13500 0.0034986935
13600 0.011409519
13700 0.0023917295
13800 0.00015389995
13900 0.0017903091
14000 0.0018628277
14100 0.00038437545
14200 0.005024911
14300 0.0010700994
14400 0.0008287249
14500 0.00027378186
14600 0.0036731176
14700 0.0014511133
14800 0.00025895427
14900 0.003342993
15000 0.00043748083
15100 0.0018777619
15200 0.0011523849
15300 0.0013413271
15400 0.0012184511
15500 0.0026965858
15600 0.00228652
15700 0.0032109534
15800 0.00037645025
15900 0.002978313
16000 0.0005886862
16100 0.0034973354
16200 0.0006048634
16300 0.0034852293
16400 0.0017930656
16500 0.0011216996
16600 0.0012977954
16700 0.0013123286
16800 0.0012050142
16900 0.0016921799
17000 0.0029564449
17100 0.002535534
17200 0.0014673527
17300 0.00026586655
17400 0.0012792428
17500 0.00032761914
17600 0.0014603906
17700 0.001184986
17800 0.00051896105
