0 3.359699
100 1.4887614
200 1.6659207
300 1.4113085
400 1.1700112
500 1.3850837
600 1.255902
700 1.3659942
800 1.1978635
900 1.2989168
1000 1.0487933
1100 1.1850696
1200 1.1436373
1300 1.2682478
1400 1.2167723
1500 1.2116845
1600 1.1063961
1700 1.2511849
1800 1.0443869
1900 1.0976189
2000 1.3181056
2100 1.1137505
2200 1.0854914
2300 1.1680876
2400 1.1547136
2500 1.1316917
2600 1.069482
2700 1.15341
2800 1.2520489
2900 1.1331079
3000 1.1128526
3100 1.0215652
3200 1.1838721
3300 1.1180544
3400 1.2586228
3500 1.0320454
3600 1.0659606
3700 1.0645066
3800 1.0475404
3900 1.028954
4000 1.0970672
4100 1.055179
4200 1.0335002
4300 1.1714453
4400 1.1201265
4500 1.1055384
4600 1.0110219
4700 1.1623974
4800 1.1696808
4900 1.155099
5000 1.013035
5100 1.0672281
5200 1.0391321
5300 1.0134629
5400 1.0164742
5500 1.0639226
5600 1.0619526
5700 1.0342968
5800 1.0684003
5900 1.0079987
6000 1.076494
6100 1.0298425
6200 1.032024
6300 1.0558059
6400 1.0086806
6500 1.0893075
6600 1.0247133
6700 1.0339415
6800 1.0411838
6900 1.0111085
7000 1.0243436
7100 1.0590726
7200 1.0169011
7300 1.0120046
7400 1.0228162
7500 1.0441725
7600 1.0486677
7700 1.0170426
7800 1.0282526
7900 1.1062974
8000 1.0366534
8100 1.0329208
8200 1.0016606
8300 1.0422181
8400 1.0371957
8500 1.0611432
8600 1.0324379
8700 1.0214721
8800 1.0349998
8900 1.0330133
9000 1.0693626
9100 1.0203793
9200 1.0135545
9300 1.0206403
9400 1.016154
9500 1.0198462
9600 1.0658778
9700 1.0945926
9800 1.0554154
9900 1.0247283
10000 1.0036094
10100 1.0138493
10200 1.049777
10300 1.0023358
10400 1.0127623
10500 1.0357456
10600 1.0131294
10700 1.0073693
10800 1.0102637
10900 1.0128642
11000 1.0215132
11100 1.0039837
11200 1.0101681
11300 1.0181949
11400 1.0023245
11500 1.0351295
11600 1.0233142
11700 1.0102332
11800 1.004273
11900 1.0148207
12000 1.0227805
12100 1.0078962
12200 1.0028281
12300 1.0083816
12400 1.0130872
12500 1.0251853
12600 1.0036869
12700 1.0097506
12800 1.0096582
12900 1.0545262
13000 1.017611
13100 1.0163021
13200 1.0232564
13300 1.0274534
13400 1.0009484
13500 1.0169718
13600 1.0473288
13700 1.0138155
13800 1.0012792
13900 1.0101383
14000 1.0098242
14100 1.0027976
14200 1.0272486
14300 1.0069084
14400 1.0058498
14500 1.0023427
14600 1.0228763
14700 1.0084134
14800 1.0020506
14900 1.0200013
15000 1.0029377
15100 1.0108038
15200 1.0064397
15300 1.0077804
15400 1.0075413
15500 1.0143132
15600 1.0145394
15700 1.0183834
15800 1.0025198
15900 1.0162655
16000 1.004231
16100 1.0165743
16200 1.0042804
16300 1.0161681
16400 1.0112824
16500 1.0071539
16600 1.0079644
16700 1.008671
16800 1.006314
16900 1.0104294
17000 1.0146096
17100 1.0143098
17200 1.0092978
17300 1.0021279
17400 1.0083808
17500 1.0025499
17600 1.0087724
17700 1.0073965
17800 1.0037664
