0 0.03125
100 0.375
200 0.21875
300 0.4375
400 0.34375
500 0.46875
600 0.5
700 0.40625
800 0.46875
900 0.375
1000 0.375
1100 0.5
1200 0.53125
1300 0.46875
1400 0.53125
1500 0.5
1600 0.59375
1700 0.46875
1800 0.53125
1900 0.5625
2000 0.6875
2100 0.375
2200 0.53125
2300 0.4375
2400 0.625
2500 0.40625
2600 0.5625
2700 0.5625
2800 0.46875
2900 0.65625
3000 0.59375
3100 0.53125
3200 0.375
3300 0.5625
3400 0.4375
3500 0.71875
3600 0.75
3700 0.59375
3800 0.65625
3900 0.75
4000 0.40625
4100 0.46875
4200 0.375
4300 0.59375
4400 0.5
4500 0.4375
4600 0.40625
4700 0.6875
4800 0.5625
4900 0.5
5000 0.65625
5100 0.46875
5200 0.59375
5300 0.71875
5400 0.53125
5500 0.6875
5600 0.625
5700 0.59375
5800 0.625
5900 0.625
6000 0.625
6100 0.6875
6200 0.75
6300 0.625
6400 0.59375
6500 0.59375
6600 0.59375
6700 0.59375
6800 0.6875
6900 0.59375
7000 0.625
7100 0.71875
7200 0.5
7300 0.65625
7400 0.78125
7500 0.65625
7600 0.53125
7700 0.6875
7800 0.71875
7900 0.71875
8000 0.59375
8100 0.53125
8200 0.75
8300 0.625
8400 0.6875
8500 0.71875
8600 0.6875
8700 0.53125
8800 0.625
8900 0.53125
9000 0.78125
9100 0.65625
9200 0.75
9300 0.8125
9400 0.46875
9500 0.59375
9600 0.8125
9700 0.625
9800 0.71875
9900 0.625
10000 0.6875
10100 0.625
10200 0.59375
10300 0.6875
10400 0.71875
10500 0.625
10600 0.59375
10700 0.625
10800 0.75
10900 0.71875
11000 0.71875
11100 0.625
11200 0.78125
11300 0.6875
11400 0.65625
11500 0.625
11600 0.65625
11700 0.53125
11800 0.8125
11900 0.625
12000 0.71875
12100 0.75
12200 0.71875
12300 0.71875
12400 0.65625
12500 0.6875
12600 0.78125
12700 0.71875
12800 0.65625
12900 0.78125
13000 0.59375
13100 0.71875
13200 0.75
13300 0.46875
13400 0.75
13500 0.65625
13600 0.6875
13700 0.75
13800 0.65625
13900 0.71875
14000 0.65625
14100 0.59375
14200 0.53125
14300 0.65625
14400 0.75
14500 0.75
14600 0.84375
14700 0.625
14800 0.6875
14900 0.6875
15000 0.75
