0 9.650181
100 5.5370007
200 4.6742163
300 4.525491
400 4.9932346
500 4.6151714
600 5.141782
700 4.52506
800 5.185275
900 4.5174236
1000 4.847183
1100 4.5121174
1200 4.4702196
1300 4.6519804
1400 5.1440306
1500 4.651151
1600 4.682787
1700 4.938078
1800 4.0863023
1900 4.6085663
2000 4.6144238
2100 4.9881353
2200 4.5899525
2300 4.2578297
2400 4.3108892
2500 4.132733
2600 4.7231903
2700 4.4747148
2800 4.3282566
2900 4.097329
3000 4.301976
3100 4.104323
3200 4.4128923
3300 4.4961834
3400 4.2701144
3500 3.6565151
3600 3.9774694
3700 4.313213
3800 4.0962048
3900 4.3237534
4000 4.351143
4100 4.8387175
4200 4.1518574
4300 4.3137145
4400 3.7436519
4500 3.9438114
4600 4.089008
4700 4.089183
4800 3.9863706
4900 4.2919407
5000 3.9926653
5100 4.207711
5200 3.9649198
5300 3.8027349
5400 3.6605406
5500 3.96562
5600 3.8666492
5700 3.9211974
5800 3.91316
5900 3.9885101
6000 3.8476524
6100 3.8921595
6200 3.8274398
6300 3.9475894
6400 3.955481
6500 3.7340698
6600 4.1379986
6700 4.2205877
6800 3.5877953
6900 4.0665364
7000 4.0342307
7100 3.7352264
7200 3.9991856
7300 3.5119228
7400 3.577758
7500 3.8736658
7600 3.9669168
7700 3.874136
7800 3.7447078
7900 3.252296
8000 4.037565
8100 3.6345792
8200 3.6447666
8300 2.9526892
8400 3.8818405
8500 3.5529408
8600 3.4652734
8700 3.9644322
8800 3.9863908
8900 3.9869423
9000 3.092339
9100 3.4865308
9200 3.4196386
9300 3.4797058
9400 3.6503837
9500 4.446928
9600 3.915992
9700 3.868393
9800 3.1875925
9900 3.4127507
10000 3.814134
10100 3.8532076
10200 3.552208
10300 3.2102408
10400 2.905899
10500 3.5733764
10600 3.560525
10700 3.5922828
10800 3.422186
10900 3.7199259
11000 3.008895
11100 3.7079973
11200 3.3731437
11300 3.4355025
11400 3.4959893
11500 3.833557
11600 3.4189172
11700 3.6113243
11800 3.2273378
11900 3.6489666
12000 3.837513
12100 3.7135491
12200 3.6712456
12300 3.386748
12400 2.974921
12500 3.5998225
12600 3.1901593
12700 3.5573788
12800 3.6172366
12900 3.78131
13000 3.5644727
13100 3.6195514
13200 3.035815
13300 3.9050138
13400 3.0949905
13500 3.340201
13600 3.1891303
13700 3.5441098
13800 3.7639956
13900 3.4372306
14000 3.193561
14100 3.1525247
14200 3.7746766
14300 3.6695752
14400 3.4504676
14500 3.1191058
14600 3.058082
14700 3.7526455
14800 3.556405
14900 3.2468948
15000 3.2950015
