0 0.021875001
100 0.15625
200 0.375
300 0.46250004
400 0.48125002
500 0.521875
600 0.521875
700 0.46562502
800 0.46250004
900 0.50937504
1000 0.51875
1100 0.4625
1200 0.475
1300 0.490625
1400 0.52187496
1500 0.53749996
1600 0.5
1700 0.44687504
1800 0.521875
1900 0.521875
2000 0.534375
2100 0.51875
2200 0.4875
2300 0.54375
2400 0.55
2500 0.459375
2600 0.52187496
2700 0.503125
2800 0.528125
2900 0.53749996
3000 0.49062502
3100 0.484375
3200 0.50625
3300 0.575
3400 0.5125
3500 0.478125
3600 0.5375
3700 0.50937504
3800 0.49375004
3900 0.453125
4000 0.534375
4100 0.534375
4200 0.546875
4300 0.55
4400 0.546875
4500 0.52812505
4600 0.56874996
4700 0.55312496
4800 0.5843751
4900 0.534375
5000 0.625
5100 0.49062502
5200 0.4875
5300 0.50624996
5400 0.534375
5500 0.60625
5600 0.521875
5700 0.52812505
5800 0.5
5900 0.5
6000 0.47500002
6100 0.515625
6200 0.534375
6300 0.534375
6400 0.47500002
6500 0.55625004
6600 0.54375
6700 0.534375
6800 0.48749995
6900 0.546875
7000 0.49062502
7100 0.51875
7200 0.53125
7300 0.54062504
7400 0.53125
7500 0.515625
7600 0.47812498
7700 0.546875
7800 0.553125
7900 0.5625
8000 0.59375
8100 0.571875
8200 0.55
8300 0.540625
8400 0.553125
8500 0.540625
8600 0.5625
8700 0.55625
8800 0.52187496
8900 0.5125
9000 0.58437496
9100 0.55
9200 0.53125
9300 0.525
9400 0.52500004
9500 0.55
9600 0.58750004
9700 0.575
9800 0.528125
9900 0.515625
10000 0.521875
10100 0.55625004
10200 0.571875
10300 0.615625
10400 0.528125
10500 0.53125
10600 0.515625
10700 0.515625
10800 0.62187505
10900 0.5968751
11000 0.58124995
11100 0.55312496
11200 0.51875
11300 0.5
11400 0.51875
11500 0.53437495
11600 0.58750004
11700 0.503125
11800 0.528125
11900 0.590625
12000 0.565625
12100 0.51875
12200 0.540625
12300 0.565625
12400 0.51875
12500 0.49375004
12600 0.5625
12700 0.55
12800 0.53749996
12900 0.50000006
13000 0.52500004
13100 0.515625
13200 0.58750004
13300 0.5
13400 0.51875
13500 0.559375
13600 0.53125
13700 0.525
13800 0.521875
13900 0.546875
14000 0.56875
14100 0.5343751
14200 0.49687502
14300 0.60625
14400 0.5625
14500 0.49999997
14600 0.55937505
14700 0.55625
14800 0.578125
14900 0.559375
15000 0.52812505
15100 0.54375
15200 0.59374994
15300 0.56874996
15400 0.53125
15500 0.52812505
15600 0.571875
15700 0.565625
15800 0.50000006
15900 0.50937504
16000 0.58750004
16100 0.553125
16200 0.56875
16300 0.46875
16400 0.559375
16500 0.5625
16600 0.571875
16700 0.51562506
16800 0.578125
16900 0.48749998
17000 0.546875
17100 0.5875
17200 0.546875
17300 0.559375
17400 0.534375
17500 0.56874996
17600 0.625
17700 0.5625
17800 0.553125
17900 0.53125006
18000 0.540625
18100 0.52187496
18200 0.565625
18300 0.51875
18400 0.51250005
18500 0.596875
18600 0.534375
18700 0.515625
18800 0.57187504
18900 0.58125
19000 0.6125
19100 0.546875
19200 0.60312504
19300 0.54375
19400 0.53125
19500 0.5625
19600 0.584375
19700 0.571875
19800 0.60625
19900 0.625
20000 0.50937504
20100 0.584375
20200 0.515625
20300 0.578125
20400 0.559375
20500 0.578125
20600 0.52500004
20700 0.584375
20800 0.55
20900 0.55
21000 0.57812494
21100 0.55937505
21200 0.54375
21300 0.515625
21400 0.55
21500 0.58125
21600 0.515625
21700 0.60625
21800 0.56875
21900 0.57187504
22000 0.559375
22100 0.546875
22200 0.56875
22300 0.578125
22400 0.52187496
22500 0.56875
22600 0.5968751
22700 0.528125
22800 0.596875
22900 0.5375
23000 0.48125002
23100 0.5906249
23200 0.54062504
23300 0.565625
23400 0.64374995
23500 0.615625
23600 0.52187496
23700 0.55625
23800 0.56875
23900 0.596875
24000 0.534375
24100 0.56875
24200 0.59062505
24300 0.56875
24400 0.525
24500 0.61875
24600 0.559375
24700 0.56874996
24800 0.56874996
24900 0.49375004
25000 0.571875
25100 0.534375
25200 0.59062505
25300 0.61875004
25400 0.58437496
25500 0.578125
25600 0.60625
25700 0.54062504
25800 0.56875
25900 0.528125
26000 0.534375
26100 0.56875
26200 0.54375
26300 0.571875
26400 0.5375
26500 0.584375
26600 0.55625
26700 0.559375
26800 0.590625
26900 0.553125
27000 0.55
27100 0.625
27200 0.571875
27300 0.628125
27400 0.5625
27500 0.58437496
27600 0.534375
27700 0.58125
27800 0.575
27900 0.57812506
28000 0.58124995
28100 0.54375005
28200 0.50624996
28300 0.5968751
28400 0.465625
28500 0.575
28600 0.528125
28700 0.56874996
28800 0.559375
28900 0.490625
29000 0.55
29100 0.55
29200 0.57500005
29300 0.546875
29400 0.578125
29500 0.57187504
29600 0.534375
29700 0.621875
29800 0.59375006
29900 0.58125
30000 0.54687506
30100 0.58437496
30200 0.546875
30300 0.59374994
30400 0.515625
30500 0.553125
30600 0.559375
30700 0.53437495
30800 0.496875
30900 0.57812494
31000 0.51250005
31100 0.5625
31200 0.559375
31300 0.52187496
31400 0.55625004
31500 0.58125
31600 0.534375
31700 0.5875
31800 0.55
31900 0.55312496
32000 0.53125
32100 0.52500004
32200 0.53125
32300 0.59374994
32400 0.57500005
32500 0.59375
32600 0.565625
32700 0.50625
32800 0.52812505
32900 0.578125
33000 0.571875
33100 0.528125
33200 0.609375
33300 0.534375
33400 0.56875
33500 0.53125
33600 0.5375
33700 0.55
33800 0.58125
33900 0.55625004
34000 0.55937505
34100 0.59687495
34200 0.56874996
34300 0.584375
34400 0.55
34500 0.58750004
34600 0.54375
34700 0.553125
34800 0.55
34900 0.57812506
35000 0.56250006
35100 0.58750004
35200 0.559375
35300 0.584375
35400 0.58750004
35500 0.60937506
35600 0.596875
35700 0.55625
35800 0.5625
35900 0.5125
36000 0.56875
36100 0.62812495
36200 0.55625
36300 0.56562495
36400 0.546875
36500 0.58750004
36600 0.50625
36700 0.60625005
36800 0.575
36900 0.58750004
37000 0.628125
37100 0.56562495
37200 0.6625001
37300 0.546875
37400 0.56562495
37500 0.590625
37600 0.59375
37700 0.55625004
37800 0.603125
37900 0.58124995
38000 0.55937505
38100 0.51875
38200 0.56875
38300 0.559375
38400 0.584375
38500 0.50624996
38600 0.5125
38700 0.525
38800 0.50000006
38900 0.534375
39000 0.546875
39100 0.63125
39200 0.521875
39300 0.525
39400 0.534375
39500 0.5875
39600 0.54062504
39700 0.6000001
39800 0.5375
39900 0.5625
40000 0.578125
40100 0.5125
40200 0.5875
40300 0.553125
40400 0.53125
40500 0.5625
40600 0.55937505
40700 0.5875
40800 0.50937504
40900 0.57187504
41000 0.51875
41100 0.59374994
41200 0.59062505
41300 0.54375
41400 0.621875
41500 0.528125
41600 0.509375
41700 0.52500004
41800 0.54375
41900 0.5375
42000 0.571875
42100 0.57187504
42200 0.584375
42300 0.55
42400 0.5656251
42500 0.5375
42600 0.56874996
42700 0.546875
42800 0.5375
42900 0.590625
43000 0.609375
43100 0.57500005
43200 0.528125
43300 0.53437495
43400 0.6031251
43500 0.559375
43600 0.54999995
43700 0.56250006
43800 0.62500006
43900 0.628125
44000 0.56874996
44100 0.5343751
44200 0.575
44300 0.521875
44400 0.5875
44500 0.628125
44600 0.5875
44700 0.59375
44800 0.55937505
44900 0.575
45000 0.559375
45100 0.5
45200 0.525
45300 0.59374994
45400 0.50000006
45500 0.58125
45600 0.57187504
