0 4.7551193
100 4.1667356
200 3.1017835
300 2.5213668
400 2.4892488
500 2.2832935
600 2.2113683
700 2.4838603
800 2.4385877
900 2.4646091
1000 2.3306253
1100 2.567577
1200 2.4007087
1300 2.4751267
1400 2.341989
1500 2.2456453
1600 2.33319
1700 2.5417936
1800 2.234252
1900 2.1753404
2000 2.2163832
2100 2.271159
2200 2.4270554
2300 2.0912194
2400 2.1130824
2500 2.5649273
2600 2.3080223
2700 2.2338493
2800 2.3045506
2900 2.1503813
3000 2.3029375
3100 2.4524632
3200 2.3013794
3300 1.9161633
3400 2.3113847
3500 2.430163
3600 2.4121318
3700 2.3151288
3800 2.4379034
3900 2.5250874
4000 2.2567255
4100 2.3422105
4200 2.1270046
4300 2.0354173
4400 2.1855314
4500 2.2732136
4600 1.9454191
4700 2.1828532
4800 1.9470689
4900 2.1477203
5000 1.8833101
5100 2.2322152
5200 2.4695444
5300 2.3489745
5400 2.201981
5500 1.8907535
5600 2.280112
5700 2.0923076
5800 2.2436593
5900 2.3171356
6000 2.4287026
6100 2.296196
6200 2.2108448
6300 2.4084575
6400 2.4474437
6500 2.1892
6600 1.9199445
6700 2.1172702
6800 2.2995913
6900 2.1387005
7000 2.3288126
7100 2.2226033
7200 2.1974354
7300 2.326006
7400 2.3851252
7500 2.2259538
7600 2.556604
7700 2.047544
7800 2.0286238
7900 2.2461312
8000 2.049086
8100 2.070233
8200 2.212036
8300 2.17935
8400 2.0816727
8500 2.3290308
8600 1.9970378
8700 2.111147
8800 2.4338782
8900 2.2546027
9000 2.1556184
9100 2.2054756
9200 2.2198825
9300 2.2555478
9400 2.3848476
9500 2.0773106
9600 2.05701
9700 1.97138
9800 2.146221
9900 2.3288481
10000 2.2483613
10100 2.0614564
10200 1.8588424
10300 1.8428818
10400 2.1551018
10500 2.3736002
10600 2.1718488
10700 2.2347288
10800 1.9100039
10900 2.0060267
11000 2.039688
11100 2.2302132
11200 2.1789298
11300 2.3951805
11400 2.2896426
11500 2.2521853
11600 2.0939307
11700 2.3340642
11800 2.258291
11900 2.098317
12000 2.0333037
12100 2.177485
12200 2.0849478
12300 2.023547
12400 2.2669675
12500 2.3736799
12600 2.2578588
12700 2.0308347
12800 2.27889
12900 2.377015
13000 2.4210021
13100 2.2922184
13200 1.9107649
13300 2.3503509
13400 2.284814
13500 2.1473963
13600 2.1518703
13700 2.2625127
13800 2.1776423
13900 2.169538
14000 2.019467
14100 2.1345017
14200 2.3673992
14300 1.9939395
14400 2.2324617
14500 2.4491014
14600 2.157247
14700 2.0436556
14800 2.0459583
14900 2.1365016
15000 2.1442587
15100 2.0886805
15200 1.785581
15300 2.078262
15400 2.2025678
15500 2.3908963
15600 2.0165906
15700 2.108276
15800 2.494787
15900 2.249517
16000 1.9006581
16100 2.123533
16200 2.2114744
16300 2.6343226
16400 2.107463
16500 2.0851045
16600 1.9848531
16700 2.3340673
16800 2.0535007
16900 2.3062644
17000 2.0633829
17100 2.023851
17200 2.1212208
17300 2.156217
17400 2.0740213
17500 1.854941
17600 1.7934201
17700 2.075474
17800 2.1212993
17900 2.1732752
18000 2.1567204
18100 2.2590792
18200 2.139251
18300 2.2775087
18400 2.1306183
18500 1.9159495
18600 2.1951935
18700 2.2062147
18800 1.8967144
18900 1.8270171
19000 1.9221119
19100 2.0831184
19200 1.9731958
19300 2.2346077
19400 2.1678505
19500 2.2076216
19600 2.0960019
19700 2.0220928
19800 1.79713
19900 1.8946804
20000 2.2425196
20100 2.0102038
20200 2.1111922
20300 1.9507638
20400 1.9574766
20500 2.079007
20600 2.1939576
20700 1.9026724
20800 2.0506558
20900 2.1580503
21000 2.006397
21100 2.128726
21200 2.1615858
21300 2.1797535
21400 2.0542634
21500 1.8606129
21600 2.1895494
21700 1.8149427
21800 2.045574
21900 1.9564418
22000 2.1583838
22100 2.0283468
22200 2.126858
22300 1.9964322
22400 2.1407526
22500 1.95021
22600 1.9276212
22700 2.1702976
22800 1.8841774
22900 2.1958082
23000 2.4309638
23100 1.9466351
23200 2.1947641
23300 2.041372
23400 1.7874613
23500 1.8254983
23600 2.2180943
23700 2.026357
23800 2.0954282
23900 1.9384565
24000 2.162089
24100 2.0953891
24200 1.8966392
24300 1.995515
24400 2.2646883
24500 1.7457371
24600 2.0862598
24700 1.9343544
24800 2.0013433
24900 2.2778516
25000 2.006637
25100 2.1165547
25200 1.994593
25300 1.8388499
25400 1.9309288
25500 2.1150265
25600 2.0039077
25700 2.1735435
25800 2.0930097
25900 2.1455042
26000 2.1996841
26100 2.055021
26200 2.0089102
26300 2.0235314
26400 2.0135055
26500 1.9993523
26600 2.1779573
26700 2.1365101
26800 1.914499
26900 2.1903698
27000 2.1444633
27100 1.9149292
27200 2.0858734
27300 1.9044267
27400 2.1664865
27500 2.0079513
27600 2.2054956
27700 1.997878
27800 2.0718913
27900 2.039301
28000 1.9268686
28100 2.0666573
28200 2.3084931
28300 1.8890512
28400 2.5106082
28500 2.1191678
28600 2.1763835
28700 1.972759
28800 2.2972922
28900 2.3991928
29000 1.978215
29100 2.1123688
29200 2.0115995
29300 2.0853045
29400 1.8703173
29500 2.112179
29600 2.2305493
29700 1.8012658
29800 1.9984417
29900 1.9892616
30000 2.1500041
30100 1.889088
30200 2.1364548
30300 1.8715162
30400 2.254522
30500 2.086063
30600 2.0831888
30700 2.2168784
30800 2.4179103
30900 1.955988
31000 2.320085
31100 1.9623109
31200 2.1712792
31300 2.2123682
31400 2.075347
31500 2.0436542
31600 2.150409
31700 1.9780736
31800 2.1289108
31900 2.073239
32000 2.216493
32100 2.2046
32200 2.2062488
32300 1.9084861
32400 2.012518
32500 1.8878446
32600 1.9187499
32700 2.4338973
32800 2.1955774
32900 2.0698032
33000 1.8654926
33100 2.1763759
33200 1.8620082
33300 2.076747
33400 2.0460024
33500 2.2525463
33600 2.1096997
33700 2.1132689
33800 1.9877824
33900 2.0056958
34000 2.0910459
34100 1.9578464
34200 1.9678007
34300 1.944508
34400 2.025409
34500 1.9066387
34600 2.1839044
34700 2.118379
34800 2.076812
34900 2.0298312
35000 1.9354577
35100 1.864544
35200 1.9924847
35300 1.8730305
35400 2.1212122
35500 1.81798
35600 1.8321311
35700 1.9590818
35800 2.0269198
35900 2.3066347
36000 2.0897744
36100 1.8102127
36200 2.0201678
36300 1.9944528
36400 2.1583815
36500 1.9010955
36600 2.3486342
36700 1.8985233
36800 1.9043558
36900 1.8610764
37000 1.8756158
37100 2.0577385
37200 1.7138231
37300 1.9847304
37400 1.9960757
37500 1.9892304
37600 1.9230723
37700 2.2155435
37800 1.8111523
37900 1.9319245
38000 2.0929542
38100 2.324126
38200 2.163044
38300 2.0472732
38400 1.9564698
38500 2.3222346
38600 2.3684237
38700 2.2728279
38800 2.3759775
38900 2.1908157
39000 2.1141317
39100 1.8124923
39200 2.215764
39300 2.1820076
39400 2.2112148
39500 2.1660256
39600 2.0921185
39700 1.829104
39800 2.1311817
39900 2.1313467
40000 2.0192301
40100 2.316949
40200 2.0841386
40300 2.0794413
40400 2.1472356
40500 1.9367654
40600 2.1427116
40700 1.8407521
40800 2.3289378
40900 2.0790157
41000 2.1198404
41100 1.9728293
41200 1.9681224
41300 2.218387
41400 1.8625919
41500 2.2151437
41600 2.2369726
41700 2.3640833
41800 2.1593997
41900 2.1775224
42000 2.131193
42100 2.0166886
42200 1.9937776
42300 2.1224275
42400 1.9928522
42500 2.2511947
42600 1.8410695
42700 2.1510105
42800 2.0251017
42900 2.0546663
43000 1.885453
43100 2.115609
43200 2.1749783
43300 2.150147
43400 1.9084175
43500 2.0908775
43600 2.0090547
43700 2.1710353
43800 1.7651671
43900 1.696454
44000 1.9117858
44100 2.2655883
44200 2.061882
44300 2.2564733
44400 1.8696061
44500 1.7462516
44600 1.9193971
44700 2.134058
44800 2.0304952
44900 2.044387
45000 2.0283067
45100 2.148751
45200 2.1348567
45300 1.9686543
45400 2.3670702
45500 2.0196965
45600 2.113348
