0 3.2959976
100 2.8881612
200 2.1499925
300 1.7476784
400 1.7254158
500 1.5826584
600 1.5328037
700 1.7216808
800 1.6903002
900 1.7083368
1000 1.6154664
1100 1.7797087
1200 1.6640444
1300 1.7156272
1400 1.6233431
1500 1.5565628
1600 1.617244
1700 1.761837
1800 1.5486654
1900 1.5078311
2000 1.5362798
2100 1.5742474
2200 1.6823065
2300 1.4495229
2400 1.4646771
2500 1.7778721
2600 1.5997992
2700 1.5483863
2800 1.5973928
2900 1.4905307
3000 1.5962746
3100 1.6999179
3200 1.5951947
3300 1.3281832
3400 1.6021297
3500 1.6844605
3600 1.6719624
3700 1.604725
3800 1.6898259
3900 1.7502571
4000 1.564243
4100 1.6234967
4200 1.4743272
4300 1.4108438
4400 1.514895
4500 1.5756717
4600 1.3484617
4700 1.5130385
4800 1.3496053
4900 1.4886863
5000 1.3054111
5100 1.5472536
5200 1.7117578
5300 1.628185
5400 1.526297
5500 1.3105705
5600 1.5804532
5700 1.4502771
5800 1.555186
5900 1.606116
6000 1.6834483
6100 1.5916018
6200 1.5324408
6300 1.6694155
6400 1.6964388
6500 1.5174378
6600 1.3308041
6700 1.46758
6800 1.5939553
6900 1.4824343
7000 1.6142099
7100 1.5405912
7200 1.5231462
7300 1.6122645
7400 1.6532428
7500 1.5429137
7600 1.7721028
7700 1.4192494
7800 1.4061348
7900 1.5568995
8000 1.4203182
8100 1.4349762
8200 1.5332664
8300 1.5106102
8400 1.4429055
8500 1.614361
8600 1.3842411
8700 1.4633355
8800 1.6870358
8900 1.5627716
9000 1.4941608
9100 1.5287192
9200 1.5387052
9300 1.5634265
9400 1.6530504
9500 1.4398819
9600 1.4258106
9700 1.3664565
9800 1.487647
9900 1.6142344
10000 1.5584453
10100 1.4288927
10200 1.2884513
10300 1.2773883
10400 1.4938028
10500 1.6452543
10600 1.5054108
10700 1.548996
10800 1.3239138
10900 1.3904718
11000 1.413804
11100 1.545866
11200 1.5103191
11300 1.6602126
11400 1.5870593
11500 1.561096
11600 1.4514022
11700 1.6178501
11800 1.5653281
11900 1.4544424
12000 1.4093788
12100 1.5093176
12200 1.4451756
12300 1.4026158
12400 1.5713421
12500 1.6453094
12600 1.5650284
12700 1.4076673
12800 1.579606
12900 1.6476214
13000 1.6781108
13100 1.5888448
13200 1.3244413
13300 1.6291391
13400 1.5837123
13500 1.4884617
13600 1.4915628
13700 1.5682542
13800 1.5094267
13900 1.5038092
14000 1.399788
14100 1.4795239
14200 1.640956
14300 1.3820935
14400 1.5474246
14500 1.6975878
14600 1.4952897
14700 1.4165541
14800 1.4181502
14900 1.4809101
15000 1.4862869
15100 1.447763
15200 1.2376704
15300 1.4405415
15400 1.5267036
15500 1.657243
15600 1.397794
15700 1.4613454
15800 1.7292545
15900 1.5592463
16000 1.3174359
16100 1.471921
16200 1.5328773
16300 1.8259733
16400 1.4607819
16500 1.4452844
16600 1.3757954
16700 1.6178522
16800 1.4233782
16900 1.5985806
17000 1.430228
17100 1.4028265
17200 1.4703183
17300 1.4945757
17400 1.437602
17500 1.2857472
17600 1.2431041
17700 1.438609
17800 1.4703726
17900 1.5063996
18000 1.4949247
18100 1.5658745
18200 1.4828157
18300 1.5786488
18400 1.4768322
18500 1.328035
18600 1.5215923
18700 1.5292314
18800 1.3147023
18900 1.2663918
19000 1.3323064
19100 1.4439076
19200 1.3677151
19300 1.548912
19400 1.5026395
19500 1.5302067
19600 1.4528377
19700 1.401608
19800 1.2456756
19900 1.3132924
20000 1.5543962
20100 1.393367
20200 1.4633669
20300 1.3521664
20400 1.3568194
20500 1.4410578
20600 1.5207355
20700 1.318832
20800 1.4214063
20900 1.4958465
21000 1.3907285
21100 1.4755205
21200 1.4982971
21300 1.51089
21400 1.4239068
21500 1.2896786
21600 1.51768
21700 1.2580224
21800 1.4178838
21900 1.3561021
22000 1.4960777
22100 1.4059429
22200 1.4742256
22300 1.3838214
22400 1.4838567
22500 1.3517826
22600 1.3361253
22700 1.5043358
22800 1.3060123
22900 1.5220183
23000 1.6850157
23100 1.3493047
23200 1.5212946
23300 1.4149712
23400 1.2389737
23500 1.265339
23600 1.5374658
23700 1.4045637
23800 1.4524401
23900 1.3436357
24000 1.498646
24100 1.4524131
24200 1.3146502
24300 1.3831856
24400 1.5697622
24500 1.2100527
24600 1.4460851
24700 1.3407923
24800 1.3872254
24900 1.5788864
25000 1.3908948
25100 1.4670839
25200 1.3825465
25300 1.2745936
25400 1.3384179
25500 1.4660246
25600 1.389003
25700 1.5065856
25800 1.4507637
25900 1.4871502
26000 1.5247049
26100 1.424432
26200 1.3924704
26300 1.4026052
26400 1.3956556
26500 1.3858454
26600 1.509645
26700 1.480916
26800 1.3270296
26900 1.5182487
27000 1.4864286
27100 1.3273277
27200 1.4458172
27300 1.320048
27400 1.501694
27500 1.3918058
27600 1.528733
27700 1.3848234
27800 1.4361256
27900 1.4135357
28000 1.3356035
28100 1.4324976
28200 1.6001254
28300 1.3093905
28400 1.740221
28500 1.4688952
28600 1.5085541
28700 1.3674123
28800 1.5923617
28900 1.6629937
29000 1.3711941
29100 1.4641825
29200 1.3943346
29300 1.445423
29400 1.2964052
29500 1.4640509
29600 1.5460991
29700 1.2485423
29800 1.3852142
29900 1.378851
30000 1.4902693
30100 1.309416
30200 1.4808776
30300 1.2972362
30400 1.5627156
30500 1.4459486
30600 1.4439564
30700 1.536623
30800 1.6759678
30900 1.3557876
31000 1.6081604
31100 1.3601702
31200 1.5050161
31300 1.5334969
31400 1.4385209
31500 1.4165531
31600 1.4905499
31700 1.3710961
31800 1.4756485
31900 1.4370598
32000 1.5363557
32100 1.5281124
32200 1.529255
32300 1.3228618
32400 1.3949711
32500 1.3085542
32600 1.3299761
32700 1.687049
32800 1.5218583
32900 1.4346783
33000 1.2930609
33100 1.5085487
33200 1.2906457
33300 1.4394913
33400 1.4181808
33500 1.561346
33600 1.4623325
33700 1.4648063
33800 1.3778257
33900 1.3902423
34000 1.4494026
34100 1.3570757
34200 1.3639755
34300 1.3478302
34400 1.4039065
34500 1.3215812
34600 1.5137672
34700 1.4683485
34800 1.4395363
34900 1.4069717
35000 1.341557
35100 1.2924035
35200 1.3810852
35300 1.2982858
35400 1.4703124
35500 1.2601278
35600 1.2699366
35700 1.357932
35800 1.4049537
35900 1.5988374
36000 1.4485211
36100 1.2547438
36200 1.4002737
36300 1.3824494
36400 1.4960761
36500 1.317739
36600 1.6279492
36700 1.3159561
36800 1.3199989
36900 1.2899998
37000 1.3000778
37100 1.4263157
37200 1.1879317
37300 1.3757102
37400 1.3835742
37500 1.3788295
37600 1.3329722
37700 1.5356978
37800 1.2553952
37900 1.339108
38000 1.4507252
38100 1.6109614
38200 1.4993079
38300 1.4190615
38400 1.3561215
38500 1.6096504
38600 1.6416663
38700 1.5754042
38800 1.6469021
38900 1.5185577
39000 1.4654044
39100 1.2563239
39200 1.5358505
39300 1.5124524
39400 1.5326973
39500 1.5013746
39600 1.4501461
39700 1.2678382
39800 1.4772226
39900 1.477337
40000 1.3996238
40100 1.6059866
40200 1.4446149
40300 1.4413588
40400 1.4883504
40500 1.3424635
40600 1.4852145
40700 1.2759122
40800 1.6142967
40900 1.4410639
41000 1.4693614
41100 1.3674611
41200 1.3641984
41300 1.5376686
41400 1.2910503
41500 1.5354207
41600 1.5505512
41700 1.6386577
41800 1.4967818
41900 1.5093435
42000 1.4772303
42100 1.397862
42200 1.3819814
42300 1.4711547
42400 1.3813399
42500 1.5604093
42600 1.2761321
42700 1.4909668
42800 1.4036934
42900 1.4241861
43000 1.3068964
43100 1.4664284
43200 1.50758
43300 1.4903684
43400 1.3228142
43500 1.4492859
43600 1.3925706
43700 1.5048469
43800 1.2235206
43900 1.1758924
44000 1.3251489
44100 1.5703862
44200 1.4291878
44300 1.5640681
44400 1.2959123
44500 1.2104094
44600 1.3304247
44700 1.4792163
44800 1.4074321
44900 1.4170611
45000 1.405915
45100 1.4894007
45200 1.47977
45300 1.3645672
45400 1.6407281
45500 1.3999469
45600 1.4648612
