0 26.998266
100 18.726133
200 10.012367
300 8.570836
400 7.8421974
500 7.181254
600 7.119996
700 7.520477
800 7.294319
900 7.5956135
1000 6.640735
1100 7.352416
1200 7.4753566
1300 6.9086814
1400 7.1847057
1500 6.7815504
1600 6.8239446
1700 7.1473136
1800 6.6386957
1900 6.482252
2000 6.8394775
2100 6.9100513
2200 6.8977623
2300 6.1948442
2400 6.4924145
2500 7.1250415
2600 6.4628935
2700 6.65615
2800 6.6143255
2900 6.3563385
3000 6.739718
3100 6.6305175
3200 6.4126263
3300 6.1246867
3400 6.66658
3500 6.6594524
3600 6.2865267
3700 6.2315593
3800 6.7937393
3900 6.553705
4000 6.538625
4100 6.774419
4200 6.155229
4300 6.4733257
4400 6.4283943
4500 6.4986343
4600 5.794854
4700 6.167749
4800 6.2132306
4900 6.4064193
5000 6.2402034
5100 6.465392
5200 6.5972366
5300 6.616195
5400 6.300375
5500 6.1146235
5600 6.242715
5700 6.7872314
5800 6.4018373
5900 6.163194
6000 6.895374
6100 6.5338125
6200 6.454533
6300 6.173674
6400 6.604456
6500 6.292229
6600 6.1043444
6700 6.6546717
6800 6.6891546
6900 6.6770825
7000 6.8283277
7100 6.3818526
7200 6.4872184
7300 6.4505687
7400 6.426691
7500 6.254896
7600 7.0381794
7700 6.4312954
7800 6.258543
7900 6.2123485
8000 5.932483
8100 6.284474
8200 6.4019313
8300 6.395628
8400 6.052088
8500 6.4275284
8600 6.50068
8700 6.5447826
8800 6.543289
8900 6.3049884
9000 6.4520535
9100 6.0684814
9200 6.2821226
9300 6.6636376
9400 6.665796
9500 6.184847
9600 6.125296
9700 6.193021
9800 5.9156327
9900 6.6820126
10000 6.676869
10100 6.249862
10200 6.2294135
10300 5.7830915
10400 6.451415
10500 6.6847463
10600 6.669032
10700 6.4495144
10800 5.7423325
10900 6.5559134
11000 6.238179
11100 6.532155
11200 6.3990135
11300 6.4952517
11400 6.3973722
11500 6.6309705
11600 5.9928656
11700 6.6838536
11800 6.4858437
11900 6.077067
12000 6.239807
12100 6.2525935
12200 5.8346815
12300 6.2539234
12400 6.1338534
12500 6.537402
12600 5.9519725
12700 5.765821
12800 6.2542825
12900 6.28329
13000 6.7808757
13100 6.266515
13200 6.0669184
13300 6.7586756
13400 6.507497
13500 6.6696224
13600 6.2065196
13700 6.3312764
13800 6.3541493
13900 5.9927626
14000 5.9463787
14100 6.2023325
14200 6.841243
14300 6.3967524
14400 5.4966626
14500 6.645039
14600 6.388452
14700 5.993273
14800 6.2187347
14900 6.4916553
15000 6.4878254
15100 5.6161647
15200 5.915111
15300 5.8395605
15400 6.7228127
15500 6.5821376
15600 6.2038765
15700 6.4002514
15800 6.781037
15900 6.7915845
16000 6.0441804
16100 5.9757876
16200 6.2000985
16300 7.3670382
16400 6.032124
16500 6.5703297
16600 6.0886917
16700 6.4420853
16800 6.5529766
16900 7.090273
17000 6.1458454
17100 6.239771
17200 6.0994625
17300 6.613855
17400 6.568066
17500 5.9987288
17600 5.721734
17700 6.3654532
17800 6.576623
17900 6.079999
18000 5.9665484
18100 6.581692
18200 6.0613146
18300 6.5994353
18400 6.267725
18500 6.022584
18600 6.2818985
18700 6.210884
18800 6.069584
18900 5.771507
19000 6.148343
19100 6.349978
19200 6.342132
19300 6.4108715
19400 6.5579615
19500 6.517509
19600 5.64409
19700 6.4729342
19800 5.78476
19900 6.441421
20000 6.6834545
20100 6.508994
20200 6.266674
20300 5.969742
20400 5.98056
20500 6.27757
20600 6.419999
20700 6.1733713
20800 6.124632
20900 6.45929
21000 6.228302
21100 6.0830083
21200 6.3055053
21300 6.523059
21400 6.2146244
21500 6.0769563
21600 6.6140633
21700 5.7746296
21800 6.288793
21900 6.072498
22000 6.2584906
22100 6.2435184
22200 6.313925
22300 6.185234
22400 6.631173
22500 6.05136
22600 6.1071672
22700 6.250643
22800 6.136504
22900 6.3652086
23000 6.2714195
23100 6.1579113
23200 6.503183
23300 6.164394
23400 5.6460447
23500 5.917562
23600 6.6026587
23700 6.271825
23800 5.9817657
23900 6.0732875
24000 6.4276175
24100 6.26249
24200 6.387409
24300 6.543041
24400 5.985207
24500 6.1167307
24600 6.132537
24700 6.002073
24800 6.3038034
24900 6.483089
25000 5.723329
25100 6.45458
25200 5.8499217
25300 5.7630835
25400 5.8136387
25500 6.277146
25600 6.139261
25700 6.2445
25800 6.3527036
25900 6.486046
26000 6.386475
26100 6.2104397
26200 5.9610424
26300 6.091969
26400 6.177085
26500 6.0307016
26600 6.381838
26700 6.339191
26800 6.3251843
26900 6.1128592
27000 6.2515106
27100 5.9453044
27200 6.038562
27300 6.241826
27400 6.455496
27500 6.1981897
27600 6.4812922
27700 6.123074
27800 5.8098135
27900 6.01773
28000 6.21406
28100 6.4952736
28200 6.552786
28300 6.0835047
28400 7.120118
28500 6.2376275
28600 6.3575206
28700 6.1175613
28800 6.6026125
28900 6.8066263
29000 6.019884
29100 6.1538005
29200 6.558971
29300 6.338065
29400 5.898978
29500 6.0806975
29600 5.940724
29700 6.0678673
29800 6.2137303
29900 6.346485
30000 6.534918
30100 5.922543
30200 6.1798625
30300 5.964246
30400 6.4795623
30500 6.2439566
30600 6.4249845
30700 6.650319
30800 6.52167
30900 6.0879054
31000 6.3716
31100 6.1171875
31200 6.4783034
31300 6.6869464
31400 6.2647934
31500 6.2746873
31600 6.173852
31700 5.8912997
31800 5.9576993
31900 6.5963683
32000 6.446533
32100 6.067566
32200 6.2105684
32300 5.829483
32400 6.196781
32500 5.6923747
32600 6.081395
32700 6.663413
32800 6.2798977
32900 6.089533
33000 5.9653583
33100 6.56583
33200 5.863507
33300 5.972871
33400 6.32763
33500 6.2707515
33600 6.3552465
33700 6.7175536
33800 6.0011163
33900 5.7853146
34000 6.0658436
34100 6.2228928
34200 6.081254
34300 6.1095653
34400 5.6224804
34500 5.9283
34600 6.3477626
34700 6.143652
34800 6.311393
34900 6.330717
35000 5.963968
35100 5.8577185
35200 6.1787853
35300 5.9513173
35400 6.3755264
35500 5.6685143
35600 6.0771976
35700 5.6242285
35800 6.3125052
35900 5.8239727
36000 5.9894853
36100 6.019755
36200 6.1417327
36300 6.0796423
36400 6.70028
36500 6.13419
36600 6.77647
36700 5.677417
36800 5.7356358
36900 5.9971943
37000 6.1206756
37100 6.10123
37200 5.667407
37300 6.29129
37400 5.95946
37500 6.3379455
37600 6.2397857
37700 6.0312867
37800 5.7079062
37900 5.9378247
38000 6.0166593
38100 6.221199
38200 6.1511145
38300 6.068806
38400 6.049676
38500 6.4694
38600 6.192595
38700 6.407276
38800 6.302251
38900 6.451554
39000 5.977401
39100 5.6930327
39200 6.3857403
39300 6.3003817
39400 5.94763
39500 5.9349375
39600 6.3045745
39700 5.910068
39800 6.133699
39900 6.252775
40000 6.014524
40100 5.9627347
40200 6.109335
40300 6.3828793
40400 6.3444667
40500 6.2833576
40600 6.387584
40700 6.068042
40800 6.310238
40900 6.0539017
41000 6.33251
41100 5.777499
41200 6.1239424
41300 5.9657297
41400 6.097187
41500 6.819942
41600 6.5545735
41700 6.4928865
41800 6.4138727
41900 6.3347464
42000 6.282485
42100 5.818541
42200 5.8692517
42300 6.2053456
42400 6.163512
42500 6.540393
42600 5.7770576
42700 6.113908
42800 6.1467857
42900 5.925006
43000 5.834417
43100 5.943793
43200 6.0771704
43300 6.365284
43400 6.1921163
43500 6.172166
43600 6.2369757
43700 5.953758
43800 5.3963213
43900 5.594137
44000 6.0897484
44100 6.224154
44200 5.9935207
44300 6.5970893
44400 6.0355005
44500 5.855488
44600 5.9107943
44700 6.121459
44800 6.068767
44900 5.971057
45000 6.2005816
45100 6.315137
45200 6.168574
45300 5.8234015
45400 6.6820035
45500 6.0463033
45600 6.3970413
