0 0.0625
100 0.375
200 0.21875
300 0.375
400 0.53125
500 0.3125
600 0.375
700 0.34375
800 0.4375
900 0.4375
1000 0.5625
1100 0.3125
1200 0.40625
1300 0.4375
1400 0.25
1500 0.625
1600 0.53125
1700 0.53125
1800 0.34375
1900 0.4375
2000 0.34375
2100 0.53125
2200 0.625
2300 0.375
2400 0.65625
2500 0.4375
2600 0.40625
2700 0.4375
2800 0.46875
2900 0.46875
3000 0.46875
3100 0.53125
3200 0.5625
3300 0.46875
3400 0.46875
3500 0.53125
3600 0.59375
3700 0.5625
3800 0.40625
3900 0.5625
4000 0.625
4100 0.5625
4200 0.625
4300 0.59375
4400 0.5
4500 0.53125
4600 0.59375
4700 0.5625
4800 0.5625
4900 0.46875
5000 0.5625
5100 0.625
5200 0.65625
5300 0.625
5400 0.625
5500 0.625
5600 0.6875
5700 0.6875
5800 0.75
5900 0.65625
6000 0.71875
6100 0.625
6200 0.71875
6300 0.71875
6400 0.625
6500 0.59375
6600 0.65625
6700 0.53125
6800 0.5625
6900 0.65625
7000 0.6875
7100 0.53125
7200 0.5
7300 0.6875
7400 0.65625
7500 0.71875
7600 0.6875
7700 0.78125
7800 0.625
7900 0.84375
8000 0.625
8100 0.6875
8200 0.65625
8300 0.625
8400 0.75
8500 0.6875
8600 0.625
8700 0.65625
8800 0.5625
8900 0.75
9000 0.71875
9100 0.6875
9200 0.6875
9300 0.78125
9400 0.6875
9500 0.875
9600 0.78125
9700 0.90625
9800 0.78125
9900 0.65625
10000 0.875
10100 0.84375
10200 0.625
10300 0.625
10400 0.75
10500 0.8125
10600 0.875
10700 0.71875
10800 0.71875
10900 0.65625
11000 0.5625
11100 0.71875
11200 0.71875
11300 0.71875
11400 0.75
11500 0.875
11600 0.6875
11700 0.78125
11800 0.6875
11900 0.84375
12000 0.75
12100 0.75
12200 0.78125
12300 0.875
12400 0.875
12500 0.8125
12600 0.84375
12700 0.8125
12800 0.78125
12900 0.8125
13000 0.75
13100 0.71875
13200 0.84375
13300 0.6875
13400 0.78125
13500 0.84375
13600 0.75
13700 0.9375
13800 0.90625
13900 0.75
14000 0.90625
14100 0.9375
14200 0.875
14300 0.90625
14400 0.8125
14500 0.875
14600 0.78125
14700 0.8125
14800 0.78125
14900 0.75
15000 0.9375
15100 0.78125
15200 0.9375
15300 0.90625
15400 0.84375
15500 0.78125
15600 0.84375
15700 0.875
15800 0.84375
15900 0.875
16000 0.625
16100 0.78125
16200 0.75
16300 0.78125
16400 0.8125
16500 0.8125
16600 0.84375
16700 0.8125
16800 0.84375
16900 0.875
17000 0.9375
17100 0.875
17200 0.90625
17300 0.8125
17400 0.71875
17500 0.71875
17600 0.9375
17700 0.875
17800 0.84375
17900 0.75
18000 0.8125
18100 0.9375
18200 0.875
18300 0.90625
18400 0.875
18500 0.875
18600 0.90625
18700 0.84375
18800 0.875
18900 0.90625
19000 0.9375
