0 4.38995
100 3.0240407
200 3.01999
300 2.7149851
400 2.207281
500 2.78086
600 2.2707603
700 2.3297427
800 2.472058
900 2.0174055
1000 2.0564313
1100 2.5760677
1200 2.2956455
1300 2.1845012
1400 2.7540848
1500 1.61809
1600 1.7496219
1700 1.7669731
1800 2.2864232
1900 2.2465067
2000 2.7133367
2100 2.1272712
2200 1.8044698
2300 2.5873086
2400 1.7240058
2500 2.636333
2600 2.9919107
2700 2.3609731
2800 2.0856428
2900 1.9124
3000 1.824967
3100 1.7458656
3200 1.5881752
3300 1.9589604
3400 1.5826347
3500 1.7795557
3600 2.0599644
3700 2.131664
3800 2.044479
3900 1.7113512
4000 2.1562066
4100 1.8110912
4200 1.795927
4300 1.8374729
4400 2.293354
4500 2.1563966
4600 1.4651229
4700 2.1932387
4800 1.4897915
4900 2.4087546
5000 2.0924857
5100 1.6295036
5200 1.2380649
5300 1.5284721
5400 1.52341
5500 1.7281333
5600 1.4891548
5700 1.1078869
5800 1.2474648
5900 1.6951162
6000 1.3471949
6100 1.6545465
6200 1.2080032
6300 1.0709456
6400 1.2255667
6500 1.4941566
6600 1.6820493
6700 1.7130826
6800 1.5756294
6900 1.379365
7000 1.2723309
7100 2.0003076
7200 2.279092
7300 1.3105044
7400 1.2339942
7500 1.6708428
7600 1.4553688
7700 1.226734
7800 1.4269122
7900 0.8775376
8000 1.3561789
8100 1.4924204
8200 1.203265
8300 1.4704819
8400 1.6571804
8500 1.7129664
8600 1.5640217
8700 1.4559321
8800 1.3624191
8900 1.2989377
9000 1.2452585
9100 1.3184013
9200 1.2713718
9300 1.0590848
9400 1.4348043
9500 0.609799
9600 1.4043953
9700 0.8198573
9800 1.2889161
9900 1.2017449
10000 0.7082429
10100 0.9551727
10200 1.1838173
10300 1.535856
10400 1.1031817
10500 0.7360526
10600 0.94226885
10700 1.338446
10800 1.1603403
10900 0.9480098
11000 1.5644642
11100 1.2794673
11200 1.0929399
11300 1.2841803
11400 1.06221
11500 0.7908732
11600 0.98243487
11700 1.1274562
11800 1.1589974
11900 0.63742834
12000 1.0714296
12100 1.1016308
12200 1.0383354
12300 0.69783187
12400 0.86082727
12500 0.7626273
12600 0.9015824
12700 0.9179377
12800 0.92899567
12900 0.810599
13000 0.9111443
13100 1.1965619
13200 0.7968508
13300 1.0983951
13400 0.73201585
13500 0.8115655
13600 0.90786237
13700 0.57045615
13800 0.623204
13900 1.021633
14000 0.78315467
14100 0.67193645
14200 0.6638555
14300 0.6625238
14400 0.89034814
14500 0.6278515
14600 1.1538789
14700 0.79740894
14800 0.92171437
14900 1.1123643
15000 0.56846
15100 0.9620025
15200 0.522852
15300 0.7034778
15400 0.8988935
15500 0.882657
15600 0.75825846
15700 0.6960759
15800 0.70029557
15900 0.847478
16000 1.1856157
16100 0.8131773
16200 1.0582283
16300 0.6514617
16400 0.7871928
16500 0.89045256
16600 0.7666615
16700 1.060625
16800 0.95688653
16900 0.7415523
17000 0.5053005
17100 0.835862
17200 0.6697346
17300 1.1013725
17400 0.9489841
17500 1.0336767
17600 0.5912931
17700 0.91905415
17800 0.76167685
17900 0.9002389
18000 0.82136667
18100 0.48673373
18200 0.83563346
18300 0.5237374
18400 0.78655493
18500 0.8370198
18600 0.55342704
18700 0.70441043
18800 0.7292926
18900 0.6215671
19000 0.51653826
