0 3.0428813
100 2.0961053
200 2.0932975
300 1.8818843
400 1.5299708
500 1.9275453
600 1.573971
700 1.6148546
800 1.7135
900 1.398359
1000 1.4254096
1100 1.785594
1200 1.5912201
1300 1.5141808
1400 1.9089861
1500 1.1215745
1600 1.2127454
1700 1.2247725
1800 1.5848278
1900 1.5571598
2000 1.8807417
2100 1.4745121
2200 1.2507632
2300 1.7933856
2400 1.1949898
2500 1.8273667
2600 2.0738344
2700 1.6365018
2800 1.4456574
2900 1.3255746
3000 1.2649708
3100 1.2101418
3200 1.1008391
3300 1.3578479
3400 1.0969988
3500 1.233494
3600 1.4278586
3700 1.477557
3800 1.4171247
3900 1.1862183
4000 1.4945685
4100 1.2553527
4200 1.2448418
4300 1.2736392
4400 1.5896319
4500 1.4947003
4600 1.0155458
4700 1.5202372
4800 1.0326447
4900 1.6696215
5000 1.4504006
5100 1.1294858
5200 0.8581612
5300 1.0594561
5400 1.0559473
5500 1.1978507
5600 1.0322034
5700 0.7679287
5800 0.86467665
5900 1.174965
6000 0.9338044
6100 1.1468443
6200 0.837324
6300 0.7423229
6400 0.84949815
6500 1.0356704
6600 1.1659077
6700 1.1874183
6800 1.092143
6900 0.9561029
7000 0.8819126
7100 1.3865075
7200 1.5797462
7300 0.90837246
7400 0.85533965
7500 1.15814
7600 1.0087848
7700 0.8503072
7800 0.98906016
7900 0.6082627
8000 0.9400315
8100 1.034467
8200 0.8340397
8300 1.0192604
8400 1.14867
8500 1.1873379
8600 1.0840973
8700 1.0091753
8800 0.944357
8900 0.900355
9000 0.8631474
9100 0.91384614
9200 0.8812478
9300 0.73410165
9400 0.99453056
9500 0.4226805
9600 0.9734527
9700 0.56828177
9800 0.8934086
9900 0.8329861
10000 0.49091658
10100 0.6620753
10200 0.8205596
10300 1.0645742
10400 0.7646673
10500 0.51019275
10600 0.653131
10700 0.9277401
10800 0.8042866
10900 0.65711033
11000 1.084404
11100 0.8868592
11200 0.7575682
11300 0.89012593
11400 0.7362678
11500 0.54819155
11600 0.680972
11700 0.78149307
11800 0.80335575
11900 0.44183165
12000 0.7426584
12100 0.7635923
12200 0.7197193
12300 0.4837002
12400 0.59668
12500 0.528613
12600 0.6249293
12700 0.63626593
12800 0.64393073
12900 0.56186444
13000 0.6315571
13100 0.8293935
13200 0.5523349
13300 0.76134944
13400 0.50739473
13500 0.56253433
13600 0.62928224
13700 0.39541006
13800 0.4319721
13900 0.70814204
14000 0.54284143
14100 0.46575087
14200 0.46014956
14300 0.4592265
14400 0.6171423
14500 0.4351935
14600 0.7998079
14700 0.55272174
14800 0.6388837
14900 0.7710322
15000 0.39402643
15100 0.6668093
15200 0.3624134
15300 0.48761365
15400 0.6230655
15500 0.6118112
15600 0.5255847
15700 0.48248306
15800 0.4854079
15900 0.58742696
16000 0.82180613
16100 0.56365156
16200 0.73350793
16300 0.45155886
16400 0.54564047
16500 0.6172147
16600 0.53140926
16700 0.73516923
16800 0.6632632
16900 0.5140049
17000 0.35024762
17100 0.5793754
17200 0.46422464
17300 0.7634132
17400 0.65778565
17500 0.71649015
17600 0.40985316
17700 0.6370398
17800 0.52795416
17900 0.62399805
18000 0.569328
18100 0.3373781
18200 0.57921696
18300 0.3630271
18400 0.5451983
18500 0.5801779
18600 0.38360637
18700 0.48826012
18800 0.5055071
18900 0.43083748
19000 0.35803705
