0 7.0103884
100 3.9642377
200 4.563362
300 4.3070955
400 4.333891
500 4.63772
600 4.884283
700 4.8348207
800 4.320654
900 4.1793423
1000 4.1738133
1100 4.2023892
1200 4.161337
1300 4.538637
1400 4.781703
1500 4.255708
1600 4.197586
1700 3.8350291
1800 4.842562
1900 4.198866
2000 3.7615242
2100 4.142698
2200 3.3865504
2300 4.605034
2400 3.3243654
2500 4.446349
2600 3.9478223
2700 3.856827
2800 4.3219814
2900 4.098409
3000 3.4947495
3100 3.9153314
3200 3.859634
3300 3.7958465
3400 3.2361095
3500 3.7785401
3600 3.3796403
3700 3.5818205
3800 4.3731327
3900 3.9105594
4000 2.9904003
4100 3.5688124
4200 3.5776455
4300 3.790021
4400 3.2792616
4500 3.65904
4600 3.2144623
4700 3.6380298
4800 3.5173383
4900 3.5410376
5000 3.0184493
5100 3.074805
5200 2.7134402
5300 3.4697638
5400 3.194065
5500 3.2242763
5600 3.3919852
5700 3.0492072
5800 3.2556858
5900 3.583026
6000 3.1154623
6100 3.3448668
6200 3.257679
6300 3.141365
6400 3.1723406
6500 3.2229462
6600 3.4562411
6700 3.684042
6800 3.763292
6900 3.6114316
7000 3.325117
7100 3.0153866
7200 3.5014558
7300 2.6600938
7400 3.1123824
7500 3.3259263
7600 3.2830572
7700 2.8684874
7800 3.4195445
7900 3.0541234
8000 2.778701
8100 3.6042316
8200 3.0063343
8300 2.9667828
8400 3.1917915
8500 2.845932
8600 3.5999494
8700 3.5212932
8800 3.487166
8900 2.7193441
9000 3.0436406
9100 2.7408333
9200 2.8009696
9300 3.1642594
9400 2.7852468
9500 2.241517
9600 3.2708733
9700 2.9981585
9800 2.7541687
9900 3.0647411
10000 2.4611528
10100 3.1045852
10200 2.9137576
10300 2.930184
10400 2.8668778
10500 2.3616922
10600 2.9596472
10700 2.80295
10800 2.7370715
10900 2.7373276
11000 3.2518673
11100 2.7289433
11200 2.8104258
11300 2.9710712
11400 2.8029306
11500 2.4659462
11600 2.856369
11700 2.9004784
11800 2.3346663
11900 2.3134227
12000 2.7501402
12100 2.999394
12200 2.8351028
12300 2.8238552
12400 2.7793348
12500 2.8737736
12600 2.875432
12700 2.7507899
12800 3.11113
12900 2.249902
13000 2.8519719
13100 2.4977188
13200 2.5928428
13300 3.025956
13400 2.7753115
13500 2.7822165
13600 2.9429758
13700 2.3865662
13800 2.266045
13900 2.5424843
14000 2.4953232
14100 2.6452415
14200 2.4665866
14300 2.4309268
14400 2.979608
14500 2.5073705
14600 2.8622818
14700 2.5346649
14800 2.9798903
14900 2.7091928
15000 2.5282297
15100 2.499862
15200 2.4537702
15300 2.611517
15400 2.678649
15500 2.4852488
15600 2.559252
15700 2.485381
15800 2.5125031
15900 2.544415
16000 2.8847811
16100 2.4622643
16200 2.9447832
16300 2.327454
16400 2.5687218
16500 2.2593265
16600 2.5708604
16700 2.5938616
16800 2.7253447
16900 2.5753055
17000 2.2661555
17100 3.0698805
17200 2.6355927
17300 2.368947
17400 2.707729
17500 2.7855482
17600 2.6539602
17700 2.6809573
17800 2.3375878
17900 3.005952
18000 2.7756767
18100 2.3813581
18200 2.63062
18300 2.3798137
18400 2.7696037
18500 2.6865053
18600 2.4398286
18700 2.182009
18800 2.3971076
18900 2.7247152
19000 2.3804693
