0 0.0625
100 0.5
200 0.28125
300 0.34375
400 0.40625
500 0.375
600 0.3125
700 0.25
800 0.65625
900 0.625
1000 0.53125
1100 0.53125
1200 0.40625
1300 0.5
1400 0.4375
1500 0.65625
1600 0.53125
1700 0.4375
1800 0.53125
1900 0.59375
2000 0.5
2100 0.53125
2200 0.53125
2300 0.6875
2400 0.40625
2500 0.375
2600 0.4375
2700 0.53125
2800 0.34375
2900 0.65625
3000 0.46875
3100 0.4375
3200 0.5
3300 0.625
3400 0.4375
3500 0.65625
3600 0.46875
3700 0.4375
3800 0.59375
3900 0.625
4000 0.4375
4100 0.46875
4200 0.65625
4300 0.625
4400 0.5
4500 0.65625
4600 0.6875
4700 0.59375
4800 0.625
4900 0.59375
5000 0.65625
5100 0.65625
5200 0.4375
5300 0.65625
5400 0.53125
5500 0.5625
5600 0.65625
5700 0.40625
5800 0.375
5900 0.4375
6000 0.40625
6100 0.75
6200 0.46875
6300 0.625
6400 0.625
6500 0.59375
6600 0.46875
6700 0.65625
6800 0.59375
6900 0.65625
7000 0.59375
7100 0.5
7200 0.5
7300 0.71875
7400 0.59375
7500 0.40625
7600 0.5625
7700 0.5
7800 0.75
7900 0.5
8000 0.53125
8100 0.625
8200 0.5625
8300 0.53125
8400 0.6875
8500 0.5625
8600 0.65625
8700 0.71875
8800 0.53125
8900 0.5625
9000 0.65625
9100 0.46875
9200 0.78125
9300 0.59375
9400 0.71875
9500 0.65625
9600 0.78125
9700 0.625
9800 0.65625
9900 0.6875
10000 0.625
10100 0.59375
10200 0.75
10300 0.625
10400 0.5625
10500 0.71875
10600 0.5
10700 0.625
10800 0.625
10900 0.65625
11000 0.65625
11100 0.75
11200 0.65625
11300 0.71875
11400 0.6875
11500 0.75
11600 0.8125
11700 0.625
11800 0.59375
11900 0.65625
12000 0.65625
12100 0.75
12200 0.59375
12300 0.78125
12400 0.6875
12500 0.9375
12600 0.65625
12700 0.5625
12800 0.75
12900 0.5625
13000 0.75
13100 0.78125
13200 0.71875
13300 0.65625
13400 0.78125
13500 0.65625
13600 0.6875
13700 0.78125
13800 0.84375
13900 0.78125
14000 0.78125
14100 0.6875
14200 0.78125
14300 0.6875
14400 0.78125
14500 0.5
14600 0.78125
14700 0.8125
14800 0.5625
14900 0.71875
15000 0.65625
15100 0.8125
15200 0.75
15300 0.75
15400 0.65625
15500 0.75
15600 0.65625
15700 0.59375
15800 0.78125
15900 0.75
16000 0.65625
16100 0.78125
16200 0.8125
16300 0.75
16400 0.78125
16500 0.8125
16600 0.875
16700 0.59375
16800 0.8125
16900 0.625
17000 0.71875
17100 0.78125
17200 0.8125
17300 0.84375
17400 0.59375
17500 0.59375
17600 0.75
17700 0.6875
17800 0.84375
17900 0.75
18000 0.78125
18100 0.75
18200 0.5625
18300 0.6875
18400 0.90625
18500 0.90625
18600 0.78125
18700 0.6875
18800 0.6875
18900 0.71875
19000 0.78125
19100 0.78125
19200 0.78125
19300 0.8125
19400 0.75
19500 0.84375
19600 0.875
19700 0.65625
19800 0.84375
19900 0.8125
20000 0.6875
20100 0.59375
20200 0.71875
20300 0.78125
20400 0.71875
20500 0.75
20600 0.84375
20700 0.6875
20800 0.71875
20900 0.71875
21000 0.78125
21100 0.65625
21200 0.65625
21300 0.78125
21400 0.84375
21500 0.75
21600 0.75
21700 0.8125
21800 0.71875
21900 0.78125
22000 0.65625
22100 0.6875
22200 0.8125
22300 0.71875
22400 0.75
22500 0.65625
22600 0.78125
22700 0.75
22800 0.78125
22900 0.75
23000 0.875
23100 0.78125
23200 0.6875
23300 0.71875
23400 0.6875
23500 0.875
23600 0.8125
23700 0.6875
23800 0.8125
23900 0.75
24000 0.6875
24100 0.65625
24200 0.78125
24300 0.84375
24400 0.75
24500 0.6875
24600 0.8125
24700 0.71875
24800 0.875
24900 0.6875
25000 0.6875
25100 0.875
25200 0.71875
25300 0.78125
25400 0.71875
25500 0.8125
25600 0.75
