0 3.4003997
100 2.8298843
200 2.5245166
300 2.392328
400 2.2879374
500 3.324557
600 2.6243012
700 2.8052626
800 1.6819972
900 1.6043528
1000 1.9182446
1100 2.1902924
1200 2.428633
1300 2.1198957
1400 2.7381167
1500 1.7022903
1600 2.0873864
1700 2.0390737
1800 1.7111362
1900 2.0752606
2000 1.9665133
2100 2.0179267
2200 1.9000919
2300 1.3800019
2400 2.6801617
2500 2.0184548
2600 2.1752884
2700 1.8217313
2800 2.1161487
2900 1.8331615
3000 2.0766685
3100 2.0903323
3200 1.518235
3300 1.7964001
3400 1.8963684
3500 1.5277635
3600 1.9080144
3700 2.0310996
3800 1.9450632
3900 1.7788097
4000 2.0172868
4100 2.2005737
4200 1.4580362
4300 1.5775967
4400 2.2342665
4500 1.9194963
4600 1.3073156
4700 1.7239809
4800 1.6452262
4900 1.8355746
5000 1.3747069
5100 1.6443905
5200 2.2294595
5300 1.5454428
5400 1.833595
5500 1.5205876
5600 1.3384324
5700 2.345346
5800 2.1625285
5900 2.0672688
6000 2.1773152
6100 1.4470042
6200 1.9769653
6300 1.5735563
6400 1.8313779
6500 1.5100021
6600 1.8431715
6700 1.8062677
6800 1.4634248
6900 1.3675365
7000 1.4955285
7100 1.7970946
7200 1.7216756
7300 1.6663659
7400 2.014343
7500 1.8461636
7600 1.6371381
7700 1.5277082
7800 1.3854736
7900 1.9025079
8000 1.7115294
8100 1.710076
8200 1.7512013
8300 1.8070672
8400 1.4036446
8500 1.8906202
8600 1.4318144
8700 1.6664164
8800 1.7627968
8900 1.4468718
9000 1.3420523
9100 1.7591636
9200 1.389302
9300 1.5888033
9400 1.505371
9500 1.5229944
9600 1.0677515
9700 1.7263852
9800 1.695463
9900 1.5671622
10000 1.4321285
10100 1.5115347
10200 1.1177435
10300 1.4154365
10400 1.9274048
10500 1.1515352
10600 1.7214713
10700 1.6686813
10800 1.5847661
10900 1.3367144
11000 1.0827852
11100 1.15602
11200 1.6087873
11300 1.19852
11400 1.4073437
11500 1.2852687
11600 0.80397666
11700 1.5238757
11800 1.5083553
11900 1.6042506
12000 1.3369825
12100 1.3015562
12200 1.6033473
12300 1.2399596
12400 1.407231
12500 0.7699496
12600 1.567313
12700 1.4954458
12800 1.1583273
12900 1.7645236
13000 1.208117
13100 1.0605489
13200 1.2818749
13300 1.4453374
13400 1.2260371
13500 1.5609012
13600 1.2955407
13700 1.099677
13800 0.8226247
13900 1.1554031
14000 1.0052968
14100 1.1752448
14200 1.1651696
14300 1.2435591
14400 1.2619145
14500 2.0483184
14600 0.9922042
14700 1.0941052
14800 1.6304982
14900 1.3217661
15000 1.3980267
15100 1.0177655
15200 1.1785494
15300 1.0929394
15400 1.6152852
15500 1.2297204
15600 1.3907722
15700 1.4588387
15800 1.4201013
15900 1.1853629
16000 1.2758696
16100 1.3158655
16200 0.81847036
16300 1.1624802
16400 1.2141995
16500 1.1070262
16600 1.0226758
16700 1.3817772
16800 1.0283481
16900 1.5993979
17000 1.181353
17100 0.96076167
17200 1.1839355
17300 0.89272094
17400 1.7897046
17500 1.437605
17600 1.1754403
17700 1.4860353
17800 0.89319605
17900 0.9342073
18000 0.9603905
18100 1.1028367
18200 1.5817697
18300 1.3870946
18400 0.9365549
18500 0.79262453
18600 1.264177
18700 1.2795482
18800 1.5338639
18900 1.2964739
19000 0.9915404
19100 1.0562991
19200 1.1795231
19300 1.1327882
19400 0.95724475
19500 0.9724957
19600 1.0833298
19700 1.3833344
19800 0.9050747
19900 0.9971793
20000 1.5495479
20100 1.6363798
20200 1.0844524
20300 1.0649788
20400 1.1003487
20500 1.0224661
20600 0.92013764
20700 1.3727953
20800 1.1338575
20900 1.2767464
21000 1.0284351
21100 1.1511114
21200 1.3627566
21300 1.2322164
21400 0.95217824
21500 1.1545621
21600 0.91466427
21700 1.1203635
21800 1.304031
21900 0.88366354
22000 1.3682474
22100 1.2188288
22200 0.9615084
22300 1.2585098
22400 1.3246424
22500 1.4137137
22600 0.9585448
22700 1.2048205
22800 1.0714141
22900 1.243529
23000 0.81679344
23100 1.17427
23200 1.3602147
23300 1.3929108
23400 1.3892049
23500 0.73583364
23600 1.1234175
23700 1.2987162
23800 1.0100191
23900 1.1556315
24000 1.2975221
24100 1.4258527
24200 1.0040545
24300 0.9268059
24400 1.187744
24500 1.2346346
24600 0.9312631
24700 1.2718575
24800 0.92311996
24900 1.6831592
25000 1.1676868
25100 0.720024
25200 1.345121
25300 1.0754462
25400 1.1030012
25500 1.0538476
25600 1.0914075
