0 2.3569775
100 1.9615264
200 1.7498616
300 1.6582354
400 1.5858774
500 2.3044074
600 1.819027
700 1.9444599
800 1.1658716
900 1.1120527
1000 1.3296258
1100 1.5181949
1200 1.6834002
1300 1.4693997
1400 1.897918
1500 1.1799377
1600 1.446866
1700 1.4133782
1800 1.1860693
1900 1.4384611
2000 1.3630831
2100 1.3987201
2200 1.3170433
2300 0.9565444
2400 1.8577466
2500 1.3990862
2600 1.507795
2700 1.262728
2800 1.4668025
2900 1.2706507
3000 1.4394369
3100 1.4489079
3200 1.0523603
3300 1.2451696
3400 1.3144624
3500 1.058965
3600 1.3225348
3700 1.4078509
3800 1.3482151
3900 1.2329769
4000 1.3982767
4100 1.5253215
4200 1.0106337
4300 1.0935067
4400 1.5486755
4500 1.3304935
4600 0.90616214
4700 1.1949725
4800 1.140384
4900 1.2723234
5000 0.9528742
5100 1.1398046
5200 1.5453436
5300 1.0712193
5400 1.2709513
5500 1.053991
5600 0.9277307
5700 1.62567
5800 1.4989506
5900 1.4329216
6000 1.5091999
6100 1.0029869
6200 1.370328
6300 1.0907061
6400 1.2694144
6500 1.0466537
6600 1.2775891
6700 1.2520094
6800 1.0143688
6900 0.9479041
7000 1.0366213
7100 1.245651
7200 1.1933746
7300 1.1550368
7400 1.3962362
7500 1.2796631
7600 1.1347777
7700 1.0589266
7800 0.96033716
7900 1.318718
8000 1.1863418
8100 1.1853343
8200 1.2138402
8300 1.2525635
8400 0.9729323
8500 1.3104781
8600 0.9924581
8700 1.1550719
8800 1.2218776
8900 1.0028951
9000 0.9302398
9100 1.2193593
9200 0.96299076
9300 1.1012745
9400 1.0434437
9500 1.0556593
9600 0.74010897
9700 1.1966391
9800 1.1752053
9900 1.086274
10000 0.9926759
10100 1.047716
10200 0.7747607
10300 0.9811058
10400 1.3359752
10500 0.7981833
10600 1.193233
10700 1.1566417
10800 1.0984762
10900 0.9265398
11000 0.7505295
11100 0.80129206
11200 1.1151264
11300 0.8307507
11400 0.97549635
11500 0.89088035
11600 0.55727416
11700 1.0562701
11800 1.0455122
11900 1.1119817
12000 0.9267256
12100 0.90217006
12200 1.1113557
12300 0.8594745
12400 0.97541815
12500 0.5336884
12600 1.0863786
12700 1.0365641
12800 0.8028913
12900 1.2230746
13000 0.83740294
13100 0.7351165
13200 0.888528
13300 1.0018315
13400 0.8498242
13500 1.0819342
13600 0.89800036
13700 0.762238
13800 0.57019997
13900 0.8008644
14000 0.69681865
14100 0.81461763
14200 0.80763406
14300 0.8619695
14400 0.8746925
14500 1.4197861
14600 0.68774354
14700 0.758376
14800 1.1301752
14900 0.91617846
15000 0.9690383
15100 0.70546126
15200 0.81690824
15300 0.7575679
15400 1.1196303
15500 0.8523772
15600 0.9640098
15700 1.0111899
15800 0.98433924
15900 0.82163095
16000 0.88436544
16100 0.9120885
16200 0.5673204
16300 0.8057699
16400 0.841619
16500 0.7673321
16600 0.7088648
16700 0.95777494
16800 0.71279657
16900 1.1086181
17000 0.8188515
17100 0.6659492
17200 0.8206416
17300 0.618787
17400 1.2405287
17500 0.9964719
17600 0.8147532
17700 1.0300412
17800 0.6191163
17900 0.6475432
18000 0.665692
18100 0.76442814
18200 1.0963992
18300 0.9614607
18400 0.6491704
18500 0.54940546
18600 0.8762607
18700 0.8869152
18800 1.0631934
18900 0.8986472
19000 0.6872834
19100 0.73217076
19200 0.8175831
19300 0.7851889
19400 0.6635115
19500 0.67408264
19600 0.750907
19700 0.9588543
19800 0.62735
19900 0.69119203
20000 1.0740647
20100 1.1342521
20200 0.75168514
20300 0.7381871
20400 0.7627036
20500 0.70871943
20600 0.6377908
20700 0.95154923
20800 0.7859301
20900 0.88497317
21000 0.7128569
21100 0.7978896
21200 0.9445909
21300 0.85410726
21400 0.65999967
21500 0.80028147
21600 0.63399696
21700 0.77657676
21800 0.9038854
21900 0.6125089
22000 0.9483968
22100 0.8448278
22200 0.66646683
22300 0.8723325
22400 0.9181722
22500 0.9799116
22600 0.6644126
22700 0.83511794
22800 0.7426477
22900 0.8619486
23000 0.56615806
23100 0.81394196
23200 0.94282895
23300 0.96549225
23400 0.9629234
23500 0.510041
23600 0.7786937
23700 0.90020144
23800 0.70009184
23900 0.8010227
24000 0.89937377
24100 0.9883257
24200 0.69595754
24300 0.6424129
24400 0.8232814
24500 0.8557835
24600 0.6455024
24700 0.8815844
24800 0.639858
24900 1.1666771
25000 0.80937886
25100 0.4990826
25200 0.93236685
25300 0.7454425
25400 0.7645422
25500 0.73047143
25600 0.7565061
