0 9.630084
100 4.8476014
200 5.5853896
300 5.1662903
400 5.1809177
500 4.631442
600 5.7802916
700 5.095621
800 4.9528065
900 4.0142913
1000 4.5642877
1100 4.3873286
1200 4.79502
1300 5.0646644
1400 4.578418
1500 4.0019927
1600 4.744487
1700 4.275879
1800 4.420465
1900 4.7550316
2000 4.5677004
2100 4.4016724
2200 4.1871
2300 3.6598213
2400 4.3891764
2500 4.4406834
2600 4.861226
2700 4.829526
2800 4.447773
2900 4.4492836
3000 4.4247074
3100 4.4912295
3200 3.9507189
3300 4.5922513
3400 4.4482665
3500 3.6984315
3600 4.169551
3700 4.5966973
3800 4.928287
3900 4.550746
4000 4.4715405
4100 3.9289937
4200 3.6230536
4300 3.7252793
4400 3.8122153
4500 3.6854582
4600 3.5628734
4700 4.074044
4800 4.647913
4900 4.1619325
5000 3.9025931
5100 3.6458952
5200 3.7895722
5300 3.944775
5400 3.4892473
5500 4.2306986
5600 3.7648454
5700 4.7117195
5800 4.4518404
5900 4.55157
6000 4.3581295
6100 3.867744
6200 4.6435575
6300 3.815916
6400 4.106592
6500 3.599056
6600 4.4990377
6700 4.4660244
6800 3.6670432
6900 3.8988595
7000 4.04358
7100 4.057871
7200 3.5682802
7300 3.879094
7400 3.6527262
7500 4.1700654
7600 4.2096806
7700 3.6308649
7800 3.3541403
7900 4.4611416
8000 3.8448303
8100 3.4606946
8200 3.9114017
8300 3.8128853
8400 3.9803696
8500 4.0993013
8600 3.5641112
8700 3.9307902
8800 3.636073
8900 3.5514972
9000 3.5579302
9100 4.3704457
9200 4.2672186
9300 3.6375804
9400 3.5785785
9500 3.21876
9600 3.5949202
9700 3.8309999
9800 3.8228707
9900 3.77114
10000 3.233253
10100 3.939254
10200 3.35364
10300 3.5110989
10400 3.673631
10500 3.4137454
10600 3.0537615
10700 4.099724
10800 3.728897
10900 3.633029
11000 3.0437758
11100 3.6513984
11200 3.6978247
11300 3.3942058
11400 3.937293
11500 3.8689973
11600 2.9409385
11700 3.6200447
11800 3.8639848
11900 3.661443
12000 3.8513014
12100 3.8988843
12200 4.1437407
12300 3.855431
12400 3.7996058
12500 3.1311045
12600 3.749152
12700 3.879441
12800 3.2244158
12900 3.802611
13000 3.3345704
13100 3.7355452
13200 3.264196
13300 4.1120825
13400 3.1282961
13500 3.4024165
13600 3.6821628
13700 3.4976695
13800 2.9293942
13900 3.1785104
14000 3.3267617
14100 3.0972404
14200 3.677645
14300 3.43649
14400 4.2239275
14500 3.6814656
14600 3.620603
14700 3.6971183
14800 3.6323233
14900 3.4434109
15000 3.260777
15100 3.0967836
15200 3.5882483
15300 3.113009
15400 3.9019532
15500 3.7348218
15600 3.5480902
15700 4.177645
15800 3.8969507
15900 3.5875955
16000 3.6264677
16100 3.5426369
16200 3.0337362
16300 3.5022366
16400 3.049571
16500 3.3982773
16600 3.1198761
16700 3.2904475
16800 3.5350494
16900 3.1118364
17000 3.5325484
17100 3.2676644
17200 3.8732743
17300 3.2531507
17400 3.500599
17500 3.389595
17600 3.0413866
17700 3.6279554
17800 2.7733831
17900 3.1013184
18000 3.157257
18100 3.3149729
18200 3.550661
18300 3.1735816
18400 3.477658
18500 3.0803828
18600 3.853273
18700 3.6931813
18800 3.7311
18900 3.8708417
19000 3.0783684
19100 3.2489386
19200 3.3168414
19300 3.6629083
19400 2.9874063
19500 3.3639038
19600 2.9952152
19700 3.6096253
19800 2.882662
19900 3.2509074
20000 3.7278285
20100 3.807033
20200 3.4623537
20300 3.3533337
20400 3.482811
20500 3.2105026
20600 2.9738986
20700 3.3899403
20800 3.3833094
20900 3.5528839
21000 3.1267085
21100 3.4455628
21200 3.2054002
21300 3.4813654
21400 2.8926983
21500 3.1590638
21600 3.1512108
21700 3.4339578
21800 3.4028392
21900 3.018068
22000 3.7406783
22100 3.294269
22200 3.017775
22300 3.1115994
22400 3.3228195
22500 3.7176485
22600 3.208518
22700 3.5492945
22800 3.166873
22900 3.7679179
23000 2.799017
23100 2.6342113
23200 3.1751356
23300 3.1368704
23400 3.6742904
23500 2.963357
23600 3.732732
23700 3.4656355
23800 2.822802
23900 3.3639722
24000 3.5378604
24100 3.5854988
24200 3.1898403
24300 2.9138858
24400 3.1814356
24500 3.340094
24600 3.1809576
24700 3.6433177
24800 3.621326
24900 4.1477427
25000 3.5881743
25100 2.6957452
25200 3.8263023
25300 3.434164
25400 3.4850638
25500 3.3910096
25600 3.6220207
