0 0.034375
100 0.36249998
200 0.421875
300 0.45
400 0.44687504
500 0.5
600 0.5125
700 0.49375007
800 0.46562502
900 0.503125
1000 0.478125
1100 0.459375
1200 0.50000006
1300 0.48125
1400 0.53125
1500 0.53125
1600 0.478125
1700 0.446875
1800 0.528125
1900 0.50625
2000 0.5125
2100 0.509375
2200 0.51250005
2300 0.559375
2400 0.51875
2500 0.490625
2600 0.54062504
2700 0.525
2800 0.53437495
2900 0.559375
3000 0.45937502
3100 0.503125
3200 0.49375
3300 0.58125
3400 0.54062504
3500 0.50937504
3600 0.5500001
3700 0.53124994
3800 0.50624996
3900 0.49687502
4000 0.5625
4100 0.55625004
4200 0.534375
4300 0.56250006
4400 0.571875
4500 0.528125
4600 0.56875
4700 0.571875
4800 0.621875
4900 0.546875
5000 0.67812496
5100 0.50000006
5200 0.5125
5300 0.515625
5400 0.55625004
5500 0.6125
5600 0.534375
5700 0.553125
5800 0.49687502
5900 0.525
6000 0.51250005
6100 0.503125
6200 0.5031251
6300 0.55
6400 0.51562506
6500 0.58124995
6600 0.59375006
6700 0.540625
6800 0.5
6900 0.575
7000 0.52500004
7100 0.53125
7200 0.55312496
7300 0.5500001
7400 0.52187496
7500 0.5375
7600 0.496875
7700 0.56562495
7800 0.590625
7900 0.54375
8000 0.590625
8100 0.575
8200 0.55625
8300 0.6
8400 0.54687506
8500 0.534375
8600 0.59375
8700 0.55625004
8800 0.528125
8900 0.50937504
9000 0.571875
9100 0.5375
9200 0.53437495
9300 0.559375
9400 0.50625
9500 0.5375
9600 0.60312504
9700 0.603125
9800 0.57187504
9900 0.55312496
10000 0.5375
10100 0.55
10200 0.60312504
10300 0.59375006
10400 0.540625
10500 0.534375
10600 0.5375
10700 0.521875
10800 0.6343751
10900 0.603125
11000 0.578125
11100 0.54375
11200 0.5125
11300 0.515625
11400 0.528125
11500 0.490625
11600 0.553125
11700 0.52500004
11800 0.51874995
11900 0.565625
12000 0.578125
12100 0.496875
12200 0.53749996
12300 0.5749999
12400 0.50000006
12500 0.503125
12600 0.56875
12700 0.56250006
12800 0.55
12900 0.54375005
13000 0.50937504
13100 0.55937505
13200 0.6187501
13300 0.51875
13400 0.54062504
13500 0.54375
13600 0.55
13700 0.559375
13800 0.52500004
13900 0.51562506
14000 0.57500005
14100 0.528125
14200 0.471875
14300 0.60625005
14400 0.55625
14500 0.48749998
14600 0.534375
14700 0.57187504
14800 0.578125
14900 0.58125
15000 0.55
15100 0.5625
15200 0.58437496
15300 0.565625
15400 0.540625
15500 0.521875
15600 0.58125
15700 0.5625
15800 0.50312495
15900 0.52187496
16000 0.6
16100 0.575
16200 0.546875
16300 0.459375
16400 0.55312496
16500 0.59375
16600 0.571875
16700 0.534375
16800 0.5625
16900 0.51875
17000 0.57812506
17100 0.59375
17200 0.55625004
17300 0.56875
17400 0.55937505
17500 0.57187504
17600 0.603125
17700 0.58125
17800 0.54375
17900 0.528125
18000 0.5875
18100 0.51875
18200 0.57500005
18300 0.52500004
18400 0.509375
18500 0.59687495
18600 0.54375
18700 0.559375
18800 0.59375
18900 0.578125
19000 0.584375
19100 0.540625
19200 0.61875
19300 0.546875
19400 0.51250005
19500 0.5625
19600 0.59375
19700 0.59999996
19800 0.6125
19900 0.615625
20000 0.546875
20100 0.565625
20200 0.53125
20300 0.6
20400 0.559375
20500 0.55937505
20600 0.5375
20700 0.615625
20800 0.54375
20900 0.54687494
21000 0.6281251
21100 0.56875
21200 0.5375
21300 0.55625
21400 0.559375
21500 0.6
21600 0.521875
21700 0.61875004
21800 0.58125
21900 0.603125
22000 0.53749996
22100 0.55625
22200 0.553125
22300 0.5625
22400 0.528125
22500 0.559375
22600 0.58750004
22700 0.521875
22800 0.61875
22900 0.515625
23000 0.484375
23100 0.590625
23200 0.55
23300 0.534375
23400 0.628125
23500 0.6218749
23600 0.54687506
23700 0.5625
23800 0.553125
23900 0.603125
24000 0.53125
24100 0.584375
24200 0.5625
24300 0.578125
24400 0.534375
24500 0.6125
24600 0.55625
24700 0.565625
24800 0.546875
24900 0.52500004
25000 0.57187504
25100 0.553125
25200 0.5625
25300 0.59062505
25400 0.58125
25500 0.55625
25600 0.5625
25700 0.50937504
25800 0.56874996
25900 0.546875
26000 0.53125
26100 0.5625
26200 0.55
26300 0.575
26400 0.5375
26500 0.565625
26600 0.565625
26700 0.54375005
26800 0.571875
26900 0.565625
27000 0.565625
27100 0.6281251
27200 0.55312496
27300 0.59062505
27400 0.55312496
27500 0.55625
27600 0.55625
27700 0.5875
27800 0.584375
27900 0.58750004
28000 0.590625
28100 0.53125
28200 0.48125002
28300 0.56250006
28400 0.496875
28500 0.55
28600 0.528125
28700 0.596875
28800 0.5625
28900 0.49062502
29000 0.565625
29100 0.52812505
29200 0.56562495
29300 0.55312496
29400 0.59062505
29500 0.5625
29600 0.515625
29700 0.609375
29800 0.58750004
29900 0.578125
30000 0.5375
30100 0.60625
30200 0.53125006
30300 0.565625
30400 0.50624996
30500 0.5125
30600 0.53125006
30700 0.521875
30800 0.5
30900 0.54375
31000 0.51875
31100 0.58124995
31200 0.55625
31300 0.53125
31400 0.55
31500 0.55937505
31600 0.521875
31700 0.58750004
31800 0.55312496
31900 0.565625
32000 0.540625
32100 0.5375
32200 0.553125
32300 0.58125
32400 0.58750004
32500 0.59687495
32600 0.57500005
32700 0.509375
32800 0.515625
32900 0.55
33000 0.575
33100 0.54375
33200 0.61875004
33300 0.534375
33400 0.55625
33500 0.528125
33600 0.578125
33700 0.55625
33800 0.553125
33900 0.54687506
34000 0.5749999
34100 0.56874996
34200 0.58750004
34300 0.5625
34400 0.584375
34500 0.578125
34600 0.54375
34700 0.55625004
34800 0.55312496
34900 0.57187504
35000 0.5625
35100 0.603125
35200 0.590625
35300 0.609375
35400 0.58125
35500 0.61875
35600 0.578125
35700 0.559375
35800 0.55937505
35900 0.5625
36000 0.5656251
36100 0.603125
36200 0.553125
36300 0.571875
36400 0.546875
36500 0.60625
36600 0.515625
36700 0.6125001
36800 0.58437496
36900 0.584375
37000 0.60937506
37100 0.56875
37200 0.640625
37300 0.59062505
37400 0.60312504
37500 0.5593749
37600 0.5593749
37700 0.553125
37800 0.5875
37900 0.55937505
38000 0.56874996
38100 0.521875
38200 0.55625004
38300 0.5656251
38400 0.584375
38500 0.52812505
38600 0.521875
38700 0.565625
38800 0.503125
38900 0.51562506
39000 0.546875
39100 0.61875
39200 0.534375
39300 0.51250005
39400 0.53125
39500 0.5625
39600 0.54062504
39700 0.58125
39800 0.565625
39900 0.546875
40000 0.546875
40100 0.496875
40200 0.584375
40300 0.55312496
