0 4.7503247
100 3.1883228
200 2.8688257
300 2.5384471
400 2.5637715
500 2.3276749
600 2.262655
700 2.3866987
800 2.4393597
900 2.4221327
1000 2.36257
1100 2.6246908
1200 2.3992043
1300 2.550657
1400 2.2831848
1500 2.194706
1600 2.3097777
1700 2.5754597
1800 2.2469754
1900 2.2146623
2000 2.2069721
2100 2.2754712
2200 2.3559475
2300 1.9457128
2400 2.1544347
2500 2.451914
2600 2.2452407
2700 2.165312
2800 2.2620993
2900 2.0845706
3000 2.32771
3100 2.339077
3200 2.277665
3300 1.9107506
3400 2.2479148
3500 2.2665684
3600 2.3771718
3700 2.2019525
3800 2.3725517
3900 2.3665426
4000 2.1636062
4100 2.286104
4200 2.0789554
4300 1.8849629
4400 2.10171
4500 2.204346
4600 1.8955948
4700 2.0570388
4800 1.8356364
4900 2.034732
5000 1.8074348
5100 2.2574432
5200 2.4078884
5300 2.3505485
5400 2.0785384
5500 1.8444805
5600 2.1600282
5700 2.0667381
5800 2.3044448
5900 2.207329
6000 2.288528
6100 2.2589972
6200 2.2321782
6300 2.2390358
6400 2.3462005
6500 2.1042042
6600 1.806208
6700 2.0757136
6800 2.2939687
6900 2.0040317
7000 2.2653975
7100 2.0738707
7200 2.0251231
7300 2.2012653
7400 2.2638211
7500 2.2253048
7600 2.4385161
7700 1.9918487
7800 1.9402254
7900 2.122338
8000 1.9877146
8100 2.0054748
8200 2.1363268
8300 2.010839
8400 1.9927781
8500 2.2927113
8600 2.060363
8700 2.0737731
8800 2.373619
8900 2.2668483
9000 2.121538
9100 2.140668
9200 2.2397044
9300 2.2378368
9400 2.4519784
9500 2.1138365
9600 2.0029569
9700 1.886405
9800 2.0622
9900 2.2579806
10000 2.179866
10100 2.0985765
10200 1.8015176
10300 1.8731748
10400 2.1595895
10500 2.400971
10600 2.1676197
10700 2.2568784
10800 1.8374068
10900 2.001413
11000 1.9824635
11100 2.1755464
11200 2.1824377
11300 2.3566644
11400 2.3752708
11500 2.3207436
11600 2.1839812
11700 2.2489462
11800 2.2755089
11900 2.1014855
12000 2.0581691
12100 2.1295793
12200 2.110021
12300 2.001313
12400 2.2645807
12500 2.2485852
12600 2.0920165
12700 1.9156482
12800 2.2014072
12900 2.261663
13000 2.3812425
13100 2.149092
13200 1.8587749
13300 2.238678
13400 2.206591
13500 2.174677
13600 2.0852156
13700 2.1719148
13800 2.1919954
13900 2.1643312
14000 1.9719777
14100 2.1397974
14200 2.4218125
14300 2.0265803
14400 2.1969342
14500 2.4640918
14600 2.173148
14700 1.949309
14800 1.9893931
14900 2.0813718
15000 2.0956123
15100 2.1217415
15200 1.7804583
15300 1.9927632
15400 2.1686165
15500 2.3880937
15600 2.0353415
15700 2.1733139
15800 2.4856784
15900 2.2022614
16000 1.9045814
16100 2.042583
16200 2.19227
16300 2.739674
16400 2.1116202
16500 2.0508096
16600 2.0147047
16700 2.243501
16800 2.020016
16900 2.2525094
17000 2.024108
17100 1.9424498
17200 2.1249688
17300 2.116178
17400 2.060927
17500 1.8227766
17600 1.7581148
17700 2.0608444
17800 2.1777146
17900 2.2269974
18000 2.146648
18100 2.2865052
18200 2.0643651
18300 2.2832365
18400 2.2304015
18500 1.8615648
18600 2.1508934
18700 2.221155
18800 1.9647056
18900 1.9006634
19000 1.9089131
19100 2.0566037
19200 1.966471
19300 2.1835346
19400 2.126014
19500 2.1956615
19600 2.0124655
19700 2.0000546
19800 1.7662388
19900 1.8902434
20000 2.2240944
20100 2.0164657
20200 2.0424228
20300 1.9239849
20400 1.9685131
20500 2.0533493
20600 2.2225358
20700 1.850376
20800 2.0736866
20900 2.2090354
21000 1.943796
21100 2.152531
21200 2.16193
21300 2.140964
21400 1.9966297
21500 1.8461478
21600 2.241316
21700 1.817137
21800 2.01372
21900 1.9316682
22000 2.222263
22100 2.0363908
22200 2.0956135
22300 2.0504944
22400 2.2264578
22500 1.9495434
22600 1.9003569
22700 2.106946
22800 1.8593413
22900 2.234445
23000 2.5197988
23100 1.9240645
23200 2.1099994
23300 2.129644
23400 1.8263386
23500 1.8619279
23600 2.1499007
23700 2.0017316
23800 2.1361442
23900 1.909648
24000 2.1497023
24100 2.118434
24200 1.9818739
24300 2.0600526
24400 2.3504272
24500 1.7813888
24600 2.0270085
24700 2.0169733
24800 2.0055683
24900 2.1638205
25000 1.9905697
25100 2.1032722
25200 1.9786178
25300 1.8529918
25400 1.9700854
25500 2.1701157
25600 2.074607
25700 2.2649534
25800 2.06458
25900 2.0992587
26000 2.1903067
26100 2.0688787
26200 2.0022619
26300 2.0260792
26400 2.0794928
26500 2.0600395
26600 2.153854
26700 2.0908785
26800 1.954274
26900 2.181798
27000 2.1213493
27100 1.9904598
27200 2.1115546
27300 1.9572326
27400 2.1410167
27500 2.0073454
27600 2.2091644
27700 1.9313798
27800 2.0281787
27900 1.9914256
28000 1.9610631
28100 2.0750933
28200 2.3392882
28300 1.8958187
28400 2.4923198
28500 2.051801
28600 2.2016938
28700 1.9457998
28800 2.2875905
28900 2.4660492
29000 1.8968384
29100 2.1171663
29200 1.9636587
29300 2.0863035
29400 1.8495835
29500 2.1412082
29600 2.3262124
29700 1.80714
29800 2.061505
29900 2.01247
30000 2.180807
30100 1.8509771
30200 2.1340592
30300 1.8960769
30400 2.3351893
30500 2.1630552
30600 2.1003225
30700 2.1780212
30800 2.4647727
30900 2.0228279
31000 2.3183503
31100 1.950417
31200 2.1716437
31300 2.2141066
31400 2.124606
31500 2.087937
31600 2.1856635
31700 1.9319979
31800 2.110582
31900 2.0270534
32000 2.1676562
32100 2.232116
32200 2.1296403
32300 1.9453954
32400 2.0324254
32500 1.895255
32600 1.9081994
32700 2.3448174
32800 2.1889942
32900 2.1053584
33000 1.8890425
33100 2.153032
33200 1.8763665
33300 2.1394868
33400 2.068668
33500 2.3049152
33600 2.1045642
33700 2.1635158
33800 2.065858
33900 2.0933068
34000 2.109237
34100 1.9957145
34200 1.9369489
34300 2.0214841
34400 1.9233397
34500 1.9154738
34600 2.1822095
34700 2.1213338
34800 2.0567408
34900 2.0105174
35000 2.008497
35100 1.9205375
35200 1.9607326
35300 1.8249035
35400 2.0760288
35500 1.8377541
35600 1.8828006
35700 1.9679166
35800 1.9916995
35900 2.3207412
36000 2.049455
36100 1.8167043
36200 2.0940983
36300 2.0171106
36400 2.1618261
36500 1.8469185
36600 2.2608845
36700 1.8719556
36800 1.7974417
36900 1.8356501
37000 1.8560566
37100 2.0215235
37200 1.696964
37300 2.0051877
37400 1.9728329
37500 2.0491273
37600 1.9569907
37700 2.214353
37800 1.8103504
37900 1.9688749
38000 2.0656023
38100 2.295323
38200 2.215862
38300 2.078858
38400 2.0195203
38500 2.186351
38600 2.3291583
38700 2.2051845
38800 2.3272479
38900 2.2472959
39000 2.136154
39100 1.8292725
39200 2.2293916
39300 2.231331
39400 2.185616
39500 2.1529455
39600 2.136828
39700 1.848554
39800 2.121161
39900 2.1535296
40000 2.0761163
40100 2.4011784
40200 2.083524
40300 2.1193585
