0 3.2926743
100 2.209977
200 1.9885185
300 1.7595174
400 1.777071
500 1.6134213
600 1.5683529
700 1.6543335
800 1.6908354
900 1.6788944
1000 1.6376088
1100 1.8192971
1200 1.6630017
1300 1.7679808
1400 1.5825831
1500 1.5212543
1600 1.6010159
1700 1.7851726
1800 1.5574847
1900 1.535087
2000 1.5297565
2100 1.5772365
2200 1.6330184
2300 1.3486654
2400 1.4933403
2500 1.6995374
2600 1.5562823
2700 1.50088
2800 1.5679678
2900 1.4449143
3000 1.6134455
3100 1.6213247
3200 1.5787569
3300 1.3244314
3400 1.5581359
3500 1.5710655
3600 1.6477299
3700 1.5262771
3800 1.6445274
3900 1.6403623
4000 1.4996976
4100 1.5846065
4200 1.441022
4300 1.3065567
4400 1.4567945
4500 1.5279361
4600 1.3139262
4700 1.4258306
4800 1.2723662
4900 1.4103688
5000 1.2528183
5100 1.5647404
5200 1.6690211
5300 1.6292762
5400 1.4407331
5500 1.2784965
5600 1.4972174
5700 1.4325536
5800 1.5973195
5900 1.5300039
6000 1.5862868
6100 1.5658176
6200 1.5472281
6300 1.5519813
6400 1.6262622
6500 1.4585233
6600 1.251968
6700 1.4387751
6800 1.590058
6900 1.3890889
7000 1.5702538
7100 1.4374976
7200 1.4037085
7300 1.525801
7400 1.5691612
7500 1.5424638
7600 1.6902506
7700 1.3806443
7800 1.3448617
7900 1.4710926
8000 1.3777788
8100 1.3900892
8200 1.4807888
8300 1.3938074
8400 1.3812885
8500 1.5891864
8600 1.4281349
8700 1.43743
8800 1.6452674
8900 1.5712595
9000 1.470538
9100 1.4837979
9200 1.5524448
9300 1.5511503
9400 1.699582
9500 1.4651998
9600 1.3883439
9700 1.3075563
9800 1.4294082
9900 1.565113
10000 1.510968
10100 1.4546224
10200 1.2487168
10300 1.2983859
10400 1.4969134
10500 1.6642263
10600 1.5024796
10700 1.5643488
10800 1.2735933
10900 1.3872738
11000 1.374139
11100 1.5079739
11200 1.5127505
11300 1.6335154
11400 1.6464124
11500 1.6086168
11600 1.5138204
11700 1.5588508
11800 1.5772625
11900 1.4566387
12000 1.4266142
12100 1.4761119
12200 1.4625552
12300 1.3872045
12400 1.5696877
12500 1.5586005
12600 1.4500754
12700 1.3278261
12800 1.5258992
12900 1.5676653
13000 1.6505516
13100 1.489637
13200 1.2884046
13300 1.5517333
13400 1.5294923
13500 1.5073712
13600 1.4453614
13700 1.5054567
13800 1.5193754
13900 1.5002002
14000 1.3668708
14100 1.4831946
14200 1.6786726
14300 1.4047185
14400 1.5227988
14500 1.7079782
14600 1.5063114
14700 1.351158
14800 1.3789423
14900 1.442697
15000 1.4525678
15100 1.4706792
15200 1.2341197
15300 1.3812782
15400 1.5031705
15500 1.6553005
15600 1.4107912
15700 1.5064263
15800 1.7229409
15900 1.5264913
16000 1.3201553
16100 1.4158106
16200 1.5195658
16300 1.8989973
16400 1.4636636
16500 1.4215128
16600 1.3964869
16700 1.5550764
16800 1.4001683
16900 1.5613205
17000 1.4030046
17100 1.3464036
17200 1.4729161
17300 1.4668229
17400 1.4285257
17500 1.2634524
17600 1.2186323
17700 1.4284685
17800 1.5094767
17900 1.5436369
18000 1.4879429
18100 1.5848846
18200 1.4309089
18300 1.582619
18400 1.5459965
18500 1.2903384
18600 1.4908857
18700 1.5395873
18800 1.3618301
18900 1.3174394
19000 1.3231578
19100 1.425529
19200 1.3630538
19300 1.513511
19400 1.4736407
19500 1.5219166
19600 1.3949348
19700 1.3863322
19800 1.2242634
19900 1.3102169
20000 1.5416248
20100 1.3977075
20200 1.4156996
20300 1.3336047
20400 1.3644693
20500 1.4232732
20600 1.5405444
20700 1.2825829
20800 1.4373701
20900 1.5311867
21000 1.3473368
21100 1.4920207
21200 1.4985358
21300 1.4840032
21400 1.3839582
21500 1.2796521
21600 1.5535619
21700 1.2595434
21800 1.3958044
21900 1.3389304
22000 1.5403553
22100 1.4115185
22200 1.4525685
22300 1.4212945
22400 1.543263
22500 1.3513205
22600 1.317227
22700 1.4604237
22800 1.2887971
22900 1.5487994
23000 1.7465914
23100 1.3336599
23200 1.4625401
23300 1.4761567
23400 1.2659215
23500 1.29059
23600 1.4901975
23700 1.3874947
23800 1.4806622
23900 1.323667
24000 1.4900601
24100 1.4683865
24200 1.3737303
24300 1.4279197
24400 1.6291919
24500 1.2347646
24600 1.4050152
24700 1.3980594
24800 1.390154
24900 1.4998461
25000 1.3797578
25100 1.4578773
25200 1.3714733
25300 1.284396
25400 1.3655591
25500 1.5042095
25600 1.438008
25700 1.569946
25800 1.4310578
25900 1.4550952
26000 1.5182049
26100 1.4340374
26200 1.3878622
26300 1.404371
26400 1.4413946
26500 1.4279106
26600 1.4929378
26700 1.4492866
26800 1.3545996
26900 1.512307
27000 1.4704072
27100 1.3796816
27200 1.4636182
27300 1.3566502
27400 1.4840397
27500 1.3913858
27600 1.531276
27700 1.3387305
27800 1.4058263
27900 1.3803511
28000 1.3593054
28100 1.4383451
28200 1.621471
28300 1.3140814
28400 1.7275444
28500 1.4222001
28600 1.5260978
28700 1.3487257
28800 1.5856369
28900 1.7093351
29000 1.3147882
29100 1.4675078
29200 1.3611045
29300 1.4461154
29400 1.2820336
29500 1.4841723
29600 1.6124076
29700 1.252614
29800 1.4289265
29900 1.3949379
30000 1.5116203
30100 1.2829995
30200 1.479217
30300 1.3142604
30400 1.6186299
30500 1.4993156
30600 1.4558326
30700 1.5096893
30800 1.7084502
30900 1.4021174
31000 1.6069579
31100 1.3519261
31200 1.5052687
31300 1.5347017
31400 1.4726646
31500 1.4472477
31600 1.5149864
31700 1.3391589
31800 1.462944
31900 1.4050463
32000 1.5025048
32100 1.547185
32200 1.4761542
32300 1.3484453
32400 1.40877
32500 1.3136907
32600 1.3226631
32700 1.6253035
32800 1.5172951
32900 1.4593233
33000 1.3093845
33100 1.4923681
33200 1.3005981
33300 1.4829793
33400 1.4338913
33500 1.5976454
33600 1.4587728
33700 1.4996349
33800 1.4319437
33900 1.4509697
34000 1.4620116
34100 1.3833239
34200 1.3425907
34300 1.4011861
34400 1.3331575
34500 1.3277053
34600 1.5125923
34700 1.4703965
34800 1.4256241
34900 1.3935844
35000 1.392184
35100 1.3312151
35200 1.3590763
35300 1.2649267
35400 1.4389936
35500 1.2738341
35600 1.3050579
35700 1.3640559
35800 1.3805408
35900 1.6086153
36000 1.420574
36100 1.2592435
36200 1.4515183
36300 1.3981545
36400 1.4984636
36500 1.2801863
36600 1.5671257
36700 1.2975408
36800 1.2458917
36900 1.2723757
37000 1.2865204
37100 1.4012133
37200 1.1762458
37300 1.3898902
37400 1.3674636
37500 1.4203469
37600 1.3564826
37700 1.5348727
37800 1.2548393
37900 1.3647201
38000 1.4317664
38100 1.5909966
38200 1.5359186
38300 1.4409546
38400 1.3998249
38500 1.5154631
38600 1.6144495
38700 1.5285174
38800 1.6131253
38900 1.5577068
39000 1.480669
39100 1.2679551
39200 1.5452965
39300 1.5466409
39400 1.5149536
39500 1.4923081
39600 1.4811363
39700 1.28132
39800 1.4702768
39900 1.492713
40000 1.4390541
40100 1.6643701
40200 1.4441887
40300 1.4690274
