0 26.986517
100 11.227713
200 9.453907
300 8.013719
400 7.770597
500 7.3623953
600 7.514285
700 7.832901
800 7.591153
900 7.9647193
1000 7.0315323
1100 7.602894
1200 7.6756086
1300 7.2944937
1400 7.3069105
1500 6.9928536
1600 6.936548
1700 7.3631887
1800 6.593769
1900 6.613142
2000 6.7854114
2100 6.9522123
2200 6.792064
2300 6.154078
2400 6.572033
2500 7.2472506
2600 6.554705
2700 6.5979605
2800 6.349535
2900 6.1919737
3000 6.6587048
3100 6.661053
3200 6.3450103
3300 6.09913
3400 6.7962227
3500 6.674025
3600 6.296092
3700 6.20863
3800 6.8639975
3900 6.296274
4000 6.608122
4100 6.4310627
4200 6.366641
4300 6.212509
4400 6.4244413
4500 6.388993
4600 5.6268187
4700 6.0187354
4800 5.88206
4900 6.251018
5000 6.073846
5100 6.5729847
5200 6.4937263
5300 6.2925644
5400 6.104964
5500 5.971096
5600 6.3277245
5700 6.5673313
5800 6.214664
5900 5.9801407
6000 6.6717534
6100 6.473815
6200 6.454801
6300 6.003254
6400 6.433663
6500 6.11328
6600 5.844742
6700 6.581029
6800 6.4578104
6900 6.3306475
7000 6.5301304
7100 6.354668
7200 6.3726287
7300 6.3826246
7400 6.2627797
7500 6.0063753
7600 6.6538124
7700 6.283739
7800 6.149702
7900 6.071176
8000 5.921867
8100 5.9660397
8200 6.1642036
8300 6.149209
8400 5.795471
8500 6.4491315
8600 6.331585
8700 6.3639293
8800 6.4099874
8900 6.190128
9000 6.393793
9100 5.9273014
9200 6.1509075
9300 6.5684233
9400 6.4420443
9500 6.152721
9600 5.8172083
9700 6.0935454
9800 5.663454
9900 6.4408913
10000 6.5095625
10100 6.134238
10200 6.0311217
10300 5.676176
10400 6.2828016
10500 6.581357
10600 6.5292015
10700 6.5118027
10800 5.6785545
10900 6.372563
11000 6.1560626
11100 6.377541
11200 6.2498536
11300 6.4856067
11400 6.2521105
11500 6.6207647
11600 6.0334663
11700 6.6505566
11800 6.3665123
11900 5.9459023
12000 6.139936
12100 6.217391
12200 5.677388
12300 6.045415
12400 6.1184945
12500 6.670829
12600 5.8508177
12700 5.6475024
12800 6.1114345
12900 6.2115655
13000 6.7192583
13100 6.253409
13200 5.9092407
13300 6.502385
13400 6.3460207
13500 6.551281
13600 6.010329
13700 6.2103024
13800 6.3621197
13900 5.920248
14000 6.0243363
14100 6.1178255
14200 6.6353207
14300 6.425028
14400 5.4502664
14500 6.5731206
14600 6.236457
14700 6.0452633
14800 6.0882406
14900 6.3067703
15000 6.30113
15100 5.4928184
15200 5.9246736
15300 5.815963
15400 6.664984
15500 6.6648483
15600 5.989848
15700 6.158675
15800 6.77253
15900 6.554886
16000 5.8755984
16100 6.0482903
16200 6.091603
16300 7.2245235
16400 6.1094217
16500 6.45363
16600 6.0417213
16700 6.2616453
16800 6.514206
16900 6.993351
17000 6.0078363
17100 6.2414393
17200 5.967017
17300 6.5199933
17400 6.4650497
17500 5.9036627
17600 5.641291
17700 6.2020407
17800 6.264452
17900 6.093735
18000 5.9971595
18100 6.64295
18200 6.008442
18300 6.4525747
18400 6.110404
18500 5.8660593
18600 6.172467
18700 6.2537613
18800 5.9238462
18900 5.7950892
19000 6.0630484
19100 6.3406925
19200 6.3773417
19300 6.32115
19400 6.5169315
19500 6.476441
19600 5.693178
19700 6.341384
19800 5.6401052
19900 6.442765
20000 6.6280823
20100 6.4849715
20200 6.2308774
20300 5.8697953
20400 6.089968
20500 6.213049
20600 6.4181604
20700 6.2461534
20800 5.953077
20900 6.4440584
21000 6.1870522
21100 6.125307
21200 6.3395085
21300 6.208053
21400 6.220047
21500 6.1203656
21600 6.6219263
21700 5.7002344
21800 6.196741
21900 5.7988615
22000 6.455052
22100 6.13836
22200 6.28721
22300 6.1729603
22400 6.462195
22500 6.004048
22600 6.0503783
22700 6.201003
22800 5.8963394
22900 6.3588057
23000 6.2698874
23100 6.22834
23200 6.6864758
23300 6.1111245
23400 5.599204
23500 6.0216885
23600 6.52543
23700 6.1428456
23800 5.989943
23900 6.0815344
24000 6.2470217
24100 6.356042
24200 6.3419414
24300 6.506318
24400 6.1323786
24500 5.979821
24600 6.208688
24700 6.226384
24800 6.1622934
24900 6.4143476
25000 5.8674703
25100 6.3448205
25200 5.5677958
25300 5.7787533
25400 5.822418
25500 6.241128
25600 6.247613
25700 6.1785884
25800 6.24619
25900 6.556139
26000 6.2582164
26100 6.2047515
26200 5.8303275
26300 6.051116
26400 6.244959
26500 6.0253897
26600 6.1833124
26700 6.303264
26800 6.3104563
26900 6.033057
27000 6.2075796
27100 5.834335
27200 6.045644
27300 6.286471
27400 6.4120626
27500 6.267361
27600 6.547558
27700 6.003838
27800 5.894417
27900 5.9671683
28000 6.2473674
28100 6.5484653
28200 6.5740185
28300 6.0171056
28400 7.091999
28500 6.2262464
28600 6.2236013
28700 6.018112
28800 6.7870717
28900 6.793892
29000 6.134651
29100 6.298945
29200 6.5469136
29300 6.342444
29400 5.9270697
29500 6.144598
29600 5.9163814
29700 6.174911
29800 6.2532797
29900 6.3027782
30000 6.483136
30100 5.9422054
30200 6.038269
30300 6.0138464
30400 6.5152555
30500 6.296735
30600 6.390918
30700 6.627433
30800 6.511809
30900 6.0372868
31000 6.0919995
31100 6.0407567
31200 6.3634453
31300 6.5808225
31400 6.16097
31500 6.2357035
31600 6.2350287
31700 5.874916
31800 5.981227
31900 6.561025
32000 6.4761944
32100 6.0863047
32200 6.2715197
32300 5.8358736
32400 6.200982
32500 5.7608113
32600 6.0543604
32700 6.6779976
32800 6.414103
32900 6.1165824
33000 5.9454846
33100 6.648651
33200 5.7243137
33300 5.9294567
33400 6.392904
33500 6.19836
33600 6.3720407
33700 6.5940204
33800 5.9943905
33900 5.8876486
34000 6.0811696
34100 6.0956593
34200 5.9603434
34300 6.070646
34400 5.7105036
34500 5.945492
34600 6.3768454
34700 6.2382665
34800 6.193314
34900 6.327827
35000 6.002251
35100 5.903831
35200 6.070205
35300 6.025415
35400 6.229208
35500 5.8432655
35600 6.067002
35700 5.642286
35800 6.260807
35900 5.761698
36000 5.9309835
36100 6.166727
36200 6.1132855
36300 6.088583
36400 6.5080957
36500 6.026677
36600 6.621365
36700 5.7471266
36800 5.7025895
36900 6.008379
37000 6.049968
37100 6.0406113
37200 5.637436
37300 6.30085
37400 5.9673023
37500 6.3448396
37600 6.0820513
37700 6.153269
37800 5.6456947
37900 6.02998
38000 5.987996
38100 6.10922
38200 6.10519
38300 6.1201406
38400 6.0260754
38500 6.523527
38600 6.321207
38700 6.293043
38800 6.312833
38900 6.4509287
39000 6.0322328
39100 5.659265
39200 6.3915453
39300 6.1587486
39400 5.970107
39500 5.8393736
39600 6.360878
39700 5.9784946
39800 6.0043488
39900 6.343991
40000 6.017864
40100 6.0368366
40200 5.9712534
40300 6.4049463
