0 8.133276
100 0.307289
200 0.51376206
300 0.31540394
400 0.28555167
500 0.11666155
600 0.42549884
700 0.045111887
800 0.3973473
900 0.32636786
1000 0.39481807
1100 0.46588257
1200 0.10578409
1300 0.372486
1400 0.08047486
1500 0.45529965
1600 0.68884695
1700 0.28870374
1800 0.032635015
1900 0.021229645
2000 0.2207046
2100 0.026862599
2200 0.015604128
2300 0.024884986
2400 0.02291952
2500 0.048963074
2600 0.01403719
2700 0.3515919
2800 0.02782458
2900 0.2428355
3000 0.098103024
3100 0.27435452
3200 0.008068075
3300 0.122328795
3400 0.027721476
3500 0.022524258
3600 0.00262446
3700 0.011726874
3800 0.04621106
3900 0.03417959
4000 0.0071102297
4100 0.070069194
4200 0.027112318
4300 0.032937966
4400 0.007435482
4500 0.014297673
4600 0.035161573
4700 0.04440338
4800 0.016698327
4900 0.018430704
5000 0.09488889
5100 0.052880995
5200 0.008595748
5300 0.084854804
5400 0.006592676
5500 0.0677336
5600 0.024559649
5700 0.0012137201
5800 0.0070479806
5900 0.17345417
6000 0.0116346115
6100 0.014447686
6200 0.093697555
6300 0.04098358
6400 0.020223735
6500 0.035990436
6600 0.07640404
6700 0.0144718215
6800 0.052827932
6900 0.0068713496
7000 0.017474843
7100 0.07830189
7200 0.021195414
7300 0.01660584
7400 0.013112658
7500 0.014157094
7600 0.04898029
7700 0.015985236
7800 0.017212255
7900 0.011412893
8000 0.027150542
8100 0.032387346
8200 0.003920798
8300 0.060923494
8400 0.004551046
8500 0.00053762295
8600 0.0032121318
8700 0.01040752
8800 0.011857629
8900 0.002456225
9000 0.007809457
9100 0.029717924
9200 0.0049433005
9300 0.012656088
9400 0.003879066
9500 0.009068332
9600 0.006535503
9700 0.0070932875
9800 0.0025589808
9900 0.012965191
10000 0.007586872
10100 0.077293985
10200 0.014106482
10300 0.007336701
10400 0.0012700153
10500 0.014795326
10600 0.003716025
10700 0.012562222
10800 0.0028997608
10900 0.0012238153
11000 0.005269966
11100 0.01618311
11200 0.00096448464
11300 0.014741618
11400 0.008345344
11500 0.01486524
11600 0.024847344
11700 0.0047239126
11800 0.0013177146
11900 0.022632387
12000 0.0036127684
12100 0.0029499452
12200 0.013643252
12300 0.0014422695
12400 0.0034312068
12500 0.0070000743
12600 0.023070475
12700 0.0016638277
12800 0.0066695814
12900 0.004477693
13000 0.007630913
13100 0.0018877626
13200 0.0029421179
13300 0.0037296372
13400 0.004281196
13500 0.0021007212
13600 0.0039238045
13700 0.00055110187
13800 0.0019081408
13900 0.0020936227
14000 0.0017247049
14100 0.003186959
14200 0.0015363076
14300 0.002695912
14400 0.00078898267
14500 0.0023503497
14600 0.0005950975
14700 0.0025688468
14800 0.003422815
14900 0.00025396878
