0 3.4519687
100 2.3676724
200 2.9175017
300 2.2700284
400 2.2198973
500 2.088638
600 2.1439567
700 2.152
800 1.800848
900 2.514857
1000 2.5284061
1100 1.9240081
1200 2.3659897
1300 2.3036327
1400 2.1511202
1500 2.2558026
1600 2.324004
1700 1.6010003
1800 2.1235657
1900 1.9593577
2000 1.739898
2100 2.426369
2200 1.5615705
2300 2.0964332
2400 2.0795863
2500 2.2034903
2600 1.7012341
2700 1.7883551
2800 1.9244945
2900 1.9324844
3000 1.6775811
3100 1.8422698
3200 2.2544842
3300 1.5217888
3400 2.1322248
3500 1.4891087
3600 1.6603929
3700 1.4336389
3800 1.4593289
3900 1.978567
4000 1.9424969
4100 1.9346356
4200 1.5032117
4300 1.6528926
4400 1.5657455
4500 2.0391421
4600 1.5147867
4700 1.5519621
4800 1.8074127
4900 1.4004606
5000 1.421008
5100 1.8661256
5200 2.2154405
5300 1.9909465
5400 1.7846984
5500 1.9604058
5600 1.4333605
5700 1.1346658
5800 1.856476
5900 2.2645679
6000 1.2922224
6100 1.8522204
6200 1.4092692
6300 1.2887939
6400 1.7772324
6500 1.3549095
6600 1.4949216
6700 1.5087976
6800 1.4577965
6900 1.5129931
7000 1.5582528
7100 1.2868167
7200 1.4689454
7300 1.5923351
7400 1.8086153
7500 1.5845828
7600 1.4626825
7700 1.2924452
7800 1.7529901
7900 1.7846977
8000 1.7138495
8100 1.8131845
8200 2.0616179
8300 1.4037696
8400 1.5330064
8500 1.5126033
8600 1.2991608
8700 1.7763513
8800 1.4411736
8900 1.8237416
9000 1.5504638
9100 1.7727518
9200 1.0775025
9300 1.6596609
9400 1.190396
9500 1.7184131
9600 1.5019397
9700 1.2363604
9800 1.3572783
9900 1.3301297
10000 1.233556
10100 1.7462035
10200 0.8477164
10300 1.8635378
10400 1.5971358
10500 1.3783829
10600 1.306024
10700 0.93761003
10800 1.6462752
10900 1.4701631
11000 1.2294377
11100 1.7651446
11200 1.1002997
11300 1.2381744
11400 1.2480522
11500 1.2218759
11600 1.1502913
11700 1.2109346
11800 1.421582
11900 1.3699125
12000 2.1645393
12100 1.3927643
12200 1.4135422
12300 1.3944861
12400 1.5518963
12500 1.2171814
12600 1.2396743
12700 1.182192
12800 1.3828018
12900 1.0991524
13000 0.9559677
13100 0.9845729
13200 1.9603615
13300 1.7206091
13400 1.0212342
13500 1.1768446
13600 1.3279277
13700 1.354303
13800 1.5904583
13900 1.1060567
14000 1.0763589
14100 1.1428518
14200 1.156649
14300 1.2604983
14400 1.0060567
14500 1.7375815
14600 1.2306929
14700 1.240992
14800 1.2097762
14900 1.3943914
15000 1.547601
15100 1.270885
15200 1.3162447
15300 1.0293391
15400 1.3453343
15500 1.255214
15600 1.0503697
15700 1.3099086
15800 1.2122912
15900 1.3630383
16000 1.0048152
16100 1.082648
16200 1.3001324
16300 0.89930373
16400 1.215009
16500 1.0260993
16600 1.3555863
16700 0.97560686
16800 1.5873427
16900 1.1879693
17000 1.1418877
17100 0.98678356
17200 1.0434349
17300 1.3220365
17400 0.81446004
17500 1.0509481
17600 1.3969817
17700 1.2791986
17800 1.162862
17900 1.486768
18000 1.0766698
18100 1.495394
18200 1.6596402
18300 1.0443952
18400 0.90767336
18500 1.0139315
18600 1.2522994
18700 1.216219
18800 1.1297734
18900 0.708971
19000 1.2355803
19100 1.1613531
19200 1.029456
19300 0.72295403
19400 1.2940949
19500 1.3329113
19600 1.2889904
19700 1.2413888
19800 1.2988735
19900 0.85732424
20000 0.5347691
20100 0.8465792
20200 1.0149052
20300 0.7017855
20400 1.1492987
20500 1.1227487
20600 1.3455701
20700 0.8639698
20800 1.009912
20900 1.533614
21000 1.2458295
21100 0.8583161
21200 1.0673846
21300 1.0662344
21400 1.092204
21500 0.93891174
21600 0.9559377
21700 1.091243
21800 0.8458769
21900 1.267721
22000 1.6919922
22100 0.90088826
22200 1.0946864
22300 0.89267373
22400 1.1116529
22500 1.2915204
22600 0.9730157
22700 1.1492001
22800 0.882761
22900 1.033972
23000 0.96012425
23100 0.8464271
23200 0.7062892
23300 0.775287
23400 0.98293227
23500 0.7278421
23600 1.0233984
23700 0.8301826
23800 1.0926585
23900 0.9472621
24000 0.952205
24100 0.77512616
24200 1.0443275
24300 1.4016286
24400 0.97207785
24500 0.9767817
24600 1.0145245
24700 0.81016976
24800 1.4093403
24900 0.99652094
25000 0.83326817
25100 0.8072782
25200 1.3436142
