0 2.3927224
100 1.6411455
200 2.022258
300 1.5734638
400 1.5387155
500 1.4477335
600 1.4860775
700 1.4916527
800 1.2482527
900 1.7431661
1000 1.7525576
1100 1.3336208
1200 1.639979
1300 1.5967565
1400 1.4910429
1500 1.5636032
1600 1.6108768
1700 1.1097288
1800 1.4719435
1900 1.3581233
2000 1.2060053
2100 1.6818309
2200 1.0823982
2300 1.4531367
2400 1.4414593
2500 1.527343
2600 1.1792057
2700 1.2395933
2800 1.3339579
2900 1.3394961
3000 1.1628106
3100 1.2769641
3200 1.5626893
3300 1.0548236
3400 1.4779456
3500 1.0321715
3600 1.1508967
3700 0.9937228
3800 1.0115297
3900 1.3714381
4000 1.3464363
4100 1.3409872
4200 1.041947
4300 1.1456978
4400 1.0852921
4500 1.4134257
4600 1.0499701
4700 1.0757382
4800 1.2528031
4900 0.9707253
5000 0.9849677
5100 1.2934997
5200 1.5356263
5300 1.380019
5400 1.2370586
5500 1.3588498
5600 0.9935298
5700 0.78649044
5800 1.2868111
5900 1.5696788
6000 0.8957003
6100 1.2838614
6200 0.97683096
6300 0.8933239
6400 1.2318836
6500 0.93915176
6600 1.0362006
6700 1.0458188
6800 1.0104675
6900 1.0487269
7000 1.0800985
7100 0.8919534
7200 1.0181954
7300 1.1037226
7400 1.2536366
7500 1.0983491
7600 1.0138543
7700 0.8958547
7800 1.2150801
7900 1.2370582
8000 1.18795
8100 1.2568038
8200 1.4290047
8300 0.97301894
8400 1.0625991
8500 1.0484567
8600 0.9005097
8700 1.2312729
8800 0.99894536
8900 1.2641213
9000 1.0746996
9100 1.2287779
9200 0.7468678
9300 1.1503893
9400 0.8251196
9500 1.1911132
9600 1.0410652
9700 0.8569798
9800 0.94079363
9900 0.9219757
10000 0.8550359
10100 1.210376
10200 0.58759224
10300 1.291706
10400 1.1070502
10500 0.9554222
10600 0.9052668
10700 0.64990175
10800 1.141111
10900 1.0190394
11000 0.8521813
11100 1.223505
11200 0.7626697
11300 0.85823715
11400 0.8650839
11500 0.84693986
11600 0.7973212
11700 0.83935595
11800 0.98536557
11900 0.949551
12000 1.5003444
12100 0.9653907
12200 0.9797928
12300 0.9665841
12400 1.0756925
12500 0.8436859
12600 0.8592768
12700 0.81943303
12800 0.9584852
12900 0.76187444
13000 0.6626263
13100 0.68245393
13200 1.358819
13300 1.1926353
13400 0.7078656
13500 0.8157265
13600 0.9204494
13700 0.9387313
13800 1.1024216
13900 0.7666601
14000 0.74607515
14100 0.79216456
14200 0.801728
14300 0.8737109
14400 0.6973453
14500 1.2043997
14600 0.8530513
14700 0.8601901
14800 0.83855295
14900 0.9665185
15000 1.0727153
15100 0.88091034
15200 0.9123513
15300 0.7134835
15400 0.93251467
15500 0.87004805
15600 0.72806084
15700 0.90795946
15800 0.84029627
15900 0.9447862
16000 0.6964848
16100 0.7504344
16200 0.9011831
16300 0.62334985
16400 0.84218
16500 0.71123785
16600 0.93962085
16700 0.67623913
16800 1.1002622
16900 0.8234376
17000 0.7914962
17100 0.68398625
17200 0.72325397
17300 0.91636586
17400 0.5645407
17500 0.72846174
17600 0.96831393
17700 0.8866729
17800 0.80603445
17900 1.030549
18000 0.7462906
18100 1.0365281
18200 1.1503749
18300 0.7239196
18400 0.6291512
18500 0.70280373
18600 0.8680278
18700 0.8430188
18800 0.78309923
18900 0.49142125
19000 0.856439
19100 0.8049886
19200 0.7135645
19300 0.50111353
19400 0.8969982
19500 0.92390364
19600 0.89346004
19700 0.86046517
19800 0.9003105
19900 0.5942519
20000 0.37067372
20100 0.586804
20200 0.7034787
20300 0.48644066
20400 0.7966331
20500 0.77823013
20600 0.9326781
20700 0.59885824
20800 0.7000177
20900 1.0630202
21000 0.86354315
21100 0.5949394
21200 0.73985463
21300 0.7390573
21400 0.7570581
21500 0.65080404
21600 0.6626055
21700 0.756392
21800 0.5863172
21900 0.87871724
22000 1.1727996
22100 0.6244482
22200 0.7587788
22300 0.61875427
22400 0.77053905
22500 0.8952137
22600 0.6744431
22700 0.7965648
22800 0.6118833
22900 0.71669483
23000 0.66550744
23100 0.58669853
23200 0.48956233
23300 0.53738797
23400 0.68131673
23500 0.5045017
23600 0.7093657
23700 0.57543874
23800 0.7573732
23900 0.6565921
24000 0.6600182
24100 0.5372765
24200 0.72387266
24300 0.9715349
24400 0.673793
24500 0.6770535
24600 0.70321476
24700 0.5615669
24800 0.97688025
24900 0.6907357
25000 0.5775775
25100 0.5595626
25200 0.9313224
