0 9.659404
100 5.0728493
200 5.5784826
300 4.7131934
400 5.6002283
500 4.77638
600 5.18791
700 5.450528
800 4.7784576
900 5.595628
1000 4.8620877
1100 4.790205
1200 4.2800045
1300 4.699585
1400 4.763258
1500 5.379031
1600 4.866746
1700 4.723978
1800 5.420886
1900 4.3550596
2000 3.9931417
2100 5.302549
2200 4.2886677
2300 4.0980415
2400 4.3489814
2500 4.113415
2600 4.2963367
2700 4.862259
2800 4.6509
2900 5.027219
3000 4.274515
3100 4.643406
3200 4.5164447
3300 3.7895184
3400 3.9496527
3500 3.9648428
3600 4.225734
3700 4.1505904
3800 4.034794
3900 4.367709
4000 4.2745094
4100 4.6615753
4200 4.0287237
4300 4.246682
4400 4.8319926
4500 4.2497025
4600 4.0362663
4700 4.3341312
4800 3.949986
4900 3.5908442
5000 4.129362
5100 4.1649804
5200 3.7529922
5300 4.210739
5400 4.3524666
5500 4.4320736
5600 3.6330059
5700 3.234684
5800 4.075
5900 4.321473
6000 3.677532
6100 4.434202
6200 3.4102683
6300 4.219116
6400 4.1751995
6500 4.0542984
6600 4.002744
6700 3.2765355
6800 3.0739796
6900 3.8698843
7000 4.047699
7100 3.6951475
7200 3.6009872
7300 3.8267603
7400 3.6353474
7500 3.678352
7600 3.6820767
7700 3.9101462
7800 3.5925608
7900 3.926924
8000 4.10497
8100 3.9870274
8200 4.4080257
8300 3.861812
8400 3.9454265
8500 3.7769277
8600 3.9636602
8700 4.2977815
8800 3.8073273
8900 4.442691
9000 2.9827251
9100 3.6540928
9200 3.3047075
9300 3.6728451
9400 3.686039
9500 3.948423
9600 3.7246306
9700 3.540433
9800 3.6682384
9900 3.6446958
10000 3.304333
10100 4.168997
10200 3.2772417
10300 3.5024228
10400 3.8092754
10500 3.3510857
10600 4.0911727
10700 3.1764245
10800 3.900105
10900 3.575427
11000 3.2036507
11100 3.5107188
11200 3.1828144
11300 3.4878187
11400 3.5047567
11500 3.3188748
11600 3.5997205
11700 3.5087552
11800 3.736383
11900 3.9083438
12000 3.6430745
12100 3.5889072
12200 3.5548632
12300 3.6794572
12400 3.4867225
12500 3.6768422
12600 3.2622795
12700 3.4084992
12800 3.2075655
12900 2.62252
13000 3.0364108
13100 3.0094748
13200 3.647471
13300 4.2859387
13400 3.1400104
13500 3.1793804
13600 3.4631338
13700 3.9029746
13800 3.8385427
13900 3.4092093
14000 3.3349967
14100 3.4028497
14200 3.325882
14300 3.4702868
14400 3.3283596
14500 3.8660364
14600 3.2207189
14700 3.6834364
14800 3.1238232
14900 3.2874362
15000 3.9695065
15100 3.2036142
15200 3.159174
15300 2.8015857
15400 3.0403824
15500 3.2369256
15600 3.2746027
15700 3.4235473
15800 3.2125444
15900 3.6137276
16000 3.1667776
16100 3.1486607
16200 3.0521426
16300 3.0640645
16400 3.539535
16500 3.4686666
16600 3.5749567
16700 3.086615
16800 3.49509
16900 2.9545286
17000 2.9911141
17100 2.8374834
17200 2.937611
17300 3.5722713
17400 2.6614351
17500 3.204011
17600 3.1855183
17700 3.5312295
17800 3.447141
17900 3.3424873
18000 3.4792175
18100 3.7473261
18200 3.3906426
18300 3.3821893
18400 3.0175996
18500 3.3499703
18600 3.1808765
18700 3.4338095
18800 3.0697157
18900 2.608195
19000 3.0450008
19100 3.4872766
19200 3.324758
19300 3.120263
19400 3.3785925
19500 3.345415
19600 3.2998657
19700 3.3705463
19800 3.830202
19900 3.2121868
20000 2.3192143
20100 2.938293
20200 2.937384
20300 2.584022
20400 2.847282
20500 3.2889104
20600 2.9624398
20700 3.063976
20800 3.1275496
20900 3.2410998
21000 3.2577415
21100 3.1679509
21200 2.7294474
21300 3.4520035
21400 2.3866343
21500 2.9029953
21600 2.9640107
21700 3.2531176
21800 2.9765131
21900 3.2064006
22000 3.1786551
22100 2.8173208
22200 2.7388017
22300 2.752893
22400 2.7821507
22500 3.1029835
22600 3.112152
22700 3.3762705
22800 2.7788644
22900 3.0624962
23000 2.9029448
23100 2.9128206
23200 2.849425
23300 2.54382
23400 2.541617
23500 2.447442
23600 2.8014655
23700 3.1714516
23800 2.9471903
23900 3.2154884
24000 2.6006918
24100 2.8383188
24200 2.973445
24300 3.2675276
24400 2.7023253
24500 2.8884282
24600 3.002286
24700 2.8146267
24800 3.1305401
24900 2.981515
25000 3.0815341
25100 2.8647041
25200 3.4278836
