0 0.125
100 0.875
200 0.96875
300 0.9375
400 0.96875
500 0.9375
600 1.0
700 0.84375
800 0.9375
900 0.96875
1000 0.9375
1100 0.9375
1200 1.0
1300 0.96875
1400 1.0
1500 0.96875
1600 0.9375
1700 1.0
1800 1.0
1900 1.0
2000 1.0
2100 0.9375
2200 0.96875
2300 0.9375
2400 1.0
2500 0.9375
2600 1.0
2700 0.96875
2800 1.0
2900 1.0
3000 0.96875
3100 0.96875
3200 0.96875
3300 1.0
3400 1.0
3500 0.96875
3600 1.0
3700 1.0
3800 0.96875
3900 0.96875
4000 1.0
4100 0.96875
4200 1.0
4300 1.0
4400 0.9375
4500 0.96875
4600 1.0
4700 0.96875
4800 1.0
4900 1.0
5000 1.0
5100 0.9375
5200 1.0
5300 0.9375
5400 1.0
5500 1.0
5600 0.96875
5700 1.0
5800 1.0
5900 1.0
6000 0.96875
6100 1.0
6200 1.0
6300 1.0
6400 1.0
6500 1.0
6600 0.9375
6700 1.0
6800 1.0
6900 1.0
7000 1.0
7100 1.0
7200 1.0
7300 1.0
7400 1.0
7500 1.0
7600 0.96875
7700 1.0
7800 1.0
7900 1.0
8000 1.0
8100 1.0
8200 1.0
8300 1.0
8400 1.0
8500 0.9375
8600 1.0
8700 1.0
8800 1.0
8900 1.0
9000 0.96875
9100 1.0
9200 1.0
9300 1.0
9400 1.0
9500 1.0
9600 1.0
9700 0.96875
9800 1.0
9900 1.0
10000 1.0
10100 1.0
10200 1.0
10300 1.0
10400 1.0
10500 1.0
10600 1.0
10700 1.0
10800 1.0
10900 1.0
11000 1.0
11100 1.0
11200 1.0
11300 1.0
11400 1.0
11500 1.0
11600 1.0
11700 1.0
11800 1.0
11900 1.0
12000 1.0
12100 1.0
12200 1.0
12300 1.0
12400 1.0
12500 1.0
12600 1.0
12700 1.0
12800 1.0
12900 1.0
13000 1.0
13100 1.0
13200 1.0
13300 1.0
