0 3.3238928
100 0.7867968
200 0.19212013
300 0.40325418
400 0.09513745
500 0.3182117
600 0.053988367
700 0.8201627
800 0.20411134
900 0.19597292
1000 0.18102485
1100 0.1193305
1200 0.005415619
1300 0.11709171
1400 0.048157062
1500 0.22351936
1600 0.1683441
1700 0.026850885
1800 0.051776092
1900 0.032153353
2000 0.043724597
2100 0.22428043
2200 0.18015136
2300 0.28152537
2400 0.019625876
2500 0.28662232
2600 0.061162718
2700 0.26791108
2800 0.02230698
2900 0.034060534
3000 0.05637656
3100 0.089850895
3200 0.06675736
3300 0.013757266
3400 0.015854111
3500 0.12439548
3600 0.0039234837
3700 0.011073137
3800 0.13855225
3900 0.18720533
4000 0.0013071282
4100 0.06521683
4200 0.01716762
4300 0.0501937
4400 0.18160443
4500 0.067863606
4600 0.023407435
4700 0.2518824
4800 0.017850302
4900 0.0019716036
5000 0.0065743746
5100 0.24002892
5200 0.0013589797
5300 0.30652356
5400 0.0031857009
5500 0.0031349233
5600 0.085374504
5700 0.021526461
5800 0.0059931264
5900 0.03295087
6000 0.10557515
6100 0.004426587
6200 0.008076511
6300 0.02877001
6400 0.0002926161
6500 0.003974926
6600 0.29497668
6700 0.013728989
6800 0.00038590727
6900 0.0018410728
7000 0.008010487
7100 0.0012721393
7200 0.004173734
7300 0.011422575
7400 0.00092557335
7500 0.006831408
7600 0.07869873
7700 0.0038735215
7800 0.001032517
7900 0.025552884
8000 0.007665211
8100 0.0064102043
8200 0.0007550463
8300 0.0008193827
8400 0.0020485474
8500 0.24036151
8600 0.0009359935
8700 0.022148207
8800 0.00120381
8900 0.003130931
9000 0.14913224
9100 0.00038977675
9200 0.025076186
9300 0.007358798
9400 0.012011044
9500 0.0022662438
9600 0.003976942
9700 0.062915854
9800 0.007353829
9900 0.00015171406
10000 0.0004596516
10100 0.001748929
10200 0.0027236494
10300 0.0040506828
10400 0.0005967996
10500 0.0004749715
10600 0.00041271496
10700 0.015133303
10800 0.0013823378
10900 0.00010248364
11000 0.00033196728
11100 0.0004979471
11200 3.7419857e-05
11300 0.00045823256
11400 0.0027722826
11500 0.028811999
11600 4.9634356e-05
11700 0.0016334106
11800 6.560924e-05
11900 0.00085692486
12000 8.991092e-05
12100 0.00043916563
12200 0.0017332882
12300 0.009573834
12400 0.002750128
12500 0.00033562304
12600 0.00025337847
12700 0.0002885965
12800 0.0013283561
12900 0.0016674041
13000 0.0009947032
13100 8.254847e-05
13200 0.00032852765
13300 0.0012344274
