0 2.303947
100 0.545366
200 0.13316754
300 0.2795145
400 0.065944254
500 0.22056755
600 0.037421886
700 0.5684935
800 0.1414792
900 0.13583808
1000 0.12547687
1100 0.082713604
1200 0.0037538211
1300 0.08116179
1400 0.03337993
1500 0.15493181
1600 0.11668724
1700 0.018611616
1800 0.035888452
1900 0.022287006
2000 0.03030758
2100 0.15545934
2200 0.12487141
2300 0.19513853
2400 0.01360362
2500 0.19867145
2600 0.042394765
2700 0.1857018
2800 0.015462021
2900 0.023608962
3000 0.039077256
3100 0.062279895
3200 0.046272676
3300 0.00953581
3400 0.010989232
3500 0.08622438
3600 0.0027195516
3700 0.0076753134
3800 0.0960371
3900 0.12976085
4000 0.0009060323
4100 0.045204863
4200 0.011899687
4300 0.034791622
4400 0.1258786
4500 0.047039468
4600 0.016224798
4700 0.17459159
4800 0.012372887
4900 0.0013666115
5000 0.0045570093
5100 0.16637537
5200 0.00094197295
5300 0.21246594
5400 0.0022081595
5500 0.0021729632
5600 0.059177097
5700 0.014921006
5800 0.0041541187
5900 0.022839803
6000 0.07317912
6100 0.0030682762
6200 0.005598211
6300 0.019941851
6400 0.00020282604
6500 0.0027552089
6600 0.20446226
6700 0.00951621
6800 0.00026749054
6900 0.0012761344
7000 0.0055524465
7100 0.00088177976
7200 0.0028930122
7300 0.007917526
7400 0.00064155855
7500 0.0047351713
7600 0.054549806
7700 0.0026849206
7800 0.0007156862
7900 0.01771191
8000 0.0053131194
8100 0.004443215
8200 0.00052335823
8300 0.0005679528
8400 0.0014199449
8500 0.1666059
8600 0.00064878125
8700 0.015351967
8800 0.00083441753
8900 0.002170196
9000 0.10337059
9100 0.00027017266
9200 0.017381487
9300 0.00510073
9400 0.008325421
9500 0.0015708405
9600 0.002756606
9700 0.043609947
9800 0.005097286
9900 0.00010516018
10000 0.0003186062
10100 0.0012122652
10200 0.0018878898
10300 0.0028077194
10400 0.00041366997
10500 0.00032922515
10600 0.0002860722
10700 0.010489606
10800 0.0009581635
10900 7.1036244e-05
11000 0.00023010219
11100 0.00034515062
11200 2.5937468e-05
11300 0.00031762262
11400 0.0019215998
11500 0.019970955
11600 3.4403914e-05
11700 0.001132194
11800 4.5476856e-05
11900 0.00059397507
12000 6.23215e-05
12100 0.00030440642
12200 0.0012014238
12300 0.006636076
12400 0.0019062435
12500 0.00023263617
12600 0.00017562858
12700 0.00020003985
12800 0.0009207463
12900 0.0011557564
13000 0.0006894757
13100 5.721824e-05
13200 0.00022771802
13300 0.0008556399
