0 9.706539
100 1.6126034
200 1.4338332
300 1.3363042
400 1.2241966
500 1.3668845
600 1.1423178
700 1.4259522
800 1.3089759
900 1.1516663
1000 1.1908921
1100 1.1057858
1200 1.0235794
1300 1.0433223
1400 1.1301752
1500 1.2082126
1600 1.2326934
1700 1.0866622
1800 1.1133713
1900 1.0707321
2000 1.0993402
2100 1.1590401
2200 1.1015662
2300 1.334203
2400 1.0636799
2500 1.3657588
2600 1.1436982
2700 1.1142483
2800 1.0678418
2900 1.0641571
3000 1.1041591
3100 1.0425084
3200 1.1172304
3300 1.0493736
3400 1.0399305
3500 1.0710229
3600 1.0161034
3700 1.0363221
3800 1.2013297
3900 1.1447334
4000 1.0059147
4100 1.0827849
4200 1.0501621
4300 1.1236508
4400 1.2549497
4500 1.0725229
4600 1.0651389
4700 1.0275868
4800 1.0522407
4900 1.0095392
5000 1.0237907
5100 1.0800909
5200 1.0061648
5300 1.0222607
5400 1.0141163
5500 1.0101714
5600 1.0996664
5700 1.0562307
5800 1.0201991
5900 1.0558299
6000 1.1122167
6100 1.0159868
6200 1.0218426
6300 1.0340285
6400 1.0018324
6500 1.0147053
6600 1.0440705
6700 1.0340431
6800 1.0020131
6900 1.0063599
7000 1.0249257
7100 1.0055643
7200 1.0113802
7300 1.02297
7400 1.0045455
7500 1.0180374
7600 1.1066062
7700 1.0158533
7800 1.0042958
7900 1.0637822
8000 1.0201471
8100 1.0209417
8200 1.0032773
8300 1.0041366
8400 1.0084128
8500 1.0483689
8600 1.003668
8700 1.0374252
8800 1.005276
8900 1.0127844
9000 1.062367
9100 1.001987
9200 1.052358
9300 1.0191878
9400 1.027198
9500 1.0091228
9600 1.0143158
9700 1.0338528
9800 1.0186281
9900 1.0008397
10000 1.0025592
10100 1.0065329
10200 1.0096788
10300 1.0111269
10400 1.0032351
10500 1.0024927
10600 1.0019842
10700 1.0350865
10800 1.0061681
10900 1.0005658
11000 1.0017866
11100 1.0024352
11200 1.000222
11300 1.002244
11400 1.0118976
11500 1.0552963
11600 1.000326
11700 1.0075018
11800 1.0004488
11900 1.0042417
12000 1.0005538
12100 1.0022712
12200 1.0071394
12300 1.0327281
12400 1.0093112
12500 1.0017794
12600 1.0012195
12700 1.001521
12800 1.0049455
12900 1.0072021
13000 1.0045736
13100 1.0004921
13200 1.0016817
13300 1.0050424
