0 3.4530578
100 2.4511728
200 2.680136
300 2.310133
400 2.6644862
500 2.1692905
600 2.182939
700 2.4670155
800 2.2619042
900 2.1586845
1000 2.1835158
1100 2.2042325
1200 1.8355905
1300 2.0224729
1400 1.8209096
1500 2.5030134
1600 1.9734455
1700 2.3878493
1800 1.6139609
1900 2.3872628
2000 2.0217123
2100 1.8465222
2200 1.7406775
2300 2.3510778
2400 2.149017
2500 2.0807455
2600 1.9387535
2700 2.3109012
2800 2.370137
2900 1.5218297
3000 1.3854086
3100 1.9119976
3200 2.1403193
3300 1.6421295
3400 1.9480664
3500 1.4231265
3600 1.3126016
3700 1.6682628
3800 1.363485
3900 1.524846
4000 2.3413396
4100 2.1705573
4200 2.0868967
4300 2.0056834
4400 2.1225917
4500 1.8288394
4600 2.0156288
4700 1.4754708
4800 1.8534938
4900 2.1256313
5000 1.7001874
5100 1.9911252
5200 1.5091097
5300 1.4675138
5400 1.8348836
5500 1.423116
5600 1.8748527
5700 1.5597942
5800 1.5695766
5900 1.6939545
6000 1.5742851
6100 1.4734936
6200 1.2081071
6300 1.698645
6400 1.7434573
6500 1.3766135
6600 1.466063
6700 1.7818978
6800 1.4212656
6900 1.508532
7000 1.7465932
7100 1.295703
7200 1.8172829
7300 1.7213485
7400 1.2559385
7500 1.4477336
7600 1.6833495
7700 1.4184369
7800 1.3896229
7900 1.2092229
8000 1.6814117
8100 1.8246365
8200 1.17576
8300 1.3624868
8400 1.4373155
8500 1.4268851
8600 1.2703607
8700 1.8705975
8800 1.618684
8900 1.8939675
9000 1.2005204
9100 1.4007211
9200 1.4051659
9300 1.0961627
9400 1.6052343
9500 2.232802
9600 1.3510612
9700 1.6629546
9800 1.081059
9900 1.2943866
10000 1.6263608
10100 1.410845
10200 1.471563
10300 1.2087773
10400 1.4066203
10500 1.641462
10600 1.8393985
10700 1.5126306
10800 1.367105
10900 1.3771796
11000 1.0735109
11100 1.4884789
11200 1.1403615
11300 1.3925911
11400 1.3487875
11500 1.6583567
11600 1.4137813
11700 1.8230264
11800 1.0813327
11900 1.5132829
12000 1.406272
12100 1.2178397
12200 1.3175129
12300 1.179439
12400 1.1466386
12500 1.3160347
12600 1.1624953
12700 1.5165865
12800 1.3770047
12900 1.5382508
13000 1.3669196
13100 1.5296721
13200 1.028267
13300 1.706265
13400 1.1252319
13500 1.3867362
13600 1.3238014
13700 1.2717053
13800 1.3675632
13900 1.3083966
14000 1.4658226
14100 1.2468336
14200 1.5403819
14300 1.5229486
14400 1.2825772
14500 1.2731962
14600 1.3515443
14700 1.6124495
14800 1.2493367
14900 1.1787038
15000 1.6063802
