0 2.3934772
100 1.6990236
200 1.8577287
300 1.6012622
400 1.8468812
500 1.5036376
600 1.513098
700 1.7100049
800 1.5678326
900 1.4962862
1000 1.5134978
1100 1.5278575
1200 1.2723343
1300 1.4018714
1400 1.2621584
1500 1.7349567
1600 1.3678882
1700 1.6551311
1800 1.1187124
1900 1.6547245
2000 1.4013442
2100 1.2799116
2200 1.2065457
2300 1.629643
2400 1.4895852
2500 1.4422629
2600 1.3438416
2700 1.6017946
2800 1.6428537
2900 1.054852
3000 0.9602921
3100 1.3252957
3200 1.4835563
3300 1.1382375
3400 1.3502967
3500 0.98643607
3600 0.9098261
3700 1.1563517
3800 0.9450958
3900 1.0569427
4000 1.6228929
4100 1.5045156
4200 1.4465265
4300 1.3902339
4400 1.4712684
4500 1.2676549
4600 1.3971275
4700 1.0227184
4800 1.284744
4900 1.4733753
5000 1.1784801
5100 1.3801428
5200 1.0460352
5300 1.0172031
5400 1.2718444
5500 0.9864288
5600 1.2995489
5700 1.081167
5800 1.0879476
5900 1.1741598
6000 1.0912113
6100 1.0213479
6200 0.837396
6300 1.177411
6400 1.2084725
6500 0.95419574
6600 1.0161974
6700 1.2351174
6800 0.9851463
6900 1.0456347
7000 1.2106462
7100 0.89811295
7200 1.2596445
7300 1.1931479
7400 0.8705502
7500 1.0034925
7600 1.166809
7700 0.9831855
7800 0.9632132
7900 0.83816946
8000 1.1654658
8100 1.2647417
8200 0.8149748
8300 0.9444039
8400 0.99627113
8500 0.9890414
8600 0.8805469
8700 1.2965994
8800 1.1219863
8900 1.3127983
9000 0.83213735
9100 0.9709059
9200 0.9739868
9300 0.7598021
9400 1.1126636
9500 1.5476604
9600 0.9364843
9700 1.1526723
9800 0.749333
9900 0.89720047
10000 1.1273074
10100 0.9779233
10200 1.0200098
10300 0.8378606
10400 0.97499484
10500 1.1377747
10600 1.2749739
10700 1.0484756
10800 0.94760495
10900 0.9545882
11000 0.74410105
11100 1.031735
11200 0.7904384
11300 0.96527064
11400 0.9349083
11500 1.1494852
11600 0.9799585
11700 1.2636256
11800 0.7495227
11900 1.0489278
12000 0.9747535
12100 0.84414214
12200 0.91323036
12300 0.8175248
12400 0.7947893
12500 0.9122057
12600 0.80578035
12700 1.0512177
12800 0.954467
12900 1.0662342
13000 0.9474765
13100 1.060288
13200 0.7127404
13300 1.1826928
13400 0.77995133
13500 0.9612123
13600 0.91758925
13700 0.8814789
13800 0.94792265
13900 0.9069114
14000 1.0160308
14100 0.86423916
14200 1.0677114
14300 1.0556276
14400 0.8890147
14500 0.8825124
14600 0.9368191
14700 1.1176648
14800 0.8659742
14900 0.8170152
15000 1.1134579
