0 0.0625
100 0.3125
200 0.4375
300 0.5
400 0.375
500 0.4375
600 0.5
700 0.34375
800 0.46875
900 0.34375
1000 0.53125
1100 0.28125
1200 0.28125
1300 0.53125
1400 0.46875
1500 0.375
1600 0.40625
1700 0.5
1800 0.5625
1900 0.375
2000 0.4375
2100 0.4375
2200 0.5625
2300 0.5
2400 0.5
2500 0.46875
2600 0.40625
2700 0.5625
2800 0.625
2900 0.40625
3000 0.5625
3100 0.5625
3200 0.53125
3300 0.53125
3400 0.53125
3500 0.5625
3600 0.5625
3700 0.5
3800 0.4375
3900 0.5
4000 0.75
4100 0.5625
4200 0.53125
4300 0.53125
4400 0.625
4500 0.65625
4600 0.625
4700 0.46875
4800 0.59375
4900 0.625
5000 0.625
5100 0.46875
5200 0.4375
5300 0.78125
5400 0.65625
5500 0.59375
5600 0.40625
5700 0.5
5800 0.5625
5900 0.65625
6000 0.5
6100 0.4375
6200 0.5
6300 0.375
6400 0.65625
6500 0.4375
6600 0.625
6700 0.75
6800 0.5625
6900 0.78125
7000 0.5625
7100 0.625
7200 0.65625
7300 0.625
7400 0.71875
7500 0.59375
7600 0.59375
7700 0.75
7800 0.59375
7900 0.6875
8000 0.65625
8100 0.53125
8200 0.5625
8300 0.625
8400 0.8125
8500 0.75
8600 0.6875
8700 0.71875
8800 0.75
8900 0.8125
9000 0.625
9100 0.75
9200 0.84375
9300 0.71875
9400 0.71875
9500 0.65625
9600 0.75
9700 0.71875
9800 0.6875
9900 0.71875
10000 0.84375
10100 0.78125
10200 0.75
10300 0.75
10400 0.75
10500 0.71875
10600 0.75
10700 0.59375
10800 0.78125
10900 0.8125
11000 0.78125
11100 0.75
11200 0.71875
11300 0.71875
11400 0.59375
11500 0.78125
11600 0.875
11700 0.75
11800 0.90625
11900 0.78125
12000 0.875
12100 0.75
12200 0.75
12300 0.78125
12400 0.84375
12500 0.78125
12600 0.8125
12700 0.78125
12800 0.71875
12900 0.8125
13000 0.84375
13100 0.71875
13200 0.84375
13300 0.84375
13400 0.84375
13500 0.84375
13600 0.65625
13700 0.5625
13800 0.8125
13900 0.75
14000 0.84375
14100 0.84375
