0 4.2664285
100 2.832871
200 2.4733694
300 2.033995
400 2.64382
500 2.8211517
600 2.3052864
700 2.4932761
800 2.4266999
900 2.920606
1000 2.1671236
1100 3.2222285
1200 2.5287504
1300 1.9750081
1400 2.0904257
1500 2.416392
1600 2.4000714
1700 1.875929
1800 1.7551359
1900 2.3575253
2000 2.1814983
2100 2.186246
2200 1.9328467
2300 2.7563617
2400 2.1267245
2500 2.3371954
2600 2.254663
2700 2.008356
2800 1.7261032
2900 2.4598942
3000 1.9506345
3100 2.1546276
3200 1.2932036
3300 2.0677214
3400 1.6883547
3500 1.5671742
3600 1.9230338
3700 1.9407867
3800 2.736493
3900 1.8704134
4000 1.0680674
4100 1.4441639
4200 1.779629
4300 2.3123903
4400 1.6998249
4500 1.4609293
4600 1.7208408
4700 1.9445916
4800 1.8537016
4900 1.5845549
5000 1.7855077
5100 2.0681355
5200 1.8644075
5300 1.3090258
5400 1.2392638
5500 1.8632077
5600 2.1884506
5700 2.07825
5800 1.4278955
5900 1.5194646
6000 1.8477068
6100 2.4836092
6200 2.284967
6300 2.1245148
6400 1.5908924
6500 1.8992213
6600 1.5466701
6700 1.2272234
6800 1.5772127
6900 1.4827931
7000 2.1319149
7100 1.4558991
7200 1.3324084
7300 1.3115375
7400 1.2984617
7500 1.998845
7600 1.8613913
7700 1.2395227
7800 1.5580858
7900 1.3601015
8000 1.6326747
8100 1.833068
8200 1.4613192
8300 1.5138353
8400 0.84804654
8500 1.0199882
8600 1.6416181
8700 1.3022496
8800 1.1104014
8900 1.117061
9000 1.2807412
9100 1.3285724
9200 1.0463483
9300 1.226354
9400 1.2329912
9500 1.4246223
9600 1.5386012
9700 1.1881863
9800 1.1918833
9900 1.0408932
10000 1.0542413
10100 1.25603
10200 1.0267059
10300 1.279064
10400 1.3940995
10500 1.0935396
10600 1.040447
10700 1.3632034
10800 1.0904171
10900 0.93964744
11000 1.0737716
11100 1.5797539
11200 1.1259139
11300 1.2165122
11400 1.4400469
11500 0.84288526
11600 0.8940141
11700 1.0427809
11800 0.8005844
11900 1.2038343
12000 0.6921318
12100 1.0181583
12200 1.1860199
12300 1.0462561
12400 0.8602681
12500 0.7956779
12600 0.8805737
12700 1.0059984
12800 1.1159649
12900 0.9949805
13000 0.8420331
13100 0.9499699
13200 1.0487846
13300 0.9141726
13400 1.103195
13500 0.92214906
13600 1.2459638
13700 1.6615998
13800 0.79708594
13900 1.1190883
14000 0.8345059
14100 0.67817765
