0 2.9572628
100 1.9635966
200 1.714409
300 1.4098579
400 1.8325565
500 1.9554733
600 1.5979028
700 1.7282073
800 1.6820602
900 2.0244098
1000 1.5021355
1100 2.2334785
1200 1.7527963
1300 1.3689713
1400 1.4489727
1500 1.6749153
1600 1.6636027
1700 1.3002949
1800 1.2165675
1900 1.634112
2000 1.5120994
2100 1.5153902
2200 1.3397472
2300 1.9105644
2400 1.474133
2500 1.6200204
2600 1.5628133
2700 1.3920864
2800 1.1964436
2900 1.7050687
3000 1.3520768
3100 1.493474
3200 0.8963804
3300 1.4332353
3400 1.1702783
3500 1.0862824
3600 1.3329455
3700 1.3452508
3800 1.8967925
3900 1.2964718
4000 0.74032795
4100 1.0010182
4200 1.2335448
4300 1.6028268
4400 1.1782289
4500 1.012639
4600 1.192796
4700 1.3478882
4800 1.284888
4900 1.0983298
5000 1.2376196
5100 1.4335222
5200 1.2923088
5300 0.9073475
5400 0.8589922
5500 1.2914772
5600 1.5169183
5700 1.4405332
5800 0.9897418
5900 1.0532126
6000 1.2807328
6100 1.7215067
6200 1.5838184
6300 1.4726014
6400 1.1027226
6500 1.3164399
6600 1.07207
6700 0.85064644
6800 1.0932405
6900 1.0277939
7000 1.4777308
7100 1.0091524
7200 0.92355514
7300 0.90908855
7400 0.90002507
7500 1.3854938
7600 1.2902181
7700 0.8591716
7800 1.0799828
7900 0.9427505
8000 1.1316838
8100 1.2705859
8200 1.0129093
8300 1.0493107
8400 0.58782107
8500 0.7070019
8600 1.137883
8700 0.9026506
8800 0.76967156
8900 0.7742877
9000 0.88774216
9100 0.9208962
9200 0.7252734
9300 0.85004383
9400 0.85464436
9500 0.98747295
9600 1.0664771
9700 0.823588
9800 0.82615054
9900 0.7214922
10000 0.7307444
10100 0.87061363
10200 0.71165824
10300 0.88657963
10400 0.9663161
10500 0.7579839
10600 0.72118294
10700 0.94490063
10800 0.75581956
10900 0.65131396
11000 0.74428177
11100 1.0950019
11200 0.780424
11300 0.843222
11400 0.9981645
11500 0.58424354
11600 0.6196834
11700 0.7228006
11800 0.5549228
11900 0.83443433
12000 0.4797492
12100 0.7057336
12200 0.82208633
12300 0.7252095
12400 0.59629244
12500 0.5515219
12600 0.6103672
12700 0.69730496
12800 0.7735279
12900 0.68966794
13000 0.58365285
13100 0.65846896
13200 0.7269621
13300 0.63365614
13400 0.76467645
13500 0.639185
13600 0.8636363
13700 1.1517332
13800 0.55249786
13900 0.7756929
14000 0.5784354
14100 0.47007695
