0 6.1573725
100 4.211748
200 4.639042
300 3.7699854
400 4.682556
500 4.373686
600 3.9104857
700 4.2832785
800 4.603899
900 4.7001038
1000 3.8863823
1100 4.7209215
1200 4.412916
1300 4.5340757
1400 4.374151
1500 3.9971163
1600 5.1420774
1700 4.5
1800 4.6992493
1900 4.888149
2000 4.321763
2100 4.4454412
2200 4.3581886
2300 3.792025
2400 4.517625
2500 4.52567
2600 4.7934914
2700 4.4782953
2800 4.1420174
2900 3.7139986
3000 3.7257607
3100 3.8070211
3200 3.6972075
3300 4.2490544
3400 4.4268827
3500 3.799386
3600 4.178936
3700 3.8667352
3800 4.0172734
3900 3.960673
4000 2.7711542
4100 3.613143
4200 3.5009847
4300 4.2308507
4400 3.2203574
4500 4.064096
4600 4.2211466
4700 3.9613242
4800 3.3234296
4900 3.5215907
5000 3.499125
5100 3.4046416
5200 3.785829
5300 3.2683022
5400 3.3755126
5500 3.764214
5600 3.3518934
5700 3.680406
5800 3.2306378
5900 2.9692264
6000 3.5596406
6100 3.3847048
6200 3.4815378
6300 4.095281
6400 3.3449378
6500 3.7711792
6600 3.218134
6700 3.46881
6800 3.2218919
6900 2.7949867
7000 4.010939
7100 3.9562216
7200 3.277787
7300 3.562811
7400 2.8642263
7500 3.189583
7600 2.8813853
7700 3.2785993
7800 3.349507
7900 3.6533775
8000 3.4125745
8100 3.7362719
8200 3.330567
8300 3.308348
8400 3.0944219
8500 3.3052304
8600 3.4940312
8700 3.342738
8800 3.2262855
8900 3.0769277
9000 2.9748247
9100 3.251915
9200 2.946455
9300 2.8647377
9400 3.3227487
9500 3.7603045
9600 2.9989672
9700 3.2539027
9800 2.9476433
9900 2.8007112
10000 3.1100307
10100 2.9043722
10200 3.006431
10300 2.9782267
10400 3.334391
10500 3.1864629
10600 3.0164363
10700 3.0722086
10800 2.7339382
10900 2.833571
11000 3.2097402
11100 3.3317199
11200 2.8420858
11300 2.9737897
11400 3.4114454
11500 2.9107018
11600 2.8229384
11700 2.9009273
11800 3.1166093
11900 3.3782163
12000 2.6334069
12100 3.0905168
12200 3.1898718
12300 3.25103
12400 2.870401
12500 2.77286
12600 2.824805
12700 3.0016103
12800 3.148529
12900 2.597188
13000 2.732877
13100 2.4751675
13200 3.4537807
13300 2.91158
13400 3.0094814
13500 2.8977172
13600 3.2362652
13700 3.2401862
13800 2.6252823
13900 3.1074586
14000 2.9933558
14100 2.6302984
