0 0.125
100 0.1875
200 0.28125
300 0.4375
400 0.4375
500 0.46875
600 0.625
700 0.28125
800 0.53125
900 0.375
1000 0.4375
1100 0.5625
1200 0.40625
1300 0.5
1400 0.5
1500 0.53125
1600 0.53125
1700 0.4375
1800 0.5
1900 0.4375
2000 0.4375
2100 0.4375
2200 0.5625
2300 0.5625
2400 0.59375
2500 0.625
2600 0.46875
2700 0.5
2800 0.59375
2900 0.5
3000 0.4375
3100 0.625
3200 0.5
3300 0.375
3400 0.59375
3500 0.5625
3600 0.53125
3700 0.59375
3800 0.5
3900 0.5
4000 0.4375
4100 0.3125
4200 0.5625
4300 0.5625
4400 0.625
4500 0.5625
4600 0.59375
4700 0.75
4800 0.75
4900 0.84375
5000 0.71875
5100 0.65625
5200 0.53125
5300 0.65625
5400 0.5
5500 0.625
5600 0.5625
5700 0.65625
5800 0.53125
5900 0.53125
6000 0.46875
6100 0.65625
6200 0.625
6300 0.75
6400 0.5
6500 0.59375
6600 0.71875
6700 0.65625
6800 0.5
6900 0.5625
7000 0.71875
7100 0.65625
7200 0.625
7300 0.59375
7400 0.59375
7500 0.53125
7600 0.5625
7700 0.59375
7800 0.53125
7900 0.75
8000 0.71875
8100 0.71875
8200 0.78125
8300 0.59375
8400 0.5
8500 0.71875
8600 0.6875
8700 0.625
8800 0.6875
8900 0.5
9000 0.46875
9100 0.6875
9200 0.71875
9300 0.5
9400 0.71875
9500 0.6875
9600 0.84375
9700 0.5625
9800 0.59375
9900 0.625
10000 0.59375
10100 0.65625
10200 0.5625
10300 0.5625
10400 0.5
10500 0.65625
10600 0.625
10700 0.5625
10800 0.65625
10900 0.78125
11000 0.65625
11100 0.75
11200 0.5
11300 0.625
11400 0.625
11500 0.625
11600 0.71875
11700 0.78125
11800 0.84375
11900 0.75
12000 0.71875
12100 0.65625
12200 0.75
12300 0.71875
12400 0.59375
12500 0.6875
12600 0.71875
12700 0.6875
12800 0.6875
12900 0.84375
13000 0.59375
13100 0.6875
13200 0.65625
13300 0.8125
13400 0.6875
13500 0.78125
13600 0.71875
13700 0.65625
13800 0.875
13900 0.75
14000 0.75
14100 0.71875
14200 0.78125
14300 0.75
14400 0.6875
14500 0.78125
14600 0.6875
14700 0.6875
14800 0.8125
14900 0.59375
15000 0.65625
15100 0.59375
15200 0.84375
15300 0.75
15400 0.78125
15500 0.8125
15600 0.65625
15700 0.625
15800 0.65625
15900 0.65625
16000 0.6875
16100 0.6875
16200 0.6875
16300 0.75
16400 0.875
16500 0.65625
16600 0.75
16700 0.71875
16800 0.65625
16900 0.75
17000 0.84375
17100 0.8125
17200 0.625
17300 0.71875
17400 0.6875
17500 0.78125
17600 0.65625
17700 0.75
17800 0.65625
17900 0.53125
18000 0.71875
18100 0.78125
18200 0.71875
18300 0.5625
18400 0.625
18500 0.6875
18600 0.8125
18700 0.71875
18800 0.625
18900 0.75
19000 0.6875
19100 0.65625
19200 0.84375
19300 0.84375
19400 0.65625
19500 0.6875
19600 0.78125
19700 0.6875
19800 0.71875
19900 0.875
20000 0.75
20100 0.78125
20200 0.65625
20300 0.75
20400 0.875
20500 0.8125
20600 0.875
20700 0.8125
20800 0.78125
20900 0.71875
21000 0.625
21100 0.75
21200 0.8125
21300 0.71875
21400 0.78125
21500 0.78125
21600 0.59375
21700 0.6875
21800 0.71875
21900 0.8125
22000 0.8125
22100 0.71875
22200 0.90625
22300 0.84375
22400 0.90625
22500 0.75
22600 0.78125
22700 0.84375
22800 0.75
22900 0.75
23000 0.875
23100 0.71875
23200 0.71875
23300 0.78125
23400 0.75
23500 0.84375
23600 0.78125
23700 0.75
23800 0.625
23900 0.875
24000 0.71875
24100 0.8125
24200 0.78125
