0 3.348983
100 3.2469625
200 2.9501414
300 2.4518507
400 2.3359947
500 2.1502786
600 1.7666057
700 2.7273455
800 2.134143
900 2.563574
1000 2.1391103
1100 1.7990123
1200 2.510855
1300 2.15052
1400 2.1847005
1500 2.0461392
1600 2.2644737
1700 1.9935246
1800 1.7948536
1900 2.0701683
2000 2.4384737
2100 2.2010777
2200 1.6625214
2300 1.7587332
2400 1.9413155
2500 1.4890884
2600 2.2732685
2700 2.0865986
2800 1.8347064
2900 1.8430722
3000 2.231533
3100 1.6966231
3200 2.010985
3300 2.084648
3400 1.5602516
3500 1.931409
3600 1.7184995
3700 1.7290578
3800 2.5201023
3900 1.8185201
4000 1.8107074
4100 2.2335393
4200 1.7273549
4300 2.2082193
4400 1.6567212
4500 1.5530452
4600 1.6343396
4700 1.5149219
4800 1.5574838
4900 1.0868219
5000 1.5015535
5100 1.406978
5200 1.7821201
5300 1.5193219
5400 2.1010935
5500 1.7160623
5600 1.6391169
5700 1.5119549
5800 1.8484081
5900 1.8300588
6000 2.139164
6100 1.3344369
6200 1.4992875
6300 1.335296
6400 1.8963523
6500 1.8049753
6600 1.5016841
6700 1.5041661
6800 2.2197556
6900 1.5655147
7000 1.7781087
7100 1.3844526
7200 1.513333
7300 1.4976344
7400 1.6362257
7500 2.051752
7600 2.0218775
7700 1.6610388
7800 1.7769628
7900 1.3082879
8000 1.2988893
8100 1.2471823
8200 0.97192144
8300 1.596647
8400 2.05055
8500 1.4573779
8600 1.383705
8700 1.6742969
8800 1.5792644
8900 1.6383168
9000 1.9217097
9100 1.2755737
9200 1.3590364
9300 1.7706392
9400 1.5700431
9500 1.3283608
9600 1.0832609
9700 1.6653589
9800 2.0582554
9900 1.4391041
10000 1.4252774
10100 1.4532484
10200 1.7135783
10300 1.4640957
10400 2.0298657
10500 1.3632591
10600 1.701426
10700 2.0205085
10800 1.6032798
10900 1.1006639
11000 1.5591258
11100 1.0412966
11200 1.8318331
11300 1.5238351
11400 1.52603
11500 1.9833838
11600 1.2343938
11700 1.2798469
11800 1.2081612
11900 1.3508166
12000 1.2931736
12100 1.4981947
12200 0.99577886
12300 0.94755536
12400 1.3780968
12500 1.4121642
12600 1.3244673
12700 1.3168579
12800 1.4236885
12900 0.9076192
13000 1.412449
13100 1.4603176
13200 1.5522885
13300 0.8609875
13400 1.3615046
13500 1.0912998
13600 1.217903
13700 1.3115698
13800 0.7680243
13900 1.0425704
14000 1.1199106
14100 1.1860117
14200 1.1433434
14300 1.1392474
14400 1.0664971
14500 1.4640037
14600 1.44894
14700 1.3426445
14800 1.0381942
14900 1.4297123
15000 1.2426451
15100 1.3152317
15200 1.0294565
15300 1.0077003
15400 1.2568413
15500 1.0205318
15600 1.2099991
15700 1.4762574
15800 1.4302014
15900 1.27154
16000 1.412828
16100 1.439357
16200 1.0052292
16300 1.300173
16400 0.8591865
16500 1.2074728
16600 1.1302576
16700 1.0453566
16800 1.2099776
16900 1.0254096
17000 1.1194927
17100 1.0299313
17200 1.3078871
17300 1.5693582
17400 1.1738521
17500 1.2166563
17600 1.3674914
17700 1.0662931
17800 1.3202225
17900 1.5448563
18000 1.2949634
18100 1.9701986
18200 1.2755805
18300 1.4913895
18400 1.2658454
18500 1.3783916
18600 0.8875962
18700 1.04368
18800 1.5282485
18900 1.1236439
19000 1.4516866
19100 1.5577124
19200 0.7974697
19300 0.96856534
19400 1.3274028
19500 1.3792026
19600 1.26375
19700 1.1780295
19800 1.245447
19900 0.81127155
20000 1.0943704
20100 1.0704551
20200 1.4261019
20300 1.2133366
20400 0.809285
20500 0.89400417
20600 0.82549626
20700 1.0775545
20800 1.1551719
20900 1.122456
21000 1.1951922
21100 1.2515334
21200 1.1068769
21300 1.5803335
21400 1.1343542
21500 1.0792596
21600 1.6522948
21700 1.1474282
21800 1.0049597
21900 1.1111706
22000 1.0034724
22100 1.1234825
22200 0.9492508
22300 0.8942668
22400 0.784556
22500 1.1844476
22600 1.0245739
22700 0.8478803
22800 1.4149225
22900 1.0313
23000 0.91735977
23100 1.1697437
23200 1.2262332
23300 1.0781822
23400 1.2152015
23500 0.95089763
23600 1.0931563
23700 1.2306758
23800 1.5417922
23900 0.93110764
24000 1.0555444
24100 0.97879946
24200 1.0080612
