0 2.3213382
100 2.250623
200 2.0448823
300 1.6994934
400 1.6191882
500 1.4904596
600 1.2245178
700 1.8904519
800 1.4792753
900 1.7769341
1000 1.4827182
1100 1.2469803
1200 1.740392
1300 1.4906269
1400 1.514319
1500 1.4182756
1600 1.5696136
1700 1.3818059
1800 1.2440977
1900 1.4349313
2000 1.6902212
2100 1.5256708
2200 1.152372
2300 1.2190609
2400 1.3456174
2500 1.0321574
2600 1.5757096
2700 1.4463199
2800 1.2717216
2900 1.2775203
3000 1.5467808
3100 1.1760095
3200 1.3939085
3300 1.4449679
3400 1.081484
3500 1.3387507
3600 1.1911731
3700 1.1984916
3800 1.7468017
3900 1.2605021
4000 1.2550868
4100 1.5481715
4200 1.1973112
4300 1.530621
4400 1.1483517
4500 1.0764889
4600 1.1328379
4700 1.0500638
4800 1.0795655
4900 0.75332755
5000 1.0407976
5100 0.97524285
5200 1.2352716
5300 1.0531137
5400 1.4563671
5500 1.1894838
5600 1.1361493
5700 1.0480072
5800 1.2812189
5900 1.2685001
6000 1.4827555
6100 0.9249612
6200 1.0392269
6300 0.92555666
6400 1.3144512
6500 1.2511135
6600 1.0408881
6700 1.0426085
6800 1.5386174
6900 1.0851321
7000 1.232491
7100 0.9596294
7200 1.0489625
7300 1.038081
7400 1.1341453
7500 1.4221661
7600 1.4014587
7700 1.1513443
7800 1.2316967
7900 0.90683603
8000 0.9003215
8100 0.86448085
8200 0.6736846
8300 1.1067114
8400 1.421333
8500 1.0101774
8600 0.9591112
8700 1.1605341
8800 1.0946627
8900 1.1355946
9000 1.3320277
9100 0.88416034
9200 0.9420123
9300 1.2273135
9400 1.0882709
9500 0.92074955
9600 0.7508592
9700 1.1543388
9800 1.4266739
9900 0.99751097
10000 0.98792696
10100 1.007315
10200 1.187762
10300 1.0148338
10400 1.4069958
10500 0.9449392
10600 1.1793387
10700 1.4005098
10800 1.1113089
10900 0.76292205
11000 1.0807036
11100 0.72177184
11200 1.26973
11300 1.056242
11400 1.0577633
11500 1.3747768
11600 0.85561657
11700 0.8871223
11800 0.8374336
11900 0.9363147
12000 0.89635956
12100 1.0384694
12200 0.6902213
12300 0.6567953
12400 0.9552239
12500 0.9788376
12600 0.91805077
12700 0.91277635
12800 0.9868257
12900 0.6291137
13000 0.979035
13100 1.012215
13200 1.0759645
13300 0.596791
13400 0.943723
13500 0.75643134
13600 0.844186
13700 0.9091109
13800 0.5323539
13900 0.7226547
14000 0.7762629
14100 0.8220806
14200 0.79250526
14300 0.7896661
14400 0.73923945
14500 1.01477
14600 1.0043287
14700 0.93065023
14800 0.71962136
14900 0.991001
15000 0.861336
15100 0.9116491
15200 0.7135649
15300 0.6984846
15400 0.871176
15500 0.70737875
15600 0.83870745
15700 1.0232637
15800 0.99134004
15900 0.8813644
16000 0.97929776
16100 0.99768627
16200 0.6967718
16300 0.90121126
16400 0.59554267
16500 0.8369564
16600 0.78343487
16700 0.724586
16800 0.83869255
16900 0.71075976
17000 0.7759732
17100 0.713894
17200 0.9065583
17300 1.0877962
17400 0.8136523
17500 0.8433219
17600 0.94787276
17700 0.7390981
17800 0.9151085
17900 1.0708128
18000 0.8976002
18100 1.3656377
18200 0.88416505
18300 1.0337524
18400 0.8774172
18500 0.9554283
18600 0.6152348
18700 0.7234238
18800 1.0593011
18900 0.77885056
19000 1.0062325
19100 1.079724
19200 0.5527639
19300 0.67135835
19400 0.92008555
19500 0.9559904
19600 0.87596476
19700 0.8165479
19800 0.8632781
19900 0.5623306
20000 0.7585597
20100 0.74198294
20200 0.98849857
20300 0.8410208
20400 0.5609536
20500 0.6196765
20600 0.5721904
20700 0.74690384
20800 0.8007041
20900 0.7780272
21000 0.8284441
21100 0.86749685
21200 0.7672286
21300 1.0954037
21400 0.78627443
21500 0.7480858
21600 1.1452835
21700 0.7953366
21800 0.696585
21900 0.77020484
22000 0.69555414
22100 0.77873874
22200 0.65797055
22300 0.6198585
22400 0.54381275
22500 0.8209966
22600 0.7101805
22700 0.58770585
22800 0.9807495
22900 0.7148426
23000 0.63586533
23100 0.8108045
23200 0.8499601
23300 0.74733895
23400 0.8423135
23500 0.65911204
23600 0.75771827
23700 0.8530395
23800 1.0686889
23900 0.6453946
24000 0.7316476
24100 0.6784521
24200 0.69873476
