0 9.62369
100 5.3726416
200 4.651225
300 5.0893135
400 5.581769
500 5.1952343
600 4.8542395
700 5.0857306
800 4.9694443
900 5.0883265
1000 4.941013
1100 4.8510942
1200 5.5979543
1300 4.428481
1400 4.3964157
1500 4.657149
1600 4.810648
1700 4.9479213
1800 4.3453746
1900 4.76649
2000 4.283911
2100 4.6560383
2200 4.0264893
2300 4.617738
2400 4.006834
2500 4.545146
2600 4.8390217
2700 5.0526495
2800 4.1534443
2900 3.8632143
3000 4.9912944
3100 4.148876
3200 4.402494
3300 4.766571
3400 4.35874
3500 4.194142
3600 4.1295595
3700 4.381214
3800 4.6372066
3900 4.6159725
4000 4.735085
4100 4.543756
4200 3.8108664
4300 4.270151
4400 3.883583
4500 3.8317327
4600 3.9850597
4700 4.473259
4800 3.7871509
4900 3.859879
5000 3.9872522
5100 4.0123863
5200 4.0150642
5300 4.204708
5400 4.265126
5500 4.0952735
5600 3.7873228
5700 4.538411
5800 3.9248035
5900 4.150382
6000 4.142567
6100 4.176989
6200 4.2743597
6300 3.369462
6400 4.744859
6500 4.391134
6600 3.7684438
6700 3.7314992
6800 4.4964004
6900 3.9455366
7000 3.9509304
7100 3.9019763
7200 3.8840113
7300 3.4691777
7400 3.98752
7500 4.3624973
7600 4.0966377
7700 3.984444
7800 3.9716191
7900 3.8229656
8000 3.6642966
8100 3.790976
8200 3.2543745
8300 3.0432158
8400 4.085334
8500 3.4921522
8600 3.6417596
8700 4.0763636
8800 3.5351334
8900 3.556197
9000 3.7705832
9100 3.4796045
9200 3.1094007
9300 3.7565153
9400 4.0208673
9500 3.8029275
9600 3.6442816
9700 3.90323
9800 3.8215766
9900 3.4630728
10000 3.7136302
10100 3.6334329
10200 3.748956
10300 3.254222
10400 3.545615
10500 3.58156
10600 3.3960133
10700 3.6432436
10800 3.2066183
10900 3.6071362
11000 3.3500986
11100 3.2395906
11200 3.999685
11300 3.228902
11400 3.757358
11500 3.4620261
11600 2.9127314
11700 2.8715873
11800 3.5431752
11900 3.424848
12000 3.5688791
12100 3.740549
12200 3.1051996
12300 3.145528
12400 3.9504657
12500 3.1248264
12600 3.604865
12700 3.4008398
12800 3.5075464
12900 3.1136045
13000 3.7131405
13100 3.624883
13200 3.5633972
13300 3.2180593
13400 3.9126635
13500 3.366216
13600 3.355484
13700 3.4801211
13800 3.0032225
13900 3.090363
14000 3.3229718
14100 3.672194
14200 3.3112526
14300 3.303495
14400 3.1308098
14500 3.4051247
14600 3.0582979
14700 3.5810575
14800 3.775066
14900 3.553705
15000 3.0861888
15100 3.26075
15200 2.6173363
15300 3.2702281
15400 3.1575406
15500 3.316677
15600 2.8818264
15700 3.4748034
15800 2.9698277
15900 3.409573
16000 2.8616307
16100 3.9515564
16200 3.461679
16300 3.246962
16400 3.0089145
16500 3.4561405
16600 3.8146808
16700 3.1897783
16800 3.0275497
16900 2.9697204
17000 3.6481922
17100 3.2447782
17200 3.3652077
17300 3.5804281
17400 3.1227505
17500 3.124521
17600 3.6942012
17700 3.3120015
17800 3.760809
17900 3.3404684
18000 3.610001
18100 3.6050568
18200 3.3616557
18300 3.348778
18400 3.5276852
18500 3.258253
18600 3.2270017
18700 3.1882
18800 3.6548986
18900 3.7673523
19000 2.8965938
19100 3.846823
19200 2.96418
19300 3.4084578
19400 3.5706897
19500 3.9054213
19600 3.0649767
19700 3.4951572
19800 2.9397762
19900 2.7408853
20000 3.10933
20100 3.154786
20200 3.6222293
20300 3.4904706
20400 2.9788356
20500 3.057403
20600 2.899829
20700 3.325076
20800 3.3888445
20900 2.712514
21000 3.1278465
21100 3.7505317
21200 3.3897781
21300 3.384705
21400 3.3673978
21500 3.1349554
21600 3.4945164
21700 3.490193
21800 3.2360468
21900 3.2181902
22000 3.41048
22100 3.6309576
22200 3.22994
22300 2.7168736
22400 3.1545055
22500 3.2244267
22600 3.2975378
22700 2.759018
22800 3.3060234
22900 3.2303722
23000 3.5129054
23100 3.09623
23200 2.95295
23300 3.3879163
23400 3.1562357
23500 3.1231527
23600 3.3939962
23700 3.3382764
23800 3.2275019
23900 3.0969882
24000 3.0333662
24100 3.203362
24200 3.1416345
