0 0.056250006
100 0.371875
200 0.40937498
300 0.45000002
400 0.44062504
500 0.5125
600 0.5125
700 0.44687498
800 0.45625
900 0.471875
1000 0.471875
1100 0.43125004
1200 0.48125
1300 0.48125
1400 0.50625
1500 0.546875
1600 0.471875
1700 0.428125
1800 0.5125
1900 0.51875
2000 0.53125
2100 0.51250005
2200 0.47500002
2300 0.5375
2400 0.509375
2500 0.47812504
2600 0.51875
2700 0.51874995
2800 0.528125
2900 0.56874996
3000 0.478125
3100 0.48124996
3200 0.50937504
3300 0.578125
3400 0.50624996
3500 0.49375
3600 0.540625
3700 0.51875
3800 0.459375
3900 0.47500005
4000 0.52812505
4100 0.509375
4200 0.55312496
4300 0.55
4400 0.55312496
4500 0.52187496
4600 0.56562495
4700 0.55625
4800 0.62812495
4900 0.559375
5000 0.640625
5100 0.478125
5200 0.48125002
5300 0.52812505
5400 0.546875
5500 0.61875004
5600 0.53749996
5700 0.525
5800 0.471875
5900 0.51875
6000 0.49687502
6100 0.4875
6200 0.52500004
6300 0.534375
6400 0.53125
6500 0.5500001
6600 0.55937505
6700 0.503125
6800 0.46562502
6900 0.578125
7000 0.515625
7100 0.57187504
7200 0.54375005
7300 0.5625
7400 0.51875
7500 0.51875
7600 0.49375004
7700 0.5625
7800 0.58125
7900 0.53125
8000 0.559375
8100 0.56875
8200 0.553125
8300 0.5749999
8400 0.5656251
8500 0.51250005
8600 0.55625
8700 0.546875
8800 0.48750004
8900 0.50624996
9000 0.546875
9100 0.53125
9200 0.559375
9300 0.528125
9400 0.515625
9500 0.5437499
9600 0.60625005
9700 0.590625
9800 0.565625
9900 0.51875
10000 0.553125
10100 0.553125
10200 0.575
10300 0.55
10400 0.515625
10500 0.5125
10600 0.509375
10700 0.49687502
10800 0.628125
10900 0.596875
11000 0.55
11100 0.5375
11200 0.5125
11300 0.48749998
11400 0.54062504
11500 0.50625
11600 0.5375
11700 0.50625
11800 0.496875
11900 0.53124994
12000 0.54375005
12100 0.50000006
12200 0.559375
12300 0.584375
12400 0.54375
12500 0.45312497
12600 0.57500005
12700 0.56874996
12800 0.52500004
12900 0.51875
13000 0.53125
13100 0.53125
13200 0.615625
13300 0.49375
13400 0.51875
13500 0.5375
13600 0.5375
13700 0.534375
13800 0.534375
13900 0.521875
14000 0.57812494
14100 0.52500004
14200 0.52812505
14300 0.57187504
14400 0.55625
14500 0.496875
14600 0.53125
14700 0.534375
14800 0.55625004
14900 0.546875
15000 0.534375
15100 0.540625
15200 0.58750004
15300 0.553125
15400 0.52500004
15500 0.553125
15600 0.58125
15700 0.575
15800 0.48749998
15900 0.5125
16000 0.5875
16100 0.58124995
16200 0.553125
16300 0.484375
16400 0.6
16500 0.56875
16600 0.57187504
16700 0.53125
16800 0.565625
16900 0.5
17000 0.55625
17100 0.58125
17200 0.55625
17300 0.55
17400 0.4875
17500 0.565625
17600 0.609375
17700 0.56875
17800 0.546875
17900 0.49375
18000 0.5906249
18100 0.496875
18200 0.5625
18300 0.5
18400 0.55
18500 0.63124996
18600 0.5375
18700 0.546875
18800 0.58125
18900 0.60625
19000 0.571875
19100 0.50625
19200 0.571875
19300 0.55625004
19400 0.528125
19500 0.54375
19600 0.575
19700 0.57187504
19800 0.6
19900 0.59999996
20000 0.528125
20100 0.58750004
20200 0.51875
20300 0.565625
20400 0.5656251
20500 0.565625
20600 0.515625
20700 0.59687495
20800 0.58125
20900 0.53125
21000 0.625
21100 0.590625
21200 0.546875
21300 0.559375
21400 0.56250006
21500 0.6
21600 0.50937504
21700 0.6156249
21800 0.55625
21900 0.584375
22000 0.56250006
22100 0.546875
22200 0.58125
22300 0.55625
22400 0.51250005
22500 0.57500005
22600 0.58437496
22700 0.53124994
22800 0.58124995
22900 0.515625
23000 0.509375
23100 0.590625
23200 0.54687506
23300 0.54375005
23400 0.621875
23500 0.6125
23600 0.5125
23700 0.55625004
23800 0.565625
23900 0.5749999
24000 0.553125
24100 0.59375006
24200 0.5593749
24300 0.58125
24400 0.525
24500 0.6218749
24600 0.55625004
24700 0.5687501
24800 0.55625
24900 0.534375
25000 0.55937505
25100 0.54062504
25200 0.584375
25300 0.59062505
25400 0.60937506
25500 0.559375
25600 0.56875
25700 0.51875
25800 0.55625004
25900 0.55312496
26000 0.5125
26100 0.60312504
26200 0.5593749
26300 0.575
26400 0.55312496
26500 0.55625
26600 0.56250006
26700 0.54999995
26800 0.590625
26900 0.56875
27000 0.559375
27100 0.60625005
27200 0.56875
27300 0.609375
27400 0.54687506
27500 0.590625
27600 0.5375
27700 0.57812506
27800 0.578125
27900 0.58124995
28000 0.58125
28100 0.55
28200 0.5125
28300 0.56875
28400 0.48750004
28500 0.540625
28600 0.51875
28700 0.571875
28800 0.5625
28900 0.46249998
29000 0.56875
29100 0.5625
29200 0.57187504
29300 0.52187496
29400 0.58125
29500 0.553125
29600 0.521875
29700 0.60312504
29800 0.6125
29900 0.55937505
30000 0.55625004
30100 0.56875
30200 0.546875
30300 0.584375
30400 0.509375
30500 0.5625
30600 0.546875
30700 0.50624996
30800 0.509375
30900 0.55
31000 0.5
31100 0.55
31200 0.55
31300 0.515625
31400 0.56875
31500 0.58125
31600 0.55625
31700 0.584375
31800 0.53749996
31900 0.54375
32000 0.54687506
32100 0.54375
32200 0.55625
32300 0.59687495
32400 0.6
32500 0.59375006
32600 0.5656251
32700 0.51562494
32800 0.534375
32900 0.5625
33000 0.57812494
33100 0.53749996
33200 0.59687495
33300 0.575
33400 0.565625
33500 0.521875
33600 0.571875
33700 0.5375
33800 0.57187504
33900 0.55625
34000 0.559375
34100 0.57812494
34200 0.56875
34300 0.571875
34400 0.584375
34500 0.584375
34600 0.534375
34700 0.54062504
34800 0.546875
34900 0.5843749
35000 0.57500005
35100 0.6125
35200 0.546875
35300 0.57187504
35400 0.571875
35500 0.60625
35600 0.584375
35700 0.5625
35800 0.5812501
35900 0.54062504
36000 0.55
36100 0.60625
36200 0.55625
36300 0.571875
36400 0.50625
36500 0.615625
36600 0.503125
36700 0.60625
36800 0.5875
36900 0.56874996
37000 0.634375
37100 0.57812494
37200 0.63124996
37300 0.55625
37400 0.5625
37500 0.5875
37600 0.565625
37700 0.55
37800 0.57500005
37900 0.58124995
38000 0.54062504
38100 0.5
38200 0.56875
38300 0.56250006
38400 0.571875
38500 0.546875
38600 0.546875
38700 0.546875
38800 0.52812505
38900 0.525
39000 0.534375
39100 0.609375
39200 0.54375
39300 0.509375
39400 0.5375
39500 0.565625
39600 0.54375
39700 0.59375
39800 0.55312496
39900 0.55
