0 4.7777624
100 3.1693351
200 2.9081335
300 2.5865011
400 2.582263
500 2.3318312
600 2.3427048
700 2.518366
800 2.5273654
900 2.5702033
1000 2.4443183
1100 2.6191459
1200 2.4842784
1300 2.604905
1400 2.313091
1500 2.288996
1600 2.3726583
1700 2.5634139
1800 2.302821
1900 2.2557864
2000 2.2715847
2100 2.353468
2200 2.466496
2300 2.1087246
2400 2.1998694
2500 2.5209208
2600 2.254503
2700 2.216836
2800 2.3268409
2900 2.1183522
3000 2.4358008
3100 2.405774
3200 2.3114605
3300 1.9369923
3400 2.263142
3500 2.347951
3600 2.4046466
3700 2.3150554
3800 2.3961463
3900 2.4440289
4000 2.308189
4100 2.244044
4200 2.0905075
4300 2.022178
4400 2.1269445
4500 2.2724915
4600 1.9495541
4700 2.0538754
4800 1.8235046
4900 2.0251577
5000 1.8208747
5100 2.3017263
5200 2.4786515
5300 2.3024592
5400 2.182557
5500 1.8754667
5600 2.183247
5700 2.0735643
5800 2.3562994
5900 2.2607727
6000 2.3348565
6100 2.4028442
6200 2.248309
6300 2.25896
6400 2.255594
6500 2.1144855
6600 1.8885592
6700 2.296187
6800 2.3647683
6900 2.0267031
7000 2.321881
7100 2.1068122
7200 2.0667548
7300 2.1876044
7400 2.3778422
7500 2.24867
7600 2.5690272
7700 2.0118155
7800 1.9909236
7900 2.2373185
8000 2.0258331
8100 2.1008844
8200 2.192054
8300 2.192853
8400 2.02182
8500 2.4002001
8600 2.0170825
8700 2.0952518
8800 2.3731906
8900 2.2626708
9000 2.132907
9100 2.211098
9200 2.1803925
9300 2.2310038
9400 2.4850118
9500 2.136197
9600 1.9640933
9700 1.9219072
9800 2.0635135
9900 2.2960362
10000 2.2251625
10100 2.1191146
10200 2.0040147
10300 1.9202869
10400 2.2406907
10500 2.5702105
10600 2.3299003
10700 2.2853718
10800 1.8686042
10900 2.0544212
11000 2.0599854
11100 2.2396371
11200 2.2131398
11300 2.4854228
11400 2.3381515
11500 2.3187327
11600 2.1819487
11700 2.333629
11800 2.3476412
11900 2.2576542
12000 2.1193004
12100 2.1607935
12200 2.11551
12300 1.9994336
12400 2.1839445
12500 2.4345577
12600 2.126224
12700 1.9957569
12800 2.2356365
12900 2.30261
13000 2.4427254
13100 2.257008
13200 1.8911498
13300 2.3965037
13400 2.192337
13500 2.2023625
13600 2.1491122
13700 2.2859666
13800 2.1991904
13900 2.2169292
14000 1.9812516
14100 2.2269669
14200 2.4078305
14300 2.007093
14400 2.1545458
14500 2.363498
14600 2.2891984
14700 2.0678508
14800 2.0703118
14900 2.1922529
15000 2.1174302
15100 2.1581628
15200 1.8660094
15300 2.142853
15400 2.2011716
15500 2.3695269
15600 2.1209853
15700 2.1180925
15800 2.558819
15900 2.2571712
16000 1.906471
16100 2.0368657
16200 2.2176495
16300 2.6949637
16400 2.0953224
16500 2.127286
16600 2.038333
16700 2.320822
16800 2.0796537
16900 2.274361
17000 2.0459893
17100 2.0441918
17200 2.0891793
17300 2.1272755
17400 2.1353855
17500 1.916209
17600 1.8502731
17700 2.0286422
17800 2.1010027
17900 2.2319336
18000 2.1375492
18100 2.3017404
18200 2.1062527
18300 2.3391693
18400 2.2496805
18500 1.8569448
18600 2.136285
18700 2.29597
18800 1.925083
18900 1.8980738
19000 1.9533122
19100 2.1538439
19200 2.017649
19300 2.183442
19400 2.209431
19500 2.185794
19600 2.018653
19700 2.0205038
19800 1.8290325
19900 1.9090307
20000 2.2984288
20100 2.0320604
20200 2.160243
20300 1.983025
20400 2.0133686
20500 2.0260382
20600 2.248125
20700 1.8677222
20800 2.0173142
20900 2.1472802
21000 1.9086614
21100 2.0864797
21200 2.1614552
21300 2.1633482
21400 2.0336068
21500 1.8394097
21600 2.2510705
21700 1.8365468
21800 2.0274062
21900 1.9208343
22000 2.2104278
22100 2.0353994
22200 2.0885217
22300 2.0843756
22400 2.196133
22500 1.9573994
22600 1.9267553
22700 2.1977153
22800 1.9388405
22900 2.274475
23000 2.364046
23100 1.9014436
23200 2.136607
23300 2.1042595
23400 1.8133974
23500 1.8171558
23600 2.2731948
23700 2.0978718
23800 2.1323643
23900 1.9871584
24000 2.2344856
24100 2.0304186
24200 1.9397987
24300 2.026818
24400 2.3581886
24500 1.8097401
24600 1.98763
24700 1.9799037
24800 2.0306711
24900 2.145402
25000 2.045765
25100 2.17254
25200 1.9480891
25300 1.8713953
25400 1.9465266
25500 2.1213431
25600 2.035281
25700 2.2818584
25800 2.0218873
25900 2.0994785
26000 2.2620637
26100 2.0094502
26200 1.9741222
26300 2.0285387
26400 2.0790944
26500 2.0273778
26600 2.1177094
26700 2.094295
26800 1.9284517
26900 2.1570342
27000 2.1786904
27100 1.9426864
27200 2.126263
27300 1.9433864
27400 2.1749315
27500 1.9546309
27600 2.2173607
27700 1.9650153
27800 2.0785363
27900 2.0106137
28000 1.9553844
28100 2.1160612
28200 2.2836862
28300 1.8787274
28400 2.4826486
28500 2.0865545
28600 2.1688225
28700 1.9677775
28800 2.2775257
28900 2.5109937
29000 1.9522438
29100 2.1633425
29200 2.024662
29300 2.1015928
29400 1.8942246
29500 2.0827947
29600 2.2623756
29700 1.8443568
29800 2.0072541
29900 2.022323
30000 2.179716
30100 1.9040543
30200 2.109582
30300 1.9194657
30400 2.3189847
30500 2.1245086
30600 2.0744598
30700 2.192921
30800 2.4766061
30900 1.9708897
31000 2.3803542
31100 1.9685427
31200 2.198401
31300 2.216344
31400 2.0730484
31500 2.0297177
31600 2.1314676
31700 1.9369797
31800 2.129437
31900 2.0333261
32000 2.1280332
32100 2.223769
32200 2.095672
32300 1.837373
32400 1.9494997
32500 1.8296995
32600 1.9165971
32700 2.310579
32800 2.1009617
32900 2.0962656
33000 1.8399402
33100 2.1577816
33200 1.8865281
33300 2.0598774
33400 2.0469809
33500 2.261319
33600 2.065528
33700 2.1824749
33800 2.0050874
33900 2.038609
34000 2.1146724
34100 1.9259382
34200 1.9901608
34300 2.0372622
34400 1.939274
34500 1.910836
34600 2.121838
34700 2.0992074
34800 2.080799
34900 2.0567555
35000 1.9877698
35100 1.8028995
35200 1.9566044
35300 1.9157408
35400 2.0548313
35500 1.8864688
35600 1.8998737
35700 1.916537
35800 1.9643322
35900 2.250436
36000 2.083453
36100 1.8703184
36200 2.0794628
36300 2.0513272
36400 2.209426
36500 1.8466455
36600 2.329353
36700 1.8932222
36800 1.8266307
36900 1.8976407
37000 1.8481438
37100 1.9930907
37200 1.7831991
37300 1.9777535
37400 1.9705306
37500 1.9516381
37600 1.9649543
37700 2.2438762
37800 1.8365808
37900 1.9153341
38000 2.0564554
38100 2.3398545
38200 2.1614754
38300 2.0336978
38400 2.0117016
38500 2.2324727
38600 2.2313046
38700 2.2323194
38800 2.3684676
38900 2.2424653
39000 2.1329541
39100 1.820673
39200 2.230355
39300 2.2872102
39400 2.1725316
39500 2.104196
39600 2.094139
39700 1.8154
39800 2.1010869
39900 2.106863
