0 3.3116927
100 2.1968157
200 2.0157645
300 1.7928259
400 1.7898884
500 1.6163023
600 1.6238391
700 1.7455984
800 1.7518363
900 1.7815292
1000 1.6942723
1100 1.8154536
1200 1.7219706
1300 1.8055825
1400 1.6033125
1500 1.586611
1600 1.6446013
1700 1.776823
1800 1.5961938
1900 1.5635921
2000 1.5745426
2100 1.6312996
2200 1.7096448
2300 1.4616566
2400 1.5248332
2500 1.747369
2600 1.5627024
2700 1.5365937
2800 1.6128432
2900 1.4683299
3000 1.6883684
3100 1.6675556
3200 1.6021824
3300 1.3426207
3400 1.5686905
3500 1.6274755
3600 1.666774
3700 1.6046741
3800 1.660882
3900 1.6940718
4000 1.5999147
4100 1.5554528
4200 1.4490293
4300 1.4016669
4400 1.4742856
4500 1.575171
4600 1.3513279
4700 1.423638
4800 1.263957
4900 1.4037324
5000 1.2621342
5100 1.5954351
5200 1.7180704
5300 1.5959432
5400 1.5128334
5500 1.2999744
5600 1.5133116
5700 1.4372852
5800 1.6332623
5900 1.5670483
6000 1.6183991
6100 1.6655247
6200 1.558409
6300 1.5657917
6400 1.5634587
6500 1.4656496
6600 1.3090495
6700 1.5915955
6800 1.6391325
6900 1.4048036
7000 1.6094053
7100 1.460331
7200 1.4325653
7300 1.5163319
7400 1.6481946
7500 1.5586593
7600 1.780714
7700 1.3944843
7800 1.3800031
7900 1.550791
8000 1.4042006
8100 1.4562222
8200 1.5194161
8300 1.5199699
8400 1.4014189
8500 1.6636919
8600 1.3981351
8700 1.452318
8800 1.6449704
8900 1.5683639
9000 1.4784184
9100 1.5326163
9200 1.5113329
9300 1.546414
9400 1.722479
9500 1.4806991
9600 1.3614057
9700 1.3321645
9800 1.4303186
9900 1.5914911
10000 1.5423651
10100 1.4688584
10200 1.3890772
10300 1.3310415
10400 1.5531285
10500 1.7815342
10600 1.6149638
10700 1.584099
10800 1.2952178
10900 1.4240162
11000 1.4278731
11100 1.5523982
11200 1.5340316
11300 1.7227639
11400 1.6206831
11500 1.607223
11600 1.5124116
11700 1.6175482
11800 1.6272609
11900 1.5648866
12000 1.4689871
12100 1.497748
12200 1.4663599
12300 1.3859018
12400 1.5137949
12500 1.6875068
12600 1.4737862
12700 1.3833532
12800 1.5496252
12900 1.5960476
13000 1.6931682
13100 1.5644388
13200 1.3108451
13300 1.6611297
13400 1.5196123
13500 1.5265614
13600 1.4896511
13700 1.5845114
13800 1.5243626
13900 1.5366582
14000 1.373299
14100 1.5436158
14200 1.6689808
14300 1.3912108
14400 1.4934174
14500 1.638252
14600 1.5867515
14700 1.433325
14800 1.4350307
14900 1.5195539
15000 1.4676908
15100 1.4959245
15200 1.2934191
15300 1.4853125
15400 1.5257359
15500 1.6424309
15600 1.470155
15700 1.4681499
15800 1.7736382
15900 1.5645518
16000 1.321465
16100 1.4118477
16200 1.5371574
16300 1.8680065
16400 1.4523668
16500 1.4745222
16600 1.4128647
16700 1.6086713
16800 1.4415061
16900 1.5764668
17000 1.4181718
17100 1.4169258
17200 1.4481088
17300 1.474515
17400 1.4801364
17500 1.3282149
17600 1.2825116
17700 1.4061476
17800 1.4563041
17900 1.5470585
18000 1.4816362
18100 1.5954448
18200 1.4599432
18300 1.6213886
18400 1.5593597
18500 1.2871361
18600 1.48076
18700 1.5914451
18800 1.3343658
18900 1.3156445
19000 1.3539329
19100 1.4929308
19200 1.3985276
19300 1.5134468
19400 1.5314609
19500 1.5150771
19600 1.3992236
19700 1.4005065
19800 1.2677888
19900 1.3232392
20000 1.5931494
20100 1.408517
20200 1.4973664
20300 1.3745282
20400 1.3955607
20500 1.4043427
20600 1.5582815
20700 1.2946063
20800 1.3982956
20900 1.4883813
21000 1.3229833
21100 1.4462374
21200 1.4982066
21300 1.4995186
21400 1.4095888
21500 1.2749816
21600 1.5603232
21700 1.2729973
21800 1.4052908
21900 1.3314209
22000 1.5321517
22100 1.4108313
22200 1.4476529
22300 1.4447792
22400 1.5222434
22500 1.3567659
22600 1.335525
22700 1.5233401
22800 1.3439019
22900 1.5765461
23000 1.6386319
23100 1.3179803
23200 1.4809831
23300 1.4585615
23400 1.2569513
23500 1.2595564
23600 1.5756586
23700 1.4541339
23800 1.4780422
23900 1.3773932
24000 1.5488274
24100 1.4073789
24200 1.344566
24300 1.4048831
24400 1.6345718
24500 1.2544162
24600 1.3777201
24700 1.3723646
24800 1.4075539
24900 1.4870794
25000 1.4180162
25100 1.5058899
25200 1.3503125
25300 1.2971524
25400 1.3492295
25500 1.470403
25600 1.4107492
25700 1.5816637
25800 1.4014654
25900 1.4552476
26000 1.5679431
26100 1.3928447
26200 1.3683572
26300 1.406076
26400 1.4411184
26500 1.4052712
26600 1.4678843
26700 1.4516547
26800 1.3367008
26900 1.4951422
27000 1.5101532
27100 1.3465676
27200 1.4738132
27300 1.3470528
27400 1.5075477
27500 1.3548468
27600 1.5369573
27700 1.3620448
27800 1.4407315
27900 1.3936512
28000 1.3553692
28100 1.4667419
28200 1.5829306
28300 1.3022346
28400 1.7208408
28500 1.4462894
28600 1.5033133
28700 1.3639594
28800 1.5786605
28900 1.7404883
29000 1.3531923
29100 1.4995147
29200 1.4033887
29300 1.4567131
29400 1.3129765
29500 1.4436833
29600 1.5681592
29700 1.2784107
29800 1.3913225
29900 1.4017675
30000 1.5108641
30100 1.3197899
30200 1.4622507
30300 1.3304722
30400 1.6073978
30500 1.4725971
30600 1.437906
30700 1.5200169
30800 1.7166525
30900 1.3661166
31000 1.6499358
31100 1.3644898
31200 1.5238154
31300 1.5362527
31400 1.4369276
31500 1.406893
31600 1.4774208
31700 1.342612
31800 1.4760132
31900 1.4093943
32000 1.4750402
32100 1.5413992
32200 1.4526091
32300 1.27357
32400 1.3512902
32500 1.2682511
32600 1.3284839
32700 1.6015713
32800 1.4562757
32900 1.4530206
33000 1.2753494
33100 1.4956603
33200 1.3076416
33300 1.4277983
33400 1.418859
33500 1.5674269
33600 1.4317148
33700 1.5127763
33800 1.3898207
33900 1.4130561
34000 1.4657793
34100 1.3349587
34200 1.3794744
34300 1.4121225
34400 1.3442023
34500 1.3244905
34600 1.4707462
34700 1.4550598
34800 1.4423001
34900 1.4256344
35000 1.377817
35100 1.2496747
35200 1.3562148
35300 1.3278904
35400 1.4243004
35500 1.3076005
35600 1.3168921
35700 1.3284422
35800 1.3615713
35900 1.5598835
36000 1.4441395
36100 1.2964059
36200 1.4413738
36300 1.4218717
36400 1.5314574
36500 1.2799971
36600 1.6145846
36700 1.3122816
36800 1.2661239
36900 1.3153443
37000 1.2810357
37100 1.3815053
37200 1.2360194
37300 1.3708743
37400 1.3658677
37500 1.3527725
37600 1.3620025
37700 1.5553365
37800 1.2730207
37900 1.3276085
38000 1.4254262
38100 1.6218635
38200 1.4982206
38300 1.409652
38400 1.3944054
38500 1.5474322
38600 1.5466225
38700 1.5473258
38800 1.6416967
38900 1.5543585
39000 1.4784511
39100 1.2619944
39200 1.5459642
39300 1.5853734
39400 1.5058842
39500 1.4585176
39600 1.4515467
39700 1.2583394
39800 1.4563625
39900 1.4603662
