0 26.379921
100 10.585426
200 9.07291
300 8.38941
400 8.355731
500 7.5410175
600 7.2786865
700 7.5386233
800 7.7556596
900 7.55095
1000 6.844138
1100 7.8585343
1200 7.663827
1300 6.874767
1400 6.998042
1500 7.0873036
1600 7.0084968
1700 7.2756195
1800 6.8182783
1900 6.506105
2000 6.5763073
2100 6.8221126
2200 6.789372
2300 6.296666
2400 6.252298
2500 7.2595906
2600 6.4224367
2700 6.5930786
2800 6.4050922
2900 6.161852
3000 6.7174096
3100 6.6307735
3200 6.2681546
3300 5.860533
3400 6.5360236
3500 6.684878
3600 6.151766
3700 6.1920624
3800 7.016821
3900 6.342481
4000 6.582165
4100 6.677379
4200 6.277262
4300 6.2991114
4400 6.4569783
4500 6.391044
4600 5.657103
4700 6.288125
4800 5.9130535
4900 6.1601634
5000 6.1739683
5100 6.497991
5200 6.629754
5300 6.4454103
5400 5.9671197
5500 5.950629
5600 6.258051
5700 6.521187
5800 6.1842737
5900 5.8114533
6000 6.8492937
6100 6.162729
6200 6.3813534
6300 6.09027
6400 6.6063285
6500 6.239464
6600 5.5840783
6700 6.626539
6800 6.538353
6900 6.3539715
7000 6.4655895
7100 6.2726536
7200 6.382562
7300 6.2015066
7400 6.3426075
7500 6.156777
7600 6.6871862
7700 6.2150807
7800 5.8641257
7900 6.1472816
8000 5.935496
8100 6.00928
8200 6.109142
8300 6.377097
8400 5.8696537
8500 6.444608
8600 6.206062
8700 6.37723
8800 6.4685335
8900 6.1637383
9000 6.3662663
9100 5.840883
9200 6.2441034
9300 6.6096997
9400 6.494381
9500 6.074304
9600 5.849819
9700 6.060002
9800 5.8012347
9900 6.505966
10000 6.392743
10100 6.2118683
10200 6.1475487
10300 5.8127875
10400 6.375863
10500 6.6839237
10600 6.707099
10700 6.655511
10800 5.576349
10900 6.331197
11000 6.208848
11100 6.3142977
11200 6.344746
11300 6.4463916
11400 6.328752
11500 6.513898
11600 6.1701803
11700 6.524501
11800 6.4086456
11900 6.0656643
12000 6.1948833
12100 6.188937
12200 5.756545
12300 6.054614
12400 6.155975
12500 6.685774
12600 5.7751346
12700 5.6091766
12800 5.976218
12900 6.194545
13000 6.6456146
13100 6.350784
13200 5.95852
13300 6.4058
13400 6.2685666
13500 6.4627533
13600 6.21208
13700 6.272272
13800 6.4380336
13900 5.9119782
14000 5.9420447
14100 6.08022
14200 6.7066717
14300 6.232852
14400 5.5382466
14500 6.52919
14600 6.3389506
14700 6.040757
14800 6.3093634
14900 6.410594
15000 6.292935
15100 5.6772337
15200 5.9961295
15300 6.0435452
15400 6.7063427
15500 6.5726457
15600 6.174665
15700 6.1807766
15800 6.493535
15900 6.452312
16000 5.7109766
16100 6.009712
16200 6.198926
16300 7.359277
16400 6.131119
16500 6.327624
16600 6.121049
16700 6.278735
16800 6.483206
16900 7.0597887
17000 5.959418
17100 6.3202267
17200 6.0241227
17300 6.6756945
17400 6.5571213
17500 5.9364243
17600 5.8050513
17700 6.2529855
17800 6.31141
17900 6.0101986
18000 6.0177693
18100 6.519976
18200 6.154022
18300 6.4933553
18400 6.154416
18500 5.8612037
18600 6.2753243
18700 5.9768815
18800 5.891129
18900 5.6190047
19000 6.0837665
19100 6.362836
19200 6.215275
19300 6.1195045
19400 6.6067963
19500 6.468528
19600 5.6635776
19700 6.4456196
19800 5.644912
19900 6.4674816
20000 6.721042
20100 6.5481195
20200 6.2982464
20300 5.9947457
20400 5.9903965
20500 6.0666423
20600 6.3326597
20700 6.1384873
20800 6.0711875
20900 6.427963
21000 6.17228
21100 6.0216856
21200 6.364019
21300 6.298126
21400 6.2306824
21500 6.095891
21600 6.654112
21700 5.7666173
21800 6.1912007
21900 5.8771973
22000 6.5595446
22100 6.2333255
22200 6.413457
22300 6.185085
22400 6.348836
22500 6.0105314
22600 5.995902
22700 6.254033
22800 6.0162945
22900 6.3486843
23000 6.240409
23100 6.026411
23200 6.7044563
23300 6.0540733
23400 5.637524
23500 5.914689
23600 6.4038267
23700 6.2474256
23800 5.950462
23900 5.9424667
24000 6.398761
24100 6.240364
24200 6.141959
24300 6.6010075
24400 6.090728
24500 6.09131
24600 6.0656033
24700 6.02741
24800 6.2786283
24900 6.239091
25000 5.804329
25100 6.415098
25200 5.772182
25300 5.730952
25400 5.910502
25500 6.4274063
25600 6.012102
25700 6.1854296
25800 6.2377877
25900 6.4089212
26000 6.3013787
26100 6.1139617
26200 5.7971363
26300 5.992531
26400 6.2142115
26500 6.117159
26600 6.2183356
26700 6.3663464
26800 6.205282
26900 6.088842
27000 6.178507
27100 5.830471
27200 6.1050463
27300 6.181325
27400 6.4368505
27500 6.2175245
27600 6.527397
27700 6.092158
27800 5.820464
27900 6.0100145
28000 6.361027
28100 6.569662
28200 6.6432242
28300 6.05539
28400 7.089891
28500 6.2613015
28600 6.431917
28700 6.040631
28800 6.718438
28900 6.9976645
29000 5.992362
29100 6.2563767
29200 6.3980346
29300 6.2496586
29400 6.0794024
29500 6.1875434
29600 5.8079653
29700 6.0918865
29800 6.141346
29900 6.2796655
30000 6.452132
30100 5.8823433
30200 6.0620804
30300 6.030383
30400 6.361034
30500 6.391197
30600 6.329076
30700 6.5451574
30800 6.4273133
30900 5.909476
31000 6.4373593
31100 6.081526
31200 6.3546877
31300 6.6479945
31400 6.255373
31500 6.236428
31600 6.017131
31700 5.8167443
31800 5.9185314
31900 6.560523
32000 6.3251996
32100 6.1411967
32200 6.3640275
32300 5.706215
32400 6.2307444
32500 5.596205
32600 6.0793047
32700 6.6676574
32800 6.2894588
32900 6.0243816
33000 5.8784103
33100 6.595036
33200 5.7324123
33300 5.8186464
33400 6.2956595
33500 6.182159
33600 6.233061
33700 6.5174656
33800 5.851579
33900 5.917917
34000 5.9950204
34100 6.01339
34200 5.9525414
34300 5.965834
34400 5.736956
34500 5.911604
34600 6.3193245
34700 6.153902
34800 6.1261644
34900 6.18017
35000 5.9779124
35100 5.815892
35200 6.0182395
35300 5.818101
35400 6.2781096
35500 5.7444415
35600 5.9141793
35700 5.5527315
35800 6.228594
35900 5.757416
36000 5.923443
36100 6.099379
36200 6.0330467
36300 6.0474186
36400 6.501344
36500 5.970277
36600 6.6280107
36700 5.7642193
36800 5.680339
36900 6.0134277
37000 6.0593524
37100 5.96697
37200 5.608469
37300 6.125443
37400 5.88587
37500 6.2557836
37600 6.215859
37700 6.076742
37800 5.689691
37900 5.8995857
38000 5.9979935
38100 6.1962237
38200 6.210328
38300 6.0752816
38400 6.0738907
38500 6.3841934
38600 6.282869
38700 6.2156277
38800 6.1822634
38900 6.40586
39000 5.9392614
39100 5.5256224
39200 6.3604765
39300 6.302443
39400 6.009991
39500 5.950474
39600 6.3254743
39700 5.9767013
39800 6.1127667
39900 6.258919
