0 5.4207215
100 0.20171015
200 1.2146658
300 0.2678517
400 0.39513028
500 0.06127434
600 0.48484606
700 0.45588186
800 0.15389574
900 0.23400682
1000 0.2854726
1100 0.14164266
1200 0.17270473
1300 0.05777238
1400 0.31973988
1500 0.016562589
1600 0.0395803
1700 0.35857093
1800 0.18230301
1900 0.028816672
2000 0.048347306
2100 0.17618099
2200 0.084335506
2300 0.11672885
2400 0.04289984
2500 0.37098566
2600 0.04391574
2700 0.034915492
2800 0.022588454
2900 0.06744446
3000 0.1562399
3100 0.015913155
3200 0.04932096
3300 0.011433369
3400 0.13937007
3500 0.036248077
3600 0.054321542
3700 0.014645688
3800 0.021469105
3900 0.0881971
4000 0.012979081
4100 0.13293968
4200 0.05161531
4300 0.1584341
4400 0.006378598
4500 0.036985144
4600 0.021428982
4700 0.08380108
4800 0.027947268
4900 0.27713042
5000 0.1939169
5100 0.111672975
5200 0.0085702455
5300 0.033229914
5400 0.02405881
5500 0.012918878
5600 0.010173306
5700 0.0406174
5800 0.025741767
5900 0.055529807
6000 0.004055974
6100 0.021625036
6200 0.0018696475
6300 0.10462841
6400 0.025492929
6500 0.016279774
6600 0.009347391
6700 0.09039114
6800 0.08369408
6900 0.014187492
7000 0.024391294
7100 0.010451498
7200 0.036446653
7300 0.003541649
7400 0.03484645
7500 0.00079592934
7600 0.009084703
7700 0.014838143
7800 0.043728072
7900 0.02356708
8000 0.021967111
8100 0.03891292
8200 0.006921317
8300 0.0039517833
8400 0.068918124
8500 0.0076774606
8600 0.010683813
8700 0.0011785683
8800 0.01399696
8900 0.002389635
9000 0.0016487078
9100 0.015606052
9200 0.002793115
9300 0.0059651625
9400 0.00670369
9500 0.009636139
9600 0.0037164974
9700 0.0069257854
9800 0.0033636629
9900 0.0028920153
10000 0.0024524245
10100 0.0009927498
10200 0.010485693
10300 0.0017940884
10400 0.009173891
10500 0.009247791
10600 0.012967448
10700 0.0673704
10800 0.0053750393
10900 0.0078073135
11000 0.005998099
11100 0.0628447
11200 0.0045116805
11300 0.008223712
11400 0.008056761
11500 0.007954236
11600 0.010045429
11700 0.003222892
11800 0.012578855
11900 0.004941327
12000 0.009490536
12100 0.0033457263
12200 0.008340585
12300 0.0038546175
12400 0.0033310174
12500 0.0019516174
12600 0.00475942
12700 0.006927009
12800 0.017257363
12900 0.0013421074
13000 0.007683482
13100 0.010993036
13200 0.0044786856
13300 0.0032679632
13400 0.0051411544
13500 0.017340876
13600 0.011353245
13700 0.0068962243
13800 0.00079531956
13900 0.0071611293
14000 0.0065327645
14100 0.0052893017
14200 0.0037874922
14300 0.005083799
14400 0.0020694039
14500 0.008617223
14600 0.002007892
14700 0.014596912
14800 0.0007966315
14900 0.010651422
15000 0.008739251
15100 0.009363373
15200 0.0033347537
15300 0.008057741
15400 0.008540843
15500 0.0027236764
15600 0.0022115558
15700 0.010821953
15800 0.006068569
15900 0.001897807
16000 0.003952558
16100 0.0063285637
16200 0.01082572
16300 0.0014998338
16400 0.0015192396
16500 0.0014620299
16600 0.0007577149
16700 0.00035114307
16800 0.006107582
16900 0.008445015
17000 0.0023570657
17100 0.0012178015
17200 0.005060273
17300 0.0060167196
17400 0.00613986
17500 0.00800619
17600 0.009418127
17700 0.0021122769
17800 0.0011599599
17900 0.0006012203
18000 0.004549033
18100 0.004532881
18200 0.0038764493
18300 0.001939942
18400 0.0031253311
18500 0.0022899846
18600 0.004095998
18700 0.003497752
18800 0.0047686966
18900 0.004160775
19000 0.00061861513
19100 0.002514283
19200 0.0035070057
19300 0.0032347904
19400 0.0042089727
19500 0.0014524781
19600 0.0013468888
19700 0.00066269696
19800 0.009145864
19900 0.00039812765
20000 0.004249707
20100 0.00035972145
20200 0.0018263209
20300 0.004658416
20400 0.0016805466
20500 0.0029146124
20600 0.0025827356
20700 0.0008313218
20800 0.0035980179
20900 0.00082261954
21000 0.0020299912
21100 0.0013408223
21200 0.0043130624
21300 0.0016484478
21400 0.0030605467
21500 0.0042157867
21600 0.002599731
21700 0.0034594848
21800 0.0036218558
21900 0.0046498906
