0 3.7573578
100 0.13981482
200 0.8419422
300 0.18566066
400 0.27388343
500 0.042472135
600 0.33606967
700 0.31599322
800 0.10667239
900 0.16220117
1000 0.19787453
1100 0.098179206
1200 0.11970979
1300 0.040044762
1400 0.2216268
1500 0.011480311
1600 0.027434973
1700 0.24854243
1800 0.12636282
1900 0.019974194
2000 0.0335118
2100 0.12211935
2200 0.05845692
2300 0.08091027
2400 0.029735904
2500 0.25714767
2600 0.030440073
2700 0.024201574
2800 0.015657123
2900 0.046748936
3000 0.10829724
3100 0.011030158
3200 0.034186684
3300 0.0079250075
3400 0.096603975
3500 0.025125252
3600 0.037652824
3700 0.010151617
3800 0.0148812495
3900 0.06113357
4000 0.008996413
4100 0.09214676
4200 0.035777006
4300 0.109818146
4400 0.0044213072
4500 0.025636148
4600 0.014853438
4700 0.058086485
4800 0.01937157
4900 0.19209217
5000 0.13441296
5100 0.07740581
5200 0.0059404415
5300 0.02303322
5400 0.016676296
5500 0.008954684
5600 0.0070515983
5700 0.028153835
5800 0.017842833
5900 0.03849033
6000 0.002811387
6100 0.014989333
6200 0.001295941
6300 0.072522886
6400 0.017670352
6500 0.011284279
6600 0.006479118
6700 0.06265436
6800 0.058012314
6900 0.00983402
7000 0.016906757
7100 0.0072444268
7200 0.025262894
7300 0.0024548841
7400 0.02415372
7500 0.00055169617
7600 0.0062970365
7700 0.010285017
7800 0.03030999
7900 0.016335456
8000 0.015226441
8100 0.02697238
8200 0.0047974912
8300 0.0027391675
8400 0.047770403
8500 0.0053216103
8600 0.007405455
8700 0.00081692135
8800 0.009701953
8900 0.0016563687
9000 0.0011427972
9100 0.010817291
9200 0.0019360399
9300 0.0041347356
9400 0.004646644
9500 0.006679262
9600 0.0025760797
9700 0.004800589
9800 0.0023315134
9900 0.0020045922
10000 0.0016998912
10100 0.00068812177
10200 0.0072681285
10300 0.0012435673
10400 0.0063588563
10500 0.00641008
10600 0.00898835
10700 0.046697605
10800 0.0037256933
10900 0.0054116175
11000 0.0041575655
11100 0.043560628
11200 0.0031272587
11300 0.005700243
11400 0.005584521
11500 0.005513456
11600 0.0069629606
11700 0.0022339385
11800 0.008718998
11900 0.003425067
12000 0.006578338
12100 0.0023190808
12200 0.005781253
12300 0.0026718173
12400 0.0023088853
12500 0.0013527581
12600 0.0032989786
12700 0.004801437
12800 0.011961892
12900 0.000930278
13000 0.005325784
13100 0.007619792
13200 0.0031043882
13300 0.0022651795
13400 0.0035635768
13500 0.0120197795
13600 0.00786947
13700 0.0047800983
13800 0.0005512735
13900 0.0049637165
14000 0.004528167
14100 0.0036662645
14200 0.0026252896
14300 0.003523821
14400 0.0014344015
14500 0.005973004
14600 0.0013917646
14700 0.010117808
14800 0.0005521829
14900 0.007383003
15000 0.006057587
15100 0.0064901956
15200 0.002311475
15300 0.0055852006
15400 0.005920061
15500 0.0018879086
15600 0.0015329337
15700 0.0075012064
15800 0.0042064115
15900 0.0013154596
16000 0.0027397047
16100 0.004386626
16200 0.0075038173
16300 0.0010396056
16400 0.0010530567
16500 0.0010134019
16600 0.00052520796
16700 0.00024339382
16800 0.004233453
16900 0.0058536385
17000 0.0016337935
17100 0.0008441156
17200 0.003507514
17300 0.0041704723
17400 0.0042558266
17500 0.005549468
17600 0.006528148
17700 0.0014641187
17800 0.000804023
17900 0.00041673414
18000 0.0031531493
18100 0.0031419538
18200 0.00268695
18300 0.0013446653
18400 0.0021663145
18500 0.0015872964
18600 0.0028391294
18700 0.0024244569
18800 0.0033054086
18900 0.0028840294
19000 0.00042879133
19100 0.0017427681
19200 0.0024308711
19300 0.0022421859
19400 0.0029174376
19500 0.0010067811
19600 0.0009335922
19700 0.0004593465
19800 0.0063394303
19900 0.00027596107
20000 0.0029456723
20100 0.0002493399
20200 0.0012659092
20300 0.003228968
20400 0.0011648661
20500 0.0020202554
20600 0.001790216
20700 0.00057622837
20800 0.002493956
20900 0.0005701964
21000 0.0014070827
21100 0.0009293872
21200 0.002989587
21300 0.001142617
21400 0.0021214094
21500 0.0029221606
21600 0.0018019963
21700 0.002397932
21800 0.0025104792
21900 0.0032230585
