0 3.164426
100 1.6266074
200 1.3431177
300 1.3203712
400 1.2498169
500 1.1590716
600 1.4184266
700 1.3384227
800 1.345332
900 1.1406807
1000 1.2886056
1100 1.1650826
1200 1.1671711
1300 1.158459
1400 1.2649503
1500 1.0675976
1600 1.1116841
1700 1.4014199
1800 1.357064
1900 1.0970256
2000 1.0906583
2100 1.1288114
2200 1.2202871
2300 1.1557245
2400 1.1231606
2500 1.2038529
2600 1.1327562
2700 1.0994642
2800 1.0601953
2900 1.1724623
3000 1.2643028
3100 1.0463984
3200 1.1027309
3300 1.0420516
3400 1.152823
3500 1.0946133
3600 1.0942587
3700 1.0481662
3800 1.0599731
3900 1.0660758
4000 1.0445088
4100 1.1047317
4200 1.1589835
4300 1.1440474
4400 1.0249201
4500 1.0971339
4600 1.0663595
4700 1.1749692
4800 1.0987322
4900 1.112141
5000 1.0851469
5100 1.1151118
5200 1.0302079
5300 1.0817566
5400 1.056741
5500 1.0461433
5600 1.0354688
5700 1.1042542
5800 1.0668318
5900 1.0660135
6000 1.0170217
6100 1.0615165
6200 1.0092055
6300 1.105156
6400 1.0586935
6500 1.057246
6600 1.0365212
6700 1.086132
6800 1.1696758
6900 1.0487068
7000 1.065258
7100 1.0349221
7200 1.0713806
7300 1.0150445
7400 1.0868344
7500 1.0043391
7600 1.0360256
7700 1.0322541
7800 1.1401701
7900 1.0590745
8000 1.048825
8100 1.0753868
8200 1.0254195
8300 1.016573
8400 1.1806517
8500 1.0298963
8600 1.0304701
8700 1.0062218
8800 1.0487009
8900 1.010164
9000 1.0079167
9100 1.0398986
9200 1.0111017
9300 1.0215211
9400 1.0258871
9500 1.029901
9600 1.0158708
9700 1.0258857
9800 1.0150915
9900 1.0129874
10000 1.0111303
10100 1.0052674
10200 1.0363728
10300 1.0089802
10400 1.0267947
10500 1.0276418
10600 1.0433203
10700 1.0802674
10800 1.0208373
10900 1.0274099
11000 1.0223639
11100 1.1159403
11200 1.0177009
11300 1.0256491
11400 1.024298
11500 1.027802
11600 1.0326855
11700 1.0136967
11800 1.0353208
11900 1.0195385
12000 1.0282856
12100 1.0116465
12200 1.0281725
12300 1.0156199
12400 1.0127418
12500 1.0086465
12600 1.0162288
12700 1.0195246
12800 1.0485835
12900 1.0064554
13000 1.0210304
13100 1.0347757
13200 1.0194099
13300 1.0143203
13400 1.0175846
13500 1.0583954
13600 1.0407195
13700 1.0221094
13800 1.0042586
13900 1.0238919
14000 1.023453
14100 1.019774
14200 1.0148424
14300 1.0203145
14400 1.0092618
14500 1.0279167
14600 1.0094473
14700 1.0431409
14800 1.0042571
14900 1.0373054
15000 1.0308036
15100 1.0313092
15200 1.0143714
15300 1.0276536
15400 1.028586
15500 1.0110736
15600 1.0093019
15700 1.0277815
15800 1.0198174
15900 1.0081503
16000 1.0172379
16100 1.0258124
16200 1.0360476
16300 1.0067735
16400 1.0063305
16500 1.0068734
16600 1.003843
16700 1.0021062
16800 1.0202765
16900 1.0237545
17000 1.0104939
17100 1.0053095
17200 1.020358
17300 1.0231239
17400 1.02434
17500 1.029034
17600 1.0287797
17700 1.0100281
17800 1.0050124
17900 1.0031604
18000 1.0167077
18100 1.016234
18200 1.0140507
18300 1.0073991
18400 1.013329
18500 1.0097297
18600 1.0169733
18700 1.0143192
18800 1.01787
18900 1.0166005
19000 1.0034158
19100 1.0107825
19200 1.0115461
19300 1.0130664
19400 1.0173268
19500 1.0062435
19600 1.0065848
19700 1.0033716
19800 1.0339738
19900 1.0022151
20000 1.0152211
20100 1.0021622
20200 1.0082307
20300 1.0196974
20400 1.0070765
20500 1.0126555
20600 1.010796
20700 1.0042007
20800 1.0120177
20900 1.003824
21000 1.0086293
21100 1.0059484
21200 1.0170126
21300 1.0075858
21400 1.0110997
21500 1.0156448
21600 1.0105782
21700 1.0130049
21800 1.0143052
21900 1.0174797
